t strain*1e23
-0.20316 18.3
-0.20292 18.7
-0.20267 19.0
-0.20243 19.3
-0.20219 19.6
-0.20194 19.9
-0.2017 20.1
-0.20145 20.4
-0.20121 20.6
-0.20097 20.8
-0.20072 20.9
-0.20048 21.1
-0.20023 21.2
-0.19999 21.3
-0.19975 21.4
-0.1995 21.4
-0.19926 21.5
-0.19901 21.5
-0.19877 21.5
-0.19852 21.4
-0.19828 21.4
-0.19804 21.3
-0.19779 21.2
-0.19755 21.0
-0.1973 20.9
-0.19706 20.7
-0.19682 20.5
-0.19657 20.3
-0.19633 20.1
-0.19608 19.8
-0.19584 19.5
-0.19559 19.2
-0.19535 18.9
-0.19511 18.5
-0.19486 18.2
-0.19462 17.8
-0.19437 17.4
-0.19413 16.9
-0.19389 16.5
-0.19364 16.0
-0.1934 15.5
-0.19315 15.0
-0.19291 14.5
-0.19267 14.0
-0.19242 13.4
-0.19218 12.9
-0.19193 12.3
-0.19169 11.7
-0.19144 11.1
-0.1912 10.5
-0.19096 9.8
-0.19071 9.2
-0.19047 8.5
-0.19022 7.9
-0.18998 7.2
-0.18974 6.5
-0.18949 5.8
-0.18925 5.1
-0.189 4.4
-0.18876 3.7
-0.18851 3.0
-0.18827 2.3
-0.18803 1.6
-0.18778 0.8
-0.18754 0.1
-0.18729 -0.6
-0.18705 -1.3
-0.18681 -2.1
-0.18656 -2.8
-0.18632 -3.5
-0.18607 -4.2
-0.18583 -5.0
-0.18559 -5.7
-0.18534 -6.4
-0.1851 -7.1
-0.18485 -7.8
-0.18461 -8.4
-0.18436 -9.1
-0.18412 -9.8
-0.18388 -10.4
-0.18363 -11.1
-0.18339 -11.7
-0.18314 -12.3
-0.1829 -12.9
-0.18266 -13.5
-0.18241 -14.1
-0.18217 -14.7
-0.18192 -15.2
-0.18168 -15.7
-0.18143 -16.3
-0.18119 -16.7
-0.18095 -17.2
-0.1807 -17.7
-0.18046 -18.1
-0.18021 -18.5
-0.17997 -18.9
-0.17973 -19.3
-0.17948 -19.6
-0.17924 -20.0
-0.17899 -20.3
-0.17875 -20.6
-0.1785 -20.8
-0.17826 -21.1
-0.17802 -21.3
-0.17777 -21.5
-0.17753 -21.6
-0.17728 -21.8
-0.17704 -21.9
-0.1768 -22.0
-0.17655 -22.0
-0.17631 -22.1
-0.17606 -22.1
-0.17582 -22.1
-0.17558 -22.0
-0.17533 -22.0
-0.17509 -21.9
-0.17484 -21.8
-0.1746 -21.6
-0.17435 -21.4
-0.17411 -21.2
-0.17387 -21.0
-0.17362 -20.8
-0.17338 -20.5
-0.17313 -20.2
-0.17289 -19.9
-0.17265 -19.6
-0.1724 -19.2
-0.17216 -18.8
-0.17191 -18.4
-0.17167 -18.0
-0.17142 -17.5
-0.17118 -17.0
-0.17094 -16.5
-0.17069 -16.0
-0.17045 -15.5
-0.1702 -14.9
-0.16996 -14.4
-0.16972 -13.8
-0.16947 -13.2
-0.16923 -12.5
-0.16898 -11.9
-0.16874 -11.2
-0.1685 -10.6
-0.16825 -9.9
-0.16801 -9.2
-0.16776 -8.5
-0.16752 -7.8
-0.16727 -7.0
-0.16703 -6.3
-0.16679 -5.5
-0.16654 -4.8
-0.1663 -4.0
-0.16605 -3.3
-0.16581 -2.5
-0.16557 -1.7
-0.16532 -0.9
-0.16508 -0.2
-0.16483 0.6
-0.16459 1.4
-0.16434 2.2
-0.1641 3.0
-0.16386 3.7
-0.16361 4.5
-0.16337 5.3
-0.16312 6.1
-0.16288 6.8
-0.16264 7.6
-0.16239 8.3
-0.16215 9.0
-0.1619 9.8
-0.16166 10.5
-0.16142 11.2
-0.16117 11.8
-0.16093 12.5
-0.16068 13.2
-0.16044 13.8
-0.16019 14.4
-0.15995 15.0
-0.15971 15.6
-0.15946 16.2
-0.15922 16.8
-0.15897 17.3
-0.15873 17.8
-0.15849 18.3
-0.15824 18.8
-0.158 19.2
-0.15775 19.6
-0.15751 20.0
-0.15726 20.4
-0.15702 20.7
-0.15678 21.0
-0.15653 21.3
-0.15629 21.6
-0.15604 21.9
-0.1558 22.1
-0.15556 22.2
-0.15531 22.4
-0.15507 22.5
-0.15482 22.6
-0.15458 22.7
-0.15434 22.8
-0.15409 22.8
-0.15385 22.7
-0.1536 22.7
-0.15336 22.6
-0.15311 22.5
-0.15287 22.4
-0.15263 22.2
-0.15238 22.0
-0.15214 21.8
-0.15189 21.6
-0.15165 21.3
-0.15141 21.0
-0.15116 20.7
-0.15092 20.3
-0.15067 19.9
-0.15043 19.5
-0.15018 19.1
-0.14994 18.6
-0.1497 18.1
-0.14945 17.6
-0.14921 17.1
-0.14896 16.5
-0.14872 16.0
-0.14848 15.4
-0.14823 14.7
-0.14799 14.1
-0.14774 13.4
-0.1475 12.8
-0.14725 12.1
-0.14701 11.4
-0.14677 10.6
-0.14652 9.9
-0.14628 9.1
-0.14603 8.3
-0.14579 7.6
-0.14555 6.8
-0.1453 6.0
-0.14506 5.1
-0.14481 4.3
-0.14457 3.5
-0.14433 2.7
-0.14408 1.8
-0.14384 1.0
-0.14359 0.1
-0.14335 -0.7
-0.1431 -1.6
-0.14286 -2.4
-0.14262 -3.3
-0.14237 -4.1
-0.14213 -4.9
-0.14188 -5.8
-0.14164 -6.6
-0.1414 -7.4
-0.14115 -8.2
-0.14091 -9.0
-0.14066 -9.8
-0.14042 -10.6
-0.14017 -11.3
-0.13993 -12.1
-0.13969 -12.8
-0.13944 -13.5
-0.1392 -14.2
-0.13895 -14.9
-0.13871 -15.6
-0.13847 -16.2
-0.13822 -16.8
-0.13798 -17.4
-0.13773 -18.0
-0.13749 -18.5
-0.13725 -19.1
-0.137 -19.6
-0.13676 -20.0
-0.13651 -20.5
-0.13627 -20.9
-0.13602 -21.3
-0.13578 -21.6
-0.13554 -22.0
-0.13529 -22.3
-0.13505 -22.5
-0.1348 -22.8
-0.13456 -23.0
-0.13432 -23.2
-0.13407 -23.3
-0.13383 -23.4
-0.13358 -23.5
-0.13334 -23.5
-0.13309 -23.5
-0.13285 -23.5
-0.13261 -23.5
-0.13236 -23.4
-0.13212 -23.3
-0.13187 -23.1
-0.13163 -22.9
-0.13139 -22.7
-0.13114 -22.4
-0.1309 -22.1
-0.13065 -21.8
-0.13041 -21.5
-0.13017 -21.1
-0.12992 -20.7
-0.12968 -20.2
-0.12943 -19.8
-0.12919 -19.3
-0.12894 -18.7
-0.1287 -18.2
-0.12846 -17.6
-0.12821 -17.0
-0.12797 -16.3
-0.12772 -15.7
-0.12748 -15.0
-0.12724 -14.3
-0.12699 -13.6
-0.12675 -12.8
-0.1265 -12.0
-0.12626 -11.3
-0.12601 -10.4
-0.12577 -9.6
-0.12553 -8.8
-0.12528 -7.9
-0.12504 -7.1
-0.12479 -6.2
-0.12455 -5.3
-0.12431 -4.4
-0.12406 -3.5
-0.12382 -2.6
-0.12357 -1.7
-0.12333 -0.7
-0.12309 0.2
-0.12284 1.1
-0.1226 2.0
-0.12235 3.0
-0.12211 3.9
-0.12186 4.8
-0.12162 5.7
-0.12138 6.6
-0.12113 7.5
-0.12089 8.4
-0.12064 9.3
-0.1204 10.1
-0.12016 11.0
-0.11991 11.8
-0.11967 12.6
-0.11942 13.4
-0.11918 14.2
-0.11893 15.0
-0.11869 15.7
-0.11845 16.4
-0.1182 17.1
-0.11796 17.8
-0.11771 18.4
-0.11747 19.0
-0.11723 19.6
-0.11698 20.2
-0.11674 20.7
-0.11649 21.2
-0.11625 21.6
-0.116 22.1
-0.11576 22.5
-0.11552 22.8
-0.11527 23.1
-0.11503 23.4
-0.11478 23.7
-0.11454 23.9
-0.1143 24.1
-0.11405 24.2
-0.11381 24.3
-0.11356 24.4
-0.11332 24.4
-0.11308 24.4
-0.11283 24.4
-0.11259 24.3
-0.11234 24.2
-0.1121 24.0
-0.11185 23.8
-0.11161 23.6
-0.11137 23.3
-0.11112 23.0
-0.11088 22.6
-0.11063 22.2
-0.11039 21.8
-0.11015 21.3
-0.1099 20.8
-0.10966 20.3
-0.10941 19.7
-0.10917 19.1
-0.10892 18.5
-0.10868 17.8
-0.10844 17.2
-0.10819 16.4
-0.10795 15.7
-0.1077 14.9
-0.10746 14.1
-0.10722 13.3
-0.10697 12.4
-0.10673 11.6
-0.10648 10.7
-0.10624 9.8
-0.106 8.8
-0.10575 7.9
-0.10551 6.9
-0.10526 5.9
-0.10502 5.0
-0.10477 4.0
-0.10453 3.0
-0.10429 1.9
-0.10404 0.9
-0.1038 0.0
-0.10355 -1.1
-0.10331 -2.1
-0.10307 -3.2
-0.10282 -4.2
-0.10258 -5.2
-0.10233 -6.2
-0.10209 -7.2
-0.10184 -8.2
-0.1016 -9.1
-0.10136 -10.1
-0.10111 -11.1
-0.10087 -12.0
-0.10062 -12.9
-0.10038 -13.8
-0.10014 -14.6
-0.09989 -15.5
-0.09965 -16.3
-0.0994 -17.1
-0.09916 -17.9
-0.09892 -18.6
-0.09867 -19.3
-0.09843 -20.0
-0.09818 -20.6
-0.09794 -21.2
-0.09769 -21.8
-0.09745 -22.3
-0.09721 -22.8
-0.09696 -23.3
-0.09672 -23.7
-0.09647 -24.1
-0.09623 -24.4
-0.09599 -24.7
-0.09574 -24.9
-0.0955 -25.1
-0.09525 -25.3
-0.09501 -25.4
-0.09476 -25.5
-0.09452 -25.5
-0.09428 -25.5
-0.09403 -25.4
-0.09379 -25.3
-0.09354 -25.1
-0.0933 -24.9
-0.09306 -24.7
-0.09281 -24.4
-0.09257 -24.0
-0.09232 -23.6
-0.09208 -23.2
-0.09184 -22.7
-0.09159 -22.2
-0.09135 -21.7
-0.0911 -21.1
-0.09086 -20.4
-0.09061 -19.8
-0.09037 -19.0
-0.09013 -18.3
-0.08988 -17.5
-0.08964 -16.7
-0.08939 -15.8
-0.08915 -14.9
-0.08891 -14.0
-0.08866 -13.1
-0.08842 -12.1
-0.08817 -11.1
-0.08793 -10.1
-0.08768 -9.1
-0.08744 -8.0
-0.0872 -6.9
-0.08695 -5.8
-0.08671 -4.7
-0.08646 -3.6
-0.08622 -2.5
-0.08598 -1.4
-0.08573 -0.2
-0.08549 0.9
-0.08524 2.1
-0.085 3.2
-0.08475 4.4
-0.08451 5.5
-0.08427 6.6
-0.08402 7.7
-0.08378 8.8
-0.08353 9.9
-0.08329 11.0
-0.08305 12.0
-0.0828 13.1
-0.08256 14.1
-0.08231 15.1
-0.08207 16.0
-0.08183 17.0
-0.08158 17.8
-0.08134 18.7
-0.08109 19.5
-0.08085 20.3
-0.0806 21.1
-0.08036 21.8
-0.08012 22.5
-0.07987 23.1
-0.07963 23.7
-0.07938 24.2
-0.07914 24.7
-0.0789 25.1
-0.07865 25.5
-0.07841 25.8
-0.07816 26.1
-0.07792 26.4
-0.07767 26.5
-0.07743 26.7
-0.07719 26.7
-0.07694 26.8
-0.0767 26.7
-0.07645 26.6
-0.07621 26.5
-0.07597 26.3
-0.07572 26.0
-0.07548 25.7
-0.07523 25.3
-0.07499 24.9
-0.07475 24.4
-0.0745 23.9
-0.07426 23.3
-0.07401 22.6
-0.07377 22.0
-0.07352 21.2
-0.07328 20.4
-0.07304 19.6
-0.07279 18.7
-0.07255 17.8
-0.0723 16.9
-0.07206 15.9
-0.07182 14.8
-0.07157 13.8
-0.07133 12.7
-0.07108 11.5
-0.07084 10.4
-0.07059 9.2
-0.07035 8.0
-0.07011 6.7
-0.06986 5.5
-0.06962 4.2
-0.06937 3.0
-0.06913 1.7
-0.06889 0.4
-0.06864 -0.9
-0.0684 -2.2
-0.06815 -3.5
-0.06791 -4.8
-0.06767 -6.1
-0.06742 -7.4
-0.06718 -8.7
-0.06693 -9.9
-0.06669 -11.2
-0.06644 -12.4
-0.0662 -13.6
-0.06596 -14.7
-0.06571 -15.8
-0.06547 -16.9
-0.06522 -18.0
-0.06498 -19.0
-0.06474 -20.0
-0.06449 -20.9
-0.06425 -21.8
-0.064 -22.7
-0.06376 -23.5
-0.06351 -24.2
-0.06327 -24.9
-0.06303 -25.5
-0.06278 -26.1
-0.06254 -26.6
-0.06229 -27.0
-0.06205 -27.4
-0.06181 -27.7
-0.06156 -28.0
-0.06132 -28.1
-0.06107 -28.3
-0.06083 -28.3
-0.06059 -28.3
-0.06034 -28.2
-0.0601 -28.0
-0.05985 -27.8
-0.05961 -27.5
-0.05936 -27.1
-0.05912 -26.7
-0.05888 -26.2
-0.05863 -25.6
-0.05839 -24.9
-0.05814 -24.2
-0.0579 -23.5
-0.05766 -22.6
-0.05741 -21.7
-0.05717 -20.8
-0.05692 -19.8
-0.05668 -18.7
-0.05643 -17.6
-0.05619 -16.4
-0.05595 -15.2
-0.0557 -13.9
-0.05546 -12.6
-0.05521 -11.3
-0.05497 -9.9
-0.05473 -8.5
-0.05448 -7.1
-0.05424 -5.7
-0.05399 -4.2
-0.05375 -2.7
-0.0535 -1.2
-0.05326 0.3
-0.05302 1.9
-0.05277 3.4
-0.05253 4.9
-0.05228 6.4
-0.05204 7.9
-0.0518 9.4
-0.05155 10.8
-0.05131 12.3
-0.05106 13.7
-0.05082 15.1
-0.05058 16.4
-0.05033 17.7
-0.05009 19.0
-0.04984 20.2
-0.0496 21.3
-0.04935 22.4
-0.04911 23.5
-0.04887 24.4
-0.04862 25.4
-0.04838 26.2
-0.04813 27.0
-0.04789 27.7
-0.04765 28.3
-0.0474 28.8
-0.04716 29.3
-0.04691 29.6
-0.04667 29.9
-0.04642 30.1
-0.04618 30.2
-0.04594 30.3
-0.04569 30.2
-0.04545 30.0
-0.0452 29.8
-0.04496 29.4
-0.04472 29.0
-0.04447 28.4
-0.04423 27.8
-0.04398 27.1
-0.04374 26.3
-0.0435 25.4
-0.04325 24.5
-0.04301 23.4
-0.04276 22.3
-0.04252 21.1
-0.04227 19.8
-0.04203 18.5
-0.04179 17.1
-0.04154 15.6
-0.0413 14.1
-0.04105 12.5
-0.04081 10.9
-0.04057 9.2
-0.04032 7.5
-0.04008 5.7
-0.03983 3.9
-0.03959 2.1
-0.03934 0.3
-0.0391 -1.5
-0.03886 -3.3
-0.03861 -5.2
-0.03837 -7.0
-0.03812 -8.8
-0.03788 -10.6
-0.03764 -12.3
-0.03739 -14.1
-0.03715 -15.7
-0.0369 -17.4
-0.03666 -19.0
-0.03642 -20.5
-0.03617 -22.0
-0.03593 -23.4
-0.03568 -24.7
-0.03544 -25.9
-0.03519 -27.1
-0.03495 -28.1
-0.03471 -29.1
-0.03446 -30.0
-0.03422 -30.7
-0.03397 -31.4
-0.03373 -31.9
-0.03349 -32.3
-0.03324 -32.6
-0.033 -32.8
-0.03275 -32.8
-0.03251 -32.7
-0.03226 -32.5
-0.03202 -32.2
-0.03178 -31.7
-0.03153 -31.1
-0.03129 -30.4
-0.03104 -29.6
-0.0308 -28.6
-0.03056 -27.5
-0.03031 -26.3
-0.03007 -25.0
-0.02982 -23.5
-0.02958 -22.0
-0.02934 -20.3
-0.02909 -18.6
-0.02885 -16.8
-0.0286 -14.9
-0.02836 -12.9
-0.02811 -10.8
-0.02787 -8.7
-0.02763 -6.5
-0.02738 -4.3
-0.02714 -2.0
-0.02689 0.3
-0.02665 2.6
-0.02641 4.9
-0.02616 7.2
-0.02592 9.5
-0.02567 11.7
-0.02543 13.9
-0.02518 16.1
-0.02494 18.2
-0.0247 20.3
-0.02445 22.3
-0.02421 24.1
-0.02396 25.9
-0.02372 27.6
-0.02348 29.1
-0.02323 30.6
-0.02299 31.8
-0.02274 33.0
-0.0225 33.9
-0.02225 34.7
-0.02201 35.4
-0.02177 35.9
-0.02152 36.1
-0.02128 36.2
-0.02103 36.1
-0.02079 35.8
-0.02055 35.4
-0.0203 34.7
-0.02006 33.8
-0.01981 32.7
-0.01957 31.5
-0.01933 30.0
-0.01908 28.4
-0.01884 26.6
-0.01859 24.6
-0.01835 22.4
-0.0181 20.1
-0.01786 17.7
-0.01762 15.1
-0.01737 12.4
-0.01713 9.6
-0.01688 6.7
-0.01664 3.7
-0.0164 0.7
-0.01615 -2.3
-0.01591 -5.4
-0.01566 -8.5
-0.01542 -11.6
-0.01517 -14.6
-0.01493 -17.5
-0.01469 -20.4
-0.01444 -23.2
-0.0142 -25.8
-0.01395 -28.3
-0.01371 -30.7
-0.01347 -32.8
-0.01322 -34.7
-0.01298 -36.4
-0.01273 -37.9
-0.01249 -39.1
-0.01225 -40.0
-0.012 -40.6
-0.01176 -40.9
-0.01151 -40.8
-0.01127 -40.5
-0.01102 -39.8
-0.01078 -38.8
-0.01054 -37.4
-0.01029 -35.7
-0.01005 -33.7
-0.0098 -31.3
-0.00956 -28.7
-0.00932 -25.7
-0.00907 -22.4
-0.00883 -18.9
-0.00858 -15.2
-0.00834 -11.2
-0.00809 -7.1
-0.00785 -2.8
-0.00761 1.5
-0.00736 6.0
-0.00712 10.4
-0.00687 14.8
-0.00663 19.2
-0.00639 23.4
-0.00614 27.4
-0.0059 31.2
-0.00565 34.7
-0.00541 37.8
-0.00517 40.6
-0.00492 42.9
-0.00468 44.7
-0.00443 46.0
-0.00419 46.7
-0.00394 46.8
-0.0037 46.3
-0.00346 45.0
-0.00321 43.1
-0.00297 40.5
-0.00272 37.3
-0.00248 33.3
-0.00224 28.8
-0.00199 23.6
-0.00175 17.9
-0.0015 11.8
-0.00126 5.3
-0.00101 -1.5
-0.00077 -8.4
-0.00053 -15.3
-0.00028 -22.0
-4e-05 -28.3
0.00021 -34.1
0.00045 -39.2
0.00069 -43.3
0.00094 -46.5
0.00118 -48.4
0.00143 -49.1
0.00167 -48.3
0.00191 -46.3
0.00216 -42.8
0.0024 -38.1
0.00265 -32.2
0.00289 -25.3
0.00314 -17.6
0.00338 -9.4
0.00362 -1.0
0.00387 7.3
0.00411 15.2
0.00436 22.4
0.0046 28.6
0.00484 33.5
0.00509 37.1
0.00533 39.2
0.00558 39.6
0.00582 38.5
0.00607 35.8
0.00631 31.8
0.00655 26.7
0.0068 20.6
0.00704 14.0
0.00729 7.1
0.00753 0.2
0.00777 -6.4
0.00802 -12.3
0.00826 -17.4
0.00851 -21.5
0.00875 -24.3
0.009 -25.9
0.00924 -26.3
0.00948 -25.4
0.00973 -23.4
0.00997 -20.4
0.01022 -16.6
0.01046 -12.4
0.0107 -7.8
0.01095 -3.1
0.01119 1.4
0.01144 5.6
0.01168 9.2
0.01192 12.1
0.01217 14.2
0.01241 15.5
0.01266 16.0
0.0129 15.6
0.01315 14.5
0.01339 12.7
0.01363 10.5
0.01388 7.8
0.01412 5.0
0.01437 2.1
0.01461 -0.7
0.01485 -3.2
0.0151 -5.5
0.01534 -7.2
0.01559 -8.5
0.01583 -9.3
0.01608 -9.5
0.01632 -9.3
0.01656 -8.5
0.01681 -7.4
0.01705 -6.0
0.0173 -4.4
0.01754 -2.7
0.01778 -0.9
0.01803 0.7
0.01827 2.3
0.01852 3.5
0.01876 4.6
0.019 5.3
0.01925 5.6
0.01949 5.7
0.01974 5.5
0.01998 5.0
0.02023 4.2
0.02047 3.3
0.02071 2.3
0.02096 1.3
0.0212 0.2
0.02145 -0.8
0.02169 -1.6
0.02193 -2.4
0.02218 -2.9
0.02242 -3.3
0.02267 -3.4
0.02291 -3.4
0.02316 -3.2
0.0234 -2.9
0.02364 -2.4
0.02389 -1.8
0.02413 -1.2
0.02438 -0.5
0.02462 0.0
0.02486 0.7
0.02511 1.2
0.02535 1.6
0.0256 1.9
0.02584 2.0
0.02608 2.1
0.02633 2.0
0.02657 1.9
0.02682 1.6
0.02706 1.3
0.02731 1.0
0.02755 0.6
0.02779 0.2
0.02804 -0.2
0.02828 -0.5
0.02853 -0.8
0.02877 -1.0
0.02901 -1.2
0.02926 -1.3
0.0295 -1.3
0.02975 -1.2
0.02999 -1.1
0.03024 -0.9
0.03048 -0.7
0.03072 -0.5
0.03097 -0.3
0.03121 0.0
0.03146 0.2
0.0317 0.4
0.03194 0.5
0.03219 0.7
0.03243 0.7
0.03268 0.8
0.03292 0.8
0.03316 0.7
0.03341 0.6
0.03365 0.5
0.0339 0.4
0.03414 0.3
0.03439 0.1
0.03463 0.0
0.03487 -0.2
0.03512 -0.3
0.03536 -0.4
0.03561 -0.4
0.03585 -0.5
0.03609 -0.5
0.03634 -0.5
0.03658 -0.4
0.03683 -0.4
0.03707 -0.3
0.03732 -0.2
0.03756 -0.1
0.0378 0.0
0.03805 0.0
0.03829 0.1
0.03854 0.2
0.03878 0.2
0.03902 0.3
0.03927 0.3
0.03951 0.3
0.03976 0.3
0.04 0.2
0.04025 0.2
0.04049 0.2
0.04073 0.1
0.04098 0.0
0.04122 0.0
0.04147 0.0
0.04171 0.0
0.04195 -0.1
0.0422 -0.2
0.04244 -0.2
0.04269 -0.2
0.04293 -0.2
0.04317 -0.2
0.04342 -0.1
0.04366 -0.1
0.04391 0.0
0.04415 0.0
0.0444 0.0
0.04464 0.0
0.04488 0.0
0.04513 0.0
0.04537 0.0
0.04562 0.0
0.04586 0.1
0.0461 0.1
0.04635 0.1
0.04659 0.0
0.04684 0.0
0.04708 0.0
0.04733 0.0
0.04757 0.0
0.04781 0.0
0.04806 0.0
0.0483 0.0
0.04855 0.0
0.04879 0.0
0.04903 0.0
0.04928 0.0
0.04952 0.0
0.04977 0.0
0.05001 0.0
0.05025 0.0
0.0505 0.0
0.05074 0.0
0.05099 0.0
0.05123 0.0
0.05148 0.0
0.05172 0.0
0.05196 0.0
0.05221 0.0
0.05245 0.0
0.0527 0.0
0.05294 0.0
0.05318 0.0
0.05343 0.0
0.05367 0.0
0.05392 0.0
0.05416 0.0
0.05441 0.0
0.05465 0.0
0.05489 0.0
0.05514 0.0
0.05538 0.0
0.05563 0.0
0.05587 0.0
0.05611 0.0
0.05636 0.0
0.0566 0.0
0.05685 0.0
0.05709 0.0
0.05733 0.0
0.05758 0.0
0.05782 0.0
0.05807 0.0
0.05831 0.0
0.05856 0.0
0.0588 0.0
0.05904 0.0
0.05929 0.0
0.05953 0.0
0.05978 0.0
0.06002 0.0
0.06026 0.0
0.06051 0.0
0.06075 0.0
0.061 0.0
0.06124 0.0
0.06149 0.0
0.06173 0.0
0.06197 0.0
0.06222 0.0
0.06246 0.0
0.06271 0.0
0.06295 0.0
0.06319 0.0
0.06344 0.0
0.06368 0.0
0.06393 0.0
0.06417 0.0
0.06441 0.0
0.06466 0.0
0.0649 0.0
0.06515 0.0
0.06539 0.0
0.06564 0.0
0.06588 0.0
0.06612 0.0
0.06637 0.0
0.06661 0.0
0.06686 0.0
0.0671 0.0
0.06734 0.0
0.06759 0.0
0.06783 0.0
0.06808 0.0
0.06832 0.0
0.06857 0.0
0.06881 0.0
0.06905 0.0
0.0693 0.0
0.06954 0.0
0.06979 0.0
0.07003 0.0
0.07027 0.0
0.07052 0.0
0.07076 0.0
0.07101 0.0
0.07125 0.0
0.0715 0.0
0.07174 0.0
0.07198 0.0
0.07223 0.0
0.07247 0.0
0.07272 0.0
0.07296 0.0
0.0732 0.0
0.07345 0.0
0.07369 0.0
0.07394 0.0
0.07418 0.0
0.07442 0.0
0.07467 0.0
0.07491 0.0
0.07516 0.0
0.0754 0.0
0.07565 0.0
0.07589 0.0
0.07613 0.0
0.07638 0.0
0.07662 0.0
0.07687 0.0
0.07711 0.0
0.07735 0.0
0.0776 0.0
0.07784 0.0
0.07809 0.0
0.07833 0.0
0.07858 0.0
0.07882 0.0
0.07906 0.0
0.07931 0.0
0.07955 0.0
0.0798 0.0
0.08004 0.0
0.08028 0.0
0.08053 0.0
0.08077 0.0
0.08102 0.0
0.08126 0.0
0.0815 0.0
0.08175 0.0
0.08199 0.0
0.08224 0.0
0.08248 0.0
0.08273 0.0
0.08297 0.0
0.08321 0.0
0.08346 0.0
0.0837 0.0
0.08395 0.0
0.08419 0.0
0.08443 0.0
0.08468 0.0
0.08492 0.0
0.08517 0.0
0.08541 0.0
0.08566 0.0
0.0859 0.0
0.08614 0.0
0.08639 0.0
0.08663 0.0
0.08688 0.0
0.08712 0.0
0.08736 0.0
0.08761 0.0
0.08785 0.0
0.0881 0.0
0.08834 0.0
0.08858 0.0
0.08883 0.0
0.08907 0.0
0.08932 0.0
0.08956 0.0
0.08981 0.0
0.09005 0.0
0.09029 0.0
0.09054 0.0
0.09078 0.0
0.09103 0.0
0.09127 0.0
0.09151 0.0
0.09176 0.0
0.092 0.0
0.09225 0.0
0.09249 0.0
0.09274 0.0
0.09298 0.0
0.09322 0.0
0.09347 0.0
0.09371 0.0
0.09396 0.0
0.0942 0.0
0.09444 0.0
0.09469 0.0
0.09493 0.0
0.09518 0.0
0.09542 0.0
0.09566 0.0
0.09591 0.0
0.09615 0.0
0.0964 0.0
0.09664 0.0
0.09689 0.0
0.09713 0.0
0.09737 0.0
0.09762 0.0
0.09786 0.0
0.09811 0.0
0.09835 0.0
0.09859 0.0
0.09884 0.0
0.09908 0.0
0.09933 0.0
0.09957 0.0
0.09982 0.0
0.10006 0.0
0.1003 0.0
0.10055 0.0
0.10079 0.0
0.10104 0.0
0.10128 0.0
0.10152 0.0
0.10177 0.0
0.10201 0.0
0.10226 0.0
0.1025 0.0
0.10275 0.0
0.10299 0.0
0.10323 0.0
0.10348 0.0
0.10372 0.0
0.10397 0.0
0.10421 0.0
0.10445 0.0
0.1047 0.0
0.10494 0.0
0.10519 0.0
0.10543 0.0
0.10567 0.0
0.10592 0.0
0.10616 0.0
0.10641 0.0
0.10665 0.0
0.1069 0.0
0.10714 0.0
0.10738 0.0
0.10763 0.0
0.10787 0.0
0.10812 0.0
0.10836 0.0
0.1086 0.0
0.10885 0.0
0.10909 0.0
0.10934 0.0
0.10958 0.0
0.10983 0.0
0.11007 0.0
0.11031 0.0
0.11056 0.0
0.1108 0.0
0.11105 0.0
0.11129 0.0
0.11153 0.0
0.11178 0.0
0.11202 0.0
0.11227 0.0
0.11251 0.0
0.11275 0.0
0.113 0.0
0.11324 0.0
0.11349 0.0
0.11373 0.0
0.11398 0.0
0.11422 0.0
0.11446 0.0
0.11471 0.0
0.11495 0.0
0.1152 0.0
0.11544 0.0
0.11568 0.0
0.11593 0.0
0.11617 0.0
0.11642 0.0
0.11666 0.0
0.11691 0.0
0.11715 0.0
0.11739 0.0
0.11764 0.0
0.11788 0.0
0.11813 0.0
0.11837 0.0
0.11861 0.0
0.11886 0.0
0.1191 0.0
0.11935 0.0
0.11959 0.0
0.11983 0.0
0.12008 0.0
0.12032 0.0
0.12057 0.0
0.12081 0.0
0.12106 0.0
0.1213 0.0
0.12154 0.0
0.12179 0.0
0.12203 0.0
0.12228 0.0
0.12252 0.0
0.12276 0.0
0.12301 0.0
0.12325 0.0
0.1235 0.0
0.12374 0.0
0.12399 0.0
0.12423 0.0
0.12447 0.0
0.12472 0.0
0.12496 0.0
0.12521 0.0
0.12545 0.0
0.12569 0.0
0.12594 0.0
0.12618 0.0
0.12643 0.0
0.12667 0.0
0.12691 0.0
0.12716 0.0
0.1274 0.0
0.12765 0.0
0.12789 0.0
0.12814 0.0
0.12838 0.0
0.12862 0.0
0.12887 0.0
0.12911 0.0
0.12936 0.0
0.1296 0.0
0.12984 0.0
0.13009 0.0
0.13033 0.0
0.13058 0.0
0.13082 0.0
0.13107 0.0
0.13131 0.0
0.13155 0.0
0.1318 0.0
0.13204 0.0
0.13229 0.0
0.13253 0.0
0.13277 0.0
0.13302 0.0
0.13326 0.0
0.13351 0.0
0.13375 0.0
0.134 0.0
0.13424 0.0
0.13448 0.0
0.13473 0.0
0.13497 0.0
0.13522 0.0
0.13546 0.0
0.1357 0.0
0.13595 0.0
0.13619 0.0
0.13644 0.0
0.13668 0.0
0.13692 0.0
0.13717 0.0
0.13741 0.0
0.13766 0.0
0.1379 0.0
0.13815 0.0
0.13839 0.0
0.13863 0.0
0.13888 0.0
0.13912 0.0
0.13937 0.0
0.13961 0.0
0.13985 0.0
0.1401 0.0
0.14034 0.0
0.14059 0.0
0.14083 0.0
0.14108 0.0
0.14132 0.0
0.14156 0.0
0.14181 0.0
0.14205 0.0
0.1423 0.0
0.14254 0.0
0.14278 0.0
0.14303 0.0
0.14327 0.0
0.14352 0.0
0.14376 0.0
0.144 0.0
0.14425 0.0
0.14449 0.0
0.14474 0.0
0.14498 0.0
0.14523 0.0
0.14547 0.0
0.14571 0.0
0.14596 0.0
0.1462 0.0
0.14645 0.0
0.14669 0.0
0.14693 0.0
0.14718 0.0
0.14742 0.0
0.14767 0.0
0.14791 0.0
0.14816 0.0
0.1484 0.0
0.14864 0.0
0.14889 0.0
0.14913 0.0
0.14938 0.0
0.14962 0.0
0.14986 0.0
0.15011 0.0
0.15035 0.0
0.1506 0.0
0.15084 0.0
0.15108 0.0
0.15133 0.0
0.15157 0.0
0.15182 0.0
0.15206 0.0
0.15231 0.0
0.15255 0.0
0.15279 0.0
0.15304 0.0
0.15328 0.0
0.15353 0.0
0.15377 0.0
0.15401 0.0
0.15426 0.0
0.1545 0.0
0.15475 0.0
0.15499 0.0
0.15524 0.0
0.15548 0.0
0.15572 0.0
0.15597 0.0
0.15621 0.0
0.15646 0.0
0.1567 0.0
0.15694 0.0
0.15719 0.0
0.15743 0.0
0.15768 0.0
0.15792 0.0
0.15816 0.0
0.15841 0.0
0.15865 0.0
0.1589 0.0
0.15914 0.0
0.15939 0.0
0.15963 0.0
0.15987 0.0
0.16012 0.0
0.16036 0.0
0.16061 0.0
0.16085 0.0
0.16109 0.0
0.16134 0.0
0.16158 0.0
0.16183 0.0
0.16207 0.0
0.16232 0.0
0.16256 0.0
0.1628 0.0
0.16305 0.0
0.16329 0.0
0.16354 0.0
0.16378 0.0
0.16402 0.0
0.16427 0.0
0.16451 0.0
0.16476 0.0
0.165 0.0
0.16525 0.0
0.16549 0.0
0.16573 0.0
0.16598 0.0
0.16622 0.0
0.16647 0.0
0.16671 0.0
0.16695 0.0
0.1672 0.0
0.16744 0.0
0.16769 0.0
0.16793 0.0
0.16817 0.0
0.16842 0.0
0.16866 0.0
0.16891 0.0
0.16915 0.0
0.1694 0.0
0.16964 0.0
0.16988 0.0
0.17013 0.0
0.17037 0.0
0.17062 0.0
0.17086 0.0
0.1711 0.0
0.17135 0.0
0.17159 0.0
0.17184 0.0
0.17208 0.0
0.17233 0.0
0.17257 0.0
0.17281 0.0
0.17306 0.0
0.1733 0.0
0.17355 0.0
0.17379 0.0
0.17403 0.0
0.17428 0.0
0.17452 0.0
0.17477 0.0
0.17501 0.0
0.17525 0.0
0.1755 0.0
0.17574 0.0
0.17599 0.0
0.17623 0.0
0.17648 0.0
0.17672 0.0
0.17696 0.0
0.17721 0.0
0.17745 0.0
0.1777 0.0
0.17794 0.0
0.17818 0.0
0.17843 0.0
0.17867 0.0
0.17892 0.0
0.17916 0.0
0.17941 0.0
0.17965 0.0
0.17989 0.0
0.18014 0.0
0.18038 0.0
0.18063 0.0
0.18087 0.0
0.18111 0.0
0.18136 0.0
0.1816 0.0
0.18185 0.0
0.18209 0.0
0.18233 0.0
0.18258 0.0
0.18282 0.0
0.18307 0.0
0.18331 0.0
0.18356 0.0
0.1838 0.0
0.18404 0.0
0.18429 0.0
0.18453 0.0
0.18478 0.0
0.18502 0.0
0.18526 0.0
0.18551 0.0
0.18575 0.0
0.186 0.0
0.18624 0.0
0.18649 0.0
0.18673 0.0
0.18697 0.0
0.18722 0.0
0.18746 0.0
0.18771 0.0
0.18795 0.0
0.18819 0.0
0.18844 0.0
0.18868 0.0
0.18893 0.0
0.18917 0.0
0.18941 0.0
0.18966 0.0
0.1899 0.0
0.19015 0.0
0.19039 0.0
0.19064 0.0
0.19088 0.0
0.19112 0.0
0.19137 0.0
0.19161 0.0
0.19186 0.0
0.1921 0.0
0.19234 0.0
0.19259 0.0
0.19283 0.0
0.19308 0.0
0.19332 0.0
0.19357 0.0
0.19381 0.0
0.19405 0.0
0.1943 0.0
0.19454 0.0
0.19479 0.0
0.19503 0.0
0.19527 0.0
0.19552 0.0
0.19576 0.0
0.19601 0.0
0.19625 0.0
0.1965 0.0
0.19674 0.0
0.19698 0.0
0.19723 0.0
0.19747 0.0
0.19772 0.0
0.19796 0.0
0.1982 0.0
0.19845 0.0
0.19869 0.0
0.19894 0.0
0.19918 0.0
0.19942 0.0
0.19967 0.0
0.19991 0.0
0.20016 0.0
0.2004 0.0
0.20065 0.0
0.20089 0.0
0.20113 0.0
0.20138 0.0
0.20162 0.0
0.20187 0.0
0.20211 0.0
0.20235 0.0
0.2026 0.0
0.20284 0.0
0.20309 0.0
0.20333 0.0
0.20358 0.0
0.20382 0.0
0.20406 0.0
0.20431 0.0
0.20455 0.0
0.2048 0.0
0.20504 0.0
0.20528 0.0
0.20553 0.0
0.20577 0.0
0.20602 0.0
0.20626 0.0
0.2065 0.0
0.20675 0.0
0.20699 0.0
0.20724 0.0
0.20748 0.0
0.20773 0.0
0.20797 0.0
0.20821 0.0
0.20846 0.0
0.2087 0.0
0.20895 0.0
0.20919 0.0
0.20943 0.0
0.20968 0.0
0.20992 0.0
0.21017 0.0
0.21041 0.0
0.21066 0.0
0.2109 0.0
0.21114 0.0
0.21139 0.0
0.21163 0.0
0.21188 0.0
0.21212 0.0
0.21236 0.0
0.21261 0.0
0.21285 0.0
0.2131 0.0
0.21334 0.0
0.21358 0.0
0.21383 0.0
0.21407 0.0
0.21432 0.0
0.21456 0.0
0.21481 0.0
0.21505 0.0
0.21529 0.0
0.21554 0.0
0.21578 0.0
0.21603 0.0
0.21627 0.0
0.21651 0.0
0.21676 0.0
0.217 0.0
0.21725 0.0
0.21749 0.0
0.21774 0.0
0.21798 0.0
0.21822 0.0
0.21847 0.0
0.21871 0.0
0.21896 0.0
0.2192 0.0
0.21944 0.0
0.21969 0.0
0.21993 0.0
0.22018 0.0
0.22042 0.0
0.22066 0.0
0.22091 0.0
0.22115 0.0
0.2214 0.0
0.22164 0.0
0.22189 0.0
0.22213 0.0
0.22237 0.0
0.22262 0.0
0.22286 0.0
0.22311 0.0
0.22335 0.0
0.22359 0.0
0.22384 0.0
0.22408 0.0
0.22433 0.0
0.22457 0.0
0.22482 0.0
0.22506 0.0
0.2253 0.0
0.22555 0.0
0.22579 0.0
0.22604 0.0
0.22628 0.0
0.22652 0.0
0.22677 0.0
0.22701 0.0
0.22726 0.0
0.2275 0.0
0.22775 0.0
0.22799 0.0
0.22823 0.0
0.22848 0.0
0.22872 0.0
0.22897 0.0
0.22921 0.0
0.22945 0.0
0.2297 0.0
0.22994 0.0
0.23019 0.0
0.23043 0.0
0.23067 0.0
0.23092 0.0
0.23116 0.0
0.23141 0.0
0.23165 0.0
0.2319 0.0
0.23214 0.0
0.23238 0.0
0.23263 0.0
0.23287 0.0
0.23312 0.0
0.23336 0.0
0.2336 0.0
0.23385 0.0
0.23409 0.0
0.23434 0.0
0.23458 0.0
0.23483 0.0
0.23507 0.0
0.23531 0.0
0.23556 0.0
0.2358 0.0
0.23605 0.0
0.23629 0.0
0.23653 0.0
0.23678 0.0
0.23702 0.0
0.23727 0.0
0.23751 0.0
0.23775 0.0
0.238 0.0
0.23824 0.0
0.23849 0.0
0.23873 0.0
0.23898 0.0
0.23922 0.0
0.23946 0.0
0.23971 0.0
0.23995 0.0
0.2402 0.0
0.24044 0.0
0.24068 0.0
0.24093 0.0
0.24117 0.0
0.24142 0.0
0.24166 0.0
0.24191 0.0
0.24215 0.0
0.24239 0.0
0.24264 0.0
0.24288 0.0
0.24313 0.0
0.24337 0.0
0.24361 0.0
0.24386 0.0
0.2441 0.0
0.24435 0.0
0.24459 0.0
0.24483 0.0
0.24508 0.0
0.24532 0.0
0.24557 0.0
0.24581 0.0
0.24606 0.0
0.2463 0.0
0.24654 0.0
0.24679 0.0
0.24703 0.0
0.24728 0.0
0.24752 0.0
0.24776 0.0
0.24801 0.0
0.24825 0.0
0.2485 0.0
0.24874 0.0
0.24899 0.0
0.24923 0.0
0.24947 0.0
0.24972 0.0
0.24996 0.0
0.25021 0.0
0.25045 0.0
0.25069 0.0
0.25094 0.0
0.25118 0.0
0.25143 0.0
0.25167 0.0
0.25191 0.0
0.25216 0.0
0.2524 0.0
0.25265 0.0
0.25289 0.0
0.25314 0.0
0.25338 0.0
0.25362 0.0
0.25387 0.0
0.25411 0.0
0.25436 0.0
0.2546 0.0
0.25484 0.0
0.25509 0.0
0.25533 0.0
0.25558 0.0
0.25582 0.0
0.25607 0.0
0.25631 0.0
0.25655 0.0
0.2568 0.0
0.25704 0.0
0.25729 0.0
0.25753 0.0
0.25777 0.0
0.25802 0.0
0.25826 0.0
0.25851 0.0
0.25875 0.0
0.259 0.0
0.25924 0.0
0.25948 0.0
0.25973 0.0
0.25997 0.0
0.26022 0.0
0.26046 0.0
0.2607 0.0
0.26095 0.0
0.26119 0.0
0.26144 0.0
0.26168 0.0
0.26192 0.0
0.26217 0.0
0.26241 0.0
0.26266 0.0
0.2629 0.0
0.26315 0.0
0.26339 0.0
0.26363 0.0
0.26388 0.0
0.26412 0.0
0.26437 0.0
0.26461 0.0
0.26485 0.0
0.2651 0.0
0.26534 0.0
0.26559 0.0
0.26583 0.0
0.26608 0.0
0.26632 0.0
0.26656 0.0
0.26681 0.0
0.26705 0.0
0.2673 0.0
0.26754 0.0
0.26778 0.0
0.26803 0.0
0.26827 0.0
0.26852 0.0
0.26876 0.0
0.269 0.0
