t strain*1e23
-0.44532 -4.8
-0.44507 -4.6
-0.44483 -4.4
-0.44458 -4.1
-0.44434 -3.9
-0.4441 -3.7
-0.44385 -3.4
-0.44361 -3.2
-0.44336 -2.9
-0.44312 -2.7
-0.44287 -2.4
-0.44263 -2.2
-0.44239 -1.9
-0.44214 -1.6
-0.4419 -1.4
-0.44165 -1.1
-0.44141 -0.8
-0.44117 -0.5
-0.44092 -0.3
-0.44068 0.0
-0.44043 0.3
-0.44019 0.5
-0.43995 0.8
-0.4397 1.1
-0.43946 1.4
-0.43921 1.6
-0.43897 1.9
-0.43872 2.2
-0.43848 2.4
-0.43824 2.7
-0.43799 2.9
-0.43775 3.2
-0.4375 3.5
-0.43726 3.7
-0.43702 3.9
-0.43677 4.2
-0.43653 4.4
-0.43628 4.6
-0.43604 4.9
-0.43579 5.1
-0.43555 5.3
-0.43531 5.5
-0.43506 5.7
-0.43482 5.9
-0.43457 6.0
-0.43433 6.2
-0.43409 6.4
-0.43384 6.5
-0.4336 6.7
-0.43335 6.8
-0.43311 7.0
-0.43287 7.1
-0.43262 7.2
-0.43238 7.3
-0.43213 7.4
-0.43189 7.5
-0.43164 7.6
-0.4314 7.7
-0.43116 7.7
-0.43091 7.8
-0.43067 7.8
-0.43042 7.9
-0.43018 7.9
-0.42994 7.9
-0.42969 7.9
-0.42945 7.9
-0.4292 7.9
-0.42896 7.9
-0.42871 7.8
-0.42847 7.8
-0.42823 7.7
-0.42798 7.7
-0.42774 7.6
-0.42749 7.5
-0.42725 7.4
-0.42701 7.3
-0.42676 7.2
-0.42652 7.1
-0.42627 7.0
-0.42603 6.8
-0.42579 6.7
-0.42554 6.5
-0.4253 6.4
-0.42505 6.2
-0.42481 6.0
-0.42456 5.8
-0.42432 5.6
-0.42408 5.4
-0.42383 5.2
-0.42359 5.0
-0.42334 4.8
-0.4231 4.6
-0.42286 4.3
-0.42261 4.1
-0.42237 3.9
-0.42212 3.6
-0.42188 3.4
-0.42163 3.1
-0.42139 2.9
-0.42115 2.6
-0.4209 2.3
-0.42066 2.1
-0.42041 1.8
-0.42017 1.5
-0.41993 1.2
-0.41968 1.0
-0.41944 0.7
-0.41919 0.4
-0.41895 0.1
-0.4187 -0.2
-0.41846 -0.5
-0.41822 -0.7
-0.41797 -1.0
-0.41773 -1.3
-0.41748 -1.6
-0.41724 -1.8
-0.417 -2.1
-0.41675 -2.4
-0.41651 -2.7
-0.41626 -2.9
-0.41602 -3.2
-0.41578 -3.4
-0.41553 -3.7
-0.41529 -3.9
-0.41504 -4.2
-0.4148 -4.4
-0.41455 -4.7
-0.41431 -4.9
-0.41407 -5.1
-0.41382 -5.3
-0.41358 -5.5
-0.41333 -5.7
-0.41309 -5.9
-0.41285 -6.1
-0.4126 -6.3
-0.41236 -6.5
-0.41211 -6.6
-0.41187 -6.8
-0.41162 -6.9
-0.41138 -7.1
-0.41114 -7.2
-0.41089 -7.3
-0.41065 -7.4
-0.4104 -7.5
-0.41016 -7.6
-0.40992 -7.7
-0.40967 -7.8
-0.40943 -7.8
-0.40918 -7.9
-0.40894 -7.9
-0.4087 -8.0
-0.40845 -8.0
-0.40821 -8.0
-0.40796 -8.0
-0.40772 -8.0
-0.40747 -8.0
-0.40723 -7.9
-0.40699 -7.9
-0.40674 -7.8
-0.4065 -7.8
-0.40625 -7.7
-0.40601 -7.6
-0.40577 -7.5
-0.40552 -7.4
-0.40528 -7.3
-0.40503 -7.2
-0.40479 -7.1
-0.40454 -7.0
-0.4043 -6.8
-0.40406 -6.7
-0.40381 -6.5
-0.40357 -6.3
-0.40332 -6.1
-0.40308 -5.9
-0.40284 -5.8
-0.40259 -5.5
-0.40235 -5.3
-0.4021 -5.1
-0.40186 -4.9
-0.40162 -4.7
-0.40137 -4.4
-0.40113 -4.2
-0.40088 -3.9
-0.40064 -3.7
-0.40039 -3.4
-0.40015 -3.2
-0.39991 -2.9
-0.39966 -2.6
-0.39942 -2.3
-0.39917 -2.1
-0.39893 -1.8
-0.39869 -1.5
-0.39844 -1.2
-0.3982 -0.9
-0.39795 -0.6
-0.39771 -0.3
-0.39746 0.0
-0.39722 0.2
-0.39698 0.5
-0.39673 0.8
-0.39649 1.1
-0.39624 1.4
-0.396 1.7
-0.39576 2.0
-0.39551 2.2
-0.39527 2.5
-0.39502 2.8
-0.39478 3.1
-0.39454 3.3
-0.39429 3.6
-0.39405 3.9
-0.3938 4.1
-0.39356 4.4
-0.39331 4.6
-0.39307 4.8
-0.39283 5.1
-0.39258 5.3
-0.39234 5.5
-0.39209 5.7
-0.39185 5.9
-0.39161 6.1
-0.39136 6.3
-0.39112 6.5
-0.39087 6.7
-0.39063 6.8
-0.39038 7.0
-0.39014 7.1
-0.3899 7.3
-0.38965 7.4
-0.38941 7.5
-0.38916 7.6
-0.38892 7.7
-0.38868 7.8
-0.38843 7.9
-0.38819 7.9
-0.38794 8.0
-0.3877 8.0
-0.38745 8.1
-0.38721 8.1
-0.38697 8.1
-0.38672 8.1
-0.38648 8.1
-0.38623 8.1
-0.38599 8.0
-0.38575 8.0
-0.3855 7.9
-0.38526 7.9
-0.38501 7.8
-0.38477 7.7
-0.38453 7.6
-0.38428 7.5
-0.38404 7.4
-0.38379 7.3
-0.38355 7.1
-0.3833 7.0
-0.38306 6.9
-0.38282 6.7
-0.38257 6.5
-0.38233 6.3
-0.38208 6.1
-0.38184 6.0
-0.3816 5.7
-0.38135 5.5
-0.38111 5.3
-0.38086 5.1
-0.38062 4.8
-0.38037 4.6
-0.38013 4.4
-0.37989 4.1
-0.37964 3.8
-0.3794 3.6
-0.37915 3.3
-0.37891 3.0
-0.37867 2.8
-0.37842 2.5
-0.37818 2.2
-0.37793 1.9
-0.37769 1.6
-0.37745 1.3
-0.3772 1.0
-0.37696 0.7
-0.37671 0.4
-0.37647 0.1
-0.37622 -0.2
-0.37598 -0.5
-0.37574 -0.8
-0.37549 -1.1
-0.37525 -1.4
-0.375 -1.7
-0.37476 -2.0
-0.37452 -2.2
-0.37427 -2.5
-0.37403 -2.8
-0.37378 -3.1
-0.37354 -3.4
-0.37329 -3.6
-0.37305 -3.9
-0.37281 -4.2
-0.37256 -4.4
-0.37232 -4.7
-0.37207 -4.9
-0.37183 -5.2
-0.37159 -5.4
-0.37134 -5.6
-0.3711 -5.8
-0.37085 -6.0
-0.37061 -6.2
-0.37037 -6.4
-0.37012 -6.6
-0.36988 -6.8
-0.36963 -7.0
-0.36939 -7.1
-0.36914 -7.3
-0.3689 -7.4
-0.36866 -7.5
-0.36841 -7.6
-0.36817 -7.7
-0.36792 -7.8
-0.36768 -7.9
-0.36744 -8.0
-0.36719 -8.1
-0.36695 -8.1
-0.3667 -8.1
-0.36646 -8.2
-0.36621 -8.2
-0.36597 -8.2
-0.36573 -8.2
-0.36548 -8.2
-0.36524 -8.1
-0.36499 -8.1
-0.36475 -8.1
-0.36451 -8.0
-0.36426 -7.9
-0.36402 -7.8
-0.36377 -7.7
-0.36353 -7.6
-0.36329 -7.5
-0.36304 -7.4
-0.3628 -7.3
-0.36255 -7.1
-0.36231 -7.0
-0.36206 -6.8
-0.36182 -6.6
-0.36158 -6.4
-0.36133 -6.2
-0.36109 -6.0
-0.36084 -5.8
-0.3606 -5.6
-0.36036 -5.4
-0.36011 -5.1
-0.35987 -4.9
-0.35962 -4.6
-0.35938 -4.4
-0.35913 -4.1
-0.35889 -3.9
-0.35865 -3.6
-0.3584 -3.3
-0.35816 -3.0
-0.35791 -2.7
-0.35767 -2.4
-0.35743 -2.1
-0.35718 -1.8
-0.35694 -1.5
-0.35669 -1.2
-0.35645 -0.9
-0.3562 -0.6
-0.35596 -0.3
-0.35572 0.0
-0.35547 0.3
-0.35523 0.6
-0.35498 0.9
-0.35474 1.2
-0.3545 1.5
-0.35425 1.8
-0.35401 2.1
-0.35376 2.4
-0.35352 2.7
-0.35328 3.0
-0.35303 3.3
-0.35279 3.6
-0.35254 3.9
-0.3523 4.1
-0.35205 4.4
-0.35181 4.7
-0.35157 4.9
-0.35132 5.2
-0.35108 5.4
-0.35083 5.6
-0.35059 5.9
-0.35035 6.1
-0.3501 6.3
-0.34986 6.5
-0.34961 6.7
-0.34937 6.9
-0.34912 7.0
-0.34888 7.2
-0.34864 7.3
-0.34839 7.5
-0.34815 7.6
-0.3479 7.7
-0.34766 7.8
-0.34742 7.9
-0.34717 8.0
-0.34693 8.1
-0.34668 8.2
-0.34644 8.2
-0.3462 8.3
-0.34595 8.3
-0.34571 8.3
-0.34546 8.3
-0.34522 8.3
-0.34497 8.3
-0.34473 8.2
-0.34449 8.2
-0.34424 8.1
-0.344 8.1
-0.34375 8.0
-0.34351 7.9
-0.34327 7.8
-0.34302 7.7
-0.34278 7.6
-0.34253 7.4
-0.34229 7.3
-0.34204 7.1
-0.3418 7.0
-0.34156 6.8
-0.34131 6.6
-0.34107 6.4
-0.34082 6.2
-0.34058 6.0
-0.34034 5.8
-0.34009 5.5
-0.33985 5.3
-0.3396 5.0
-0.33936 4.8
-0.33912 4.5
-0.33887 4.3
-0.33863 4.0
-0.33838 3.7
-0.33814 3.4
-0.33789 3.1
-0.33765 2.8
-0.33741 2.5
-0.33716 2.2
-0.33692 1.9
-0.33667 1.6
-0.33643 1.3
-0.33619 1.0
-0.33594 0.7
-0.3357 0.3
-0.33545 0.0
-0.33521 -0.3
-0.33496 -0.6
-0.33472 -0.9
-0.33448 -1.3
-0.33423 -1.6
-0.33399 -1.9
-0.33374 -2.2
-0.3335 -2.5
-0.33326 -2.8
-0.33301 -3.1
-0.33277 -3.4
-0.33252 -3.7
-0.33228 -4.0
-0.33204 -4.3
-0.33179 -4.5
-0.33155 -4.8
-0.3313 -5.1
-0.33106 -5.3
-0.33081 -5.6
-0.33057 -5.8
-0.33033 -6.0
-0.33008 -6.3
-0.32984 -6.5
-0.32959 -6.7
-0.32935 -6.9
-0.32911 -7.0
-0.32886 -7.2
-0.32862 -7.4
-0.32837 -7.5
-0.32813 -7.7
-0.32788 -7.8
-0.32764 -7.9
-0.3274 -8.0
-0.32715 -8.1
-0.32691 -8.2
-0.32666 -8.3
-0.32642 -8.3
-0.32618 -8.4
-0.32593 -8.4
-0.32569 -8.4
-0.32544 -8.4
-0.3252 -8.4
-0.32495 -8.4
-0.32471 -8.4
-0.32447 -8.3
-0.32422 -8.3
-0.32398 -8.2
-0.32373 -8.1
-0.32349 -8.0
-0.32325 -7.9
-0.323 -7.8
-0.32276 -7.7
-0.32251 -7.5
-0.32227 -7.4
-0.32203 -7.2
-0.32178 -7.0
-0.32154 -6.9
-0.32129 -6.7
-0.32105 -6.5
-0.3208 -6.2
-0.32056 -6.0
-0.32032 -5.8
-0.32007 -5.5
-0.31983 -5.3
-0.31958 -5.0
-0.31934 -4.8
-0.3191 -4.5
-0.31885 -4.2
-0.31861 -3.9
-0.31836 -3.6
-0.31812 -3.3
-0.31787 -3.0
-0.31763 -2.7
-0.31739 -2.4
-0.31714 -2.1
-0.3169 -1.8
-0.31665 -1.4
-0.31641 -1.1
-0.31617 -0.8
-0.31592 -0.5
-0.31568 -0.1
-0.31543 0.2
-0.31519 0.5
-0.31495 0.9
-0.3147 1.2
-0.31446 1.5
-0.31421 1.8
-0.31397 2.2
-0.31372 2.5
-0.31348 2.8
-0.31324 3.1
-0.31299 3.4
-0.31275 3.7
-0.3125 4.0
-0.31226 4.3
-0.31202 4.6
-0.31177 4.9
-0.31153 5.1
-0.31128 5.4
-0.31104 5.7
-0.31079 5.9
-0.31055 6.1
-0.31031 6.4
-0.31006 6.6
-0.30982 6.8
-0.30957 7.0
-0.30933 7.2
-0.30909 7.3
-0.30884 7.5
-0.3086 7.7
-0.30835 7.8
-0.30811 7.9
-0.30787 8.1
-0.30762 8.2
-0.30738 8.2
-0.30713 8.3
-0.30689 8.4
-0.30664 8.4
-0.3064 8.5
-0.30616 8.5
-0.30591 8.5
-0.30567 8.5
-0.30542 8.5
-0.30518 8.5
-0.30494 8.5
-0.30469 8.4
-0.30445 8.3
-0.3042 8.3
-0.30396 8.2
-0.30371 8.1
-0.30347 7.9
-0.30323 7.8
-0.30298 7.7
-0.30274 7.5
-0.30249 7.3
-0.30225 7.2
-0.30201 7.0
-0.30176 6.8
-0.30152 6.6
-0.30127 6.3
-0.30103 6.1
-0.30079 5.9
-0.30054 5.6
-0.3003 5.4
-0.30005 5.1
-0.29981 4.8
-0.29956 4.5
-0.29932 4.2
-0.29908 3.9
-0.29883 3.6
-0.29859 3.3
-0.29834 3.0
-0.2981 2.7
-0.29786 2.4
-0.29761 2.0
-0.29737 1.7
-0.29712 1.4
-0.29688 1.0
-0.29663 0.7
-0.29639 0.3
-0.29615 0.0
-0.2959 -0.3
-0.29566 -0.7
-0.29541 -1.0
-0.29517 -1.4
-0.29493 -1.7
-0.29468 -2.0
-0.29444 -2.4
-0.29419 -2.7
-0.29395 -3.0
-0.2937 -3.3
-0.29346 -3.7
-0.29322 -4.0
-0.29297 -4.3
-0.29273 -4.6
-0.29248 -4.9
-0.29224 -5.1
-0.292 -5.4
-0.29175 -5.7
-0.29151 -5.9
-0.29126 -6.2
-0.29102 -6.4
-0.29078 -6.6
-0.29053 -6.9
-0.29029 -7.1
-0.29004 -7.3
-0.2898 -7.4
-0.28955 -7.6
-0.28931 -7.8
-0.28907 -7.9
-0.28882 -8.1
-0.28858 -8.2
-0.28833 -8.3
-0.28809 -8.4
-0.28785 -8.5
-0.2876 -8.5
-0.28736 -8.6
-0.28711 -8.6
-0.28687 -8.6
-0.28662 -8.7
-0.28638 -8.7
-0.28614 -8.6
-0.28589 -8.6
-0.28565 -8.6
-0.2854 -8.5
-0.28516 -8.4
-0.28492 -8.3
-0.28467 -8.2
-0.28443 -8.1
-0.28418 -8.0
-0.28394 -7.9
-0.2837 -7.7
-0.28345 -7.5
-0.28321 -7.4
-0.28296 -7.2
-0.28272 -7.0
-0.28247 -6.8
-0.28223 -6.5
-0.28199 -6.3
-0.28174 -6.0
-0.2815 -5.8
-0.28125 -5.5
-0.28101 -5.2
-0.28077 -5.0
-0.28052 -4.7
-0.28028 -4.4
-0.28003 -4.1
-0.27979 -3.7
-0.27954 -3.4
-0.2793 -3.1
-0.27906 -2.8
-0.27881 -2.4
-0.27857 -2.1
-0.27832 -1.7
-0.27808 -1.4
-0.27784 -1.0
-0.27759 -0.7
-0.27735 -0.3
-0.2771 0.0
-0.27686 0.4
-0.27662 0.7
-0.27637 1.1
-0.27613 1.5
-0.27588 1.8
-0.27564 2.2
-0.27539 2.5
-0.27515 2.8
-0.27491 3.2
-0.27466 3.5
-0.27442 3.8
-0.27417 4.1
-0.27393 4.5
-0.27369 4.8
-0.27344 5.1
-0.2732 5.4
-0.27295 5.6
-0.27271 5.9
-0.27246 6.2
-0.27222 6.4
-0.27198 6.7
-0.27173 6.9
-0.27149 7.1
-0.27124 7.3
-0.271 7.5
-0.27076 7.7
-0.27051 7.9
-0.27027 8.0
-0.27002 8.2
-0.26978 8.3
-0.26954 8.4
-0.26929 8.5
-0.26905 8.6
-0.2688 8.7
-0.26856 8.7
-0.26831 8.7
-0.26807 8.8
-0.26783 8.8
-0.26758 8.8
-0.26734 8.8
-0.26709 8.7
-0.26685 8.7
-0.26661 8.6
-0.26636 8.5
-0.26612 8.5
-0.26587 8.3
-0.26563 8.2
-0.26538 8.1
-0.26514 7.9
-0.2649 7.8
-0.26465 7.6
-0.26441 7.4
-0.26416 7.2
-0.26392 7.0
-0.26368 6.8
-0.26343 6.5
-0.26319 6.3
-0.26294 6.0
-0.2627 5.7
-0.26245 5.5
-0.26221 5.2
-0.26197 4.9
-0.26172 4.6
-0.26148 4.2
-0.26123 3.9
-0.26099 3.6
-0.26075 3.2
-0.2605 2.9
-0.26026 2.6
-0.26001 2.2
-0.25977 1.8
-0.25953 1.5
-0.25928 1.1
-0.25904 0.7
-0.25879 0.4
-0.25855 0.0
-0.2583 -0.4
-0.25806 -0.7
-0.25782 -1.1
-0.25757 -1.5
-0.25733 -1.8
-0.25708 -2.2
-0.25684 -2.6
-0.2566 -2.9
-0.25635 -3.3
-0.25611 -3.6
-0.25586 -3.9
-0.25562 -4.3
-0.25537 -4.6
-0.25513 -4.9
-0.25489 -5.2
-0.25464 -5.5
-0.2544 -5.8
-0.25415 -6.1
-0.25391 -6.4
-0.25367 -6.6
-0.25342 -6.9
-0.25318 -7.1
-0.25293 -7.3
-0.25269 -7.5
-0.25245 -7.7
-0.2522 -7.9
-0.25196 -8.1
-0.25171 -8.2
-0.25147 -8.4
-0.25122 -8.5
-0.25098 -8.6
-0.25074 -8.7
-0.25049 -8.8
-0.25025 -8.8
-0.25 -8.9
-0.24976 -8.9
-0.24952 -8.9
-0.24927 -8.9
-0.24903 -8.9
-0.24878 -8.9
-0.24854 -8.8
-0.24829 -8.8
-0.24805 -8.7
-0.24781 -8.6
-0.24756 -8.5
-0.24732 -8.4
-0.24707 -8.2
-0.24683 -8.1
-0.24659 -7.9
-0.24634 -7.7
-0.2461 -7.5
-0.24585 -7.3
-0.24561 -7.1
-0.24537 -6.8
-0.24512 -6.6
-0.24488 -6.3
-0.24463 -6.0
-0.24439 -5.8
-0.24414 -5.5
-0.2439 -5.2
-0.24366 -4.8
-0.24341 -4.5
-0.24317 -4.2
-0.24292 -3.8
-0.24268 -3.5
-0.24244 -3.1
-0.24219 -2.8
-0.24195 -2.4
-0.2417 -2.0
-0.24146 -1.7
-0.24121 -1.3
-0.24097 -0.9
-0.24073 -0.5
-0.24048 -0.1
-0.24024 0.3
-0.23999 0.6
-0.23975 1.0
-0.23951 1.4
-0.23926 1.8
-0.23902 2.2
-0.23877 2.5
-0.23853 2.9
-0.23829 3.3
-0.23804 3.6
-0.2378 4.0
-0.23755 4.3
-0.23731 4.7
-0.23706 5.0
-0.23682 5.3
-0.23658 5.6
-0.23633 5.9
-0.23609 6.2
-0.23584 6.5
-0.2356 6.8
-0.23536 7.0
-0.23511 7.3
-0.23487 7.5
-0.23462 7.7
-0.23438 7.9
-0.23413 8.1
-0.23389 8.3
-0.23365 8.4
-0.2334 8.5
-0.23316 8.7
-0.23291 8.8
-0.23267 8.9
-0.23243 8.9
-0.23218 9.0
-0.23194 9.0
-0.23169 9.1
-0.23145 9.1
-0.2312 9.1
-0.23096 9.0
-0.23072 9.0
-0.23047 8.9
-0.23023 8.9
-0.22998 8.8
-0.22974 8.7
-0.2295 8.5
-0.22925 8.4
-0.22901 8.2
-0.22876 8.0
-0.22852 7.9
-0.22828 7.7
-0.22803 7.4
-0.22779 7.2
-0.22754 6.9
-0.2273 6.7
-0.22705 6.4
-0.22681 6.1
-0.22657 5.8
-0.22632 5.5
-0.22608 5.2
-0.22583 4.9
-0.22559 4.5
-0.22535 4.2
-0.2251 3.8
-0.22486 3.4
-0.22461 3.1
-0.22437 2.7
-0.22412 2.3
-0.22388 1.9
-0.22364 1.5
-0.22339 1.1
-0.22315 0.7
-0.2229 0.3
-0.22266 0.0
-0.22242 -0.5
-0.22217 -0.9
-0.22193 -1.3
-0.22168 -1.7
-0.22144 -2.1
-0.2212 -2.5
-0.22095 -2.8
-0.22071 -3.2
-0.22046 -3.6
-0.22022 -4.0
-0.21997 -4.3
-0.21973 -4.7
-0.21949 -5.0
-0.21924 -5.4
-0.219 -5.7
-0.21875 -6.0
-0.21851 -6.3
-0.21827 -6.6
-0.21802 -6.9
-0.21778 -7.1
-0.21753 -7.4
-0.21729 -7.6
-0.21704 -7.9
-0.2168 -8.1
-0.21656 -8.3
-0.21631 -8.4
-0.21607 -8.6
-0.21582 -8.7
-0.21558 -8.9
-0.21534 -9.0
-0.21509 -9.1
-0.21485 -9.1
-0.2146 -9.2
-0.21436 -9.2
-0.21412 -9.2
-0.21387 -9.2
-0.21363 -9.2
-0.21338 -9.2
-0.21314 -9.1
-0.21289 -9.1
-0.21265 -9.0
-0.21241 -8.8
-0.21216 -8.7
-0.21192 -8.6
-0.21167 -8.4
-0.21143 -8.2
-0.21119 -8.0
-0.21094 -7.8
-0.2107 -7.6
-0.21045 -7.4
-0.21021 -7.1
-0.20996 -6.8
-0.20972 -6.5
-0.20948 -6.2
-0.20923 -5.9
-0.20899 -5.6
-0.20874 -5.3
-0.2085 -4.9
-0.20826 -4.6
-0.20801 -4.2
-0.20777 -3.8
-0.20752 -3.4
-0.20728 -3.0
-0.20704 -2.6
-0.20679 -2.2
-0.20655 -1.8
-0.2063 -1.4
-0.20606 -1.0
-0.20581 -0.6
-0.20557 -0.2
-0.20533 0.3
-0.20508 0.7
-0.20484 1.1
-0.20459 1.5
-0.20435 1.9
-0.20411 2.3
-0.20386 2.7
-0.20362 3.1
-0.20337 3.5
-0.20313 3.9
-0.20288 4.3
-0.20264 4.7
-0.2024 5.0
-0.20215 5.4
-0.20191 5.7
-0.20166 6.1
-0.20142 6.4
-0.20118 6.7
-0.20093 7.0
-0.20069 7.3
-0.20044 7.5
-0.2002 7.8
-0.19995 8.0
-0.19971 8.2
-0.19947 8.4
-0.19922 8.6
-0.19898 8.8
-0.19873 8.9
-0.19849 9.0
-0.19825 9.2
-0.198 9.2
-0.19776 9.3
-0.19751 9.4
-0.19727 9.4
-0.19703 9.4
-0.19678 9.4
-0.19654 9.4
-0.19629 9.3
-0.19605 9.3
-0.1958 9.2
-0.19556 9.1
-0.19532 8.9
-0.19507 8.8
-0.19483 8.6
-0.19458 8.5
-0.19434 8.3
-0.1941 8.0
-0.19385 7.8
-0.19361 7.6
-0.19336 7.3
-0.19312 7.0
-0.19287 6.7
-0.19263 6.4
-0.19239 6.1
-0.19214 5.7
-0.1919 5.4
-0.19165 5.0
-0.19141 4.6
-0.19117 4.3
-0.19092 3.9
-0.19068 3.5
-0.19043 3.0
-0.19019 2.6
-0.18995 2.2
-0.1897 1.8
-0.18946 1.3
-0.18921 0.9
-0.18897 0.5
-0.18872 0.0
-0.18848 -0.4
-0.18824 -0.9
-0.18799 -1.3
-0.18775 -1.7
-0.1875 -2.2
-0.18726 -2.6
-0.18702 -3.0
-0.18677 -3.4
-0.18653 -3.9
-0.18628 -4.3
-0.18604 -4.7
-0.18579 -5.0
-0.18555 -5.4
-0.18531 -5.8
-0.18506 -6.1
-0.18482 -6.5
-0.18457 -6.8
-0.18433 -7.1
-0.18409 -7.4
-0.18384 -7.7
-0.1836 -7.9
-0.18335 -8.2
-0.18311 -8.4
-0.18287 -8.6
-0.18262 -8.8
-0.18238 -9.0
-0.18213 -9.1
-0.18189 -9.3
-0.18164 -9.4
-0.1814 -9.5
-0.18116 -9.5
-0.18091 -9.6
-0.18067 -9.6
-0.18042 -9.6
-0.18018 -9.6
-0.17994 -9.5
-0.17969 -9.5
-0.17945 -9.4
-0.1792 -9.3
-0.17896 -9.2
-0.17871 -9.0
-0.17847 -8.9
-0.17823 -8.7
-0.17798 -8.5
-0.17774 -8.3
-0.17749 -8.0
-0.17725 -7.8
-0.17701 -7.5
-0.17676 -7.2
-0.17652 -6.9
-0.17627 -6.6
-0.17603 -6.2
-0.17579 -5.9
-0.17554 -5.5
-0.1753 -5.1
-0.17505 -4.7
-0.17481 -4.3
-0.17456 -3.9
-0.17432 -3.5
-0.17408 -3.0
-0.17383 -2.6
-0.17359 -2.1
-0.17334 -1.7
-0.1731 -1.2
-0.17286 -0.8
-0.17261 -0.3
-0.17237 0.2
-0.17212 0.6
-0.17188 1.1
-0.17163 1.5
-0.17139 2.0
-0.17115 2.5
-0.1709 2.9
-0.17066 3.4
-0.17041 3.8
-0.17017 4.2
-0.16993 4.6
-0.16968 5.0
-0.16944 5.4
-0.16919 5.8
-0.16895 6.2
-0.1687 6.6
-0.16846 6.9
-0.16822 7.2
-0.16797 7.5
-0.16773 7.8
-0.16748 8.1
-0.16724 8.4
-0.167 8.6
-0.16675 8.8
-0.16651 9.0
-0.16626 9.2
-0.16602 9.3
-0.16578 9.5
-0.16553 9.6
-0.16529 9.7
-0.16504 9.7
-0.1648 9.8
-0.16455 9.8
-0.16431 9.8
-0.16407 9.8
-0.16382 9.7
-0.16358 9.6
-0.16333 9.6
-0.16309 9.4
-0.16285 9.3
-0.1626 9.1
-0.16236 8.9
-0.16211 8.7
-0.16187 8.5
-0.16162 8.3
-0.16138 8.0
-0.16114 7.7
-0.16089 7.4
-0.16065 7.1
-0.1604 6.7
-0.16016 6.4
-0.15992 6.0
-0.15967 5.6
-0.15943 5.2
-0.15918 4.8
-0.15894 4.3
-0.1587 3.9
-0.15845 3.5
-0.15821 3.0
-0.15796 2.5
-0.15772 2.1
-0.15747 1.6
-0.15723 1.1
-0.15699 0.6
-0.15674 0.1
-0.1565 -0.4
-0.15625 -0.9
-0.15601 -1.4
-0.15577 -1.8
-0.15552 -2.3
-0.15528 -2.8
-0.15503 -3.3
-0.15479 -3.7
-0.15454 -4.2
-0.1543 -4.6
-0.15406 -5.1
-0.15381 -5.5
-0.15357 -5.9
-0.15332 -6.3
-0.15308 -6.7
-0.15284 -7.0
-0.15259 -7.4
-0.15235 -7.7
-0.1521 -8.0
-0.15186 -8.3
-0.15162 -8.6
-0.15137 -8.8
-0.15113 -9.0
-0.15088 -9.3
-0.15064 -9.4
-0.15039 -9.6
-0.15015 -9.7
-0.14991 -9.8
-0.14966 -9.9
-0.14942 -10.0
-0.14917 -10.0
-0.14893 -10.0
-0.14869 -10.0
-0.14844 -10.0
-0.1482 -9.9
-0.14795 -9.8
-0.14771 -9.7
-0.14746 -9.5
-0.14722 -9.4
-0.14698 -9.2
-0.14673 -9.0
-0.14649 -8.7
-0.14624 -8.5
-0.146 -8.2
-0.14576 -7.9
-0.14551 -7.6
-0.14527 -7.2
-0.14502 -6.9
-0.14478 -6.5
-0.14454 -6.1
-0.14429 -5.7
-0.14405 -5.2
-0.1438 -4.8
-0.14356 -4.3
-0.14331 -3.9
-0.14307 -3.4
-0.14283 -2.9
-0.14258 -2.4
-0.14234 -1.9
-0.14209 -1.4
-0.14185 -0.9
-0.14161 -0.3
-0.14136 0.2
-0.14112 0.7
-0.14087 1.2
-0.14063 1.7
-0.14038 2.2
-0.14014 2.7
-0.1399 3.2
-0.13965 3.7
-0.13941 4.2
-0.13916 4.7
-0.13892 5.1
-0.13868 5.6
-0.13843 6.0
-0.13819 6.4
-0.13794 6.8
-0.1377 7.2
-0.13745 7.6
-0.13721 7.9
-0.13697 8.3
-0.13672 8.6
-0.13648 8.8
-0.13623 9.1
-0.13599 9.3
-0.13575 9.5
-0.1355 9.7
-0.13526 9.9
-0.13501 10.0
-0.13477 10.1
-0.13453 10.2
-0.13428 10.2
-0.13404 10.3
-0.13379 10.3
-0.13355 10.2
-0.1333 10.2
-0.13306 10.1
-0.13282 9.9
-0.13257 9.8
-0.13233 9.6
-0.13208 9.4
-0.13184 9.2
-0.1316 8.9
-0.13135 8.7
-0.13111 8.4
-0.13086 8.0
-0.13062 7.7
-0.13037 7.3
-0.13013 6.9
-0.12989 6.5
-0.12964 6.1
-0.1294 5.7
-0.12915 5.2
-0.12891 4.7
-0.12867 4.2
-0.12842 3.7
-0.12818 3.2
-0.12793 2.7
-0.12769 2.1
-0.12745 1.6
-0.1272 1.1
-0.12696 0.5
-0.12671 0.0
-0.12647 -0.6
-0.12622 -1.1
-0.12598 -1.7
-0.12574 -2.2
-0.12549 -2.8
-0.12525 -3.3
-0.125 -3.8
-0.12476 -4.3
-0.12452 -4.9
-0.12427 -5.3
-0.12403 -5.8
-0.12378 -6.3
-0.12354 -6.7
-0.12329 -7.1
-0.12305 -7.5
-0.12281 -7.9
-0.12256 -8.3
-0.12232 -8.6
-0.12207 -8.9
-0.12183 -9.2
-0.12159 -9.5
-0.12134 -9.7
-0.1211 -9.9
-0.12085 -10.1
-0.12061 -10.2
-0.12037 -10.4
-0.12012 -10.4
-0.11988 -10.5
-0.11963 -10.5
-0.11939 -10.5
-0.11914 -10.5
-0.1189 -10.4
-0.11866 -10.3
-0.11841 -10.2
-0.11817 -10.0
-0.11792 -9.9
-0.11768 -9.6
-0.11744 -9.4
-0.11719 -9.1
-0.11695 -8.8
-0.1167 -8.5
-0.11646 -8.1
-0.11621 -7.7
-0.11597 -7.3
-0.11573 -6.9
-0.11548 -6.5
-0.11524 -6.0
-0.11499 -5.5
-0.11475 -5.0
-0.11451 -4.5
-0.11426 -4.0
-0.11402 -3.4
-0.11377 -2.8
-0.11353 -2.3
-0.11329 -1.7
-0.11304 -1.1
-0.1128 -0.5
-0.11255 0.0
-0.11231 0.7
-0.11206 1.2
-0.11182 1.8
-0.11158 2.4
-0.11133 3.0
-0.11109 3.6
-0.11084 4.1
-0.1106 4.7
-0.11036 5.2
-0.11011 5.7
-0.10987 6.2
-0.10962 6.7
-0.10938 7.2
-0.10913 7.6
-0.10889 8.0
-0.10865 8.4
-0.1084 8.8
-0.10816 9.1
-0.10791 9.4
-0.10767 9.7
-0.10743 10.0
-0.10718 10.2
-0.10694 10.4
-0.10669 10.5
-0.10645 10.7
-0.1062 10.7
-0.10596 10.8
-0.10572 10.8
-0.10547 10.8
-0.10523 10.8
-0.10498 10.7
-0.10474 10.6
-0.1045 10.4
-0.10425 10.2
-0.10401 10.0
-0.10376 9.8
-0.10352 9.5
-0.10328 9.2
-0.10303 8.8
-0.10279 8.5
-0.10254 8.1
-0.1023 7.6
-0.10205 7.2
-0.10181 6.7
-0.10157 6.2
-0.10132 5.7
-0.10108 5.1
-0.10083 4.6
-0.10059 4.0
-0.10035 3.4
-0.1001 2.8
-0.09986 2.2
-0.09961 1.6
-0.09937 0.9
-0.09912 0.3
-0.09888 -0.3
-0.09864 -1.0
-0.09839 -1.6
-0.09815 -2.2
-0.0979 -2.8
-0.09766 -3.5
-0.09742 -4.1
-0.09717 -4.7
-0.09693 -5.2
-0.09668 -5.8
-0.09644 -6.3
-0.0962 -6.9
-0.09595 -7.4
-0.09571 -7.8
-0.09546 -8.3
-0.09522 -8.7
-0.09497 -9.1
-0.09473 -9.5
-0.09449 -9.8
-0.09424 -10.1
-0.094 -10.4
-0.09375 -10.6
-0.09351 -10.8
-0.09327 -10.9
-0.09302 -11.0
-0.09278 -11.1
-0.09253 -11.2
-0.09229 -11.2
-0.09204 -11.1
-0.0918 -11.0
-0.09156 -10.9
-0.09131 -10.8
-0.09107 -10.6
-0.09082 -10.4
-0.09058 -10.1
-0.09034 -9.8
-0.09009 -9.4
-0.08985 -9.1
-0.0896 -8.7
-0.08936 -8.2
-0.08912 -7.7
-0.08887 -7.2
-0.08863 -6.7
-0.08838 -6.2
-0.08814 -5.6
-0.08789 -5.0
-0.08765 -4.4
-0.08741 -3.7
-0.08716 -3.1
-0.08692 -2.4
-0.08667 -1.8
-0.08643 -1.1
-0.08619 -0.4
-0.08594 0.3
-0.0857 1.0
-0.08545 1.7
-0.08521 2.4
-0.08496 3.0
-0.08472 3.7
-0.08448 4.3
-0.08423 5.0
-0.08399 5.6
-0.08374 6.2
-0.0835 6.8
-0.08326 7.3
-0.08301 7.9
-0.08277 8.4
-0.08252 8.8
-0.08228 9.3
-0.08204 9.7
-0.08179 10.1
-0.08155 10.4
-0.0813 10.7
-0.08106 10.9
-0.08081 11.1
-0.08057 11.3
-0.08033 11.4
-0.08008 11.5
-0.07984 11.6
-0.07959 11.5
-0.07935 11.5
-0.07911 11.4
-0.07886 11.3
-0.07862 11.1
-0.07837 10.8
-0.07813 10.6
-0.07788 10.2
-0.07764 9.9
-0.0774 9.5
-0.07715 9.1
-0.07691 8.6
-0.07666 8.1
-0.07642 7.5
-0.07618 7.0
-0.07593 6.4
-0.07569 5.7
-0.07544 5.1
-0.0752 4.4
-0.07495 3.7
-0.07471 3.0
-0.07447 2.3
-0.07422 1.5
-0.07398 0.8
-0.07373 0.0
-0.07349 -0.7
-0.07325 -1.5
-0.073 -2.2
-0.07276 -3.0
-0.07251 -3.7
-0.07227 -4.4
-0.07203 -5.1
-0.07178 -5.8
-0.07154 -6.5
-0.07129 -7.1
-0.07105 -7.7
-0.0708 -8.3
-0.07056 -8.8
-0.07032 -9.3
-0.07007 -9.8
-0.06983 -10.2
-0.06958 -10.6
-0.06934 -10.9
-0.0691 -11.2
-0.06885 -11.5
-0.06861 -11.7
-0.06836 -11.8
-0.06812 -11.9
-0.06787 -12.0
-0.06763 -12.0
-0.06739 -11.9
-0.06714 -11.8
-0.0669 -11.7
-0.06665 -11.5
-0.06641 -11.2
-0.06617 -10.9
-0.06592 -10.5
-0.06568 -10.1
-0.06543 -9.7
-0.06519 -9.2
-0.06495 -8.6
-0.0647 -8.0
-0.06446 -7.4
-0.06421 -6.8
-0.06397 -6.1
-0.06372 -5.4
-0.06348 -4.6
-0.06324 -3.9
-0.06299 -3.1
-0.06275 -2.3
-0.0625 -1.4
-0.06226 -0.6
-0.06202 0.2
-0.06177 1.0
-0.06153 1.9
-0.06128 2.7
-0.06104 3.5
-0.06079 4.3
-0.06055 5.1
-0.06031 5.9
-0.06006 6.6
-0.05982 7.3
-0.05957 8.0
-0.05933 8.6
-0.05909 9.2
-0.05884 9.8
-0.0586 10.3
-0.05835 10.8
-0.05811 11.2
-0.05787 11.5
-0.05762 11.8
-0.05738 12.1
-0.05713 12.3
-0.05689 12.4
-0.05664 12.5
-0.0564 12.5
-0.05616 12.5
-0.05591 12.4
-0.05567 12.2
-0.05542 12.0
-0.05518 11.7
-0.05494 11.3
-0.05469 10.9
-0.05445 10.4
-0.0542 9.9
-0.05396 9.3
-0.05371 8.7
-0.05347 8.0
-0.05323 7.3
-0.05298 6.6
-0.05274 5.8
-0.05249 5.0
-0.05225 4.1
-0.05201 3.2
-0.05176 2.3
-0.05152 1.4
-0.05127 0.5
-0.05103 -0.4
-0.05079 -1.4
-0.05054 -2.3
-0.0503 -3.2
-0.05005 -4.1
-0.04981 -5.0
-0.04956 -5.9
-0.04932 -6.7
-0.04908 -7.5
-0.04883 -8.3
-0.04859 -9.0
-0.04834 -9.7
-0.0481 -10.3
-0.04786 -10.9
-0.04761 -11.4
-0.04737 -11.9
-0.04712 -12.2
-0.04688 -12.6
-0.04663 -12.8
-0.04639 -13.0
-0.04615 -13.1
-0.0459 -13.1
-0.04566 -13.1
-0.04541 -13.0
-0.04517 -12.8
-0.04493 -12.5
-0.04468 -12.2
-0.04444 -11.8
-0.04419 -11.3
-0.04395 -10.7
-0.0437 -10.1
-0.04346 -9.4
-0.04322 -8.7
-0.04297 -7.9
-0.04273 -7.1
-0.04248 -6.2
-0.04224 -5.2
-0.042 -4.3
-0.04175 -3.3
-0.04151 -2.3
-0.04126 -1.2
-0.04102 -0.2
-0.04078 0.9
-0.04053 2.0
-0.04029 3.0
-0.04004 4.1
-0.0398 5.1
-0.03955 6.1
-0.03931 7.0
-0.03907 8.0
-0.03882 8.8
-0.03858 9.7
-0.03833 10.4
-0.03809 11.1
-0.03785 11.8
-0.0376 12.3
-0.03736 12.8
-0.03711 13.2
-0.03687 13.5
-0.03662 13.7
-0.03638 13.9
-0.03614 13.9
-0.03589 13.9
-0.03565 13.7
-0.0354 13.5
-0.03516 13.1
-0.03492 12.7
-0.03467 12.2
-0.03443 11.6
-0.03418 10.9
-0.03394 10.1
-0.0337 9.3
-0.03345 8.3
-0.03321 7.3
-0.03296 6.3
-0.03272 5.2
-0.03247 4.1
-0.03223 2.9
-0.03199 1.7
-0.03174 0.4
-0.0315 -0.8
-0.03125 -2.0
-0.03101 -3.3
-0.03077 -4.5
-0.03052 -5.7
-0.03028 -6.8
-0.03003 -8.0
-0.02979 -9.0
-0.02954 -10.0
-0.0293 -10.9
-0.02906 -11.8
-0.02881 -12.5
-0.02857 -13.2
-0.02832 -13.8
-0.02808 -14.2
-0.02784 -14.6
-0.02759 -14.8
-0.02735 -14.9
-0.0271 -14.9
-0.02686 -14.7
-0.02662 -14.4
-0.02637 -14.1
-0.02613 -13.5
-0.02588 -12.9
-0.02564 -12.2
-0.02539 -11.3
-0.02515 -10.3
-0.02491 -9.2
-0.02466 -8.1
-0.02442 -6.8
-0.02417 -5.5
-0.02393 -4.1
-0.02369 -2.7
-0.02344 -1.3
-0.0232 0.2
-0.02295 1.7
-0.02271 3.2
-0.02246 4.7
-0.02222 6.2
-0.02198 7.6
-0.02173 8.9
-0.02149 10.2
-0.02124 11.3
-0.021 12.4
-0.02076 13.4
-0.02051 14.2
-0.02027 14.9
-0.02002 15.5
-0.01978 15.9
-0.01954 16.1
-0.01929 16.2
-0.01905 16.0
-0.0188 15.8
-0.01856 15.3
-0.01831 14.7
-0.01807 13.9
-0.01783 12.9
-0.01758 11.8
-0.01734 10.5
-0.01709 9.1
-0.01685 7.5
-0.01661 5.9
-0.01636 4.1
-0.01612 2.3
-0.01587 0.5
-0.01563 -1.4
-0.01538 -3.3
-0.01514 -5.2
-0.0149 -7.0
-0.01465 -8.8
-0.01441 -10.5
-0.01416 -12.0
-0.01392 -13.5
-0.01368 -14.7
-0.01343 -15.8
-0.01319 -16.7
-0.01294 -17.3
-0.0127 -17.7
-0.01245 -17.9
-0.01221 -17.8
-0.01197 -17.4
-0.01172 -16.7
-0.01148 -15.8
-0.01123 -14.6
-0.01099 -13.2
-0.01075 -11.5
-0.0105 -9.7
-0.01026 -7.6
-0.01001 -5.3
-0.00977 -2.9
-0.00953 -0.4
-0.00928 2.1
-0.00904 4.6
-0.00879 7.2
-0.00855 9.6
-0.0083 11.9
-0.00806 14.0
-0.00782 15.9
-0.00757 17.5
-0.00733 18.7
-0.00708 19.6
-0.00684 20.1
-0.0066 20.2
-0.00635 19.8
-0.00611 18.9
-0.00586 17.6
-0.00562 15.8
-0.00537 13.5
-0.00513 10.9
-0.00489 7.8
-0.00464 4.5
-0.0044 1.0
-0.00415 -2.7
-0.00391 -6.4
-0.00367 -10.0
-0.00342 -13.4
-0.00318 -16.5
-0.00293 -19.1
-0.00269 -21.2
-0.00245 -22.6
-0.0022 -23.1
-0.00196 -22.8
-0.00171 -21.6
-0.00147 -19.4
-0.00122 -16.2
-0.00098 -12.1
-0.00074 -7.3
-0.00049 -1.9
-0.00025 3.8
-0.0 9.5
0.00024 14.7
0.00048 19.1
0.00073 22.2
0.00097 23.7
0.00122 23.5
0.00146 21.3
0.00171 17.3
0.00195 11.9
0.00219 5.5
0.00244 -1.3
0.00268 -7.7
0.00293 -13.1
0.00317 -16.9
0.00341 -18.8
0.00366 -18.6
0.0039 -16.3
0.00415 -12.5
0.00439 -7.5
0.00463 -2.0
0.00488 3.3
0.00512 7.7
0.00537 10.8
0.00561 12.3
0.00586 12.2
0.0061 10.6
0.00634 7.8
0.00659 4.4
0.00683 0.7
0.00708 -2.6
0.00732 -5.3
0.00756 -7.0
0.00781 -7.6
0.00805 -7.1
0.0083 -5.8
0.00854 -3.8
0.00879 -1.6
0.00903 0.6
0.00927 2.5
0.00952 3.8
0.00976 4.4
0.01001 4.4
0.01025 3.8
0.01049 2.7
0.01074 1.4
0.01098 0.0
0.01123 -1.1
0.01147 -2.1
0.01171 -2.6
0.01196 -2.7
0.0122 -2.4
0.01245 -1.9
0.01269 -1.1
0.01294 -0.3
0.01318 0.5
0.01342 1.1
0.01367 1.5
0.01391 1.6
0.01416 1.5
0.0144 1.2
0.01464 0.8
0.01489 0.3
0.01513 -0.2
0.01538 -0.6
0.01562 -0.9
0.01587 -1.0
0.01611 -1.0
0.01635 -0.8
0.0166 -0.6
0.01684 -0.3
0.01709 0.0
0.01733 0.3
0.01757 0.5
0.01782 0.6
0.01806 0.6
0.01831 0.5
0.01855 0.4
0.0188 0.2
0.01904 0.0
0.01928 -0.1
0.01953 -0.3
0.01977 -0.3
0.02002 -0.4
0.02026 -0.3
0.0205 -0.3
0.02075 -0.2
0.02099 0.0
0.02124 0.0
0.02148 0.2
0.02172 0.2
0.02197 0.2
0.02221 0.2
0.02246 0.2
0.0227 0.1
0.02295 0.0
0.02319 0.0
0.02343 0.0
0.02368 -0.1
0.02392 -0.1
0.02417 -0.1
0.02441 -0.1
0.02465 0.0
0.0249 0.0
0.02514 0.0
0.02539 0.0
0.02563 0.0
0.02588 0.0
0.02612 0.0
0.02636 0.0
0.02661 0.0
0.02685 0.0
0.0271 0.0
0.02734 0.0
0.02758 0.0
0.02783 0.0
0.02807 0.0
0.02832 0.0
0.02856 0.0
0.0288 0.0
0.02905 0.0
0.02929 0.0
0.02954 0.0
0.02978 0.0
0.03003 0.0
0.03027 0.0
0.03051 0.0
0.03076 0.0
0.031 0.0
0.03125 0.0
0.03149 0.0
0.03173 0.0
0.03198 0.0
0.03222 0.0
0.03247 0.0
0.03271 0.0
0.03296 0.0
0.0332 0.0
0.03344 0.0
0.03369 0.0
0.03393 0.0
0.03418 0.0
0.03442 0.0
0.03466 0.0
0.03491 0.0
0.03515 0.0
0.0354 0.0
0.03564 0.0
0.03588 0.0
0.03613 0.0
0.03637 0.0
0.03662 0.0
0.03686 0.0
0.03711 0.0
0.03735 0.0
0.03759 0.0
0.03784 0.0
0.03808 0.0
0.03833 0.0
0.03857 0.0
0.03881 0.0
0.03906 0.0
0.0393 0.0
0.03955 0.0
0.03979 0.0
0.04004 0.0
0.04028 0.0
0.04052 0.0
0.04077 0.0
0.04101 0.0
0.04126 0.0
0.0415 0.0
0.04174 0.0
0.04199 0.0
0.04223 0.0
0.04248 0.0
0.04272 0.0
0.04296 0.0
0.04321 0.0
0.04345 0.0
0.0437 0.0
0.04394 0.0
0.04419 0.0
0.04443 0.0
0.04467 0.0
0.04492 0.0
0.04516 0.0
0.04541 0.0
0.04565 0.0
0.04589 0.0
0.04614 0.0
0.04638 0.0
0.04663 0.0
0.04687 0.0
0.04712 0.0
0.04736 0.0
0.0476 0.0
0.04785 0.0
0.04809 0.0
0.04834 0.0
0.04858 0.0
0.04882 0.0
0.04907 0.0
0.04931 0.0
0.04956 0.0
0.0498 0.0
0.05005 0.0
0.05029 0.0
0.05053 0.0
0.05078 0.0
0.05102 0.0
0.05127 0.0
0.05151 0.0
0.05175 0.0
0.052 0.0
0.05224 0.0
0.05249 0.0
0.05273 0.0
0.05297 0.0
0.05322 0.0
0.05346 0.0
0.05371 0.0
0.05395 0.0
0.0542 0.0
0.05444 0.0
0.05468 0.0
0.05493 0.0
0.05517 0.0
0.05542 0.0
0.05566 0.0
0.0559 0.0
0.05615 0.0
0.05639 0.0
0.05664 0.0
0.05688 0.0
0.05713 0.0
0.05737 0.0
0.05761 0.0
0.05786 0.0
0.0581 0.0
0.05835 0.0
0.05859 0.0
0.05883 0.0
0.05908 0.0
0.05932 0.0
0.05957 0.0
0.05981 0.0
0.06005 0.0
0.0603 0.0
0.06054 0.0
0.06079 0.0
0.06103 0.0
0.06128 0.0
0.06152 0.0
0.06176 0.0
0.06201 0.0
0.06225 0.0
0.0625 0.0
0.06274 0.0
0.06298 0.0
0.06323 0.0
0.06347 0.0
0.06372 0.0
0.06396 0.0
0.06421 0.0
0.06445 0.0
0.06469 0.0
0.06494 0.0
0.06518 0.0
0.06543 0.0
0.06567 0.0
0.06591 0.0
0.06616 0.0
0.0664 0.0
0.06665 0.0
0.06689 0.0
0.06713 0.0
0.06738 0.0
0.06762 0.0
0.06787 0.0
0.06811 0.0
0.06836 0.0
0.0686 0.0
0.06884 0.0
0.06909 0.0
0.06933 0.0
0.06958 0.0
0.06982 0.0
0.07006 0.0
0.07031 0.0
0.07055 0.0
0.0708 0.0
0.07104 0.0
0.07129 0.0
0.07153 0.0
0.07177 0.0
0.07202 0.0
0.07226 0.0
0.07251 0.0
0.07275 0.0
0.07299 0.0
0.07324 0.0
0.07348 0.0
0.07373 0.0
0.07397 0.0
0.07421 0.0
0.07446 0.0
0.0747 0.0
0.07495 0.0
0.07519 0.0
0.07544 0.0
0.07568 0.0
0.07592 0.0
0.07617 0.0
0.07641 0.0
0.07666 0.0
0.0769 0.0
0.07714 0.0
0.07739 0.0
0.07763 0.0
0.07788 0.0
0.07812 0.0
0.07837 0.0
0.07861 0.0
0.07885 0.0
0.0791 0.0
0.07934 0.0
0.07959 0.0
0.07983 0.0
0.08007 0.0
0.08032 0.0
0.08056 0.0
0.08081 0.0
0.08105 0.0
0.0813 0.0
0.08154 0.0
0.08178 0.0
0.08203 0.0
0.08227 0.0
0.08252 0.0
0.08276 0.0
0.083 0.0
0.08325 0.0
0.08349 0.0
0.08374 0.0
0.08398 0.0
0.08422 0.0
0.08447 0.0
0.08471 0.0
0.08496 0.0
0.0852 0.0
0.08545 0.0
0.08569 0.0
0.08593 0.0
0.08618 0.0
0.08642 0.0
0.08667 0.0
0.08691 0.0
0.08715 0.0
0.0874 0.0
0.08764 0.0
0.08789 0.0
0.08813 0.0
0.08838 0.0
0.08862 0.0
0.08886 0.0
0.08911 0.0
0.08935 0.0
0.0896 0.0
0.08984 0.0
0.09008 0.0
0.09033 0.0
0.09057 0.0
0.09082 0.0
0.09106 0.0
0.0913 0.0
0.09155 0.0
0.09179 0.0
0.09204 0.0
0.09228 0.0
0.09253 0.0
0.09277 0.0
0.09301 0.0
0.09326 0.0
0.0935 0.0
0.09375 0.0
0.09399 0.0
0.09423 0.0
0.09448 0.0
0.09472 0.0
0.09497 0.0
0.09521 0.0
0.09546 0.0
0.0957 0.0
0.09594 0.0
0.09619 0.0
0.09643 0.0
0.09668 0.0
0.09692 0.0
0.09716 0.0
0.09741 0.0
0.09765 0.0
0.0979 0.0
0.09814 0.0
0.09838 0.0
0.09863 0.0
0.09887 0.0
0.09912 0.0
0.09936 0.0
0.09961 0.0
0.09985 0.0
0.10009 0.0
0.10034 0.0
0.10058 0.0
0.10083 0.0
0.10107 0.0
0.10131 0.0
0.10156 0.0
0.1018 0.0
0.10205 0.0
0.10229 0.0
0.10254 0.0
0.10278 0.0
0.10302 0.0
0.10327 0.0
0.10351 0.0
0.10376 0.0
0.104 0.0
0.10424 0.0
0.10449 0.0
0.10473 0.0
0.10498 0.0
0.10522 0.0
0.10546 0.0
0.10571 0.0
0.10595 0.0
0.1062 0.0
0.10644 0.0
0.10669 0.0
0.10693 0.0
0.10717 0.0
0.10742 0.0
0.10766 0.0
0.10791 0.0
0.10815 0.0
0.10839 0.0
0.10864 0.0
0.10888 0.0
0.10913 0.0
0.10937 0.0
0.10962 0.0
0.10986 0.0
0.1101 0.0
0.11035 0.0
0.11059 0.0
0.11084 0.0
0.11108 0.0
0.11132 0.0
0.11157 0.0
0.11181 0.0
0.11206 0.0
0.1123 0.0
0.11255 0.0
0.11279 0.0
0.11303 0.0
0.11328 0.0
0.11352 0.0
0.11377 0.0
0.11401 0.0
0.11425 0.0
0.1145 0.0
0.11474 0.0
0.11499 0.0
0.11523 0.0
0.11547 0.0
0.11572 0.0
0.11596 0.0
0.11621 0.0
0.11645 0.0
0.1167 0.0
0.11694 0.0
0.11718 0.0
0.11743 0.0
0.11767 0.0
0.11792 0.0
0.11816 0.0
0.1184 0.0
0.11865 0.0
0.11889 0.0
0.11914 0.0
0.11938 0.0
0.11963 0.0
0.11987 0.0
0.12011 0.0
0.12036 0.0
0.1206 0.0
0.12085 0.0
0.12109 0.0
0.12133 0.0
0.12158 0.0
0.12182 0.0
0.12207 0.0
0.12231 0.0
0.12255 0.0
0.1228 0.0
0.12304 0.0
0.12329 0.0
0.12353 0.0
0.12378 0.0
0.12402 0.0
0.12426 0.0
0.12451 0.0
0.12475 0.0
0.125 0.0
0.12524 0.0
0.12548 0.0
0.12573 0.0
0.12597 0.0
0.12622 0.0
0.12646 0.0
0.12671 0.0
0.12695 0.0
0.12719 0.0
0.12744 0.0
0.12768 0.0
0.12793 0.0
0.12817 0.0
0.12841 0.0
0.12866 0.0
0.1289 0.0
0.12915 0.0
0.12939 0.0
0.12963 0.0
0.12988 0.0
0.13012 0.0
0.13037 0.0
0.13061 0.0
0.13086 0.0
0.1311 0.0
0.13134 0.0
0.13159 0.0
0.13183 0.0
0.13208 0.0
0.13232 0.0
0.13256 0.0
0.13281 0.0
0.13305 0.0
0.1333 0.0
0.13354 0.0
0.13379 0.0
0.13403 0.0
0.13427 0.0
0.13452 0.0
0.13476 0.0
0.13501 0.0
0.13525 0.0
0.13549 0.0
0.13574 0.0
0.13598 0.0
0.13623 0.0
0.13647 0.0
0.13671 0.0
0.13696 0.0
0.1372 0.0
0.13745 0.0
0.13769 0.0
0.13794 0.0
0.13818 0.0
0.13842 0.0
0.13867 0.0
0.13891 0.0
0.13916 0.0
0.1394 0.0
0.13964 0.0
0.13989 0.0
0.14013 0.0
0.14038 0.0
0.14062 0.0
0.14087 0.0
0.14111 0.0
0.14135 0.0
0.1416 0.0
0.14184 0.0
0.14209 0.0
0.14233 0.0
0.14257 0.0
0.14282 0.0
0.14306 0.0
0.14331 0.0
0.14355 0.0
0.1438 0.0
0.14404 0.0
0.14428 0.0
0.14453 0.0
0.14477 0.0
0.14502 0.0
0.14526 0.0
0.1455 0.0
0.14575 0.0
0.14599 0.0
0.14624 0.0
0.14648 0.0
0.14672 0.0
0.14697 0.0
0.14721 0.0
0.14746 0.0
0.1477 0.0
0.14795 0.0
0.14819 0.0
0.14843 0.0
0.14868 0.0
0.14892 0.0
0.14917 0.0
0.14941 0.0
0.14965 0.0
0.1499 0.0
0.15014 0.0
0.15039 0.0
0.15063 0.0
0.15088 0.0
0.15112 0.0
0.15136 0.0
0.15161 0.0
0.15185 0.0
0.1521 0.0
0.15234 0.0
0.15258 0.0
0.15283 0.0
0.15307 0.0
0.15332 0.0
0.15356 0.0
0.1538 0.0
0.15405 0.0
0.15429 0.0
0.15454 0.0
0.15478 0.0
0.15503 0.0
0.15527 0.0
0.15551 0.0
0.15576 0.0
0.156 0.0
0.15625 0.0
0.15649 0.0
0.15673 0.0
0.15698 0.0
0.15722 0.0
0.15747 0.0
0.15771 0.0
0.15796 0.0
0.1582 0.0
0.15844 0.0
0.15869 0.0
0.15893 0.0
0.15918 0.0
0.15942 0.0
0.15966 0.0
0.15991 0.0
0.16015 0.0
0.1604 0.0
0.16064 0.0
0.16088 0.0
0.16113 0.0
0.16137 0.0
0.16162 0.0
0.16186 0.0
0.16211 0.0
0.16235 0.0
0.16259 0.0
0.16284 0.0
