t strain*1e23
-1.48018 -4.5
-1.47993 -4.4
-1.47969 -4.4
-1.47945 -4.4
-1.4792 -4.3
-1.47896 -4.2
-1.47871 -4.2
-1.47847 -4.1
-1.47823 -4.0
-1.47798 -4.0
-1.47774 -3.9
-1.47749 -3.8
-1.47725 -3.7
-1.47701 -3.6
-1.47676 -3.5
-1.47652 -3.3
-1.47627 -3.2
-1.47603 -3.1
-1.47578 -3.0
-1.47554 -2.8
-1.4753 -2.7
-1.47505 -2.6
-1.47481 -2.4
-1.47456 -2.3
-1.47432 -2.1
-1.47408 -2.0
-1.47383 -1.8
-1.47359 -1.6
-1.47334 -1.5
-1.4731 -1.3
-1.47285 -1.1
-1.47261 -1.0
-1.47237 -0.8
-1.47212 -0.6
-1.47188 -0.4
-1.47163 -0.3
-1.47139 -0.1
-1.47115 0.0
-1.4709 0.2
-1.47066 0.4
-1.47041 0.6
-1.47017 0.8
-1.46992 0.9
-1.46968 1.1
-1.46944 1.3
-1.46919 1.4
-1.46895 1.6
-1.4687 1.8
-1.46846 1.9
-1.46822 2.1
-1.46797 2.2
-1.46773 2.4
-1.46748 2.5
-1.46724 2.7
-1.467 2.8
-1.46675 3.0
-1.46651 3.1
-1.46626 3.2
-1.46602 3.3
-1.46577 3.5
-1.46553 3.6
-1.46529 3.7
-1.46504 3.8
-1.4648 3.9
-1.46455 4.0
-1.46431 4.0
-1.46407 4.1
-1.46382 4.2
-1.46358 4.3
-1.46333 4.3
-1.46309 4.4
-1.46284 4.4
-1.4626 4.5
-1.46236 4.5
-1.46211 4.5
-1.46187 4.5
-1.46162 4.5
-1.46138 4.5
-1.46114 4.5
-1.46089 4.5
-1.46065 4.5
-1.4604 4.5
-1.46016 4.5
-1.45992 4.4
-1.45967 4.4
-1.45943 4.4
-1.45918 4.3
-1.45894 4.2
-1.45869 4.2
-1.45845 4.1
-1.45821 4.0
-1.45796 3.9
-1.45772 3.8
-1.45747 3.8
-1.45723 3.7
-1.45699 3.5
-1.45674 3.4
-1.4565 3.3
-1.45625 3.2
-1.45601 3.1
-1.45576 2.9
-1.45552 2.8
-1.45528 2.7
-1.45503 2.5
-1.45479 2.4
-1.45454 2.2
-1.4543 2.1
-1.45406 1.9
-1.45381 1.7
-1.45357 1.6
-1.45332 1.4
-1.45308 1.2
-1.45284 1.1
-1.45259 0.9
-1.45235 0.7
-1.4521 0.5
-1.45186 0.4
-1.45161 0.2
-1.45137 0.0
-1.45113 -0.2
-1.45088 -0.3
-1.45064 -0.5
-1.45039 -0.7
-1.45015 -0.9
-1.44991 -1.0
-1.44966 -1.2
-1.44942 -1.4
-1.44917 -1.5
-1.44893 -1.7
-1.44868 -1.9
-1.44844 -2.0
-1.4482 -2.2
-1.44795 -2.3
-1.44771 -2.5
-1.44746 -2.6
-1.44722 -2.8
-1.44698 -2.9
-1.44673 -3.0
-1.44649 -3.2
-1.44624 -3.3
-1.446 -3.4
-1.44576 -3.5
-1.44551 -3.6
-1.44527 -3.7
-1.44502 -3.8
-1.44478 -3.9
-1.44453 -4.0
-1.44429 -4.1
-1.44405 -4.2
-1.4438 -4.2
-1.44356 -4.3
-1.44331 -4.4
-1.44307 -4.4
-1.44283 -4.5
-1.44258 -4.5
-1.44234 -4.5
-1.44209 -4.5
-1.44185 -4.6
-1.4416 -4.6
-1.44136 -4.6
-1.44112 -4.6
-1.44087 -4.5
-1.44063 -4.5
-1.44038 -4.5
-1.44014 -4.5
-1.4399 -4.4
-1.43965 -4.4
-1.43941 -4.3
-1.43916 -4.3
-1.43892 -4.2
-1.43867 -4.1
-1.43843 -4.1
-1.43819 -4.0
-1.43794 -3.9
-1.4377 -3.8
-1.43745 -3.7
-1.43721 -3.6
-1.43697 -3.5
-1.43672 -3.4
-1.43648 -3.2
-1.43623 -3.1
-1.43599 -3.0
-1.43575 -2.8
-1.4355 -2.7
-1.43526 -2.5
-1.43501 -2.4
-1.43477 -2.2
-1.43452 -2.1
-1.43428 -1.9
-1.43404 -1.8
-1.43379 -1.6
-1.43355 -1.4
-1.4333 -1.3
-1.43306 -1.1
-1.43282 -0.9
-1.43257 -0.8
-1.43233 -0.6
-1.43208 -0.4
-1.43184 -0.2
-1.43159 0.0
-1.43135 0.1
-1.43111 0.3
-1.43086 0.5
-1.43062 0.7
-1.43037 0.8
-1.43013 1.0
-1.42989 1.2
-1.42964 1.4
-1.4294 1.5
-1.42915 1.7
-1.42891 1.9
-1.42867 2.0
-1.42842 2.2
-1.42818 2.3
-1.42793 2.5
-1.42769 2.6
-1.42744 2.8
-1.4272 2.9
-1.42696 3.0
-1.42671 3.2
-1.42647 3.3
-1.42622 3.4
-1.42598 3.5
-1.42574 3.6
-1.42549 3.7
-1.42525 3.8
-1.425 3.9
-1.42476 4.0
-1.42451 4.1
-1.42427 4.2
-1.42403 4.3
-1.42378 4.3
-1.42354 4.4
-1.42329 4.4
-1.42305 4.5
-1.42281 4.5
-1.42256 4.5
-1.42232 4.6
-1.42207 4.6
-1.42183 4.6
-1.42159 4.6
-1.42134 4.6
-1.4211 4.6
-1.42085 4.5
-1.42061 4.5
-1.42036 4.5
-1.42012 4.4
-1.41988 4.4
-1.41963 4.3
-1.41939 4.3
-1.41914 4.2
-1.4189 4.1
-1.41866 4.1
-1.41841 4.0
-1.41817 3.9
-1.41792 3.8
-1.41768 3.7
-1.41743 3.6
-1.41719 3.5
-1.41695 3.3
-1.4167 3.2
-1.41646 3.1
-1.41621 3.0
-1.41597 2.8
-1.41573 2.7
-1.41548 2.5
-1.41524 2.4
-1.41499 2.2
-1.41475 2.1
-1.41451 1.9
-1.41426 1.7
-1.41402 1.6
-1.41377 1.4
-1.41353 1.2
-1.41328 1.1
-1.41304 0.9
-1.4128 0.7
-1.41255 0.5
-1.41231 0.4
-1.41206 0.2
-1.41182 0.0
-1.41158 -0.2
-1.41133 -0.4
-1.41109 -0.5
-1.41084 -0.7
-1.4106 -0.9
-1.41035 -1.1
-1.41011 -1.2
-1.40987 -1.4
-1.40962 -1.6
-1.40938 -1.7
-1.40913 -1.9
-1.40889 -2.1
-1.40865 -2.2
-1.4084 -2.4
-1.40816 -2.5
-1.40791 -2.7
-1.40767 -2.8
-1.40742 -3.0
-1.40718 -3.1
-1.40694 -3.2
-1.40669 -3.4
-1.40645 -3.5
-1.4062 -3.6
-1.40596 -3.7
-1.40572 -3.8
-1.40547 -3.9
-1.40523 -4.0
-1.40498 -4.1
-1.40474 -4.2
-1.4045 -4.2
-1.40425 -4.3
-1.40401 -4.4
-1.40376 -4.4
-1.40352 -4.5
-1.40327 -4.5
-1.40303 -4.5
-1.40279 -4.6
-1.40254 -4.6
-1.4023 -4.6
-1.40205 -4.6
-1.40181 -4.6
-1.40157 -4.6
-1.40132 -4.6
-1.40108 -4.5
-1.40083 -4.5
-1.40059 -4.5
-1.40034 -4.4
-1.4001 -4.4
-1.39986 -4.3
-1.39961 -4.3
-1.39937 -4.2
-1.39912 -4.1
-1.39888 -4.0
-1.39864 -3.9
-1.39839 -3.9
-1.39815 -3.7
-1.3979 -3.6
-1.39766 -3.5
-1.39742 -3.4
-1.39717 -3.3
-1.39693 -3.2
-1.39668 -3.0
-1.39644 -2.9
-1.39619 -2.7
-1.39595 -2.6
-1.39571 -2.5
-1.39546 -2.3
-1.39522 -2.1
-1.39497 -2.0
-1.39473 -1.8
-1.39449 -1.6
-1.39424 -1.5
-1.394 -1.3
-1.39375 -1.1
-1.39351 -1.0
-1.39326 -0.8
-1.39302 -0.6
-1.39278 -0.4
-1.39253 -0.2
-1.39229 0.0
-1.39204 0.1
-1.3918 0.3
-1.39156 0.5
-1.39131 0.7
-1.39107 0.8
-1.39082 1.0
-1.39058 1.2
-1.39034 1.4
-1.39009 1.5
-1.38985 1.7
-1.3896 1.9
-1.38936 2.0
-1.38911 2.2
-1.38887 2.3
-1.38863 2.5
-1.38838 2.6
-1.38814 2.8
-1.38789 2.9
-1.38765 3.1
-1.38741 3.2
-1.38716 3.3
-1.38692 3.5
-1.38667 3.6
-1.38643 3.7
-1.38618 3.8
-1.38594 3.9
-1.3857 4.0
-1.38545 4.1
-1.38521 4.2
-1.38496 4.2
-1.38472 4.3
-1.38448 4.4
-1.38423 4.4
-1.38399 4.5
-1.38374 4.5
-1.3835 4.5
-1.38326 4.6
-1.38301 4.6
-1.38277 4.6
-1.38252 4.6
-1.38228 4.6
-1.38203 4.6
-1.38179 4.6
-1.38155 4.6
-1.3813 4.5
-1.38106 4.5
-1.38081 4.5
-1.38057 4.4
-1.38033 4.3
-1.38008 4.3
-1.37984 4.2
-1.37959 4.1
-1.37935 4.1
-1.3791 4.0
-1.37886 3.9
-1.37862 3.8
-1.37837 3.7
-1.37813 3.5
-1.37788 3.4
-1.37764 3.3
-1.3774 3.2
-1.37715 3.0
-1.37691 2.9
-1.37666 2.8
-1.37642 2.6
-1.37617 2.5
-1.37593 2.3
-1.37569 2.1
-1.37544 2.0
-1.3752 1.8
-1.37495 1.7
-1.37471 1.5
-1.37447 1.3
-1.37422 1.1
-1.37398 1.0
-1.37373 0.8
-1.37349 0.6
-1.37325 0.4
-1.373 0.2
-1.37276 0.0
-1.37251 -0.1
-1.37227 -0.3
-1.37202 -0.5
-1.37178 -0.7
-1.37154 -0.8
-1.37129 -1.0
-1.37105 -1.2
-1.3708 -1.4
-1.37056 -1.5
-1.37032 -1.7
-1.37007 -1.9
-1.36983 -2.1
-1.36958 -2.2
-1.36934 -2.4
-1.36909 -2.5
-1.36885 -2.7
-1.36861 -2.8
-1.36836 -3.0
-1.36812 -3.1
-1.36787 -3.2
-1.36763 -3.4
-1.36739 -3.5
-1.36714 -3.6
-1.3669 -3.7
-1.36665 -3.8
-1.36641 -3.9
-1.36617 -4.0
-1.36592 -4.1
-1.36568 -4.2
-1.36543 -4.3
-1.36519 -4.3
-1.36494 -4.4
-1.3647 -4.4
-1.36446 -4.5
-1.36421 -4.5
-1.36397 -4.6
-1.36372 -4.6
-1.36348 -4.6
-1.36324 -4.6
-1.36299 -4.6
-1.36275 -4.6
-1.3625 -4.6
-1.36226 -4.6
-1.36201 -4.6
-1.36177 -4.5
-1.36153 -4.5
-1.36128 -4.5
-1.36104 -4.4
-1.36079 -4.3
-1.36055 -4.3
-1.36031 -4.2
-1.36006 -4.1
-1.35982 -4.0
-1.35957 -3.9
-1.35933 -3.9
-1.35909 -3.7
-1.35884 -3.6
-1.3586 -3.5
-1.35835 -3.4
-1.35811 -3.3
-1.35786 -3.1
-1.35762 -3.0
-1.35738 -2.9
-1.35713 -2.7
-1.35689 -2.6
-1.35664 -2.4
-1.3564 -2.3
-1.35616 -2.1
-1.35591 -1.9
-1.35567 -1.8
-1.35542 -1.6
-1.35518 -1.4
-1.35493 -1.2
-1.35469 -1.1
-1.35445 -0.9
-1.3542 -0.7
-1.35396 -0.5
-1.35371 -0.3
-1.35347 -0.2
-1.35323 0.0
-1.35298 0.2
-1.35274 0.4
-1.35249 0.6
-1.35225 0.8
-1.35201 0.9
-1.35176 1.1
-1.35152 1.3
-1.35127 1.5
-1.35103 1.6
-1.35078 1.8
-1.35054 2.0
-1.3503 2.1
-1.35005 2.3
-1.34981 2.5
-1.34956 2.6
-1.34932 2.8
-1.34908 2.9
-1.34883 3.0
-1.34859 3.2
-1.34834 3.3
-1.3481 3.4
-1.34785 3.6
-1.34761 3.7
-1.34737 3.8
-1.34712 3.9
-1.34688 4.0
-1.34663 4.1
-1.34639 4.2
-1.34615 4.2
-1.3459 4.3
-1.34566 4.4
-1.34541 4.4
-1.34517 4.5
-1.34492 4.5
-1.34468 4.6
-1.34444 4.6
-1.34419 4.6
-1.34395 4.6
-1.3437 4.6
-1.34346 4.6
-1.34322 4.6
-1.34297 4.6
-1.34273 4.6
-1.34248 4.6
-1.34224 4.5
-1.342 4.5
-1.34175 4.4
-1.34151 4.4
-1.34126 4.3
-1.34102 4.2
-1.34077 4.2
-1.34053 4.1
-1.34029 4.0
-1.34004 3.9
-1.3398 3.8
-1.33955 3.7
-1.33931 3.6
-1.33907 3.4
-1.33882 3.3
-1.33858 3.2
-1.33833 3.0
-1.33809 2.9
-1.33784 2.8
-1.3376 2.6
-1.33736 2.5
-1.33711 2.3
-1.33687 2.1
-1.33662 2.0
-1.33638 1.8
-1.33614 1.6
-1.33589 1.5
-1.33565 1.3
-1.3354 1.1
-1.33516 0.9
-1.33492 0.7
-1.33467 0.6
-1.33443 0.4
-1.33418 0.2
-1.33394 0.0
-1.33369 -0.2
-1.33345 -0.4
-1.33321 -0.5
-1.33296 -0.7
-1.33272 -0.9
-1.33247 -1.1
-1.33223 -1.3
-1.33199 -1.5
-1.33174 -1.6
-1.3315 -1.8
-1.33125 -2.0
-1.33101 -2.1
-1.33076 -2.3
-1.33052 -2.5
-1.33028 -2.6
-1.33003 -2.8
-1.32979 -2.9
-1.32954 -3.1
-1.3293 -3.2
-1.32906 -3.3
-1.32881 -3.4
-1.32857 -3.6
-1.32832 -3.7
-1.32808 -3.8
-1.32784 -3.9
-1.32759 -4.0
-1.32735 -4.1
-1.3271 -4.2
-1.32686 -4.3
-1.32661 -4.3
-1.32637 -4.4
-1.32613 -4.4
-1.32588 -4.5
-1.32564 -4.5
-1.32539 -4.6
-1.32515 -4.6
-1.32491 -4.6
-1.32466 -4.6
-1.32442 -4.7
-1.32417 -4.7
-1.32393 -4.6
-1.32368 -4.6
-1.32344 -4.6
-1.3232 -4.6
-1.32295 -4.5
-1.32271 -4.5
-1.32246 -4.4
-1.32222 -4.4
-1.32198 -4.3
-1.32173 -4.2
-1.32149 -4.2
-1.32124 -4.1
-1.321 -4.0
-1.32076 -3.9
-1.32051 -3.8
-1.32027 -3.7
-1.32002 -3.6
-1.31978 -3.4
-1.31953 -3.3
-1.31929 -3.2
-1.31905 -3.0
-1.3188 -2.9
-1.31856 -2.7
-1.31831 -2.6
-1.31807 -2.4
-1.31783 -2.3
-1.31758 -2.1
-1.31734 -1.9
-1.31709 -1.8
-1.31685 -1.6
-1.3166 -1.4
-1.31636 -1.2
-1.31612 -1.1
-1.31587 -0.9
-1.31563 -0.7
-1.31538 -0.5
-1.31514 -0.3
-1.3149 -0.1
-1.31465 0.0
-1.31441 0.2
-1.31416 0.4
-1.31392 0.6
-1.31367 0.8
-1.31343 1.0
-1.31319 1.1
-1.31294 1.3
-1.3127 1.5
-1.31245 1.7
-1.31221 1.9
-1.31197 2.0
-1.31172 2.2
-1.31148 2.4
-1.31123 2.5
-1.31099 2.7
-1.31075 2.8
-1.3105 3.0
-1.31026 3.1
-1.31001 3.2
-1.30977 3.4
-1.30952 3.5
-1.30928 3.6
-1.30904 3.7
-1.30879 3.8
-1.30855 4.0
-1.3083 4.0
-1.30806 4.1
-1.30782 4.2
-1.30757 4.3
-1.30733 4.4
-1.30708 4.4
-1.30684 4.5
-1.30659 4.5
-1.30635 4.6
-1.30611 4.6
-1.30586 4.6
-1.30562 4.7
-1.30537 4.7
-1.30513 4.7
-1.30489 4.7
-1.30464 4.7
-1.3044 4.6
-1.30415 4.6
-1.30391 4.6
-1.30367 4.5
-1.30342 4.5
-1.30318 4.4
-1.30293 4.4
-1.30269 4.3
-1.30244 4.2
-1.3022 4.1
-1.30196 4.0
-1.30171 4.0
-1.30147 3.9
-1.30122 3.7
-1.30098 3.6
-1.30074 3.5
-1.30049 3.4
-1.30025 3.2
-1.3 3.1
-1.29976 3.0
-1.29951 2.8
-1.29927 2.7
-1.29903 2.5
-1.29878 2.4
-1.29854 2.2
-1.29829 2.0
-1.29805 1.8
-1.29781 1.7
-1.29756 1.5
-1.29732 1.3
-1.29707 1.1
-1.29683 1.0
-1.29659 0.8
-1.29634 0.6
-1.2961 0.4
-1.29585 0.2
-1.29561 0.0
-1.29536 -0.2
-1.29512 -0.4
-1.29488 -0.5
-1.29463 -0.7
-1.29439 -0.9
-1.29414 -1.1
-1.2939 -1.3
-1.29366 -1.5
-1.29341 -1.6
-1.29317 -1.8
-1.29292 -2.0
-1.29268 -2.2
-1.29243 -2.3
-1.29219 -2.5
-1.29195 -2.6
-1.2917 -2.8
-1.29146 -2.9
-1.29121 -3.1
-1.29097 -3.2
-1.29073 -3.4
-1.29048 -3.5
-1.29024 -3.6
-1.28999 -3.7
-1.28975 -3.8
-1.28951 -3.9
-1.28926 -4.0
-1.28902 -4.1
-1.28877 -4.2
-1.28853 -4.3
-1.28828 -4.4
-1.28804 -4.4
-1.2878 -4.5
-1.28755 -4.5
-1.28731 -4.6
-1.28706 -4.6
-1.28682 -4.6
-1.28658 -4.7
-1.28633 -4.7
-1.28609 -4.7
-1.28584 -4.7
-1.2856 -4.7
-1.28535 -4.7
-1.28511 -4.6
-1.28487 -4.6
-1.28462 -4.6
-1.28438 -4.5
-1.28413 -4.5
-1.28389 -4.4
-1.28365 -4.3
-1.2834 -4.2
-1.28316 -4.2
-1.28291 -4.1
-1.28267 -4.0
-1.28242 -3.9
-1.28218 -3.8
-1.28194 -3.6
-1.28169 -3.5
-1.28145 -3.4
-1.2812 -3.3
-1.28096 -3.1
-1.28072 -3.0
-1.28047 -2.8
-1.28023 -2.7
-1.27998 -2.5
-1.27974 -2.4
-1.2795 -2.2
-1.27925 -2.0
-1.27901 -1.9
-1.27876 -1.7
-1.27852 -1.5
-1.27827 -1.3
-1.27803 -1.1
-1.27779 -1.0
-1.27754 -0.8
-1.2773 -0.6
-1.27705 -0.4
-1.27681 -0.2
-1.27657 0.0
-1.27632 0.2
-1.27608 0.4
-1.27583 0.6
-1.27559 0.7
-1.27534 0.9
-1.2751 1.1
-1.27486 1.3
-1.27461 1.5
-1.27437 1.7
-1.27412 1.8
-1.27388 2.0
-1.27364 2.2
-1.27339 2.3
-1.27315 2.5
-1.2729 2.7
-1.27266 2.8
-1.27242 3.0
-1.27217 3.1
-1.27193 3.3
-1.27168 3.4
-1.27144 3.5
-1.27119 3.6
-1.27095 3.8
-1.27071 3.9
-1.27046 4.0
-1.27022 4.1
-1.26997 4.2
-1.26973 4.2
-1.26949 4.3
-1.26924 4.4
-1.269 4.5
-1.26875 4.5
-1.26851 4.6
-1.26826 4.6
-1.26802 4.6
-1.26778 4.7
-1.26753 4.7
-1.26729 4.7
-1.26704 4.7
-1.2668 4.7
-1.26656 4.7
-1.26631 4.7
-1.26607 4.6
-1.26582 4.6
-1.26558 4.6
-1.26534 4.5
-1.26509 4.4
-1.26485 4.4
-1.2646 4.3
-1.26436 4.2
-1.26411 4.1
-1.26387 4.1
-1.26363 4.0
-1.26338 3.8
-1.26314 3.7
-1.26289 3.6
-1.26265 3.5
-1.26241 3.4
-1.26216 3.2
-1.26192 3.1
-1.26167 2.9
-1.26143 2.8
-1.26118 2.6
-1.26094 2.5
-1.2607 2.3
-1.26045 2.1
-1.26021 2.0
-1.25996 1.8
-1.25972 1.6
-1.25948 1.4
-1.25923 1.2
-1.25899 1.1
-1.25874 0.9
-1.2585 0.7
-1.25826 0.5
-1.25801 0.3
-1.25777 0.1
-1.25752 0.0
-1.25728 -0.3
-1.25703 -0.5
-1.25679 -0.7
-1.25655 -0.8
-1.2563 -1.0
-1.25606 -1.2
-1.25581 -1.4
-1.25557 -1.6
-1.25533 -1.8
-1.25508 -1.9
-1.25484 -2.1
-1.25459 -2.3
-1.25435 -2.4
-1.2541 -2.6
-1.25386 -2.8
-1.25362 -2.9
-1.25337 -3.1
-1.25313 -3.2
-1.25288 -3.3
-1.25264 -3.5
-1.2524 -3.6
-1.25215 -3.7
-1.25191 -3.8
-1.25166 -3.9
-1.25142 -4.0
-1.25117 -4.1
-1.25093 -4.2
-1.25069 -4.3
-1.25044 -4.4
-1.2502 -4.5
-1.24995 -4.5
-1.24971 -4.6
-1.24947 -4.6
-1.24922 -4.6
-1.24898 -4.7
-1.24873 -4.7
-1.24849 -4.7
-1.24825 -4.7
-1.248 -4.7
-1.24776 -4.7
-1.24751 -4.7
-1.24727 -4.7
-1.24702 -4.6
-1.24678 -4.6
-1.24654 -4.5
-1.24629 -4.5
-1.24605 -4.4
-1.2458 -4.3
-1.24556 -4.3
-1.24532 -4.2
-1.24507 -4.1
-1.24483 -4.0
-1.24458 -3.9
-1.24434 -3.8
-1.24409 -3.7
-1.24385 -3.5
-1.24361 -3.4
-1.24336 -3.3
-1.24312 -3.1
-1.24287 -3.0
-1.24263 -2.8
-1.24239 -2.7
-1.24214 -2.5
-1.2419 -2.3
-1.24165 -2.2
-1.24141 -2.0
-1.24117 -1.8
-1.24092 -1.6
-1.24068 -1.5
-1.24043 -1.3
-1.24019 -1.1
-1.23994 -0.9
-1.2397 -0.7
-1.23946 -0.5
-1.23921 -0.3
-1.23897 -0.1
-1.23872 0.0
-1.23848 0.2
-1.23824 0.4
-1.23799 0.6
-1.23775 0.8
-1.2375 1.0
-1.23726 1.2
-1.23701 1.4
-1.23677 1.6
-1.23653 1.8
-1.23628 1.9
-1.23604 2.1
-1.23579 2.3
-1.23555 2.4
-1.23531 2.6
-1.23506 2.8
-1.23482 2.9
-1.23457 3.1
-1.23433 3.2
-1.23409 3.4
-1.23384 3.5
-1.2336 3.6
-1.23335 3.7
-1.23311 3.9
-1.23286 4.0
-1.23262 4.1
-1.23238 4.2
-1.23213 4.2
-1.23189 4.3
-1.23164 4.4
-1.2314 4.5
-1.23116 4.5
-1.23091 4.6
-1.23067 4.6
-1.23042 4.7
-1.23018 4.7
-1.22993 4.7
-1.22969 4.7
-1.22945 4.7
-1.2292 4.7
-1.22896 4.7
-1.22871 4.7
-1.22847 4.7
-1.22823 4.6
-1.22798 4.6
-1.22774 4.5
-1.22749 4.5
-1.22725 4.4
-1.22701 4.4
-1.22676 4.3
-1.22652 4.2
-1.22627 4.1
-1.22603 4.0
-1.22578 3.9
-1.22554 3.8
-1.2253 3.6
-1.22505 3.5
-1.22481 3.4
-1.22456 3.2
-1.22432 3.1
-1.22408 3.0
-1.22383 2.8
-1.22359 2.6
-1.22334 2.5
-1.2231 2.3
-1.22285 2.1
-1.22261 2.0
-1.22237 1.8
-1.22212 1.6
-1.22188 1.4
-1.22163 1.2
-1.22139 1.0
-1.22115 0.9
-1.2209 0.7
-1.22066 0.5
-1.22041 0.3
-1.22017 0.0
-1.21992 -0.1
-1.21968 -0.3
-1.21944 -0.5
-1.21919 -0.7
-1.21895 -0.9
-1.2187 -1.1
-1.21846 -1.3
-1.21822 -1.5
-1.21797 -1.6
-1.21773 -1.8
-1.21748 -2.0
-1.21724 -2.2
-1.217 -2.3
-1.21675 -2.5
-1.21651 -2.7
-1.21626 -2.8
-1.21602 -3.0
-1.21577 -3.1
-1.21553 -3.3
-1.21529 -3.4
-1.21504 -3.6
-1.2148 -3.7
-1.21455 -3.8
-1.21431 -3.9
-1.21407 -4.0
-1.21382 -4.1
-1.21358 -4.2
-1.21333 -4.3
-1.21309 -4.4
-1.21284 -4.5
-1.2126 -4.5
-1.21236 -4.6
-1.21211 -4.6
-1.21187 -4.7
-1.21162 -4.7
-1.21138 -4.7
-1.21114 -4.7
-1.21089 -4.7
-1.21065 -4.7
-1.2104 -4.7
-1.21016 -4.7
-1.20992 -4.7
-1.20967 -4.7
-1.20943 -4.6
-1.20918 -4.6
-1.20894 -4.5
-1.20869 -4.5
-1.20845 -4.4
-1.20821 -4.3
-1.20796 -4.2
-1.20772 -4.1
-1.20747 -4.0
-1.20723 -3.9
-1.20699 -3.8
-1.20674 -3.7
-1.2065 -3.6
-1.20625 -3.5
-1.20601 -3.3
-1.20576 -3.2
-1.20552 -3.0
-1.20528 -2.9
-1.20503 -2.7
-1.20479 -2.6
-1.20454 -2.4
-1.2043 -2.2
-1.20406 -2.0
-1.20381 -1.9
-1.20357 -1.7
-1.20332 -1.5
-1.20308 -1.3
-1.20284 -1.1
-1.20259 -0.9
-1.20235 -0.7
-1.2021 -0.5
-1.20186 -0.3
-1.20161 -0.1
-1.20137 0.0
-1.20113 0.3
-1.20088 0.4
-1.20064 0.6
-1.20039 0.8
-1.20015 1.0
-1.19991 1.2
-1.19966 1.4
-1.19942 1.6
-1.19917 1.8
-1.19893 2.0
-1.19868 2.1
-1.19844 2.3
-1.1982 2.5
-1.19795 2.6
-1.19771 2.8
-1.19746 3.0
-1.19722 3.1
-1.19698 3.3
-1.19673 3.4
-1.19649 3.5
-1.19624 3.7
-1.196 3.8
-1.19576 3.9
-1.19551 4.0
-1.19527 4.1
-1.19502 4.2
-1.19478 4.3
-1.19453 4.4
-1.19429 4.5
-1.19405 4.5
-1.1938 4.6
-1.19356 4.6
-1.19331 4.7
-1.19307 4.7
-1.19283 4.7
-1.19258 4.8
-1.19234 4.8
-1.19209 4.8
-1.19185 4.8
-1.1916 4.7
-1.19136 4.7
-1.19112 4.7
-1.19087 4.7
-1.19063 4.6
-1.19038 4.6
-1.19014 4.5
-1.1899 4.4
-1.18965 4.3
-1.18941 4.3
-1.18916 4.2
-1.18892 4.1
-1.18867 4.0
-1.18843 3.8
-1.18819 3.7
-1.18794 3.6
-1.1877 3.5
-1.18745 3.3
-1.18721 3.2
-1.18697 3.0
-1.18672 2.9
-1.18648 2.7
-1.18623 2.6
-1.18599 2.4
-1.18575 2.2
-1.1855 2.0
-1.18526 1.9
-1.18501 1.7
-1.18477 1.5
-1.18452 1.3
-1.18428 1.1
-1.18404 0.9
-1.18379 0.7
-1.18355 0.5
-1.1833 0.3
-1.18306 0.1
-1.18282 0.0
-1.18257 -0.3
-1.18233 -0.5
-1.18208 -0.7
-1.18184 -0.9
-1.18159 -1.1
-1.18135 -1.3
-1.18111 -1.4
-1.18086 -1.6
-1.18062 -1.8
-1.18037 -2.0
-1.18013 -2.2
-1.17989 -2.4
-1.17964 -2.5
-1.1794 -2.7
-1.17915 -2.9
-1.17891 -3.0
-1.17867 -3.2
-1.17842 -3.3
-1.17818 -3.4
-1.17793 -3.6
-1.17769 -3.7
-1.17744 -3.8
-1.1772 -3.9
-1.17696 -4.1
-1.17671 -4.2
-1.17647 -4.3
-1.17622 -4.3
-1.17598 -4.4
-1.17574 -4.5
-1.17549 -4.6
-1.17525 -4.6
-1.175 -4.7
-1.17476 -4.7
-1.17451 -4.7
-1.17427 -4.8
-1.17403 -4.8
-1.17378 -4.8
-1.17354 -4.8
-1.17329 -4.8
-1.17305 -4.8
-1.17281 -4.7
-1.17256 -4.7
-1.17232 -4.7
-1.17207 -4.6
-1.17183 -4.5
-1.17159 -4.5
-1.17134 -4.4
-1.1711 -4.3
-1.17085 -4.2
-1.17061 -4.1
-1.17036 -4.0
-1.17012 -3.9
-1.16988 -3.8
-1.16963 -3.7
-1.16939 -3.6
-1.16914 -3.4
-1.1689 -3.3
-1.16866 -3.1
-1.16841 -3.0
-1.16817 -2.8
-1.16792 -2.7
-1.16768 -2.5
-1.16743 -2.3
-1.16719 -2.1
-1.16695 -2.0
-1.1667 -1.8
-1.16646 -1.6
-1.16621 -1.4
-1.16597 -1.2
-1.16573 -1.0
-1.16548 -0.8
-1.16524 -0.6
-1.16499 -0.4
-1.16475 -0.2
-1.16451 0.0
-1.16426 0.2
-1.16402 0.4
-1.16377 0.6
-1.16353 0.8
-1.16328 1.0
-1.16304 1.2
-1.1628 1.4
-1.16255 1.6
-1.16231 1.7
-1.16206 1.9
-1.16182 2.1
-1.16158 2.3
-1.16133 2.5
-1.16109 2.6
-1.16084 2.8
-1.1606 3.0
-1.16035 3.1
-1.16011 3.3
-1.15987 3.4
-1.15962 3.5
-1.15938 3.7
-1.15913 3.8
-1.15889 3.9
-1.15865 4.0
-1.1584 4.1
-1.15816 4.2
-1.15791 4.3
-1.15767 4.4
-1.15742 4.5
-1.15718 4.6
-1.15694 4.6
-1.15669 4.7
-1.15645 4.7
-1.1562 4.7
-1.15596 4.8
-1.15572 4.8
-1.15547 4.8
-1.15523 4.8
-1.15498 4.8
-1.15474 4.8
-1.1545 4.8
-1.15425 4.7
-1.15401 4.7
-1.15376 4.6
-1.15352 4.6
-1.15327 4.5
-1.15303 4.4
-1.15279 4.4
-1.15254 4.3
-1.1523 4.2
-1.15205 4.1
-1.15181 4.0
-1.15157 3.8
-1.15132 3.7
-1.15108 3.6
-1.15083 3.5
-1.15059 3.3
-1.15034 3.2
-1.1501 3.0
-1.14986 2.8
-1.14961 2.7
-1.14937 2.5
-1.14912 2.3
-1.14888 2.2
-1.14864 2.0
-1.14839 1.8
-1.14815 1.6
-1.1479 1.4
-1.14766 1.2
-1.14742 1.0
-1.14717 0.8
-1.14693 0.6
-1.14668 0.4
-1.14644 0.2
-1.14619 0.0
-1.14595 -0.2
-1.14571 -0.4
-1.14546 -0.6
-1.14522 -0.8
-1.14497 -1.0
-1.14473 -1.2
-1.14449 -1.4
-1.14424 -1.6
-1.144 -1.8
-1.14375 -1.9
-1.14351 -2.1
-1.14326 -2.3
-1.14302 -2.5
-1.14278 -2.6
-1.14253 -2.8
-1.14229 -3.0
-1.14204 -3.1
-1.1418 -3.3
-1.14156 -3.4
-1.14131 -3.6
-1.14107 -3.7
-1.14082 -3.8
-1.14058 -3.9
-1.14034 -4.1
-1.14009 -4.2
-1.13985 -4.3
-1.1396 -4.4
-1.13936 -4.4
-1.13911 -4.5
-1.13887 -4.6
-1.13863 -4.6
-1.13838 -4.7
-1.13814 -4.7
-1.13789 -4.8
-1.13765 -4.8
-1.13741 -4.8
-1.13716 -4.8
-1.13692 -4.8
-1.13667 -4.8
-1.13643 -4.8
-1.13618 -4.8
-1.13594 -4.7
-1.1357 -4.7
-1.13545 -4.6
-1.13521 -4.6
-1.13496 -4.5
-1.13472 -4.4
-1.13448 -4.4
-1.13423 -4.3
-1.13399 -4.2
-1.13374 -4.1
-1.1335 -3.9
-1.13326 -3.8
-1.13301 -3.7
-1.13277 -3.6
-1.13252 -3.4
-1.13228 -3.3
-1.13203 -3.1
-1.13179 -3.0
-1.13155 -2.8
-1.1313 -2.6
-1.13106 -2.5
-1.13081 -2.3
-1.13057 -2.1
-1.13033 -1.9
-1.13008 -1.7
-1.12984 -1.6
-1.12959 -1.4
-1.12935 -1.2
-1.1291 -1.0
-1.12886 -0.8
-1.12862 -0.6
-1.12837 -0.4
-1.12813 -0.2
-1.12788 0.0
-1.12764 0.3
-1.1274 0.5
-1.12715 0.7
-1.12691 0.9
-1.12666 1.1
-1.12642 1.3
-1.12617 1.5
-1.12593 1.6
-1.12569 1.8
-1.12544 2.0
-1.1252 2.2
-1.12495 2.4
-1.12471 2.6
-1.12447 2.7
-1.12422 2.9
-1.12398 3.1
-1.12373 3.2
-1.12349 3.4
-1.12325 3.5
-1.123 3.6
-1.12276 3.8
-1.12251 3.9
-1.12227 4.0
-1.12202 4.1
-1.12178 4.2
-1.12154 4.3
-1.12129 4.4
-1.12105 4.5
-1.1208 4.6
-1.12056 4.6
-1.12032 4.7
-1.12007 4.7
-1.11983 4.8
-1.11958 4.8
-1.11934 4.8
-1.11909 4.8
-1.11885 4.8
-1.11861 4.8
-1.11836 4.8
-1.11812 4.8
-1.11787 4.8
-1.11763 4.7
-1.11739 4.7
-1.11714 4.6
-1.1169 4.6
-1.11665 4.5
-1.11641 4.4
-1.11617 4.3
-1.11592 4.2
-1.11568 4.1
-1.11543 4.0
-1.11519 3.9
-1.11494 3.8
-1.1147 3.6
-1.11446 3.5
-1.11421 3.3
-1.11397 3.2
-1.11372 3.0
-1.11348 2.9
-1.11324 2.7
-1.11299 2.5
-1.11275 2.4
-1.1125 2.2
-1.11226 2.0
-1.11201 1.8
-1.11177 1.6
-1.11153 1.4
-1.11128 1.2
-1.11104 1.0
-1.11079 0.8
-1.11055 0.6
-1.11031 0.4
-1.11006 0.2
-1.10982 0.0
-1.10957 -0.2
-1.10933 -0.4
-1.10909 -0.6
-1.10884 -0.8
-1.1086 -1.0
-1.10835 -1.2
-1.10811 -1.4
-1.10786 -1.6
-1.10762 -1.8
-1.10738 -2.0
-1.10713 -2.2
-1.10689 -2.4
-1.10664 -2.5
-1.1064 -2.7
-1.10616 -2.9
-1.10591 -3.1
-1.10567 -3.2
-1.10542 -3.4
-1.10518 -3.5
-1.10493 -3.6
-1.10469 -3.8
-1.10445 -3.9
-1.1042 -4.0
-1.10396 -4.1
-1.10371 -4.2
-1.10347 -4.3
-1.10323 -4.4
-1.10298 -4.5
-1.10274 -4.6
-1.10249 -4.6
-1.10225 -4.7
-1.10201 -4.7
-1.10176 -4.8
-1.10152 -4.8
-1.10127 -4.8
-1.10103 -4.8
-1.10078 -4.9
-1.10054 -4.8
-1.1003 -4.8
-1.10005 -4.8
-1.09981 -4.8
-1.09956 -4.7
-1.09932 -4.7
-1.09908 -4.6
-1.09883 -4.6
-1.09859 -4.5
-1.09834 -4.4
-1.0981 -4.3
-1.09785 -4.2
-1.09761 -4.1
-1.09737 -4.0
-1.09712 -3.9
-1.09688 -3.8
-1.09663 -3.6
-1.09639 -3.5
-1.09615 -3.3
-1.0959 -3.2
-1.09566 -3.0
-1.09541 -2.9
-1.09517 -2.7
-1.09492 -2.5
-1.09468 -2.3
-1.09444 -2.2
-1.09419 -2.0
-1.09395 -1.8
-1.0937 -1.6
-1.09346 -1.4
-1.09322 -1.2
-1.09297 -1.0
-1.09273 -0.8
-1.09248 -0.6
-1.09224 -0.4
-1.092 -0.2
-1.09175 0.0
-1.09151 0.3
-1.09126 0.5
-1.09102 0.7
-1.09077 0.9
-1.09053 1.1
-1.09029 1.3
-1.09004 1.5
-1.0898 1.7
-1.08955 1.9
-1.08931 2.1
-1.08907 2.2
-1.08882 2.4
-1.08858 2.6
-1.08833 2.8
-1.08809 3.0
-1.08784 3.1
-1.0876 3.3
-1.08736 3.4
-1.08711 3.6
-1.08687 3.7
-1.08662 3.8
-1.08638 4.0
-1.08614 4.1
-1.08589 4.2
-1.08565 4.3
-1.0854 4.4
-1.08516 4.5
-1.08492 4.6
-1.08467 4.6
-1.08443 4.7
-1.08418 4.7
-1.08394 4.8
-1.08369 4.8
-1.08345 4.8
-1.08321 4.9
-1.08296 4.9
-1.08272 4.9
-1.08247 4.9
-1.08223 4.8
-1.08199 4.8
-1.08174 4.8
-1.0815 4.7
-1.08125 4.7
-1.08101 4.6
-1.08076 4.6
-1.08052 4.5
-1.08028 4.4
-1.08003 4.3
-1.07979 4.2
-1.07954 4.1
-1.0793 4.0
-1.07906 3.8
-1.07881 3.7
-1.07857 3.6
-1.07832 3.4
-1.07808 3.3
-1.07784 3.1
-1.07759 2.9
-1.07735 2.8
-1.0771 2.6
-1.07686 2.4
-1.07661 2.2
-1.07637 2.1
-1.07613 1.9
-1.07588 1.7
-1.07564 1.5
-1.07539 1.3
-1.07515 1.1
-1.07491 0.9
-1.07466 0.7
-1.07442 0.4
-1.07417 0.2
-1.07393 0.0
-1.07368 -0.2
-1.07344 -0.4
-1.0732 -0.6
-1.07295 -0.8
-1.07271 -1.0
-1.07246 -1.2
-1.07222 -1.4
-1.07198 -1.6
-1.07173 -1.8
-1.07149 -2.0
-1.07124 -2.2
-1.071 -2.4
-1.07076 -2.6
-1.07051 -2.7
-1.07027 -2.9
-1.07002 -3.1
-1.06978 -3.2
-1.06953 -3.4
-1.06929 -3.5
-1.06905 -3.7
-1.0688 -3.8
-1.06856 -3.9
-1.06831 -4.1
-1.06807 -4.2
-1.06783 -4.3
-1.06758 -4.4
-1.06734 -4.5
-1.06709 -4.6
-1.06685 -4.6
-1.0666 -4.7
-1.06636 -4.7
-1.06612 -4.8
-1.06587 -4.8
-1.06563 -4.9
-1.06538 -4.9
-1.06514 -4.9
-1.0649 -4.9
-1.06465 -4.9
-1.06441 -4.9
-1.06416 -4.8
-1.06392 -4.8
-1.06367 -4.8
-1.06343 -4.7
-1.06319 -4.6
-1.06294 -4.6
-1.0627 -4.5
-1.06245 -4.4
-1.06221 -4.3
-1.06197 -4.2
-1.06172 -4.1
-1.06148 -4.0
-1.06123 -3.9
-1.06099 -3.7
-1.06075 -3.6
-1.0605 -3.4
-1.06026 -3.3
-1.06001 -3.1
-1.05977 -3.0
-1.05952 -2.8
-1.05928 -2.6
-1.05904 -2.4
-1.05879 -2.2
-1.05855 -2.1
-1.0583 -1.9
-1.05806 -1.7
-1.05782 -1.5
-1.05757 -1.3
-1.05733 -1.1
-1.05708 -0.9
-1.05684 -0.6
-1.05659 -0.4
-1.05635 -0.2
-1.05611 0.0
-1.05586 0.2
-1.05562 0.4
-1.05537 0.6
-1.05513 0.8
-1.05489 1.0
-1.05464 1.2
-1.0544 1.4
-1.05415 1.7
-1.05391 1.8
-1.05367 2.0
-1.05342 2.2
-1.05318 2.4
-1.05293 2.6
-1.05269 2.8
-1.05244 3.0
-1.0522 3.1
-1.05196 3.3
-1.05171 3.4
-1.05147 3.6
-1.05122 3.7
-1.05098 3.9
-1.05074 4.0
-1.05049 4.1
-1.05025 4.2
-1.05 4.3
-1.04976 4.4
-1.04951 4.5
-1.04927 4.6
-1.04903 4.7
-1.04878 4.7
-1.04854 4.8
-1.04829 4.8
-1.04805 4.9
-1.04781 4.9
-1.04756 4.9
-1.04732 4.9
-1.04707 4.9
-1.04683 4.9
-1.04659 4.9
-1.04634 4.8
-1.0461 4.8
-1.04585 4.8
-1.04561 4.7
-1.04536 4.6
-1.04512 4.6
-1.04488 4.5
-1.04463 4.4
-1.04439 4.3
-1.04414 4.2
-1.0439 4.1
-1.04366 4.0
-1.04341 3.8
-1.04317 3.7
-1.04292 3.5
-1.04268 3.4
-1.04243 3.2
-1.04219 3.1
-1.04195 2.9
-1.0417 2.7
-1.04146 2.5
-1.04121 2.4
-1.04097 2.2
-1.04073 2.0
-1.04048 1.8
-1.04024 1.6
-1.03999 1.4
-1.03975 1.2
-1.03951 1.0
-1.03926 0.8
-1.03902 0.5
-1.03877 0.3
-1.03853 0.1
-1.03828 0.0
-1.03804 -0.3
-1.0378 -0.5
-1.03755 -0.7
-1.03731 -0.9
-1.03706 -1.2
-1.03682 -1.4
-1.03658 -1.6
-1.03633 -1.8
-1.03609 -2.0
-1.03584 -2.2
-1.0356 -2.3
-1.03535 -2.5
-1.03511 -2.7
-1.03487 -2.9
-1.03462 -3.1
-1.03438 -3.2
-1.03413 -3.4
-1.03389 -3.5
-1.03365 -3.7
-1.0334 -3.8
-1.03316 -4.0
-1.03291 -4.1
-1.03267 -4.2
-1.03242 -4.3
-1.03218 -4.4
-1.03194 -4.5
-1.03169 -4.6
-1.03145 -4.7
-1.0312 -4.7
-1.03096 -4.8
-1.03072 -4.8
-1.03047 -4.9
-1.03023 -4.9
-1.02998 -4.9
-1.02974 -4.9
-1.0295 -4.9
-1.02925 -4.9
-1.02901 -4.9
-1.02876 -4.9
-1.02852 -4.8
-1.02827 -4.8
-1.02803 -4.7
-1.02779 -4.7
-1.02754 -4.6
-1.0273 -4.5
-1.02705 -4.4
-1.02681 -4.3
-1.02657 -4.2
-1.02632 -4.1
-1.02608 -4.0
-1.02583 -3.9
-1.02559 -3.7
-1.02534 -3.6
-1.0251 -3.4
-1.02486 -3.3
-1.02461 -3.1
-1.02437 -2.9
-1.02412 -2.8
-1.02388 -2.6
-1.02364 -2.4
-1.02339 -2.2
-1.02315 -2.0
-1.0229 -1.8
-1.02266 -1.6
-1.02242 -1.4
-1.02217 -1.2
-1.02193 -1.0
-1.02168 -0.8
-1.02144 -0.6
-1.02119 -0.4
-1.02095 -0.1
-1.02071 0.0
-1.02046 0.3
-1.02022 0.5
-1.01997 0.7
-1.01973 0.9
-1.01949 1.1
-1.01924 1.4
-1.019 1.6
-1.01875 1.8
-1.01851 2.0
-1.01826 2.2
-1.01802 2.4
-1.01778 2.5
-1.01753 2.7
-1.01729 2.9
-1.01704 3.1
-1.0168 3.2
-1.01656 3.4
-1.01631 3.6
-1.01607 3.7
-1.01582 3.8
-1.01558 4.0
-1.01534 4.1
-1.01509 4.2
-1.01485 4.3
-1.0146 4.4
-1.01436 4.5
-1.01411 4.6
-1.01387 4.7
-1.01363 4.7
-1.01338 4.8
-1.01314 4.8
-1.01289 4.9
-1.01265 4.9
-1.01241 4.9
-1.01216 4.9
-1.01192 4.9
-1.01167 4.9
-1.01143 4.9
-1.01118 4.9
-1.01094 4.9
-1.0107 4.8
-1.01045 4.7
-1.01021 4.7
-1.00996 4.6
-1.00972 4.5
-1.00948 4.4
-1.00923 4.3
-1.00899 4.2
-1.00874 4.1
-1.0085 4.0
-1.00826 3.9
-1.00801 3.7
-1.00777 3.6
-1.00752 3.4
-1.00728 3.2
-1.00703 3.1
-1.00679 2.9
-1.00655 2.7
-1.0063 2.5
-1.00606 2.4
-1.00581 2.2
-1.00557 2.0
-1.00533 1.8
-1.00508 1.6
-1.00484 1.3
-1.00459 1.1
-1.00435 0.9
-1.0041 0.7
-1.00386 0.5
-1.00362 0.3
-1.00337 0.0
-1.00313 -0.2
-1.00288 -0.4
-1.00264 -0.6
-1.0024 -0.8
-1.00215 -1.0
-1.00191 -1.2
-1.00166 -1.4
-1.00142 -1.7
-1.00117 -1.9
-1.00093 -2.1
-1.00069 -2.3
-1.00044 -2.4
-1.0002 -2.6
-0.99995 -2.8
-0.99971 -3.0
-0.99947 -3.2
-0.99922 -3.3
-0.99898 -3.5
-0.99873 -3.6
-0.99849 -3.8
-0.99825 -3.9
-0.998 -4.1
-0.99776 -4.2
-0.99751 -4.3
-0.99727 -4.4
-0.99702 -4.5
-0.99678 -4.6
-0.99654 -4.7
-0.99629 -4.7
-0.99605 -4.8
-0.9958 -4.8
-0.99556 -4.9
-0.99532 -4.9
-0.99507 -4.9
-0.99483 -5.0
-0.99458 -5.0
-0.99434 -5.0
-0.99409 -4.9
-0.99385 -4.9
-0.99361 -4.9
-0.99336 -4.8
-0.99312 -4.8
-0.99287 -4.7
-0.99263 -4.7
-0.99239 -4.6
-0.99214 -4.5
-0.9919 -4.4
-0.99165 -4.3
-0.99141 -4.2
-0.99117 -4.0
-0.99092 -3.9
-0.99068 -3.8
-0.99043 -3.6
-0.99019 -3.5
-0.98994 -3.3
-0.9897 -3.1
-0.98946 -3.0
-0.98921 -2.8
-0.98897 -2.6
-0.98872 -2.4
-0.98848 -2.2
-0.98824 -2.0
-0.98799 -1.8
-0.98775 -1.6
-0.9875 -1.4
-0.98726 -1.2
-0.98701 -1.0
-0.98677 -0.8
-0.98653 -0.5
-0.98628 -0.3
-0.98604 -0.1
-0.98579 0.1
-0.98555 0.3
-0.98531 0.6
-0.98506 0.8
-0.98482 1.0
-0.98457 1.2
-0.98433 1.4
-0.98409 1.6
-0.98384 1.8
-0.9836 2.0
-0.98335 2.2
-0.98311 2.4
-0.98286 2.6
-0.98262 2.8
-0.98238 3.0
-0.98213 3.2
-0.98189 3.3
-0.98164 3.5
-0.9814 3.6
-0.98116 3.8
-0.98091 3.9
-0.98067 4.1
-0.98042 4.2
-0.98018 4.3
-0.97993 4.4
-0.97969 4.5
-0.97945 4.6
-0.9792 4.7
-0.97896 4.8
-0.97871 4.8
-0.97847 4.9
-0.97823 4.9
-0.97798 4.9
-0.97774 5.0
-0.97749 5.0
-0.97725 5.0
-0.97701 5.0
-0.97676 5.0
-0.97652 4.9
-0.97627 4.9
-0.97603 4.9
-0.97578 4.8
-0.97554 4.7
-0.9753 4.7
-0.97505 4.6
-0.97481 4.5
-0.97456 4.4
-0.97432 4.3
-0.97408 4.2
-0.97383 4.0
-0.97359 3.9
-0.97334 3.8
-0.9731 3.6
-0.97285 3.5
-0.97261 3.3
-0.97237 3.1
-0.97212 3.0
-0.97188 2.8
-0.97163 2.6
-0.97139 2.4
-0.97115 2.2
-0.9709 2.0
-0.97066 1.8
-0.97041 1.6
-0.97017 1.4
-0.96992 1.2
-0.96968 0.9
-0.96944 0.7
-0.96919 0.5
-0.96895 0.3
-0.9687 0.0
-0.96846 -0.2
-0.96822 -0.4
-0.96797 -0.6
-0.96773 -0.8
-0.96748 -1.0
-0.96724 -1.3
-0.967 -1.5
-0.96675 -1.7
-0.96651 -1.9
-0.96626 -2.1
-0.96602 -2.3
-0.96577 -2.5
-0.96553 -2.7
-0.96529 -2.9
-0.96504 -3.1
-0.9648 -3.2
-0.96455 -3.4
-0.96431 -3.6
-0.96407 -3.7
-0.96382 -3.9
-0.96358 -4.0
-0.96333 -4.1
-0.96309 -4.2
-0.96284 -4.4
-0.9626 -4.5
-0.96236 -4.6
-0.96211 -4.6
-0.96187 -4.7
-0.96162 -4.8
-0.96138 -4.9
-0.96114 -4.9
-0.96089 -4.9
-0.96065 -5.0
-0.9604 -5.0
-0.96016 -5.0
-0.95992 -5.0
-0.95967 -5.0
-0.95943 -5.0
-0.95918 -4.9
-0.95894 -4.9
-0.95869 -4.9
-0.95845 -4.8
-0.95821 -4.7
-0.95796 -4.7
-0.95772 -4.6
-0.95747 -4.5
-0.95723 -4.4
-0.95699 -4.2
-0.95674 -4.1
-0.9565 -4.0
-0.95625 -3.9
-0.95601 -3.7
-0.95576 -3.6
-0.95552 -3.4
-0.95528 -3.2
-0.95503 -3.0
-0.95479 -2.9
-0.95454 -2.7
-0.9543 -2.5
-0.95406 -2.3
-0.95381 -2.1
-0.95357 -1.9
-0.95332 -1.7
-0.95308 -1.5
-0.95284 -1.2
-0.95259 -1.0
-0.95235 -0.8
-0.9521 -0.6
-0.95186 -0.4
-0.95161 -0.1
-0.95137 0.0
-0.95113 0.3
-0.95088 0.5
-0.95064 0.8
-0.95039 1.0
-0.95015 1.2
-0.94991 1.4
-0.94966 1.6
-0.94942 1.8
-0.94917 2.1
-0.94893 2.3
-0.94868 2.5
-0.94844 2.7
-0.9482 2.8
-0.94795 3.0
-0.94771 3.2
-0.94746 3.4
-0.94722 3.5
-0.94698 3.7
-0.94673 3.8
-0.94649 4.0
-0.94624 4.1
-0.946 4.2
-0.94576 4.4
-0.94551 4.5
-0.94527 4.6
-0.94502 4.7
-0.94478 4.7
-0.94453 4.8
-0.94429 4.9
-0.94405 4.9
-0.9438 5.0
-0.94356 5.0
-0.94331 5.0
-0.94307 5.0
-0.94283 5.0
-0.94258 5.0
-0.94234 5.0
-0.94209 5.0
-0.94185 4.9
-0.9416 4.9
-0.94136 4.8
-0.94112 4.8
-0.94087 4.7
-0.94063 4.6
-0.94038 4.5
-0.94014 4.4
-0.9399 4.3
-0.93965 4.1
-0.93941 4.0
-0.93916 3.9
-0.93892 3.7
-0.93867 3.6
-0.93843 3.4
-0.93819 3.2
-0.93794 3.1
-0.9377 2.9
-0.93745 2.7
-0.93721 2.5
-0.93697 2.3
-0.93672 2.1
-0.93648 1.9
-0.93623 1.7
-0.93599 1.4
-0.93575 1.2
-0.9355 1.0
-0.93526 0.8
-0.93501 0.6
-0.93477 0.3
-0.93452 0.1
-0.93428 -0.1
-0.93404 -0.3
-0.93379 -0.6
-0.93355 -0.8
-0.9333 -1.0
-0.93306 -1.2
-0.93282 -1.5
-0.93257 -1.7
-0.93233 -1.9
-0.93208 -2.1
-0.93184 -2.3
-0.93159 -2.5
-0.93135 -2.7
-0.93111 -2.9
-0.93086 -3.1
-0.93062 -3.2
-0.93037 -3.4
-0.93013 -3.6
-0.92989 -3.7
-0.92964 -3.9
-0.9294 -4.0
-0.92915 -4.2
-0.92891 -4.3
-0.92867 -4.4
-0.92842 -4.5
-0.92818 -4.6
-0.92793 -4.7
-0.92769 -4.8
-0.92744 -4.8
-0.9272 -4.9
-0.92696 -5.0
-0.92671 -5.0
-0.92647 -5.0
-0.92622 -5.0
-0.92598 -5.0
-0.92574 -5.0
-0.92549 -5.0
-0.92525 -5.0
-0.925 -5.0
-0.92476 -4.9
-0.92451 -4.9
-0.92427 -4.8
-0.92403 -4.7
-0.92378 -4.7
-0.92354 -4.6
-0.92329 -4.5
-0.92305 -4.4
-0.92281 -4.2
-0.92256 -4.1
-0.92232 -4.0
-0.92207 -3.8
-0.92183 -3.7
-0.92159 -3.5
-0.92134 -3.3
-0.9211 -3.2
-0.92085 -3.0
-0.92061 -2.8
-0.92036 -2.6
-0.92012 -2.4
-0.91988 -2.2
-0.91963 -2.0
-0.91939 -1.8
-0.91914 -1.6
-0.9189 -1.3
-0.91866 -1.1
-0.91841 -0.9
-0.91817 -0.7
-0.91792 -0.4
-0.91768 -0.2
-0.91743 0.0
-0.91719 0.2
-0.91695 0.5
-0.9167 0.7
-0.91646 0.9
-0.91621 1.2
-0.91597 1.4
-0.91573 1.6
-0.91548 1.8
-0.91524 2.0
-0.91499 2.2
-0.91475 2.4
-0.91451 2.6
-0.91426 2.8
-0.91402 3.0
-0.91377 3.2
-0.91353 3.4
-0.91328 3.5
-0.91304 3.7
-0.9128 3.9
-0.91255 4.0
-0.91231 4.1
-0.91206 4.3
-0.91182 4.4
-0.91158 4.5
-0.91133 4.6
-0.91109 4.7
-0.91084 4.8
-0.9106 4.8
-0.91035 4.9
-0.91011 5.0
-0.90987 5.0
-0.90962 5.0
-0.90938 5.1
-0.90913 5.1
-0.90889 5.1
-0.90865 5.1
-0.9084 5.0
-0.90816 5.0
-0.90791 5.0
-0.90767 4.9
-0.90742 4.8
-0.90718 4.8
-0.90694 4.7
-0.90669 4.6
-0.90645 4.5
-0.9062 4.4
-0.90596 4.3
-0.90572 4.1
-0.90547 4.0
-0.90523 3.9
-0.90498 3.7
-0.90474 3.5
-0.9045 3.4
-0.90425 3.2
-0.90401 3.0
-0.90376 2.8
-0.90352 2.6
-0.90327 2.4
-0.90303 2.2
-0.90279 2.0
-0.90254 1.8
-0.9023 1.6
-0.90205 1.4
-0.90181 1.1
-0.90157 0.9
-0.90132 0.7
-0.90108 0.4
-0.90083 0.2
-0.90059 0.0
-0.90034 -0.2
-0.9001 -0.5
-0.89986 -0.7
-0.89961 -0.9
-0.89937 -1.2
-0.89912 -1.4
-0.89888 -1.6
-0.89864 -1.8
-0.89839 -2.0
-0.89815 -2.3
-0.8979 -2.5
-0.89766 -2.7
-0.89742 -2.9
-0.89717 -3.0
-0.89693 -3.2
-0.89668 -3.4
-0.89644 -3.6
-0.89619 -3.7
-0.89595 -3.9
-0.89571 -4.0
-0.89546 -4.2
-0.89522 -4.3
-0.89497 -4.4
-0.89473 -4.5
-0.89449 -4.6
-0.89424 -4.7
-0.894 -4.8
-0.89375 -4.9
-0.89351 -4.9
-0.89326 -5.0
-0.89302 -5.0
-0.89278 -5.1
-0.89253 -5.1
-0.89229 -5.1
-0.89204 -5.1
-0.8918 -5.1
-0.89156 -5.1
-0.89131 -5.0
-0.89107 -5.0
-0.89082 -4.9
-0.89058 -4.9
-0.89034 -4.8
-0.89009 -4.7
-0.88985 -4.6
-0.8896 -4.5
-0.88936 -4.4
-0.88911 -4.3
-0.88887 -4.1
-0.88863 -4.0
-0.88838 -3.8
-0.88814 -3.7
-0.88789 -3.5
-0.88765 -3.3
-0.88741 -3.1
-0.88716 -3.0
-0.88692 -2.8
-0.88667 -2.6
-0.88643 -2.4
-0.88618 -2.2
-0.88594 -1.9
-0.8857 -1.7
-0.88545 -1.5
-0.88521 -1.3
-0.88496 -1.0
-0.88472 -0.8
-0.88448 -0.6
-0.88423 -0.3
-0.88399 -0.1
-0.88374 0.1
-0.8835 0.4
-0.88326 0.6
-0.88301 0.8
-0.88277 1.1
-0.88252 1.3
-0.88228 1.5
-0.88203 1.7
-0.88179 1.9
-0.88155 2.2
-0.8813 2.4
-0.88106 2.6
-0.88081 2.8
-0.88057 3.0
-0.88033 3.2
-0.88008 3.3
-0.87984 3.5
-0.87959 3.7
-0.87935 3.8
-0.8791 4.0
-0.87886 4.1
-0.87862 4.3
-0.87837 4.4
-0.87813 4.5
-0.87788 4.6
-0.87764 4.7
-0.8774 4.8
-0.87715 4.9
-0.87691 4.9
-0.87666 5.0
-0.87642 5.0
-0.87617 5.1
-0.87593 5.1
-0.87569 5.1
-0.87544 5.1
-0.8752 5.1
-0.87495 5.1
-0.87471 5.1
-0.87447 5.0
-0.87422 5.0
-0.87398 4.9
-0.87373 4.8
-0.87349 4.7
-0.87325 4.6
-0.873 4.5
-0.87276 4.4
-0.87251 4.3
-0.87227 4.2
-0.87202 4.0
-0.87178 3.9
-0.87154 3.7
-0.87129 3.6
-0.87105 3.4
-0.8708 3.2
-0.87056 3.0
-0.87032 2.8
-0.87007 2.6
-0.86983 2.4
-0.86958 2.2
-0.86934 2.0
-0.86909 1.8
-0.86885 1.5
-0.86861 1.3
-0.86836 1.1
-0.86812 0.8
-0.86787 0.6
-0.86763 0.4
-0.86739 0.1
-0.86714 0.0
-0.8669 -0.3
-0.86665 -0.6
-0.86641 -0.8
-0.86617 -1.0
-0.86592 -1.3
-0.86568 -1.5
-0.86543 -1.7
-0.86519 -1.9
-0.86494 -2.2
-0.8647 -2.4
-0.86446 -2.6
-0.86421 -2.8
-0.86397 -3.0
-0.86372 -3.2
-0.86348 -3.4
-0.86324 -3.5
-0.86299 -3.7
-0.86275 -3.9
-0.8625 -4.0
-0.86226 -4.2
-0.86201 -4.3
-0.86177 -4.4
-0.86153 -4.5
-0.86128 -4.6
-0.86104 -4.7
-0.86079 -4.8
-0.86055 -4.9
-0.86031 -5.0
-0.86006 -5.0
-0.85982 -5.1
-0.85957 -5.1
-0.85933 -5.1
-0.85909 -5.1
-0.85884 -5.1
-0.8586 -5.1
-0.85835 -5.1
-0.85811 -5.1
-0.85786 -5.0
-0.85762 -5.0
-0.85738 -4.9
-0.85713 -4.8
-0.85689 -4.7
-0.85664 -4.6
-0.8564 -4.5
-0.85616 -4.4
-0.85591 -4.3
-0.85567 -4.2
-0.85542 -4.0
-0.85518 -3.9
-0.85493 -3.7
-0.85469 -3.5
-0.85445 -3.3
-0.8542 -3.2
-0.85396 -3.0
-0.85371 -2.8
-0.85347 -2.6
-0.85323 -2.4
-0.85298 -2.1
-0.85274 -1.9
-0.85249 -1.7
-0.85225 -1.5
-0.85201 -1.2
-0.85176 -1.0
-0.85152 -0.8
-0.85127 -0.5
-0.85103 -0.3
-0.85078 0.0
-0.85054 0.2
-0.8503 0.4
-0.85005 0.7
-0.84981 0.9
-0.84956 1.1
-0.84932 1.4
-0.84908 1.6
-0.84883 1.8
-0.84859 2.0
-0.84834 2.3
-0.8481 2.5
-0.84785 2.7
-0.84761 2.9
-0.84737 3.1
-0.84712 3.3
-0.84688 3.5
-0.84663 3.6
-0.84639 3.8
-0.84615 4.0
-0.8459 4.1
-0.84566 4.2
-0.84541 4.4
-0.84517 4.5
-0.84492 4.6
-0.84468 4.7
-0.84444 4.8
-0.84419 4.9
-0.84395 5.0
-0.8437 5.0
-0.84346 5.1
-0.84322 5.1
-0.84297 5.1
-0.84273 5.2
-0.84248 5.2
-0.84224 5.2
-0.842 5.1
-0.84175 5.1
-0.84151 5.1
-0.84126 5.0
-0.84102 5.0
-0.84077 4.9
-0.84053 4.8
-0.84029 4.7
-0.84004 4.6
-0.8398 4.5
-0.83955 4.4
-0.83931 4.2
-0.83907 4.1
-0.83882 3.9
-0.83858 3.8
-0.83833 3.6
-0.83809 3.4
-0.83784 3.2
-0.8376 3.0
-0.83736 2.8
-0.83711 2.6
-0.83687 2.4
-0.83662 2.2
-0.83638 2.0
-0.83614 1.8
-0.83589 1.5
-0.83565 1.3
-0.8354 1.1
-0.83516 0.8
-0.83492 0.6
-0.83467 0.3
-0.83443 0.1
-0.83418 -0.1
-0.83394 -0.4
-0.83369 -0.6
-0.83345 -0.9
-0.83321 -1.1
-0.83296 -1.3
-0.83272 -1.6
-0.83247 -1.8
-0.83223 -2.0
-0.83199 -2.2
-0.83174 -2.5
-0.8315 -2.7
-0.83125 -2.9
-0.83101 -3.1
-0.83076 -3.3
-0.83052 -3.5
-0.83028 -3.6
-0.83003 -3.8
-0.82979 -4.0
-0.82954 -4.1
-0.8293 -4.3
-0.82906 -4.4
-0.82881 -4.5
-0.82857 -4.6
-0.82832 -4.7
-0.82808 -4.8
-0.82784 -4.9
-0.82759 -5.0
-0.82735 -5.0
-0.8271 -5.1
-0.82686 -5.1
-0.82661 -5.2
-0.82637 -5.2
-0.82613 -5.2
-0.82588 -5.2
-0.82564 -5.2
-0.82539 -5.1
-0.82515 -5.1
-0.82491 -5.0
-0.82466 -5.0
-0.82442 -4.9
-0.82417 -4.8
-0.82393 -4.7
-0.82368 -4.6
-0.82344 -4.5
-0.8232 -4.4
-0.82295 -4.2
-0.82271 -4.1
-0.82246 -3.9
-0.82222 -3.8
-0.82198 -3.6
-0.82173 -3.4
-0.82149 -3.2
-0.82124 -3.0
-0.821 -2.8
-0.82076 -2.6
-0.82051 -2.4
-0.82027 -2.2
-0.82002 -2.0
-0.81978 -1.7
-0.81953 -1.5
-0.81929 -1.3
-0.81905 -1.0
-0.8188 -0.8
-0.81856 -0.5
-0.81831 -0.3
-0.81807 0.0
-0.81783 0.2
-0.81758 0.4
-0.81734 0.7
-0.81709 0.9
-0.81685 1.2
-0.8166 1.4
-0.81636 1.6
-0.81612 1.9
-0.81587 2.1
-0.81563 2.3
-0.81538 2.5
-0.81514 2.8
-0.8149 3.0
-0.81465 3.2
-0.81441 3.3
-0.81416 3.5
-0.81392 3.7
-0.81367 3.9
-0.81343 4.0
-0.81319 4.2
-0.81294 4.3
-0.8127 4.5
-0.81245 4.6
-0.81221 4.7
-0.81197 4.8
-0.81172 4.9
-0.81148 5.0
-0.81123 5.0
-0.81099 5.1
-0.81075 5.1
-0.8105 5.2
-0.81026 5.2
-0.81001 5.2
-0.80977 5.2
-0.80952 5.2
-0.80928 5.2
-0.80904 5.1
-0.80879 5.1
-0.80855 5.0
-0.8083 5.0
-0.80806 4.9
-0.80782 4.8
-0.80757 4.7
-0.80733 4.6
-0.80708 4.4
-0.80684 4.3
-0.80659 4.2
-0.80635 4.0
-0.80611 3.8
-0.80586 3.7
-0.80562 3.5
-0.80537 3.3
-0.80513 3.1
-0.80489 2.9
-0.80464 2.7
-0.8044 2.5
-0.80415 2.3
-0.80391 2.0
-0.80367 1.8
-0.80342 1.6
-0.80318 1.3
-0.80293 1.1
-0.80269 0.9
-0.80244 0.6
-0.8022 0.4
-0.80196 0.1
-0.80171 -0.1
-0.80147 -0.4
-0.80122 -0.6
-0.80098 -0.9
-0.80074 -1.1
-0.80049 -1.4
-0.80025 -1.6
-0.8 -1.8
-0.79976 -2.1
-0.79951 -2.3
-0.79927 -2.5
-0.79903 -2.7
-0.79878 -2.9
-0.79854 -3.1
-0.79829 -3.3
-0.79805 -3.5
-0.79781 -3.7
-0.79756 -3.9
-0.79732 -4.0
-0.79707 -4.2
-0.79683 -4.3
-0.79659 -4.5
-0.79634 -4.6
-0.7961 -4.7
-0.79585 -4.8
-0.79561 -4.9
-0.79536 -5.0
-0.79512 -5.1
-0.79488 -5.1
-0.79463 -5.2
-0.79439 -5.2
-0.79414 -5.2
-0.7939 -5.2
-0.79366 -5.2
-0.79341 -5.2
-0.79317 -5.2
-0.79292 -5.2
-0.79268 -5.1
-0.79243 -5.0
-0.79219 -5.0
-0.79195 -4.9
-0.7917 -4.8
-0.79146 -4.7
-0.79121 -4.6
-0.79097 -4.5
-0.79073 -4.3
-0.79048 -4.2
-0.79024 -4.0
-0.78999 -3.9
-0.78975 -3.7
-0.78951 -3.5
-0.78926 -3.3
-0.78902 -3.1
-0.78877 -2.9
-0.78853 -2.7
-0.78828 -2.5
-0.78804 -2.3
-0.7878 -2.0
-0.78755 -1.8
-0.78731 -1.6
-0.78706 -1.3
-0.78682 -1.1
-0.78658 -0.8
-0.78633 -0.6
-0.78609 -0.3
-0.78584 0.0
-0.7856 0.2
-0.78535 0.4
-0.78511 0.7
-0.78487 0.9
-0.78462 1.2
-0.78438 1.4
-0.78413 1.7
-0.78389 1.9
-0.78365 2.1
-0.7834 2.4
-0.78316 2.6
-0.78291 2.8
-0.78267 3.0
-0.78242 3.2
-0.78218 3.4
-0.78194 3.6
-0.78169 3.8
-0.78145 3.9
-0.7812 4.1
-0.78096 4.3
-0.78072 4.4
-0.78047 4.5
-0.78023 4.7
-0.77998 4.8
-0.77974 4.9
-0.7795 5.0
-0.77925 5.0
-0.77901 5.1
-0.77876 5.2
-0.77852 5.2
-0.77827 5.2
-0.77803 5.2
-0.77779 5.3
-0.77754 5.2
-0.7773 5.2
-0.77705 5.2
-0.77681 5.2
-0.77657 5.1
-0.77632 5.0
-0.77608 5.0
-0.77583 4.9
-0.77559 4.8
-0.77534 4.7
-0.7751 4.5
-0.77486 4.4
-0.77461 4.3
-0.77437 4.1
-0.77412 3.9
-0.77388 3.8
-0.77364 3.6
-0.77339 3.4
-0.77315 3.2
-0.7729 3.0
-0.77266 2.8
-0.77242 2.6
-0.77217 2.4
-0.77193 2.1
-0.77168 1.9
-0.77144 1.7
-0.77119 1.4
-0.77095 1.2
-0.77071 0.9
-0.77046 0.7
-0.77022 0.4
-0.76997 0.2
-0.76973 0.0
-0.76949 -0.3
-0.76924 -0.6
-0.769 -0.9
-0.76875 -1.1
-0.76851 -1.3
-0.76826 -1.6
-0.76802 -1.8
-0.76778 -2.1
-0.76753 -2.3
-0.76729 -2.5
-0.76704 -2.7
-0.7668 -3.0
-0.76656 -3.2
-0.76631 -3.4
-0.76607 -3.6
-0.76582 -3.7
-0.76558 -3.9
-0.76534 -4.1
-0.76509 -4.2
-0.76485 -4.4
-0.7646 -4.5
-0.76436 -4.7
-0.76411 -4.8
-0.76387 -4.9
-0.76363 -5.0
-0.76338 -5.0
-0.76314 -5.1
-0.76289 -5.2
-0.76265 -5.2
-0.76241 -5.2
-0.76216 -5.3
-0.76192 -5.3
-0.76167 -5.3
-0.76143 -5.3
-0.76118 -5.2
-0.76094 -5.2
-0.7607 -5.1
-0.76045 -5.1
-0.76021 -5.0
-0.75996 -4.9
-0.75972 -4.8
-0.75948 -4.7
-0.75923 -4.6
-0.75899 -4.4
-0.75874 -4.3
-0.7585 -4.1
-0.75826 -4.0
-0.75801 -3.8
-0.75777 -3.6
-0.75752 -3.4
-0.75728 -3.2
-0.75703 -3.0
-0.75679 -2.8
-0.75655 -2.6
-0.7563 -2.4
-0.75606 -2.1
-0.75581 -1.9
-0.75557 -1.6
-0.75533 -1.4
-0.75508 -1.2
-0.75484 -0.9
-0.75459 -0.6
-0.75435 -0.4
-0.7541 -0.1
-0.75386 0.1
-0.75362 0.4
-0.75337 0.6
-0.75313 0.9
-0.75288 1.1
-0.75264 1.4
-0.7524 1.6
-0.75215 1.9
-0.75191 2.1
-0.75166 2.4
-0.75142 2.6
-0.75117 2.8
-0.75093 3.0
-0.75069 3.2
-0.75044 3.4
-0.7502 3.6
-0.74995 3.8
-0.74971 4.0
-0.74947 4.1
-0.74922 4.3
-0.74898 4.4
-0.74873 4.6
-0.74849 4.7
-0.74825 4.8
-0.748 4.9
-0.74776 5.0
-0.74751 5.1
-0.74727 5.2
-0.74702 5.2
-0.74678 5.3
-0.74654 5.3
-0.74629 5.3
-0.74605 5.3
-0.7458 5.3
-0.74556 5.3
-0.74532 5.2
-0.74507 5.2
-0.74483 5.1
-0.74458 5.1
-0.74434 5.0
-0.74409 4.9
-0.74385 4.8
-0.74361 4.7
-0.74336 4.5
-0.74312 4.4
-0.74287 4.2
-0.74263 4.1
-0.74239 3.9
-0.74214 3.7
-0.7419 3.5
-0.74165 3.3
-0.74141 3.1
-0.74117 2.9
-0.74092 2.7
-0.74068 2.5
-0.74043 2.2
-0.74019 2.0
-0.73994 1.8
-0.7397 1.5
-0.73946 1.3
-0.73921 1.0
-0.73897 0.8
-0.73872 0.5
-0.73848 0.2
-0.73824 0.0
-0.73799 -0.3
-0.73775 -0.5
-0.7375 -0.8
-0.73726 -1.0
-0.73701 -1.3
-0.73677 -1.6
-0.73653 -1.8
-0.73628 -2.0
-0.73604 -2.3
-0.73579 -2.5
-0.73555 -2.7
-0.73531 -3.0
-0.73506 -3.2
-0.73482 -3.4
-0.73457 -3.6
-0.73433 -3.8
-0.73409 -3.9
-0.73384 -4.1
-0.7336 -4.3
-0.73335 -4.4
-0.73311 -4.6
-0.73286 -4.7
-0.73262 -4.8
-0.73238 -4.9
-0.73213 -5.0
-0.73189 -5.1
-0.73164 -5.2
-0.7314 -5.2
-0.73116 -5.3
-0.73091 -5.3
-0.73067 -5.3
-0.73042 -5.3
-0.73018 -5.3
-0.72993 -5.3
-0.72969 -5.3
-0.72945 -5.2
-0.7292 -5.2
-0.72896 -5.1
-0.72871 -5.0
-0.72847 -4.9
-0.72823 -4.8
-0.72798 -4.7
-0.72774 -4.6
-0.72749 -4.4
-0.72725 -4.3
-0.72701 -4.1
-0.72676 -3.9
-0.72652 -3.8
-0.72627 -3.6
-0.72603 -3.4
-0.72578 -3.2
-0.72554 -2.9
-0.7253 -2.7
-0.72505 -2.5
-0.72481 -2.3
-0.72456 -2.0
-0.72432 -1.8
-0.72408 -1.5
-0.72383 -1.3
-0.72359 -1.0
-0.72334 -0.8
-0.7231 -0.5
-0.72285 -0.2
-0.72261 0.0
-0.72237 0.3
-0.72212 0.6
-0.72188 0.8
-0.72163 1.1
-0.72139 1.3
-0.72115 1.6
-0.7209 1.8
-0.72066 2.1
-0.72041 2.3
-0.72017 2.6
-0.71992 2.8
-0.71968 3.0
-0.71944 3.2
-0.71919 3.4
-0.71895 3.6
-0.7187 3.8
-0.71846 4.0
-0.71822 4.2
-0.71797 4.3
-0.71773 4.5
-0.71748 4.6
-0.71724 4.7
-0.717 4.9
-0.71675 5.0
-0.71651 5.1
-0.71626 5.1
-0.71602 5.2
-0.71577 5.3
-0.71553 5.3
-0.71529 5.3
-0.71504 5.3
-0.7148 5.4
-0.71455 5.3
-0.71431 5.3
-0.71407 5.3
-0.71382 5.2
-0.71358 5.2
-0.71333 5.1
-0.71309 5.0
-0.71284 4.9
-0.7126 4.8
-0.71236 4.7
-0.71211 4.5
-0.71187 4.4
-0.71162 4.2
-0.71138 4.1
-0.71114 3.9
-0.71089 3.7
-0.71065 3.5
-0.7104 3.3
-0.71016 3.1
-0.70992 2.9
-0.70967 2.6
-0.70943 2.4
-0.70918 2.2
-0.70894 1.9
-0.70869 1.7
-0.70845 1.4
-0.70821 1.2
-0.70796 0.9
-0.70772 0.6
-0.70747 0.4
-0.70723 0.0
-0.70699 -0.2
-0.70674 -0.4
-0.7065 -0.7
-0.70625 -1.0
-0.70601 -1.2
-0.70576 -1.5
-0.70552 -1.7
-0.70528 -2.0
-0.70503 -2.2
-0.70479 -2.5
-0.70454 -2.7
-0.7043 -2.9
-0.70406 -3.2
-0.70381 -3.4
-0.70357 -3.6
-0.70332 -3.8
-0.70308 -4.0
-0.70284 -4.1
-0.70259 -4.3
-0.70235 -4.5
-0.7021 -4.6
-0.70186 -4.7
-0.70161 -4.9
-0.70137 -5.0
-0.70113 -5.1
-0.70088 -5.1
-0.70064 -5.2
-0.70039 -5.3
-0.70015 -5.3
-0.69991 -5.4
-0.69966 -5.4
-0.69942 -5.4
-0.69917 -5.4
-0.69893 -5.3
-0.69868 -5.3
-0.69844 -5.3
-0.6982 -5.2
-0.69795 -5.1
-0.69771 -5.0
-0.69746 -4.9
-0.69722 -4.8
-0.69698 -4.7
-0.69673 -4.6
-0.69649 -4.4
-0.69624 -4.3
-0.696 -4.1
-0.69576 -3.9
-0.69551 -3.7
-0.69527 -3.5
-0.69502 -3.3
-0.69478 -3.1
-0.69453 -2.9
-0.69429 -2.7
-0.69405 -2.4
-0.6938 -2.2
-0.69356 -1.9
-0.69331 -1.7
-0.69307 -1.4
-0.69283 -1.2
-0.69258 -0.9
-0.69234 -0.6
-0.69209 -0.4
-0.69185 0.0
-0.6916 0.2
-0.69136 0.4
-0.69112 0.7
-0.69087 1.0
-0.69063 1.2
-0.69038 1.5
-0.69014 1.8
-0.6899 2.0
-0.68965 2.3
-0.68941 2.5
-0.68916 2.7
-0.68892 3.0
-0.68867 3.2
-0.68843 3.4
-0.68819 3.6
-0.68794 3.8
-0.6877 4.0
-0.68745 4.2
-0.68721 4.3
-0.68697 4.5
-0.68672 4.6
-0.68648 4.8
-0.68623 4.9
-0.68599 5.0
-0.68575 5.1
-0.6855 5.2
-0.68526 5.3
-0.68501 5.3
-0.68477 5.4
-0.68452 5.4
-0.68428 5.4
-0.68404 5.4
-0.68379 5.4
-0.68355 5.4
-0.6833 5.3
-0.68306 5.3
-0.68282 5.2
-0.68257 5.1
-0.68233 5.0
-0.68208 4.9
-0.68184 4.8
-0.68159 4.7
-0.68135 4.6
-0.68111 4.4
-0.68086 4.2
-0.68062 4.1
-0.68037 3.9
-0.68013 3.7
-0.67989 3.5
-0.67964 3.3
-0.6794 3.0
-0.67915 2.8
-0.67891 2.6
-0.67867 2.3
-0.67842 2.1
-0.67818 1.8
-0.67793 1.6
-0.67769 1.3
-0.67744 1.0
-0.6772 0.8
-0.67696 0.5
-0.67671 0.2
-0.67647 0.0
-0.67622 -0.3
-0.67598 -0.6
-0.67574 -0.9
-0.67549 -1.1
-0.67525 -1.4
-0.675 -1.7
-0.67476 -1.9
-0.67451 -2.2
-0.67427 -2.4
-0.67403 -2.7
-0.67378 -2.9
-0.67354 -3.1
-0.67329 -3.3
-0.67305 -3.6
-0.67281 -3.8
-0.67256 -4.0
-0.67232 -4.1
-0.67207 -4.3
-0.67183 -4.5
-0.67159 -4.6
-0.67134 -4.8
-0.6711 -4.9
-0.67085 -5.0
-0.67061 -5.1
-0.67036 -5.2
-0.67012 -5.3
-0.66988 -5.3
-0.66963 -5.4
-0.66939 -5.4
-0.66914 -5.4
-0.6689 -5.4
-0.66866 -5.4
-0.66841 -5.4
-0.66817 -5.4
-0.66792 -5.3
-0.66768 -5.3
-0.66743 -5.2
-0.66719 -5.1
-0.66695 -5.0
-0.6667 -4.9
-0.66646 -4.7
-0.66621 -4.6
-0.66597 -4.5
-0.66573 -4.3
-0.66548 -4.1
-0.66524 -3.9
-0.66499 -3.7
-0.66475 -3.5
-0.66451 -3.3
-0.66426 -3.1
-0.66402 -2.9
-0.66377 -2.6
-0.66353 -2.4
-0.66328 -2.1
-0.66304 -1.9
-0.6628 -1.6
-0.66255 -1.3
-0.66231 -1.1
-0.66206 -0.8
-0.66182 -0.5
-0.66158 -0.2
-0.66133 0.0
-0.66109 0.3
-0.66084 0.6
-0.6606 0.9
-0.66035 1.1
-0.66011 1.4
-0.65987 1.7
-0.65962 1.9
-0.65938 2.2
-0.65913 2.4
-0.65889 2.7
-0.65865 2.9
-0.6584 3.2
-0.65816 3.4
-0.65791 3.6
-0.65767 3.8
-0.65742 4.0
-0.65718 4.2
-0.65694 4.3
-0.65669 4.5
-0.65645 4.7
-0.6562 4.8
-0.65596 4.9
-0.65572 5.0
-0.65547 5.1
-0.65523 5.2
-0.65498 5.3
-0.65474 5.4
-0.6545 5.4
-0.65425 5.4
-0.65401 5.5
-0.65376 5.5
-0.65352 5.4
-0.65327 5.4
-0.65303 5.4
-0.65279 5.3
-0.65254 5.3
-0.6523 5.2
-0.65205 5.1
-0.65181 5.0
-0.65157 4.9
-0.65132 4.7
-0.65108 4.6
-0.65083 4.4
-0.65059 4.3
-0.65034 4.1
-0.6501 3.9
-0.64986 3.7
-0.64961 3.5
-0.64937 3.2
-0.64912 3.0
-0.64888 2.8
-0.64864 2.5
-0.64839 2.3
-0.64815 2.0
-0.6479 1.8
-0.64766 1.5
-0.64742 1.2
-0.64717 1.0
-0.64693 0.7
-0.64668 0.4
-0.64644 0.1
-0.64619 -0.2
-0.64595 -0.4
-0.64571 -0.7
-0.64546 -1.0
-0.64522 -1.3
-0.64497 -1.5
-0.64473 -1.8
-0.64449 -2.1
-0.64424 -2.3
-0.644 -2.6
-0.64375 -2.8
-0.64351 -3.1
-0.64326 -3.3
-0.64302 -3.5
-0.64278 -3.7
-0.64253 -3.9
-0.64229 -4.1
-0.64204 -4.3
-0.6418 -4.5
-0.64156 -4.6
-0.64131 -4.8
-0.64107 -4.9
-0.64082 -5.0
-0.64058 -5.1
-0.64034 -5.2
-0.64009 -5.3
-0.63985 -5.4
-0.6396 -5.4
-0.63936 -5.5
-0.63911 -5.5
-0.63887 -5.5
-0.63863 -5.5
-0.63838 -5.5
-0.63814 -5.4
-0.63789 -5.4
-0.63765 -5.3
-0.63741 -5.2
-0.63716 -5.1
-0.63692 -5.0
-0.63667 -4.9
-0.63643 -4.8
-0.63618 -4.6
-0.63594 -4.5
-0.6357 -4.3
-0.63545 -4.1
-0.63521 -3.9
-0.63496 -3.7
-0.63472 -3.5
-0.63448 -3.3
-0.63423 -3.1
-0.63399 -2.8
-0.63374 -2.6
-0.6335 -2.3
-0.63326 -2.1
-0.63301 -1.8
-0.63277 -1.5
-0.63252 -1.3
-0.63228 -1.0
-0.63203 -0.7
-0.63179 -0.4
-0.63155 -0.1
-0.6313 0.2
-0.63106 0.4
-0.63081 0.7
-0.63057 1.0
-0.63033 1.3
-0.63008 1.6
-0.62984 1.8
-0.62959 2.1
-0.62935 2.4
-0.6291 2.6
-0.62886 2.9
-0.62862 3.1
-0.62837 3.3
-0.62813 3.5
-0.62788 3.8
-0.62764 4.0
-0.6274 4.2
-0.62715 4.3
-0.62691 4.5
-0.62666 4.7
-0.62642 4.8
-0.62617 4.9
-0.62593 5.1
-0.62569 5.2
-0.62544 5.3
-0.6252 5.3
-0.62495 5.4
-0.62471 5.5
-0.62447 5.5
-0.62422 5.5
-0.62398 5.5
-0.62373 5.5
-0.62349 5.5
-0.62325 5.4
-0.623 5.4
-0.62276 5.3
-0.62251 5.2
-0.62227 5.1
-0.62202 5.0
-0.62178 4.9
-0.62154 4.8
-0.62129 4.6
-0.62105 4.5
-0.6208 4.3
-0.62056 4.1
-0.62032 3.9
-0.62007 3.7
-0.61983 3.5
-0.61958 3.2
-0.61934 3.0
-0.61909 2.8
-0.61885 2.5
-0.61861 2.2
-0.61836 2.0
-0.61812 1.7
-0.61787 1.4
-0.61763 1.1
-0.61739 0.9
-0.61714 0.6
-0.6169 0.3
-0.61665 0.0
-0.61641 -0.3
-0.61617 -0.6
-0.61592 -0.9
-0.61568 -1.1
-0.61543 -1.4
-0.61519 -1.7
-0.61494 -2.0
-0.6147 -2.2
-0.61446 -2.5
-0.61421 -2.8
-0.61397 -3.0
-0.61372 -3.2
-0.61348 -3.5
-0.61324 -3.7
-0.61299 -3.9
-0.61275 -4.1
-0.6125 -4.3
-0.61226 -4.5
-0.61201 -4.6
-0.61177 -4.8
-0.61153 -4.9
-0.61128 -5.1
-0.61104 -5.2
-0.61079 -5.3
-0.61055 -5.3
-0.61031 -5.4
-0.61006 -5.5
-0.60982 -5.5
-0.60957 -5.5
-0.60933 -5.5
-0.60909 -5.5
-0.60884 -5.5
-0.6086 -5.5
-0.60835 -5.4
-0.60811 -5.4
-0.60786 -5.3
-0.60762 -5.2
-0.60738 -5.1
-0.60713 -5.0
-0.60689 -4.8
-0.60664 -4.7
-0.6064 -4.5
-0.60616 -4.3
-0.60591 -4.1
-0.60567 -4.0
-0.60542 -3.7
-0.60518 -3.5
-0.60493 -3.3
-0.60469 -3.1
-0.60445 -2.8
-0.6042 -2.5
-0.60396 -2.3
-0.60371 -2.0
-0.60347 -1.7
-0.60323 -1.5
-0.60298 -1.2
-0.60274 -0.9
-0.60249 -0.6
-0.60225 -0.3
-0.60201 0.0
-0.60176 0.3
-0.60152 0.6
-0.60127 0.9
-0.60103 1.1
-0.60078 1.4
-0.60054 1.7
-0.6003 2.0
-0.60005 2.3
-0.59981 2.5
-0.59956 2.8
-0.59932 3.0
-0.59908 3.3
-0.59883 3.5
-0.59859 3.7
-0.59834 3.9
-0.5981 4.1
-0.59785 4.3
-0.59761 4.5
-0.59737 4.7
-0.59712 4.8
-0.59688 5.0
-0.59663 5.1
-0.59639 5.2
-0.59615 5.3
-0.5959 5.4
-0.59566 5.5
-0.59541 5.5
-0.59517 5.5
-0.59492 5.6
-0.59468 5.6
-0.59444 5.6
-0.59419 5.5
-0.59395 5.5
-0.5937 5.5
-0.59346 5.4
-0.59322 5.3
-0.59297 5.2
-0.59273 5.1
-0.59248 5.0
-0.59224 4.8
-0.592 4.7
-0.59175 4.5
-0.59151 4.3
-0.59126 4.1
-0.59102 3.9
-0.59077 3.7
-0.59053 3.5
-0.59029 3.2
-0.59004 3.0
-0.5898 2.7
-0.58955 2.5
-0.58931 2.2
-0.58907 1.9
-0.58882 1.6
-0.58858 1.4
-0.58833 1.1
-0.58809 0.8
-0.58784 0.5
-0.5876 0.2
-0.58736 -0.1
-0.58711 -0.4
-0.58687 -0.7
-0.58662 -1.0
-0.58638 -1.3
-0.58614 -1.6
-0.58589 -1.9
-0.58565 -2.1
-0.5854 -2.4
-0.58516 -2.7
-0.58492 -2.9
-0.58467 -3.2
-0.58443 -3.4
-0.58418 -3.6
-0.58394 -3.9
-0.58369 -4.1
-0.58345 -4.3
-0.58321 -4.5
-0.58296 -4.6
-0.58272 -4.8
-0.58247 -4.9
-0.58223 -5.1
-0.58199 -5.2
-0.58174 -5.3
-0.5815 -5.4
-0.58125 -5.5
-0.58101 -5.5
-0.58076 -5.6
-0.58052 -5.6
-0.58028 -5.6
-0.58003 -5.6
-0.57979 -5.6
-0.57954 -5.5
-0.5793 -5.5
-0.57906 -5.4
-0.57881 -5.3
-0.57857 -5.3
-0.57832 -5.1
-0.57808 -5.0
-0.57784 -4.9
-0.57759 -4.7
-0.57735 -4.5
-0.5771 -4.4
-0.57686 -4.2
-0.57661 -4.0
-0.57637 -3.7
-0.57613 -3.5
-0.57588 -3.3
-0.57564 -3.0
-0.57539 -2.8
-0.57515 -2.5
-0.57491 -2.2
-0.57466 -2.0
-0.57442 -1.7
-0.57417 -1.4
-0.57393 -1.1
-0.57368 -0.8
-0.57344 -0.5
-0.5732 -0.2
-0.57295 0.0
-0.57271 0.4
-0.57246 0.7
-0.57222 1.0
-0.57198 1.3
-0.57173 1.6
-0.57149 1.9
-0.57124 2.1
-0.571 2.4
-0.57076 2.7
-0.57051 2.9
-0.57027 3.2
-0.57002 3.4
-0.56978 3.7
-0.56953 3.9
-0.56929 4.1
-0.56905 4.3
-0.5688 4.5
-0.56856 4.7
-0.56831 4.8
-0.56807 5.0
-0.56783 5.1
-0.56758 5.2
-0.56734 5.3
-0.56709 5.4
-0.56685 5.5
-0.5666 5.6
-0.56636 5.6
-0.56612 5.6
-0.56587 5.6
-0.56563 5.6
-0.56538 5.6
-0.56514 5.6
-0.5649 5.5
-0.56465 5.4
-0.56441 5.4
-0.56416 5.3
-0.56392 5.1
-0.56367 5.0
-0.56343 4.9
-0.56319 4.7
-0.56294 4.5
-0.5627 4.3
-0.56245 4.1
-0.56221 3.9
-0.56197 3.7
-0.56172 3.5
-0.56148 3.2
-0.56123 3.0
-0.56099 2.7
-0.56075 2.4
-0.5605 2.1
-0.56026 1.9
-0.56001 1.6
-0.55977 1.3
-0.55952 1.0
-0.55928 0.7
-0.55904 0.4
-0.55879 0.0
-0.55855 -0.2
-0.5583 -0.5
-0.55806 -0.8
-0.55782 -1.1
-0.55757 -1.4
-0.55733 -1.7
-0.55708 -2.0
-0.55684 -2.3
-0.55659 -2.6
-0.55635 -2.8
-0.55611 -3.1
-0.55586 -3.4
-0.55562 -3.6
-0.55537 -3.8
-0.55513 -4.0
-0.55489 -4.3
-0.55464 -4.5
-0.5544 -4.6
-0.55415 -4.8
-0.55391 -5.0
-0.55367 -5.1
-0.55342 -5.2
-0.55318 -5.3
-0.55293 -5.4
-0.55269 -5.5
-0.55244 -5.6
-0.5522 -5.6
-0.55196 -5.7
-0.55171 -5.7
-0.55147 -5.7
-0.55122 -5.6
-0.55098 -5.6
-0.55074 -5.6
-0.55049 -5.5
-0.55025 -5.4
-0.55 -5.3
-0.54976 -5.2
-0.54951 -5.1
-0.54927 -4.9
-0.54903 -4.8
-0.54878 -4.6
-0.54854 -4.4
-0.54829 -4.2
-0.54805 -4.0
-0.54781 -3.8
-0.54756 -3.5
-0.54732 -3.3
-0.54707 -3.0
-0.54683 -2.7
-0.54659 -2.5
-0.54634 -2.2
-0.5461 -1.9
-0.54585 -1.6
-0.54561 -1.3
-0.54536 -1.0
-0.54512 -0.7
-0.54488 -0.4
-0.54463 0.0
-0.54439 0.2
-0.54414 0.5
-0.5439 0.8
-0.54366 1.1
-0.54341 1.4
-0.54317 1.7
-0.54292 2.0
-0.54268 2.3
-0.54243 2.6
-0.54219 2.9
-0.54195 3.1
-0.5417 3.4
-0.54146 3.6
-0.54121 3.9
-0.54097 4.1
-0.54073 4.3
-0.54048 4.5
-0.54024 4.7
-0.53999 4.9
-0.53975 5.0
-0.53951 5.2
-0.53926 5.3
-0.53902 5.4
-0.53877 5.5
-0.53853 5.6
-0.53828 5.6
-0.53804 5.7
-0.5378 5.7
-0.53755 5.7
-0.53731 5.7
-0.53706 5.7
-0.53682 5.6
-0.53658 5.6
-0.53633 5.5
-0.53609 5.4
-0.53584 5.3
-0.5356 5.2
-0.53535 5.0
-0.53511 4.9
-0.53487 4.7
-0.53462 4.5
-0.53438 4.3
-0.53413 4.1
-0.53389 3.9
-0.53365 3.7
-0.5334 3.4
-0.53316 3.2
-0.53291 2.9
-0.53267 2.7
-0.53242 2.4
-0.53218 2.1
-0.53194 1.8
-0.53169 1.5
-0.53145 1.2
-0.5312 0.9
-0.53096 0.6
-0.53072 0.2
-0.53047 0.0
-0.53023 -0.4
-0.52998 -0.7
-0.52974 -1.0
-0.5295 -1.3
-0.52925 -1.6
-0.52901 -1.9
-0.52876 -2.2
-0.52852 -2.5
-0.52827 -2.8
-0.52803 -3.0
-0.52779 -3.3
-0.52754 -3.6
-0.5273 -3.8
-0.52705 -4.0
-0.52681 -4.2
-0.52657 -4.5
-0.52632 -4.6
-0.52608 -4.8
-0.52583 -5.0
-0.52559 -5.1
-0.52534 -5.3
-0.5251 -5.4
-0.52486 -5.5
-0.52461 -5.6
-0.52437 -5.6
-0.52412 -5.7
-0.52388 -5.7
-0.52364 -5.7
-0.52339 -5.7
-0.52315 -5.7
-0.5229 -5.7
-0.52266 -5.6
-0.52242 -5.6
-0.52217 -5.5
-0.52193 -5.4
-0.52168 -5.2
-0.52144 -5.1
-0.52119 -5.0
-0.52095 -4.8
-0.52071 -4.6
-0.52046 -4.4
-0.52022 -4.2
-0.51997 -4.0
-0.51973 -3.7
-0.51949 -3.5
-0.51924 -3.2
-0.519 -3.0
-0.51875 -2.7
-0.51851 -2.4
-0.51826 -2.1
-0.51802 -1.8
-0.51778 -1.5
-0.51753 -1.2
-0.51729 -0.9
-0.51704 -0.6
-0.5168 -0.3
-0.51656 0.0
-0.51631 0.4
-0.51607 0.7
-0.51582 1.0
-0.51558 1.3
-0.51534 1.6
-0.51509 1.9
-0.51485 2.2
-0.5146 2.5
-0.51436 2.8
-0.51411 3.1
-0.51387 3.4
-0.51363 3.6
-0.51338 3.9
-0.51314 4.1
-0.51289 4.3
-0.51265 4.5
-0.51241 4.7
-0.51216 4.9
-0.51192 5.0
-0.51167 5.2
-0.51143 5.3
-0.51118 5.4
-0.51094 5.5
-0.5107 5.6
-0.51045 5.7
-0.51021 5.7
-0.50996 5.8
-0.50972 5.8
-0.50948 5.8
-0.50923 5.7
-0.50899 5.7
-0.50874 5.6
-0.5085 5.6
-0.50826 5.5
-0.50801 5.4
-0.50777 5.2
-0.50752 5.1
-0.50728 4.9
-0.50703 4.7
-0.50679 4.6
-0.50655 4.4
-0.5063 4.1
-0.50606 3.9
-0.50581 3.7
-0.50557 3.4
-0.50533 3.1
-0.50508 2.9
-0.50484 2.6
-0.50459 2.3
-0.50435 2.0
-0.5041 1.7
-0.50386 1.4
-0.50362 1.1
-0.50337 0.7
-0.50313 0.4
-0.50288 0.0
-0.50264 -0.2
-0.5024 -0.6
-0.50215 -0.9
-0.50191 -1.2
-0.50166 -1.5
-0.50142 -1.8
-0.50117 -2.1
-0.50093 -2.4
-0.50069 -2.7
-0.50044 -3.0
-0.5002 -3.3
-0.49995 -3.5
-0.49971 -3.8
-0.49947 -4.0
-0.49922 -4.3
-0.49898 -4.5
-0.49873 -4.7
-0.49849 -4.9
-0.49825 -5.0
-0.498 -5.2
-0.49776 -5.3
-0.49751 -5.4
-0.49727 -5.5
-0.49702 -5.6
-0.49678 -5.7
-0.49654 -5.8
-0.49629 -5.8
-0.49605 -5.8
-0.4958 -5.8
-0.49556 -5.8
-0.49532 -5.7
-0.49507 -5.7
-0.49483 -5.6
-0.49458 -5.5
-0.49434 -5.4
-0.49409 -5.3
-0.49385 -5.1
-0.49361 -5.0
-0.49336 -4.8
-0.49312 -4.6
-0.49287 -4.4
-0.49263 -4.2
-0.49239 -3.9
-0.49214 -3.7
-0.4919 -3.4
-0.49165 -3.2
-0.49141 -2.9
-0.49117 -2.6
-0.49092 -2.3
-0.49068 -2.0
-0.49043 -1.7
-0.49019 -1.4
-0.48994 -1.1
-0.4897 -0.7
-0.48946 -0.4
-0.48921 0.0
-0.48897 0.3
-0.48872 0.6
-0.48848 0.9
-0.48824 1.2
-0.48799 1.5
-0.48775 1.9
-0.4875 2.2
-0.48726 2.5
-0.48701 2.8
-0.48677 3.1
-0.48653 3.3
-0.48628 3.6
-0.48604 3.9
-0.48579 4.1
-0.48555 4.3
-0.48531 4.5
-0.48506 4.7
-0.48482 4.9
-0.48457 5.1
-0.48433 5.2
-0.48409 5.4
-0.48384 5.5
-0.4836 5.6
-0.48335 5.7
-0.48311 5.8
-0.48286 5.8
-0.48262 5.8
-0.48238 5.8
-0.48213 5.8
-0.48189 5.8
-0.48164 5.8
-0.4814 5.7
-0.48116 5.6
-0.48091 5.5
-0.48067 5.4
-0.48042 5.3
-0.48018 5.1
-0.47993 4.9
-0.47969 4.8
-0.47945 4.6
-0.4792 4.3
-0.47896 4.1
-0.47871 3.9
-0.47847 3.6
-0.47823 3.3
-0.47798 3.1
-0.47774 2.8
-0.47749 2.5
-0.47725 2.2
-0.47701 1.9
-0.47676 1.5
-0.47652 1.2
-0.47627 0.9
-0.47603 0.6
-0.47578 0.2
-0.47554 -0.1
-0.4753 -0.4
-0.47505 -0.8
-0.47481 -1.1
-0.47456 -1.4
-0.47432 -1.8
-0.47408 -2.1
-0.47383 -2.4
-0.47359 -2.7
-0.47334 -3.0
-0.4731 -3.3
-0.47285 -3.5
-0.47261 -3.8
-0.47237 -4.0
-0.47212 -4.3
-0.47188 -4.5
-0.47163 -4.7
-0.47139 -4.9
-0.47115 -5.1
-0.4709 -5.2
-0.47066 -5.4
-0.47041 -5.5
-0.47017 -5.6
-0.46992 -5.7
-0.46968 -5.8
-0.46944 -5.8
-0.46919 -5.9
-0.46895 -5.9
-0.4687 -5.9
-0.46846 -5.9
-0.46822 -5.8
-0.46797 -5.7
-0.46773 -5.7
-0.46748 -5.6
-0.46724 -5.4
-0.467 -5.3
-0.46675 -5.2
-0.46651 -5.0
-0.46626 -4.8
-0.46602 -4.6
-0.46577 -4.4
-0.46553 -4.1
-0.46529 -3.9
-0.46504 -3.6
-0.4648 -3.4
-0.46455 -3.1
-0.46431 -2.8
-0.46407 -2.5
-0.46382 -2.2
-0.46358 -1.9
-0.46333 -1.5
-0.46309 -1.2
-0.46284 -0.9
-0.4626 -0.5
-0.46236 -0.2
-0.46211 0.2
-0.46187 0.5
-0.46162 0.8
-0.46138 1.2
-0.46114 1.5
-0.46089 1.8
-0.46065 2.1
-0.4604 2.5
-0.46016 2.8
-0.45992 3.1
-0.45967 3.3
-0.45943 3.6
-0.45918 3.9
-0.45894 4.1
-0.45869 4.4
-0.45845 4.6
-0.45821 4.8
-0.45796 5.0
-0.45772 5.2
-0.45747 5.3
-0.45723 5.5
-0.45699 5.6
-0.45674 5.7
-0.4565 5.8
-0.45625 5.8
-0.45601 5.9
-0.45576 5.9
-0.45552 5.9
-0.45528 5.9
-0.45503 5.9
-0.45479 5.8
-0.45454 5.7
-0.4543 5.7
-0.45406 5.5
-0.45381 5.4
-0.45357 5.3
-0.45332 5.1
-0.45308 4.9
-0.45284 4.7
-0.45259 4.5
-0.45235 4.3
-0.4521 4.0
-0.45186 3.8
-0.45161 3.5
-0.45137 3.2
-0.45113 2.9
-0.45088 2.6
-0.45064 2.3
-0.45039 2.0
-0.45015 1.7
-0.44991 1.3
-0.44966 1.0
-0.44942 0.7
-0.44917 0.3
-0.44893 0.0
-0.44868 -0.4
-0.44844 -0.7
-0.4482 -1.1
-0.44795 -1.4
-0.44771 -1.7
-0.44746 -2.1
-0.44722 -2.4
-0.44698 -2.7
-0.44673 -3.0
-0.44649 -3.3
-0.44624 -3.6
-0.446 -3.8
-0.44576 -4.1
-0.44551 -4.3
-0.44527 -4.6
-0.44502 -4.8
-0.44478 -5.0
-0.44453 -5.2
-0.44429 -5.3
-0.44405 -5.5
-0.4438 -5.6
-0.44356 -5.7
-0.44331 -5.8
-0.44307 -5.9
-0.44283 -5.9
-0.44258 -6.0
-0.44234 -6.0
-0.44209 -5.9
-0.44185 -5.9
-0.4416 -5.9
-0.44136 -5.8
-0.44112 -5.7
-0.44087 -5.6
-0.44063 -5.5
-0.44038 -5.3
-0.44014 -5.1
-0.4399 -5.0
-0.43965 -4.8
-0.43941 -4.5
-0.43916 -4.3
-0.43892 -4.0
-0.43867 -3.8
-0.43843 -3.5
-0.43819 -3.2
-0.43794 -2.9
-0.4377 -2.6
-0.43745 -2.3
-0.43721 -2.0
-0.43697 -1.6
-0.43672 -1.3
-0.43648 -0.9
-0.43623 -0.6
-0.43599 -0.3
-0.43575 0.0
-0.4355 0.4
-0.43526 0.8
-0.43501 1.1
-0.43477 1.5
-0.43452 1.8
-0.43428 2.2
-0.43404 2.5
-0.43379 2.8
-0.43355 3.1
-0.4333 3.4
-0.43306 3.7
-0.43282 4.0
-0.43257 4.2
-0.43233 4.5
-0.43208 4.7
-0.43184 4.9
-0.43159 5.1
-0.43135 5.3
-0.43111 5.4
-0.43086 5.6
-0.43062 5.7
-0.43037 5.8
-0.43013 5.9
-0.42989 5.9
-0.42964 6.0
-0.4294 6.0
-0.42915 6.0
-0.42891 6.0
-0.42867 5.9
-0.42842 5.9
-0.42818 5.8
-0.42793 5.7
-0.42769 5.6
-0.42744 5.4
-0.4272 5.3
-0.42696 5.1
-0.42671 4.9
-0.42647 4.7
-0.42622 4.4
-0.42598 4.2
-0.42574 3.9
-0.42549 3.6
-0.42525 3.4
-0.425 3.1
-0.42476 2.7
-0.42451 2.4
-0.42427 2.1
-0.42403 1.8
-0.42378 1.4
-0.42354 1.1
-0.42329 0.7
-0.42305 0.4
-0.42281 0.0
-0.42256 -0.4
-0.42232 -0.7
-0.42207 -1.1
-0.42183 -1.4
-0.42159 -1.8
-0.42134 -2.1
-0.4211 -2.4
-0.42085 -2.8
-0.42061 -3.1
-0.42036 -3.4
-0.42012 -3.7
-0.41988 -3.9
-0.41963 -4.2
-0.41939 -4.5
-0.41914 -4.7
-0.4189 -4.9
-0.41866 -5.1
-0.41841 -5.3
-0.41817 -5.5
-0.41792 -5.6
-0.41768 -5.7
-0.41743 -5.8
-0.41719 -5.9
-0.41695 -6.0
-0.4167 -6.0
-0.41646 -6.0
-0.41621 -6.0
-0.41597 -6.0
-0.41573 -6.0
-0.41548 -5.9
-0.41524 -5.8
-0.41499 -5.7
-0.41475 -5.6
-0.41451 -5.4
-0.41426 -5.3
-0.41402 -5.1
-0.41377 -4.9
-0.41353 -4.7
-0.41328 -4.4
-0.41304 -4.2
-0.4128 -3.9
-0.41255 -3.6
-0.41231 -3.3
-0.41206 -3.0
-0.41182 -2.7
-0.41158 -2.4
-0.41133 -2.0
-0.41109 -1.7
-0.41084 -1.3
-0.4106 -1.0
-0.41035 -0.6
-0.41011 -0.3
-0.40987 0.1
-0.40962 0.5
-0.40938 0.8
-0.40913 1.2
-0.40889 1.5
-0.40865 1.9
-0.4084 2.2
-0.40816 2.6
-0.40791 2.9
-0.40767 3.2
-0.40742 3.5
-0.40718 3.8
-0.40694 4.1
-0.40669 4.3
-0.40645 4.6
-0.4062 4.8
-0.40596 5.0
-0.40572 5.2
-0.40547 5.4
-0.40523 5.6
-0.40498 5.7
-0.40474 5.8
-0.4045 5.9
-0.40425 6.0
-0.40401 6.0
-0.40376 6.1
-0.40352 6.1
-0.40327 6.1
-0.40303 6.0
-0.40279 6.0
-0.40254 5.9
-0.4023 5.8
-0.40205 5.7
-0.40181 5.5
-0.40157 5.4
-0.40132 5.2
-0.40108 5.0
-0.40083 4.8
-0.40059 4.5
-0.40034 4.3
-0.4001 4.0
-0.39986 3.7
-0.39961 3.4
-0.39937 3.1
-0.39912 2.8
-0.39888 2.5
-0.39864 2.1
-0.39839 1.8
-0.39815 1.4
-0.3979 1.0
-0.39766 0.7
-0.39742 0.3
-0.39717 0.0
-0.39693 -0.4
-0.39668 -0.8
-0.39644 -1.2
-0.39619 -1.5
-0.39595 -1.9
-0.39571 -2.2
-0.39546 -2.6
-0.39522 -2.9
-0.39497 -3.2
-0.39473 -3.5
-0.39449 -3.8
-0.39424 -4.1
-0.394 -4.4
-0.39375 -4.6
-0.39351 -4.9
-0.39326 -5.1
-0.39302 -5.3
-0.39278 -5.5
-0.39253 -5.6
-0.39229 -5.8
-0.39204 -5.9
-0.3918 -6.0
-0.39156 -6.0
-0.39131 -6.1
-0.39107 -6.1
-0.39082 -6.1
-0.39058 -6.1
-0.39034 -6.1
-0.39009 -6.0
-0.38985 -5.9
-0.3896 -5.8
-0.38936 -5.7
-0.38911 -5.5
-0.38887 -5.4
-0.38863 -5.2
-0.38838 -5.0
-0.38814 -4.7
-0.38789 -4.5
-0.38765 -4.2
-0.38741 -4.0
-0.38716 -3.7
-0.38692 -3.3
-0.38667 -3.0
-0.38643 -2.7
-0.38618 -2.4
-0.38594 -2.0
-0.3857 -1.6
-0.38545 -1.3
-0.38521 -0.9
-0.38496 -0.5
-0.38472 -0.2
-0.38448 0.2
-0.38423 0.6
-0.38399 1.0
-0.38374 1.3
-0.3835 1.7
-0.38326 2.1
-0.38301 2.4
-0.38277 2.8
-0.38252 3.1
-0.38228 3.4
-0.38203 3.7
-0.38179 4.0
-0.38155 4.3
-0.3813 4.6
-0.38106 4.8
-0.38081 5.0
-0.38057 5.2
-0.38033 5.4
-0.38008 5.6
-0.37984 5.7
-0.37959 5.9
-0.37935 6.0
-0.3791 6.1
-0.37886 6.1
-0.37862 6.2
-0.37837 6.2
-0.37813 6.2
-0.37788 6.1
-0.37764 6.1
-0.3774 6.0
-0.37715 5.9
-0.37691 5.8
-0.37666 5.6
-0.37642 5.4
-0.37617 5.3
-0.37593 5.0
-0.37569 4.8
-0.37544 4.6
-0.3752 4.3
-0.37495 4.0
-0.37471 3.7
-0.37447 3.4
-0.37422 3.1
-0.37398 2.8
-0.37373 2.4
-0.37349 2.1
-0.37325 1.7
-0.373 1.3
-0.37276 0.9
-0.37251 0.6
-0.37227 0.2
-0.37202 -0.2
-0.37178 -0.6
-0.37154 -1.0
-0.37129 -1.3
-0.37105 -1.7
-0.3708 -2.1
-0.37056 -2.4
-0.37032 -2.8
-0.37007 -3.1
-0.36983 -3.5
-0.36958 -3.8
-0.36934 -4.1
-0.36909 -4.4
-0.36885 -4.6
-0.36861 -4.9
-0.36836 -5.1
-0.36812 -5.3
-0.36787 -5.5
-0.36763 -5.7
-0.36739 -5.8
-0.36714 -5.9
-0.3669 -6.0
-0.36665 -6.1
-0.36641 -6.2
-0.36617 -6.2
-0.36592 -6.2
-0.36568 -6.2
-0.36543 -6.2
-0.36519 -6.1
-0.36494 -6.0
-0.3647 -5.9
-0.36446 -5.8
-0.36421 -5.6
-0.36397 -5.4
-0.36372 -5.2
-0.36348 -5.0
-0.36324 -4.8
-0.36299 -4.5
-0.36275 -4.2
-0.3625 -3.9
-0.36226 -3.6
-0.36201 -3.3
-0.36177 -3.0
-0.36153 -2.6
-0.36128 -2.3
-0.36104 -1.9
-0.36079 -1.5
-0.36055 -1.1
-0.36031 -0.7
-0.36006 -0.4
-0.35982 0.0
-0.35957 0.4
-0.35933 0.8
-0.35909 1.2
-0.35884 1.6
-0.3586 2.0
-0.35835 2.3
-0.35811 2.7
-0.35786 3.0
-0.35762 3.4
-0.35738 3.7
-0.35713 4.0
-0.35689 4.3
-0.35664 4.6
-0.3564 4.8
-0.35616 5.1
-0.35591 5.3
-0.35567 5.5
-0.35542 5.7
-0.35518 5.8
-0.35493 6.0
-0.35469 6.1
-0.35445 6.2
-0.3542 6.2
-0.35396 6.3
-0.35371 6.3
-0.35347 6.2
-0.35323 6.2
-0.35298 6.1
-0.35274 6.1
-0.35249 5.9
-0.35225 5.8
-0.35201 5.7
-0.35176 5.5
-0.35152 5.3
-0.35127 5.0
-0.35103 4.8
-0.35078 4.5
-0.35054 4.3
-0.3503 4.0
-0.35005 3.6
-0.34981 3.3
-0.34956 3.0
-0.34932 2.6
-0.34908 2.2
-0.34883 1.9
-0.34859 1.5
-0.34834 1.1
-0.3481 0.7
-0.34785 0.3
-0.34761 0.0
-0.34737 -0.5
-0.34712 -0.9
-0.34688 -1.3
-0.34663 -1.7
-0.34639 -2.0
-0.34615 -2.4
-0.3459 -2.8
-0.34566 -3.1
-0.34541 -3.5
-0.34517 -3.8
-0.34492 -4.1
-0.34468 -4.4
-0.34444 -4.7
-0.34419 -4.9
-0.34395 -5.2
-0.3437 -5.4
-0.34346 -5.6
-0.34322 -5.8
-0.34297 -5.9
-0.34273 -6.0
-0.34248 -6.2
-0.34224 -6.2
-0.342 -6.3
-0.34175 -6.3
-0.34151 -6.3
-0.34126 -6.3
-0.34102 -6.2
-0.34077 -6.2
-0.34053 -6.1
-0.34029 -5.9
-0.34004 -5.8
-0.3398 -5.6
-0.33955 -5.4
-0.33931 -5.2
-0.33907 -5.0
-0.33882 -4.7
-0.33858 -4.4
-0.33833 -4.1
-0.33809 -3.8
-0.33784 -3.5
-0.3376 -3.1
-0.33736 -2.8
-0.33711 -2.4
-0.33687 -2.0
-0.33662 -1.6
-0.33638 -1.2
-0.33614 -0.8
-0.33589 -0.4
-0.33565 0.0
-0.3354 0.4
-0.33516 0.8
-0.33492 1.2
-0.33467 1.6
-0.33443 2.0
-0.33418 2.4
-0.33394 2.7
-0.33369 3.1
-0.33345 3.4
-0.33321 3.8
-0.33296 4.1
-0.33272 4.4
-0.33247 4.7
-0.33223 5.0
-0.33199 5.2
-0.33174 5.4
-0.3315 5.6
-0.33125 5.8
-0.33101 6.0
-0.33076 6.1
-0.33052 6.2
-0.33028 6.3
-0.33003 6.3
-0.32979 6.4
-0.32954 6.4
-0.3293 6.3
-0.32906 6.3
-0.32881 6.2
-0.32857 6.1
-0.32832 6.0
-0.32808 5.8
-0.32784 5.6
-0.32759 5.4
-0.32735 5.2
-0.3271 5.0
-0.32686 4.7
-0.32661 4.4
-0.32637 4.1
-0.32613 3.8
-0.32588 3.4
-0.32564 3.1
-0.32539 2.7
-0.32515 2.3
-0.32491 1.9
-0.32466 1.5
-0.32442 1.1
-0.32417 0.7
-0.32393 0.3
-0.32368 0.0
-0.32344 -0.5
-0.3232 -0.9
-0.32295 -1.3
-0.32271 -1.7
-0.32246 -2.1
-0.32222 -2.5
-0.32198 -2.9
-0.32173 -3.3
-0.32149 -3.6
-0.32124 -3.9
-0.321 -4.3
-0.32076 -4.6
-0.32051 -4.9
-0.32027 -5.1
-0.32002 -5.4
-0.31978 -5.6
-0.31953 -5.8
-0.31929 -5.9
-0.31905 -6.1
-0.3188 -6.2
-0.31856 -6.3
-0.31831 -6.4
-0.31807 -6.4
-0.31783 -6.4
-0.31758 -6.4
-0.31734 -6.4
-0.31709 -6.3
-0.31685 -6.2
-0.3166 -6.1
-0.31636 -5.9
-0.31612 -5.7
-0.31587 -5.5
-0.31563 -5.3
-0.31538 -5.1
-0.31514 -4.8
-0.3149 -4.5
-0.31465 -4.2
-0.31441 -3.9
-0.31416 -3.5
-0.31392 -3.2
-0.31367 -2.8
-0.31343 -2.4
-0.31319 -2.0
-0.31294 -1.6
-0.3127 -1.2
-0.31245 -0.8
-0.31221 -0.4
-0.31197 0.0
-0.31172 0.5
-0.31148 0.9
-0.31123 1.3
-0.31099 1.7
-0.31075 2.1
-0.3105 2.5
-0.31026 2.9
-0.31001 3.3
-0.30977 3.6
-0.30952 4.0
-0.30928 4.3
-0.30904 4.6
-0.30879 4.9
-0.30855 5.2
-0.3083 5.4
-0.30806 5.6
-0.30782 5.8
-0.30757 6.0
-0.30733 6.2
-0.30708 6.3
-0.30684 6.4
-0.30659 6.4
-0.30635 6.5
-0.30611 6.5
-0.30586 6.4
-0.30562 6.4
-0.30537 6.3
-0.30513 6.2
-0.30489 6.1
-0.30464 5.9
-0.3044 5.7
-0.30415 5.5
-0.30391 5.3
-0.30367 5.0
-0.30342 4.7
-0.30318 4.4
-0.30293 4.1
-0.30269 3.8
-0.30244 3.4
-0.3022 3.0
-0.30196 2.7
-0.30171 2.3
-0.30147 1.9
-0.30122 1.4
-0.30098 1.0
-0.30074 0.6
-0.30049 0.2
-0.30025 -0.3
-0.3 -0.7
-0.29976 -1.1
-0.29951 -1.6
-0.29927 -2.0
-0.29903 -2.4
-0.29878 -2.8
-0.29854 -3.2
-0.29829 -3.5
-0.29805 -3.9
-0.29781 -4.2
-0.29756 -4.6
-0.29732 -4.9
-0.29707 -5.1
-0.29683 -5.4
-0.29659 -5.6
-0.29634 -5.8
-0.2961 -6.0
-0.29585 -6.2
-0.29561 -6.3
-0.29536 -6.4
-0.29512 -6.5
-0.29488 -6.5
-0.29463 -6.5
-0.29439 -6.5
-0.29414 -6.5
-0.2939 -6.4
-0.29366 -6.3
-0.29341 -6.1
-0.29317 -6.0
-0.29292 -5.8
-0.29268 -5.6
-0.29243 -5.3
-0.29219 -5.1
-0.29195 -4.8
-0.2917 -4.5
-0.29146 -4.2
-0.29121 -3.8
-0.29097 -3.4
-0.29073 -3.1
-0.29048 -2.7
-0.29024 -2.3
-0.28999 -1.8
-0.28975 -1.4
-0.28951 -1.0
-0.28926 -0.6
-0.28902 -0.1
-0.28877 0.3
-0.28853 0.8
-0.28828 1.2
-0.28804 1.6
-0.2878 2.1
-0.28755 2.5
-0.28731 2.9
-0.28706 3.3
-0.28682 3.7
-0.28658 4.0
-0.28633 4.4
-0.28609 4.7
-0.28584 5.0
-0.2856 5.3
-0.28535 5.5
-0.28511 5.7
-0.28487 5.9
-0.28462 6.1
-0.28438 6.3
-0.28413 6.4
-0.28389 6.5
-0.28365 6.5
-0.2834 6.6
-0.28316 6.6
-0.28291 6.5
-0.28267 6.5
-0.28242 6.4
-0.28218 6.3
-0.28194 6.1
-0.28169 5.9
-0.28145 5.7
-0.2812 5.5
-0.28096 5.3
-0.28072 5.0
-0.28047 4.7
-0.28023 4.3
-0.27998 4.0
-0.27974 3.6
-0.2795 3.2
-0.27925 2.8
-0.27901 2.4
-0.27876 2.0
-0.27852 1.6
-0.27827 1.1
-0.27803 0.7
-0.27779 0.2
-0.27754 -0.2
-0.2773 -0.7
-0.27705 -1.1
-0.27681 -1.6
-0.27657 -2.0
-0.27632 -2.4
-0.27608 -2.8
-0.27583 -3.2
-0.27559 -3.6
-0.27534 -4.0
-0.2751 -4.4
-0.27486 -4.7
-0.27461 -5.0
-0.27437 -5.3
-0.27412 -5.5
-0.27388 -5.8
-0.27364 -6.0
-0.27339 -6.2
-0.27315 -6.3
-0.2729 -6.4
-0.27266 -6.5
-0.27242 -6.6
-0.27217 -6.6
-0.27193 -6.6
-0.27168 -6.6
-0.27144 -6.5
-0.27119 -6.4
-0.27095 -6.3
-0.27071 -6.2
-0.27046 -6.0
-0.27022 -5.8
-0.26997 -5.5
-0.26973 -5.3
-0.26949 -5.0
-0.26924 -4.6
-0.269 -4.3
-0.26875 -3.9
-0.26851 -3.6
-0.26826 -3.2
-0.26802 -2.8
-0.26778 -2.3
-0.26753 -1.9
-0.26729 -1.5
-0.26704 -1.0
-0.2668 -0.5
-0.26656 0.0
-0.26631 0.4
-0.26607 0.8
-0.26582 1.3
-0.26558 1.8
-0.26534 2.2
-0.26509 2.6
-0.26485 3.0
-0.2646 3.5
-0.26436 3.8
-0.26411 4.2
-0.26387 4.6
-0.26363 4.9
-0.26338 5.2
-0.26314 5.5
-0.26289 5.7
-0.26265 6.0
-0.26241 6.2
-0.26216 6.3
-0.26192 6.5
-0.26167 6.6
-0.26143 6.6
-0.26118 6.7
-0.26094 6.7
-0.2607 6.7
-0.26045 6.6
-0.26021 6.5
-0.25996 6.4
-0.25972 6.3
-0.25948 6.1
-0.25923 5.9
-0.25899 5.6
-0.25874 5.4
-0.2585 5.1
-0.25826 4.7
-0.25801 4.4
-0.25777 4.0
-0.25752 3.6
-0.25728 3.2
-0.25703 2.8
-0.25679 2.4
-0.25655 1.9
-0.2563 1.5
-0.25606 1.0
-0.25581 0.6
-0.25557 0.0
-0.25533 -0.4
-0.25508 -0.9
-0.25484 -1.3
-0.25459 -1.8
-0.25435 -2.2
-0.2541 -2.7
-0.25386 -3.1
-0.25362 -3.5
-0.25337 -3.9
-0.25313 -4.3
-0.25288 -4.7
-0.25264 -5.0
-0.2524 -5.3
-0.25215 -5.6
-0.25191 -5.8
-0.25166 -6.1
-0.25142 -6.3
-0.25117 -6.4
-0.25093 -6.6
-0.25069 -6.7
-0.25044 -6.7
-0.2502 -6.8
-0.24995 -6.8
-0.24971 -6.7
-0.24947 -6.7
-0.24922 -6.6
-0.24898 -6.4
-0.24873 -6.3
-0.24849 -6.1
-0.24825 -5.8
-0.248 -5.6
-0.24776 -5.3
-0.24751 -5.0
-0.24727 -4.6
-0.24702 -4.3
-0.24678 -3.9
-0.24654 -3.5
-0.24629 -3.1
-0.24605 -2.6
-0.2458 -2.2
-0.24556 -1.7
-0.24532 -1.2
-0.24507 -0.8
-0.24483 -0.3
-0.24458 0.2
-0.24434 0.7
-0.24409 1.2
-0.24385 1.7
-0.24361 2.1
-0.24336 2.6
-0.24312 3.0
-0.24287 3.4
-0.24263 3.9
-0.24239 4.2
-0.24214 4.6
-0.2419 5.0
-0.24165 5.3
-0.24141 5.6
-0.24117 5.8
-0.24092 6.1
-0.24068 6.3
-0.24043 6.5
-0.24019 6.6
-0.23994 6.7
-0.2397 6.8
-0.23946 6.8
-0.23921 6.8
-0.23897 6.8
-0.23872 6.7
-0.23848 6.6
-0.23824 6.5
-0.23799 6.3
-0.23775 6.1
-0.2375 5.9
-0.23726 5.6
-0.23701 5.3
-0.23677 5.0
-0.23653 4.6
-0.23628 4.3
-0.23604 3.9
-0.23579 3.4
-0.23555 3.0
-0.23531 2.6
-0.23506 2.1
-0.23482 1.6
-0.23457 1.1
-0.23433 0.6
-0.23409 0.1
-0.23384 -0.4
-0.2336 -0.8
-0.23335 -1.3
-0.23311 -1.8
-0.23286 -2.3
-0.23262 -2.8
-0.23238 -3.2
-0.23213 -3.6
-0.23189 -4.1
-0.23164 -4.5
-0.2314 -4.8
-0.23116 -5.2
-0.23091 -5.5
-0.23067 -5.8
-0.23042 -6.0
-0.23018 -6.3
-0.22993 -6.5
-0.22969 -6.6
-0.22945 -6.7
-0.2292 -6.8
-0.22896 -6.9
-0.22871 -6.9
-0.22847 -6.9
-0.22823 -6.8
-0.22798 -6.7
-0.22774 -6.6
-0.22749 -6.4
-0.22725 -6.2
-0.22701 -6.0
-0.22676 -5.7
-0.22652 -5.4
-0.22627 -5.1
-0.22603 -4.8
-0.22578 -4.4
-0.22554 -4.0
-0.2253 -3.6
-0.22505 -3.1
-0.22481 -2.7
-0.22456 -2.2
-0.22432 -1.7
-0.22408 -1.2
-0.22383 -0.7
-0.22359 -0.2
-0.22334 0.3
-0.2231 0.8
-0.22285 1.3
-0.22261 1.8
-0.22237 2.3
-0.22212 2.8
-0.22188 3.3
-0.22163 3.7
-0.22139 4.1
-0.22115 4.5
-0.2209 4.9
-0.22066 5.3
-0.22041 5.6
-0.22017 5.9
-0.21992 6.1
-0.21968 6.4
-0.21944 6.5
-0.21919 6.7
-0.21895 6.8
-0.2187 6.9
-0.21846 7.0
-0.21822 7.0
-0.21797 6.9
-0.21773 6.9
-0.21748 6.8
-0.21724 6.6
-0.217 6.4
-0.21675 6.2
-0.21651 6.0
-0.21626 5.7
-0.21602 5.4
-0.21577 5.0
-0.21553 4.6
-0.21529 4.2
-0.21504 3.8
-0.2148 3.4
-0.21455 2.9
-0.21431 2.4
-0.21407 1.9
-0.21382 1.4
-0.21358 0.9
-0.21333 0.4
-0.21309 -0.1
-0.21284 -0.6
-0.2126 -1.2
-0.21236 -1.7
-0.21211 -2.2
-0.21187 -2.7
-0.21162 -3.2
-0.21138 -3.6
-0.21114 -4.1
-0.21089 -4.5
-0.21065 -4.9
-0.2104 -5.2
-0.21016 -5.6
-0.20992 -5.9
-0.20967 -6.2
-0.20943 -6.4
-0.20918 -6.6
-0.20894 -6.8
-0.20869 -6.9
-0.20845 -7.0
-0.20821 -7.0
-0.20796 -7.0
-0.20772 -7.0
-0.20747 -6.9
-0.20723 -6.8
-0.20699 -6.7
-0.20674 -6.5
-0.2065 -6.3
-0.20625 -6.0
-0.20601 -5.7
-0.20576 -5.4
-0.20552 -5.0
-0.20528 -4.6
-0.20503 -4.2
-0.20479 -3.8
-0.20454 -3.3
-0.2043 -2.9
-0.20406 -2.4
-0.20381 -1.8
-0.20357 -1.3
-0.20332 -0.8
-0.20308 -0.3
-0.20284 0.3
-0.20259 0.8
-0.20235 1.3
-0.2021 1.9
-0.20186 2.4
-0.20161 2.9
-0.20137 3.4
-0.20113 3.8
-0.20088 4.3
-0.20064 4.7
-0.20039 5.1
-0.20015 5.5
-0.19991 5.8
-0.19966 6.1
-0.19942 6.3
-0.19917 6.6
-0.19893 6.8
-0.19868 6.9
-0.19844 7.0
-0.1982 7.1
-0.19795 7.1
-0.19771 7.1
-0.19746 7.0
-0.19722 6.9
-0.19698 6.8
-0.19673 6.6
-0.19649 6.4
-0.19624 6.2
-0.196 5.9
-0.19576 5.5
-0.19551 5.2
-0.19527 4.8
-0.19502 4.4
-0.19478 3.9
-0.19453 3.4
-0.19429 3.0
-0.19405 2.4
-0.1938 1.9
-0.19356 1.4
-0.19331 0.8
-0.19307 0.3
-0.19283 -0.3
-0.19258 -0.8
-0.19234 -1.4
-0.19209 -1.9
-0.19185 -2.4
-0.1916 -2.9
-0.19136 -3.4
-0.19112 -3.9
-0.19087 -4.4
-0.19063 -4.8
-0.19038 -5.2
-0.19014 -5.6
-0.1899 -5.9
-0.18965 -6.2
-0.18941 -6.5
-0.18916 -6.7
-0.18892 -6.9
-0.18867 -7.0
-0.18843 -7.1
-0.18819 -7.2
-0.18794 -7.2
-0.1877 -7.2
-0.18745 -7.1
-0.18721 -7.0
-0.18697 -6.8
-0.18672 -6.6
-0.18648 -6.4
-0.18623 -6.1
-0.18599 -5.8
-0.18575 -5.4
-0.1855 -5.0
-0.18526 -4.6
-0.18501 -4.2
-0.18477 -3.7
-0.18452 -3.2
-0.18428 -2.7
-0.18404 -2.2
-0.18379 -1.6
-0.18355 -1.1
-0.1833 -0.5
-0.18306 0.0
-0.18282 0.6
-0.18257 1.2
-0.18233 1.8
-0.18208 2.3
-0.18184 2.8
-0.18159 3.4
-0.18135 3.9
-0.18111 4.3
-0.18086 4.8
-0.18062 5.2
-0.18037 5.6
-0.18013 5.9
-0.17989 6.2
-0.17964 6.5
-0.1794 6.8
-0.17915 6.9
-0.17891 7.1
-0.17867 7.2
-0.17842 7.3
-0.17818 7.3
-0.17793 7.2
-0.17769 7.2
-0.17744 7.1
-0.1772 6.9
-0.17696 6.7
-0.17671 6.4
-0.17647 6.1
-0.17622 5.8
-0.17598 5.4
-0.17574 5.0
-0.17549 4.6
-0.17525 4.1
-0.175 3.6
-0.17476 3.1
-0.17451 2.6
-0.17427 2.0
-0.17403 1.5
-0.17378 0.9
-0.17354 0.3
-0.17329 -0.3
-0.17305 -0.9
-0.17281 -1.4
-0.17256 -2.0
-0.17232 -2.6
-0.17207 -3.1
-0.17183 -3.6
-0.17159 -4.1
-0.17134 -4.6
-0.1711 -5.1
-0.17085 -5.5
-0.17061 -5.9
-0.17036 -6.2
-0.17012 -6.5
-0.16988 -6.8
-0.16963 -7.0
-0.16939 -7.1
-0.16914 -7.3
-0.1689 -7.3
-0.16866 -7.4
-0.16841 -7.3
-0.16817 -7.3
-0.16792 -7.2
-0.16768 -7.0
-0.16743 -6.8
-0.16719 -6.5
-0.16695 -6.3
-0.1667 -5.9
-0.16646 -5.5
-0.16621 -5.1
-0.16597 -4.7
-0.16573 -4.2
-0.16548 -3.7
-0.16524 -3.2
-0.16499 -2.6
-0.16475 -2.0
-0.16451 -1.5
-0.16426 -0.9
-0.16402 -0.3
-0.16377 0.3
-0.16353 0.9
-0.16328 1.5
-0.16304 2.1
-0.1628 2.7
-0.16255 3.3
-0.16231 3.8
-0.16206 4.3
-0.16182 4.8
-0.16158 5.2
-0.16133 5.7
-0.16109 6.0
-0.16084 6.4
-0.1606 6.7
-0.16035 6.9
-0.16011 7.1
-0.15987 7.3
-0.15962 7.4
-0.15938 7.4
-0.15913 7.5
-0.15889 7.4
-0.15865 7.3
-0.1584 7.2
-0.15816 7.0
-0.15791 6.8
-0.15767 6.5
-0.15742 6.1
-0.15718 5.8
-0.15694 5.4
-0.15669 4.9
-0.15645 4.4
-0.1562 3.9
-0.15596 3.4
-0.15572 2.8
-0.15547 2.2
-0.15523 1.6
-0.15498 1.0
-0.15474 0.4
-0.1545 -0.2
-0.15425 -0.9
-0.15401 -1.5
-0.15376 -2.1
-0.15352 -2.7
-0.15327 -3.3
-0.15303 -3.8
-0.15279 -4.3
-0.15254 -4.8
-0.1523 -5.3
-0.15205 -5.7
-0.15181 -6.1
-0.15157 -6.5
-0.15132 -6.8
-0.15108 -7.0
-0.15083 -7.2
-0.15059 -7.4
-0.15034 -7.5
-0.1501 -7.6
-0.14986 -7.6
-0.14961 -7.5
-0.14937 -7.4
-0.14912 -7.2
-0.14888 -7.0
-0.14864 -6.8
-0.14839 -6.5
-0.14815 -6.1
-0.1479 -5.7
-0.14766 -5.3
-0.14742 -4.8
-0.14717 -4.3
-0.14693 -3.7
-0.14668 -3.2
-0.14644 -2.6
-0.14619 -1.9
-0.14595 -1.3
-0.14571 -0.7
-0.14546 0.0
-0.14522 0.6
-0.14497 1.2
-0.14473 1.9
-0.14449 2.5
-0.14424 3.1
-0.144 3.7
-0.14375 4.2
-0.14351 4.8
-0.14326 5.3
-0.14302 5.7
-0.14278 6.1
-0.14253 6.5
-0.14229 6.8
-0.14204 7.1
-0.1418 7.3
-0.14156 7.5
-0.14131 7.6
-0.14107 7.7
-0.14082 7.7
-0.14058 7.6
-0.14034 7.5
-0.14009 7.3
-0.13985 7.1
-0.1396 6.8
-0.13936 6.5
-0.13911 6.1
-0.13887 5.7
-0.13863 5.3
-0.13838 4.8
-0.13814 4.2
-0.13789 3.7
-0.13765 3.1
-0.13741 2.4
-0.13716 1.8
-0.13692 1.2
-0.13667 0.5
-0.13643 -0.2
-0.13618 -0.8
-0.13594 -1.5
-0.1357 -2.2
-0.13545 -2.8
-0.13521 -3.4
-0.13496 -4.0
-0.13472 -4.6
-0.13448 -5.1
-0.13423 -5.6
-0.13399 -6.0
-0.13374 -6.4
-0.1335 -6.8
-0.13326 -7.1
-0.13301 -7.3
-0.13277 -7.5
-0.13252 -7.7
-0.13228 -7.7
-0.13203 -7.8
-0.13179 -7.7
-0.13155 -7.6
-0.1313 -7.5
-0.13106 -7.3
-0.13081 -7.0
-0.13057 -6.7
-0.13033 -6.3
-0.13008 -5.9
-0.12984 -5.4
-0.12959 -4.9
-0.12935 -4.3
-0.1291 -3.7
-0.12886 -3.1
-0.12862 -2.5
-0.12837 -1.8
-0.12813 -1.1
-0.12788 -0.4
-0.12764 0.2
-0.1274 0.9
-0.12715 1.6
-0.12691 2.3
-0.12666 3.0
-0.12642 3.6
-0.12617 4.2
-0.12593 4.8
-0.12569 5.3
-0.12544 5.8
-0.1252 6.3
-0.12495 6.7
-0.12471 7.0
-0.12447 7.3
-0.12422 7.5
-0.12398 7.7
-0.12373 7.8
-0.12349 7.9
-0.12325 7.9
-0.123 7.8
-0.12276 7.7
-0.12251 7.5
-0.12227 7.2
-0.12202 6.9
-0.12178 6.5
-0.12154 6.1
-0.12129 5.6
-0.12105 5.1
-0.1208 4.5
-0.12056 3.9
-0.12032 3.3
-0.12007 2.6
-0.11983 2.0
-0.11958 1.3
-0.11934 0.5
-0.11909 -0.2
-0.11885 -0.9
-0.11861 -1.6
-0.11836 -2.3
-0.11812 -3.0
-0.11787 -3.6
-0.11763 -4.3
-0.11739 -4.9
-0.11714 -5.4
-0.1169 -5.9
-0.11665 -6.4
-0.11641 -6.8
-0.11617 -7.2
-0.11592 -7.5
-0.11568 -7.7
-0.11543 -7.9
-0.11519 -8.0
-0.11494 -8.0
-0.1147 -8.0
-0.11446 -7.9
-0.11421 -7.7
-0.11397 -7.5
-0.11372 -7.2
-0.11348 -6.8
-0.11324 -6.4
-0.11299 -6.0
-0.11275 -5.5
-0.1125 -4.9
-0.11226 -4.3
-0.11201 -3.6
-0.11177 -3.0
-0.11153 -2.2
-0.11128 -1.5
-0.11104 -0.8
-0.11079 0.0
-0.11055 0.7
-0.11031 1.5
-0.11006 2.2
-0.10982 2.9
-0.10957 3.6
-0.10933 4.2
-0.10909 4.9
-0.10884 5.5
-0.1086 6.0
-0.10835 6.5
-0.10811 6.9
-0.10786 7.3
-0.10762 7.6
-0.10738 7.8
-0.10713 8.0
-0.10689 8.1
-0.10664 8.1
-0.1064 8.1
-0.10616 8.0
-0.10591 7.8
-0.10567 7.6
-0.10542 7.2
-0.10518 6.9
-0.10493 6.4
-0.10469 5.9
-0.10445 5.3
-0.1042 4.7
-0.10396 4.1
-0.10371 3.4
-0.10347 2.7
-0.10323 1.9
-0.10298 1.2
-0.10274 0.4
-0.10249 -0.4
-0.10225 -1.2
-0.10201 -1.9
-0.10176 -2.7
-0.10152 -3.4
-0.10127 -4.1
-0.10103 -4.8
-0.10078 -5.4
-0.10054 -6.0
-0.1003 -6.5
-0.10005 -6.9
-0.09981 -7.3
-0.09956 -7.7
-0.09932 -7.9
-0.09908 -8.1
-0.09883 -8.2
-0.09859 -8.3
-0.09834 -8.2
-0.0981 -8.1
-0.09785 -7.9
-0.09761 -7.7
-0.09737 -7.3
-0.09712 -6.9
-0.09688 -6.5
-0.09663 -5.9
-0.09639 -5.3
-0.09615 -4.7
-0.0959 -4.0
-0.09566 -3.3
-0.09541 -2.5
-0.09517 -1.7
-0.09492 -0.9
-0.09468 -0.1
-0.09444 0.7
-0.09419 1.5
-0.09395 2.3
-0.0937 3.1
-0.09346 3.8
-0.09322 4.6
-0.09297 5.2
-0.09273 5.8
-0.09248 6.4
-0.09224 6.9
-0.092 7.4
-0.09175 7.7
-0.09151 8.0
-0.09126 8.2
-0.09102 8.4
-0.09077 8.4
-0.09053 8.4
-0.09029 8.3
-0.09004 8.1
-0.0898 7.8
-0.08955 7.5
-0.08931 7.1
-0.08907 6.6
-0.08882 6.0
-0.08858 5.4
-0.08833 4.7
-0.08809 4.0
-0.08784 3.2
-0.0876 2.4
-0.08736 1.6
-0.08711 0.7
-0.08687 -0.1
-0.08662 -1.0
-0.08638 -1.8
-0.08614 -2.6
-0.08589 -3.4
-0.08565 -4.2
-0.0854 -4.9
-0.08516 -5.6
-0.08492 -6.2
-0.08467 -6.8
-0.08443 -7.3
-0.08418 -7.7
-0.08394 -8.1
-0.08369 -8.3
-0.08345 -8.5
-0.08321 -8.6
-0.08296 -8.6
-0.08272 -8.5
-0.08247 -8.3
-0.08223 -8.0
-0.08199 -7.7
-0.08174 -7.3
-0.0815 -6.7
-0.08125 -6.2
-0.08101 -5.5
-0.08076 -4.8
-0.08052 -4.0
-0.08028 -3.2
-0.08003 -2.4
-0.07979 -1.5
-0.07954 -0.6
-0.0793 0.3
-0.07906 1.2
-0.07881 2.0
-0.07857 2.9
-0.07832 3.7
-0.07808 4.5
-0.07784 5.3
-0.07759 6.0
-0.07735 6.6
-0.0771 7.2
-0.07686 7.7
-0.07661 8.1
-0.07637 8.4
-0.07613 8.6
-0.07588 8.7
-0.07564 8.8
-0.07539 8.7
-0.07515 8.6
-0.07491 8.3
-0.07466 7.9
-0.07442 7.5
-0.07417 7.0
-0.07393 6.4
-0.07368 5.7
-0.07344 5.0
-0.0732 4.2
-0.07295 3.3
-0.07271 2.4
-0.07246 1.5
-0.07222 0.6
-0.07198 -0.4
-0.07173 -1.3
-0.07149 -2.2
-0.07124 -3.1
-0.071 -4.0
-0.07076 -4.8
-0.07051 -5.6
-0.07027 -6.3
-0.07002 -7.0
-0.06978 -7.5
-0.06953 -8.0
-0.06929 -8.4
-0.06905 -8.7
-0.0688 -8.9
-0.06856 -9.0
-0.06831 -8.9
-0.06807 -8.8
-0.06783 -8.6
-0.06758 -8.2
-0.06734 -7.8
-0.06709 -7.3
-0.06685 -6.7
-0.0666 -6.0
-0.06636 -5.2
-0.06612 -4.4
-0.06587 -3.5
-0.06563 -2.5
-0.06538 -1.6
-0.06514 -0.6
-0.0649 0.4
-0.06465 1.4
-0.06441 2.4
-0.06416 3.4
-0.06392 4.3
-0.06367 5.2
-0.06343 6.0
-0.06319 6.7
-0.06294 7.4
-0.0627 7.9
-0.06245 8.4
-0.06221 8.7
-0.06197 9.0
-0.06172 9.1
-0.06148 9.2
-0.06123 9.1
-0.06099 8.9
-0.06075 8.6
-0.0605 8.1
-0.06026 7.6
-0.06001 7.0
-0.05977 6.3
-0.05952 5.4
-0.05928 4.6
-0.05904 3.6
-0.05879 2.6
-0.05855 1.6
-0.0583 0.6
-0.05806 -0.5
-0.05782 -1.6
-0.05757 -2.6
-0.05733 -3.6
-0.05708 -4.6
-0.05684 -5.5
-0.05659 -6.3
-0.05635 -7.1
-0.05611 -7.8
-0.05586 -8.3
-0.05562 -8.8
-0.05537 -9.1
-0.05513 -9.3
-0.05489 -9.4
-0.05464 -9.4
-0.0544 -9.2
-0.05415 -8.9
-0.05391 -8.5
-0.05367 -8.0
-0.05342 -7.3
-0.05318 -6.5
-0.05293 -5.7
-0.05269 -4.8
-0.05244 -3.8
-0.0522 -2.7
-0.05196 -1.6
-0.05171 -0.5
-0.05147 0.6
-0.05122 1.8
-0.05098 2.9
-0.05074 4.0
-0.05049 5.0
-0.05025 5.9
-0.05 6.8
-0.04976 7.6
-0.04951 8.2
-0.04927 8.8
-0.04903 9.2
-0.04878 9.5
-0.04854 9.7
-0.04829 9.7
-0.04805 9.5
-0.04781 9.3
-0.04756 8.8
-0.04732 8.3
-0.04707 7.6
-0.04683 6.8
-0.04659 5.9
-0.04634 4.9
-0.0461 3.8
-0.04585 2.7
-0.04561 1.5
-0.04536 0.3
-0.04512 -0.9
-0.04488 -2.1
-0.04463 -3.3
-0.04439 -4.4
-0.04414 -5.5
-0.0439 -6.5
-0.04366 -7.4
-0.04341 -8.2
-0.04317 -8.8
-0.04292 -9.3
-0.04268 -9.7
-0.04243 -9.9
-0.04219 -10.0
-0.04195 -9.9
-0.0417 -9.6
-0.04146 -9.2
-0.04121 -8.6
-0.04097 -7.9
-0.04073 -7.0
-0.04048 -6.0
-0.04024 -5.0
-0.03999 -3.8
-0.03975 -2.5
-0.03951 -1.3
-0.03926 0.0
-0.03902 1.4
-0.03877 2.7
-0.03853 4.0
-0.03828 5.2
-0.03804 6.3
-0.0378 7.3
-0.03755 8.2
-0.03731 8.9
-0.03706 9.5
-0.03682 10.0
-0.03658 10.2
-0.03633 10.3
-0.03609 10.2
-0.03584 9.9
-0.0356 9.5
-0.03535 8.8
-0.03511 8.0
-0.03487 7.0
-0.03462 6.0
-0.03438 4.7
-0.03413 3.4
-0.03389 2.1
-0.03365 0.6
-0.0334 -0.8
-0.03316 -2.2
-0.03291 -3.6
-0.03267 -5.0
-0.03242 -6.2
-0.03218 -7.4
-0.03194 -8.4
-0.03169 -9.2
-0.03145 -9.9
-0.0312 -10.4
-0.03096 -10.6
-0.03072 -10.7
-0.03047 -10.6
-0.03023 -10.2
-0.02998 -9.6
-0.02974 -8.9
-0.0295 -7.9
-0.02925 -6.8
-0.02901 -5.5
-0.02876 -4.1
-0.02852 -2.6
-0.02827 -1.0
-0.02803 0.5
-0.02779 2.1
-0.02754 3.7
-0.0273 5.2
-0.02705 6.6
-0.02681 7.8
-0.02657 8.9
-0.02632 9.8
-0.02608 10.5
-0.02583 10.9
-0.02559 11.2
-0.02534 11.1
-0.0251 10.8
-0.02486 10.3
-0.02461 9.5
-0.02437 8.5
-0.02412 7.3
-0.02388 5.9
-0.02364 4.3
-0.02339 2.7
-0.02315 0.9
-0.0229 -0.9
-0.02266 -2.7
-0.02242 -4.4
-0.02217 -6.0
-0.02193 -7.5
-0.02168 -8.8
-0.02144 -9.9
-0.02119 -10.8
-0.02095 -11.4
-0.02071 -11.7
-0.02046 -11.7
-0.02022 -11.4
-0.01997 -10.8
-0.01973 -9.9
-0.01949 -8.7
-0.01924 -7.2
-0.019 -5.6
-0.01875 -3.7
-0.01851 -1.8
-0.01826 0.2
-0.01802 2.3
-0.01778 4.3
-0.01753 6.2
-0.01729 7.9
-0.01704 9.4
-0.0168 10.7
-0.01656 11.6
-0.01631 12.2
-0.01607 12.4
-0.01582 12.3
-0.01558 11.7
-0.01534 10.8
-0.01509 9.5
-0.01485 7.9
-0.0146 6.0
-0.01436 3.9
-0.01411 1.6
-0.01387 -0.8
-0.01363 -3.2
-0.01338 -5.5
-0.01314 -7.7
-0.01289 -9.6
-0.01265 -11.1
-0.01241 -12.3
-0.01216 -13.1
-0.01192 -13.3
-0.01167 -13.1
-0.01143 -12.3
-0.01118 -11.0
-0.01094 -9.3
-0.0107 -7.1
-0.01045 -4.6
-0.01021 -1.9
-0.00996 1.0
-0.00972 3.9
-0.00948 6.7
-0.00923 9.2
-0.00899 11.4
-0.00874 13.1
-0.0085 14.1
-0.00826 14.5
-0.00801 14.2
-0.00777 13.2
-0.00752 11.4
-0.00728 8.9
-0.00703 5.9
-0.00679 2.5
-0.00655 -1.2
-0.0063 -4.9
-0.00606 -8.4
-0.00581 -11.5
-0.00557 -14.0
-0.00533 -15.6
-0.00508 -16.2
-0.00484 -15.6
-0.00459 -13.9
-0.00435 -11.1
-0.0041 -7.2
-0.00386 -2.6
-0.00362 2.4
-0.00337 7.4
-0.00313 12.0
-0.00288 15.6
-0.00264 17.8
-0.0024 18.2
-0.00215 16.6
-0.00191 12.8
-0.00166 7.2
-0.00142 0.3
-0.00117 -7.2
-0.00093 -14.0
-0.00069 -18.8
-0.00044 -20.6
-0.0002 -18.2
5e-05 -11.6
0.00029 -1.8
0.00053 8.7
0.00078 16.7
0.00102 19.2
0.00127 15.1
0.00151 6.1
0.00175 -4.3
0.002 -11.7
0.00224 -13.4
0.00249 -9.5
0.00273 -2.4
0.00298 4.4
0.00322 7.9
0.00346 7.3
0.00371 3.7
0.00395 -0.8
0.0042 -4.0
0.00444 -4.6
0.00468 -3.0
0.00493 -0.4
0.00517 1.8
0.00542 2.7
0.00566 2.1
0.00591 0.7
0.00615 -0.7
0.00639 -1.5
0.00664 -1.4
0.00688 -0.6
0.00713 0.2
0.00737 0.8
0.00761 0.9
0.00786 0.5
0.0081 0.0
0.00835 -0.4
0.00859 -0.5
0.00883 -0.4
0.00908 0.0
0.00932 0.2
0.00957 0.3
0.00981 0.3
0.01006 0.0
0.0103 0.0
0.01054 -0.2
0.01079 -0.2
0.01103 0.0
0.01128 0.0
0.01152 0.0
0.01176 0.1
0.01201 0.0
0.01225 0.0
0.0125 0.0
0.01274 0.0
0.01299 0.0
0.01323 0.0
0.01347 0.0
0.01372 0.0
0.01396 0.0
0.01421 0.0
0.01445 0.0
0.01469 0.0
0.01494 0.0
0.01518 0.0
0.01543 0.0
0.01567 0.0
0.01591 0.0
0.01616 0.0
0.0164 0.0
0.01665 0.0
0.01689 0.0
0.01714 0.0
0.01738 0.0
0.01762 0.0
0.01787 0.0
0.01811 0.0
0.01836 0.0
0.0186 0.0
0.01884 0.0
0.01909 0.0
0.01933 0.0
0.01958 0.0
0.01982 0.0
0.02007 0.0
0.02031 0.0
0.02055 0.0
0.0208 0.0
0.02104 0.0
0.02129 0.0
0.02153 0.0
0.02177 0.0
0.02202 0.0
0.02226 0.0
0.02251 0.0
0.02275 0.0
0.02299 0.0
0.02324 0.0
0.02348 0.0
0.02373 0.0
0.02397 0.0
0.02422 0.0
0.02446 0.0
0.0247 0.0
0.02495 0.0
0.02519 0.0
0.02544 0.0
0.02568 0.0
0.02592 0.0
0.02617 0.0
0.02641 0.0
0.02666 0.0
0.0269 0.0
0.02715 0.0
0.02739 0.0
0.02763 0.0
0.02788 0.0
0.02812 0.0
0.02837 0.0
0.02861 0.0
0.02885 0.0
0.0291 0.0
0.02934 0.0
0.02959 0.0
0.02983 0.0
0.03008 0.0
0.03032 0.0
0.03056 0.0
0.03081 0.0
0.03105 0.0
0.0313 0.0
0.03154 0.0
0.03178 0.0
0.03203 0.0
0.03227 0.0
0.03252 0.0
0.03276 0.0
0.033 0.0
0.03325 0.0
0.03349 0.0
0.03374 0.0
0.03398 0.0
0.03423 0.0
0.03447 0.0
0.03471 0.0
0.03496 0.0
0.0352 0.0
0.03545 0.0
0.03569 0.0
0.03593 0.0
0.03618 0.0
0.03642 0.0
0.03667 0.0
0.03691 0.0
0.03716 0.0
0.0374 0.0
0.03764 0.0
0.03789 0.0
0.03813 0.0
0.03838 0.0
0.03862 0.0
0.03886 0.0
0.03911 0.0
0.03935 0.0
0.0396 0.0
0.03984 0.0
0.04008 0.0
0.04033 0.0
0.04057 0.0
0.04082 0.0
0.04106 0.0
0.04131 0.0
0.04155 0.0
0.04179 0.0
0.04204 0.0
0.04228 0.0
0.04253 0.0
0.04277 0.0
0.04301 0.0
0.04326 0.0
0.0435 0.0
0.04375 0.0
0.04399 0.0
0.04424 0.0
0.04448 0.0
0.04472 0.0
0.04497 0.0
0.04521 0.0
0.04546 0.0
0.0457 0.0
0.04594 0.0
0.04619 0.0
0.04643 0.0
0.04668 0.0
0.04692 0.0
0.04716 0.0
0.04741 0.0
0.04765 0.0
0.0479 0.0
0.04814 0.0
0.04839 0.0
0.04863 0.0
0.04887 0.0
0.04912 0.0
0.04936 0.0
0.04961 0.0
0.04985 0.0
0.05009 0.0
0.05034 0.0
0.05058 0.0
0.05083 0.0
0.05107 0.0
0.05132 0.0
0.05156 0.0
0.0518 0.0
0.05205 0.0
0.05229 0.0
0.05254 0.0
0.05278 0.0
0.05302 0.0
0.05327 0.0
0.05351 0.0
0.05376 0.0
0.054 0.0
0.05424 0.0
0.05449 0.0
0.05473 0.0
0.05498 0.0
0.05522 0.0
0.05547 0.0
0.05571 0.0
0.05595 0.0
0.0562 0.0
0.05644 0.0
0.05669 0.0
0.05693 0.0
0.05717 0.0
0.05742 0.0
0.05766 0.0
0.05791 0.0
0.05815 0.0
0.0584 0.0
0.05864 0.0
0.05888 0.0
0.05913 0.0
0.05937 0.0
0.05962 0.0
0.05986 0.0
0.0601 0.0
0.06035 0.0
0.06059 0.0
0.06084 0.0
0.06108 0.0
0.06133 0.0
0.06157 0.0
0.06181 0.0
0.06206 0.0
0.0623 0.0
0.06255 0.0
0.06279 0.0
0.06303 0.0
0.06328 0.0
0.06352 0.0
0.06377 0.0
0.06401 0.0
0.06425 0.0
0.0645 0.0
0.06474 0.0
0.06499 0.0
0.06523 0.0
0.06548 0.0
0.06572 0.0
0.06596 0.0
0.06621 0.0
0.06645 0.0
0.0667 0.0
0.06694 0.0
0.06718 0.0
0.06743 0.0
0.06767 0.0
0.06792 0.0
0.06816 0.0
0.06841 0.0
0.06865 0.0
0.06889 0.0
0.06914 0.0
0.06938 0.0
0.06963 0.0
0.06987 0.0
0.07011 0.0
0.07036 0.0
0.0706 0.0
0.07085 0.0
0.07109 0.0
0.07133 0.0
0.07158 0.0
0.07182 0.0
0.07207 0.0
0.07231 0.0
0.07256 0.0
0.0728 0.0
0.07304 0.0
0.07329 0.0
0.07353 0.0
0.07378 0.0
0.07402 0.0
0.07426 0.0
0.07451 0.0
0.07475 0.0
0.075 0.0
0.07524 0.0
0.07549 0.0
0.07573 0.0
0.07597 0.0
0.07622 0.0
0.07646 0.0
0.07671 0.0
0.07695 0.0
0.07719 0.0
0.07744 0.0
0.07768 0.0
