t strain*1e23
-0.41838 -2.9
-0.41814 -3.1
-0.41789 -3.3
-0.41765 -3.6
-0.4174 -3.8
-0.41716 -4.0
-0.41692 -4.2
-0.41667 -4.4
-0.41643 -4.6
-0.41618 -4.8
-0.41594 -5.0
-0.4157 -5.2
-0.41545 -5.3
-0.41521 -5.5
-0.41496 -5.7
-0.41472 -5.8
-0.41447 -6.0
-0.41423 -6.1
-0.41399 -6.3
-0.41374 -6.4
-0.4135 -6.5
-0.41325 -6.6
-0.41301 -6.7
-0.41277 -6.8
-0.41252 -6.9
-0.41228 -7.0
-0.41203 -7.1
-0.41179 -7.1
-0.41154 -7.2
-0.4113 -7.2
-0.41106 -7.2
-0.41081 -7.3
-0.41057 -7.3
-0.41032 -7.3
-0.41008 -7.3
-0.40984 -7.3
-0.40959 -7.3
-0.40935 -7.3
-0.4091 -7.2
-0.40886 -7.2
-0.40862 -7.1
-0.40837 -7.1
-0.40813 -7.0
-0.40788 -6.9
-0.40764 -6.8
-0.40739 -6.7
-0.40715 -6.6
-0.40691 -6.5
-0.40666 -6.4
-0.40642 -6.3
-0.40617 -6.1
-0.40593 -6.0
-0.40569 -5.9
-0.40544 -5.7
-0.4052 -5.5
-0.40495 -5.4
-0.40471 -5.2
-0.40446 -5.0
-0.40422 -4.8
-0.40398 -4.6
-0.40373 -4.4
-0.40349 -4.2
-0.40324 -4.0
-0.403 -3.8
-0.40276 -3.5
-0.40251 -3.3
-0.40227 -3.1
-0.40202 -2.9
-0.40178 -2.6
-0.40154 -2.4
-0.40129 -2.1
-0.40105 -1.9
-0.4008 -1.6
-0.40056 -1.4
-0.40031 -1.1
-0.40007 -0.9
-0.39983 -0.6
-0.39958 -0.4
-0.39934 0.0
-0.39909 0.2
-0.39885 0.4
-0.39861 0.7
-0.39836 0.9
-0.39812 1.2
-0.39787 1.4
-0.39763 1.7
-0.39738 1.9
-0.39714 2.2
-0.3969 2.4
-0.39665 2.7
-0.39641 2.9
-0.39616 3.2
-0.39592 3.4
-0.39568 3.6
-0.39543 3.9
-0.39519 4.1
-0.39494 4.3
-0.3947 4.5
-0.39445 4.7
-0.39421 4.9
-0.39397 5.1
-0.39372 5.3
-0.39348 5.5
-0.39323 5.6
-0.39299 5.8
-0.39275 6.0
-0.3925 6.1
-0.39226 6.2
-0.39201 6.4
-0.39177 6.5
-0.39153 6.6
-0.39128 6.7
-0.39104 6.8
-0.39079 6.9
-0.39055 7.0
-0.3903 7.1
-0.39006 7.2
-0.38982 7.2
-0.38957 7.3
-0.38933 7.3
-0.38908 7.4
-0.38884 7.4
-0.3886 7.4
-0.38835 7.4
-0.38811 7.4
-0.38786 7.4
-0.38762 7.4
-0.38737 7.3
-0.38713 7.3
-0.38689 7.2
-0.38664 7.2
-0.3864 7.1
-0.38615 7.0
-0.38591 6.9
-0.38567 6.8
-0.38542 6.7
-0.38518 6.6
-0.38493 6.5
-0.38469 6.4
-0.38445 6.2
-0.3842 6.1
-0.38396 5.9
-0.38371 5.8
-0.38347 5.6
-0.38322 5.4
-0.38298 5.2
-0.38274 5.0
-0.38249 4.8
-0.38225 4.6
-0.382 4.4
-0.38176 4.2
-0.38152 4.0
-0.38127 3.8
-0.38103 3.5
-0.38078 3.3
-0.38054 3.1
-0.38029 2.8
-0.38005 2.6
-0.37981 2.3
-0.37956 2.1
-0.37932 1.8
-0.37907 1.6
-0.37883 1.3
-0.37859 1.0
-0.37834 0.8
-0.3781 0.5
-0.37785 0.2
-0.37761 0.0
-0.37737 -0.3
-0.37712 -0.6
-0.37688 -0.8
-0.37663 -1.1
-0.37639 -1.4
-0.37614 -1.6
-0.3759 -1.9
-0.37566 -2.1
-0.37541 -2.4
-0.37517 -2.6
-0.37492 -2.9
-0.37468 -3.1
-0.37444 -3.4
-0.37419 -3.6
-0.37395 -3.9
-0.3737 -4.1
-0.37346 -4.3
-0.37321 -4.5
-0.37297 -4.7
-0.37273 -4.9
-0.37248 -5.1
-0.37224 -5.3
-0.37199 -5.5
-0.37175 -5.7
-0.37151 -5.9
-0.37126 -6.0
-0.37102 -6.2
-0.37077 -6.3
-0.37053 -6.5
-0.37029 -6.6
-0.37004 -6.7
-0.3698 -6.8
-0.36955 -6.9
-0.36931 -7.0
-0.36906 -7.1
-0.36882 -7.2
-0.36858 -7.3
-0.36833 -7.3
-0.36809 -7.4
-0.36784 -7.4
-0.3676 -7.5
-0.36736 -7.5
-0.36711 -7.5
-0.36687 -7.5
-0.36662 -7.5
-0.36638 -7.5
-0.36613 -7.4
-0.36589 -7.4
-0.36565 -7.3
-0.3654 -7.3
-0.36516 -7.2
-0.36491 -7.1
-0.36467 -7.1
-0.36443 -7.0
-0.36418 -6.9
-0.36394 -6.7
-0.36369 -6.6
-0.36345 -6.5
-0.3632 -6.4
-0.36296 -6.2
-0.36272 -6.0
-0.36247 -5.9
-0.36223 -5.7
-0.36198 -5.5
-0.36174 -5.3
-0.3615 -5.1
-0.36125 -4.9
-0.36101 -4.7
-0.36076 -4.5
-0.36052 -4.3
-0.36028 -4.1
-0.36003 -3.8
-0.35979 -3.6
-0.35954 -3.4
-0.3593 -3.1
-0.35905 -2.9
-0.35881 -2.6
-0.35857 -2.3
-0.35832 -2.1
-0.35808 -1.8
-0.35783 -1.5
-0.35759 -1.3
-0.35735 -1.0
-0.3571 -0.7
-0.35686 -0.5
-0.35661 -0.2
-0.35637 0.0
-0.35612 0.4
-0.35588 0.6
-0.35564 0.9
-0.35539 1.2
-0.35515 1.5
-0.3549 1.7
-0.35466 2.0
-0.35442 2.3
-0.35417 2.5
-0.35393 2.8
-0.35368 3.0
-0.35344 3.3
-0.3532 3.5
-0.35295 3.8
-0.35271 4.0
-0.35246 4.3
-0.35222 4.5
-0.35197 4.7
-0.35173 4.9
-0.35149 5.1
-0.35124 5.3
-0.351 5.5
-0.35075 5.7
-0.35051 5.9
-0.35027 6.1
-0.35002 6.2
-0.34978 6.4
-0.34953 6.5
-0.34929 6.7
-0.34904 6.8
-0.3488 6.9
-0.34856 7.0
-0.34831 7.1
-0.34807 7.2
-0.34782 7.3
-0.34758 7.4
-0.34734 7.4
-0.34709 7.5
-0.34685 7.5
-0.3466 7.6
-0.34636 7.6
-0.34612 7.6
-0.34587 7.6
-0.34563 7.6
-0.34538 7.6
-0.34514 7.5
-0.34489 7.5
-0.34465 7.4
-0.34441 7.4
-0.34416 7.3
-0.34392 7.2
-0.34367 7.1
-0.34343 7.0
-0.34319 6.9
-0.34294 6.8
-0.3427 6.7
-0.34245 6.5
-0.34221 6.4
-0.34196 6.2
-0.34172 6.1
-0.34148 5.9
-0.34123 5.7
-0.34099 5.5
-0.34074 5.3
-0.3405 5.1
-0.34026 4.9
-0.34001 4.7
-0.33977 4.4
-0.33952 4.2
-0.33928 4.0
-0.33904 3.7
-0.33879 3.5
-0.33855 3.2
-0.3383 3.0
-0.33806 2.7
-0.33781 2.4
-0.33757 2.2
-0.33733 1.9
-0.33708 1.6
-0.33684 1.3
-0.33659 1.1
-0.33635 0.8
-0.33611 0.5
-0.33586 0.2
-0.33562 0.0
-0.33537 -0.4
-0.33513 -0.6
-0.33488 -0.9
-0.33464 -1.2
-0.3344 -1.5
-0.33415 -1.8
-0.33391 -2.1
-0.33366 -2.3
-0.33342 -2.6
-0.33318 -2.9
-0.33293 -3.1
-0.33269 -3.4
-0.33244 -3.6
-0.3322 -3.9
-0.33195 -4.1
-0.33171 -4.4
-0.33147 -4.6
-0.33122 -4.8
-0.33098 -5.1
-0.33073 -5.3
-0.33049 -5.5
-0.33025 -5.7
-0.33 -5.9
-0.32976 -6.0
-0.32951 -6.2
-0.32927 -6.4
-0.32903 -6.5
-0.32878 -6.7
-0.32854 -6.8
-0.32829 -7.0
-0.32805 -7.1
-0.3278 -7.2
-0.32756 -7.3
-0.32732 -7.4
-0.32707 -7.4
-0.32683 -7.5
-0.32658 -7.6
-0.32634 -7.6
-0.3261 -7.7
-0.32585 -7.7
-0.32561 -7.7
-0.32536 -7.7
-0.32512 -7.7
-0.32487 -7.7
-0.32463 -7.6
-0.32439 -7.6
-0.32414 -7.5
-0.3239 -7.5
-0.32365 -7.4
-0.32341 -7.3
-0.32317 -7.2
-0.32292 -7.1
-0.32268 -7.0
-0.32243 -6.9
-0.32219 -6.7
-0.32195 -6.6
-0.3217 -6.4
-0.32146 -6.3
-0.32121 -6.1
-0.32097 -5.9
-0.32072 -5.7
-0.32048 -5.5
-0.32024 -5.3
-0.31999 -5.1
-0.31975 -4.9
-0.3195 -4.7
-0.31926 -4.4
-0.31902 -4.2
-0.31877 -3.9
-0.31853 -3.7
-0.31828 -3.4
-0.31804 -3.2
-0.31779 -2.9
-0.31755 -2.6
-0.31731 -2.3
-0.31706 -2.1
-0.31682 -1.8
-0.31657 -1.5
-0.31633 -1.2
-0.31609 -0.9
-0.31584 -0.6
-0.3156 -0.3
-0.31535 0.0
-0.31511 0.3
-0.31487 0.6
-0.31462 0.9
-0.31438 1.2
-0.31413 1.5
-0.31389 1.7
-0.31364 2.0
-0.3134 2.3
-0.31316 2.6
-0.31291 2.9
-0.31267 3.1
-0.31242 3.4
-0.31218 3.7
-0.31194 3.9
-0.31169 4.2
-0.31145 4.4
-0.3112 4.7
-0.31096 4.9
-0.31071 5.1
-0.31047 5.4
-0.31023 5.6
-0.30998 5.8
-0.30974 6.0
-0.30949 6.2
-0.30925 6.3
-0.30901 6.5
-0.30876 6.7
-0.30852 6.8
-0.30827 7.0
-0.30803 7.1
-0.30779 7.2
-0.30754 7.3
-0.3073 7.4
-0.30705 7.5
-0.30681 7.6
-0.30656 7.6
-0.30632 7.7
-0.30608 7.7
-0.30583 7.8
-0.30559 7.8
-0.30534 7.8
-0.3051 7.8
-0.30486 7.8
-0.30461 7.8
-0.30437 7.7
-0.30412 7.7
-0.30388 7.6
-0.30363 7.5
-0.30339 7.5
-0.30315 7.4
-0.3029 7.3
-0.30266 7.1
-0.30241 7.0
-0.30217 6.9
-0.30193 6.7
-0.30168 6.6
-0.30144 6.4
-0.30119 6.2
-0.30095 6.0
-0.3007 5.8
-0.30046 5.6
-0.30022 5.4
-0.29997 5.2
-0.29973 5.0
-0.29948 4.7
-0.29924 4.5
-0.299 4.2
-0.29875 4.0
-0.29851 3.7
-0.29826 3.4
-0.29802 3.2
-0.29778 2.9
-0.29753 2.6
-0.29729 2.3
-0.29704 2.0
-0.2968 1.7
-0.29655 1.4
-0.29631 1.1
-0.29607 0.8
-0.29582 0.5
-0.29558 0.2
-0.29533 -0.1
-0.29509 -0.4
-0.29485 -0.7
-0.2946 -1.0
-0.29436 -1.3
-0.29411 -1.6
-0.29387 -1.9
-0.29362 -2.2
-0.29338 -2.5
-0.29314 -2.8
-0.29289 -3.1
-0.29265 -3.4
-0.2924 -3.7
-0.29216 -3.9
-0.29192 -4.2
-0.29167 -4.4
-0.29143 -4.7
-0.29118 -4.9
-0.29094 -5.2
-0.2907 -5.4
-0.29045 -5.6
-0.29021 -5.8
-0.28996 -6.0
-0.28972 -6.2
-0.28947 -6.4
-0.28923 -6.6
-0.28899 -6.8
-0.28874 -6.9
-0.2885 -7.1
-0.28825 -7.2
-0.28801 -7.3
-0.28777 -7.4
-0.28752 -7.5
-0.28728 -7.6
-0.28703 -7.7
-0.28679 -7.8
-0.28654 -7.8
-0.2863 -7.9
-0.28606 -7.9
-0.28581 -7.9
-0.28557 -7.9
-0.28532 -7.9
-0.28508 -7.9
-0.28484 -7.9
-0.28459 -7.8
-0.28435 -7.8
-0.2841 -7.7
-0.28386 -7.6
-0.28362 -7.5
-0.28337 -7.4
-0.28313 -7.3
-0.28288 -7.2
-0.28264 -7.0
-0.28239 -6.9
-0.28215 -6.7
-0.28191 -6.5
-0.28166 -6.4
-0.28142 -6.2
-0.28117 -6.0
-0.28093 -5.8
-0.28069 -5.5
-0.28044 -5.3
-0.2802 -5.1
-0.27995 -4.8
-0.27971 -4.6
-0.27946 -4.3
-0.27922 -4.0
-0.27898 -3.8
-0.27873 -3.5
-0.27849 -3.2
-0.27824 -2.9
-0.278 -2.6
-0.27776 -2.3
-0.27751 -2.0
-0.27727 -1.7
-0.27702 -1.4
-0.27678 -1.1
-0.27654 -0.8
-0.27629 -0.5
-0.27605 -0.1
-0.2758 0.2
-0.27556 0.5
-0.27531 0.8
-0.27507 1.1
-0.27483 1.5
-0.27458 1.8
-0.27434 2.1
-0.27409 2.4
-0.27385 2.7
-0.27361 3.0
-0.27336 3.3
-0.27312 3.6
-0.27287 3.9
-0.27263 4.1
-0.27238 4.4
-0.27214 4.7
-0.2719 4.9
-0.27165 5.2
-0.27141 5.4
-0.27116 5.6
-0.27092 5.9
-0.27068 6.1
-0.27043 6.3
-0.27019 6.5
-0.26994 6.7
-0.2697 6.8
-0.26945 7.0
-0.26921 7.2
-0.26897 7.3
-0.26872 7.4
-0.26848 7.6
-0.26823 7.7
-0.26799 7.7
-0.26775 7.8
-0.2675 7.9
-0.26726 8.0
-0.26701 8.0
-0.26677 8.0
-0.26653 8.0
-0.26628 8.0
-0.26604 8.0
-0.26579 8.0
-0.26555 8.0
-0.2653 7.9
-0.26506 7.9
-0.26482 7.8
-0.26457 7.7
-0.26433 7.6
-0.26408 7.5
-0.26384 7.4
-0.2636 7.2
-0.26335 7.1
-0.26311 6.9
-0.26286 6.7
-0.26262 6.6
-0.26237 6.4
-0.26213 6.2
-0.26189 5.9
-0.26164 5.7
-0.2614 5.5
-0.26115 5.2
-0.26091 5.0
-0.26067 4.7
-0.26042 4.5
-0.26018 4.2
-0.25993 3.9
-0.25969 3.6
-0.25945 3.3
-0.2592 3.0
-0.25896 2.7
-0.25871 2.4
-0.25847 2.1
-0.25822 1.7
-0.25798 1.4
-0.25774 1.1
-0.25749 0.8
-0.25725 0.4
-0.257 0.1
-0.25676 -0.2
-0.25652 -0.5
-0.25627 -0.9
-0.25603 -1.2
-0.25578 -1.5
-0.25554 -1.9
-0.25529 -2.2
-0.25505 -2.5
-0.25481 -2.8
-0.25456 -3.1
-0.25432 -3.4
-0.25407 -3.7
-0.25383 -4.0
-0.25359 -4.3
-0.25334 -4.6
-0.2531 -4.9
-0.25285 -5.1
-0.25261 -5.4
-0.25237 -5.6
-0.25212 -5.9
-0.25188 -6.1
-0.25163 -6.3
-0.25139 -6.5
-0.25114 -6.7
-0.2509 -6.9
-0.25066 -7.1
-0.25041 -7.2
-0.25017 -7.4
-0.24992 -7.5
-0.24968 -7.7
-0.24944 -7.8
-0.24919 -7.9
-0.24895 -8.0
-0.2487 -8.0
-0.24846 -8.1
-0.24821 -8.1
-0.24797 -8.2
-0.24773 -8.2
-0.24748 -8.2
-0.24724 -8.2
-0.24699 -8.1
-0.24675 -8.1
-0.24651 -8.0
-0.24626 -8.0
-0.24602 -7.9
-0.24577 -7.8
-0.24553 -7.7
-0.24529 -7.6
-0.24504 -7.4
-0.2448 -7.3
-0.24455 -7.1
-0.24431 -7.0
-0.24406 -6.8
-0.24382 -6.6
-0.24358 -6.4
-0.24333 -6.2
-0.24309 -5.9
-0.24284 -5.7
-0.2426 -5.4
-0.24236 -5.2
-0.24211 -4.9
-0.24187 -4.6
-0.24162 -4.3
-0.24138 -4.1
-0.24113 -3.8
-0.24089 -3.4
-0.24065 -3.1
-0.2404 -2.8
-0.24016 -2.5
-0.23991 -2.2
-0.23967 -1.8
-0.23943 -1.5
-0.23918 -1.1
-0.23894 -0.8
-0.23869 -0.5
-0.23845 -0.1
-0.2382 0.2
-0.23796 0.6
-0.23772 0.9
-0.23747 1.3
-0.23723 1.6
-0.23698 1.9
-0.23674 2.3
-0.2365 2.6
-0.23625 2.9
-0.23601 3.3
-0.23576 3.6
-0.23552 3.9
-0.23528 4.2
-0.23503 4.5
-0.23479 4.8
-0.23454 5.1
-0.2343 5.3
-0.23405 5.6
-0.23381 5.8
-0.23357 6.1
-0.23332 6.3
-0.23308 6.5
-0.23283 6.8
-0.23259 7.0
-0.23235 7.1
-0.2321 7.3
-0.23186 7.5
-0.23161 7.6
-0.23137 7.8
-0.23112 7.9
-0.23088 8.0
-0.23064 8.1
-0.23039 8.2
-0.23015 8.2
-0.2299 8.3
-0.22966 8.3
-0.22942 8.3
-0.22917 8.3
-0.22893 8.3
-0.22868 8.3
-0.22844 8.2
-0.2282 8.2
-0.22795 8.1
-0.22771 8.0
-0.22746 7.9
-0.22722 7.8
-0.22697 7.7
-0.22673 7.5
-0.22649 7.4
-0.22624 7.2
-0.226 7.0
-0.22575 6.8
-0.22551 6.6
-0.22527 6.4
-0.22502 6.2
-0.22478 5.9
-0.22453 5.7
-0.22429 5.4
-0.22404 5.1
-0.2238 4.8
-0.22356 4.5
-0.22331 4.2
-0.22307 3.9
-0.22282 3.6
-0.22258 3.3
-0.22234 3.0
-0.22209 2.6
-0.22185 2.3
-0.2216 1.9
-0.22136 1.6
-0.22112 1.2
-0.22087 0.9
-0.22063 0.5
-0.22038 0.1
-0.22014 -0.2
-0.21989 -0.6
-0.21965 -0.9
-0.21941 -1.3
-0.21916 -1.7
-0.21892 -2.0
-0.21867 -2.4
-0.21843 -2.7
-0.21819 -3.0
-0.21794 -3.4
-0.2177 -3.7
-0.21745 -4.0
-0.21721 -4.3
-0.21696 -4.7
-0.21672 -5.0
-0.21648 -5.2
-0.21623 -5.5
-0.21599 -5.8
-0.21574 -6.1
-0.2155 -6.3
-0.21526 -6.6
-0.21501 -6.8
-0.21477 -7.0
-0.21452 -7.2
-0.21428 -7.4
-0.21404 -7.6
-0.21379 -7.7
-0.21355 -7.9
-0.2133 -8.0
-0.21306 -8.1
-0.21281 -8.2
-0.21257 -8.3
-0.21233 -8.4
-0.21208 -8.4
-0.21184 -8.4
-0.21159 -8.5
-0.21135 -8.5
-0.21111 -8.5
-0.21086 -8.4
-0.21062 -8.4
-0.21037 -8.3
-0.21013 -8.3
-0.20988 -8.2
-0.20964 -8.1
-0.2094 -7.9
-0.20915 -7.8
-0.20891 -7.6
-0.20866 -7.5
-0.20842 -7.3
-0.20818 -7.1
-0.20793 -6.9
-0.20769 -6.7
-0.20744 -6.4
-0.2072 -6.2
-0.20695 -5.9
-0.20671 -5.7
-0.20647 -5.4
-0.20622 -5.1
-0.20598 -4.8
-0.20573 -4.5
-0.20549 -4.1
-0.20525 -3.8
-0.205 -3.5
-0.20476 -3.1
-0.20451 -2.8
-0.20427 -2.4
-0.20403 -2.0
-0.20378 -1.7
-0.20354 -1.3
-0.20329 -0.9
-0.20305 -0.6
-0.2028 -0.2
-0.20256 0.2
-0.20232 0.6
-0.20207 1.0
-0.20183 1.3
-0.20158 1.7
-0.20134 2.1
-0.2011 2.4
-0.20085 2.8
-0.20061 3.2
-0.20036 3.5
-0.20012 3.9
-0.19987 4.2
-0.19963 4.5
-0.19939 4.8
-0.19914 5.2
-0.1989 5.5
-0.19865 5.7
-0.19841 6.0
-0.19817 6.3
-0.19792 6.5
-0.19768 6.8
-0.19743 7.0
-0.19719 7.2
-0.19695 7.4
-0.1967 7.6
-0.19646 7.8
-0.19621 8.0
-0.19597 8.1
-0.19572 8.2
-0.19548 8.3
-0.19524 8.4
-0.19499 8.5
-0.19475 8.6
-0.1945 8.6
-0.19426 8.6
-0.19402 8.6
-0.19377 8.6
-0.19353 8.6
-0.19328 8.5
-0.19304 8.5
-0.19279 8.4
-0.19255 8.3
-0.19231 8.2
-0.19206 8.1
-0.19182 7.9
-0.19157 7.8
-0.19133 7.6
-0.19109 7.4
-0.19084 7.2
-0.1906 6.9
-0.19035 6.7
-0.19011 6.5
-0.18987 6.2
-0.18962 5.9
-0.18938 5.6
-0.18913 5.3
-0.18889 5.0
-0.18864 4.7
-0.1884 4.3
-0.18816 4.0
-0.18791 3.6
-0.18767 3.3
-0.18742 2.9
-0.18718 2.5
-0.18694 2.2
-0.18669 1.8
-0.18645 1.4
-0.1862 1.0
-0.18596 0.6
-0.18571 0.2
-0.18547 -0.2
-0.18523 -0.6
-0.18498 -1.0
-0.18474 -1.4
-0.18449 -1.8
-0.18425 -2.2
-0.18401 -2.5
-0.18376 -2.9
-0.18352 -3.3
-0.18327 -3.7
-0.18303 -4.0
-0.18279 -4.4
-0.18254 -4.7
-0.1823 -5.1
-0.18205 -5.4
-0.18181 -5.7
-0.18156 -6.0
-0.18132 -6.3
-0.18108 -6.6
-0.18083 -6.8
-0.18059 -7.1
-0.18034 -7.3
-0.1801 -7.5
-0.17986 -7.7
-0.17961 -7.9
-0.17937 -8.1
-0.17912 -8.2
-0.17888 -8.4
-0.17863 -8.5
-0.17839 -8.6
-0.17815 -8.7
-0.1779 -8.7
-0.17766 -8.8
-0.17741 -8.8
-0.17717 -8.8
-0.17693 -8.8
-0.17668 -8.8
-0.17644 -8.7
-0.17619 -8.7
-0.17595 -8.6
-0.1757 -8.5
-0.17546 -8.3
-0.17522 -8.2
-0.17497 -8.0
-0.17473 -7.9
-0.17448 -7.7
-0.17424 -7.5
-0.174 -7.2
-0.17375 -7.0
-0.17351 -6.7
-0.17326 -6.5
-0.17302 -6.2
-0.17278 -5.9
-0.17253 -5.6
-0.17229 -5.2
-0.17204 -4.9
-0.1718 -4.5
-0.17155 -4.2
-0.17131 -3.8
-0.17107 -3.4
-0.17082 -3.1
-0.17058 -2.7
-0.17033 -2.3
-0.17009 -1.9
-0.16985 -1.4
-0.1696 -1.0
-0.16936 -0.6
-0.16911 -0.2
-0.16887 0.2
-0.16862 0.6
-0.16838 1.1
-0.16814 1.5
-0.16789 1.9
-0.16765 2.3
-0.1674 2.7
-0.16716 3.1
-0.16692 3.5
-0.16667 3.9
-0.16643 4.2
-0.16618 4.6
-0.16594 5.0
-0.1657 5.3
-0.16545 5.7
-0.16521 6.0
-0.16496 6.3
-0.16472 6.6
-0.16447 6.9
-0.16423 7.1
-0.16399 7.4
-0.16374 7.6
-0.1635 7.8
-0.16325 8.0
-0.16301 8.2
-0.16277 8.4
-0.16252 8.5
-0.16228 8.7
-0.16203 8.8
-0.16179 8.9
-0.16154 8.9
-0.1613 9.0
-0.16106 9.0
-0.16081 9.0
-0.16057 9.0
-0.16032 9.0
-0.16008 8.9
-0.15984 8.8
-0.15959 8.7
-0.15935 8.6
-0.1591 8.5
-0.15886 8.3
-0.15862 8.1
-0.15837 7.9
-0.15813 7.7
-0.15788 7.5
-0.15764 7.3
-0.15739 7.0
-0.15715 6.7
-0.15691 6.4
-0.15666 6.1
-0.15642 5.8
-0.15617 5.4
-0.15593 5.1
-0.15569 4.7
-0.15544 4.3
-0.1552 3.9
-0.15495 3.5
-0.15471 3.1
-0.15446 2.7
-0.15422 2.3
-0.15398 1.9
-0.15373 1.4
-0.15349 1.0
-0.15324 0.6
-0.153 0.1
-0.15276 -0.3
-0.15251 -0.8
-0.15227 -1.2
-0.15202 -1.7
-0.15178 -2.1
-0.15154 -2.5
-0.15129 -2.9
-0.15105 -3.4
-0.1508 -3.8
-0.15056 -4.2
-0.15031 -4.6
-0.15007 -5.0
-0.14983 -5.3
-0.14958 -5.7
-0.14934 -6.0
-0.14909 -6.4
-0.14885 -6.7
-0.14861 -7.0
-0.14836 -7.3
-0.14812 -7.5
-0.14787 -7.8
-0.14763 -8.0
-0.14738 -8.2
-0.14714 -8.4
-0.1469 -8.6
-0.14665 -8.7
-0.14641 -8.9
-0.14616 -9.0
-0.14592 -9.1
-0.14568 -9.1
-0.14543 -9.2
-0.14519 -9.2
-0.14494 -9.2
-0.1447 -9.2
-0.14445 -9.1
-0.14421 -9.1
-0.14397 -9.0
-0.14372 -8.9
-0.14348 -8.7
-0.14323 -8.6
-0.14299 -8.4
-0.14275 -8.2
-0.1425 -8.0
-0.14226 -7.7
-0.14201 -7.5
-0.14177 -7.2
-0.14153 -6.9
-0.14128 -6.6
-0.14104 -6.3
-0.14079 -5.9
-0.14055 -5.5
-0.1403 -5.2
-0.14006 -4.8
-0.13982 -4.4
-0.13957 -4.0
-0.13933 -3.5
-0.13908 -3.1
-0.13884 -2.7
-0.1386 -2.2
-0.13835 -1.8
-0.13811 -1.3
-0.13786 -0.8
-0.13762 -0.4
-0.13737 0.1
-0.13713 0.6
-0.13689 1.0
-0.13664 1.5
-0.1364 2.0
-0.13615 2.4
-0.13591 2.9
-0.13567 3.3
-0.13542 3.8
-0.13518 4.2
-0.13493 4.6
-0.13469 5.0
-0.13445 5.4
-0.1342 5.8
-0.13396 6.2
-0.13371 6.5
-0.13347 6.9
-0.13322 7.2
-0.13298 7.5
-0.13274 7.8
-0.13249 8.0
-0.13225 8.3
-0.132 8.5
-0.13176 8.7
-0.13152 8.9
-0.13127 9.0
-0.13103 9.2
-0.13078 9.3
-0.13054 9.3
-0.13029 9.4
-0.13005 9.4
-0.12981 9.4
-0.12956 9.4
-0.12932 9.4
-0.12907 9.3
-0.12883 9.2
-0.12859 9.1
-0.12834 9.0
-0.1281 8.8
-0.12785 8.6
-0.12761 8.4
-0.12737 8.2
-0.12712 7.9
-0.12688 7.6
-0.12663 7.3
-0.12639 7.0
-0.12614 6.7
-0.1259 6.3
-0.12566 5.9
-0.12541 5.6
-0.12517 5.2
-0.12492 4.7
-0.12468 4.3
-0.12444 3.8
-0.12419 3.4
-0.12395 2.9
-0.1237 2.4
-0.12346 2.0
-0.12321 1.5
-0.12297 1.0
-0.12273 0.5
-0.12248 0.0
-0.12224 -0.5
-0.12199 -1.0
-0.12175 -1.5
-0.12151 -2.0
-0.12126 -2.5
-0.12102 -3.0
-0.12077 -3.5
-0.12053 -3.9
-0.12029 -4.4
-0.12004 -4.8
-0.1198 -5.3
-0.11955 -5.7
-0.11931 -6.1
-0.11906 -6.5
-0.11882 -6.9
-0.11858 -7.2
-0.11833 -7.5
-0.11809 -7.9
-0.11784 -8.1
-0.1176 -8.4
-0.11736 -8.7
-0.11711 -8.9
-0.11687 -9.1
-0.11662 -9.2
-0.11638 -9.4
-0.11613 -9.5
-0.11589 -9.6
-0.11565 -9.7
-0.1154 -9.7
-0.11516 -9.7
-0.11491 -9.7
-0.11467 -9.6
-0.11443 -9.6
-0.11418 -9.5
-0.11394 -9.3
-0.11369 -9.2
-0.11345 -9.0
-0.1132 -8.8
-0.11296 -8.5
-0.11272 -8.3
-0.11247 -8.0
-0.11223 -7.7
-0.11198 -7.4
-0.11174 -7.0
-0.1115 -6.6
-0.11125 -6.2
-0.11101 -5.8
-0.11076 -5.4
-0.11052 -4.9
-0.11028 -4.5
-0.11003 -4.0
-0.10979 -3.5
-0.10954 -3.0
-0.1093 -2.5
-0.10905 -2.0
-0.10881 -1.4
-0.10857 -0.9
-0.10832 -0.4
-0.10808 0.2
-0.10783 0.7
-0.10759 1.2
-0.10735 1.8
-0.1071 2.3
-0.10686 2.8
-0.10661 3.3
-0.10637 3.8
-0.10612 4.3
-0.10588 4.8
-0.10564 5.3
-0.10539 5.7
-0.10515 6.2
-0.1049 6.6
-0.10466 7.0
-0.10442 7.4
-0.10417 7.7
-0.10393 8.1
-0.10368 8.4
-0.10344 8.7
-0.1032 8.9
-0.10295 9.2
-0.10271 9.4
-0.10246 9.6
-0.10222 9.7
-0.10197 9.8
-0.10173 9.9
-0.10149 10.0
-0.10124 10.0
-0.101 10.0
-0.10075 9.9
-0.10051 9.9
-0.10027 9.8
-0.10002 9.7
-0.09978 9.5
-0.09953 9.3
-0.09929 9.1
-0.09904 8.8
-0.0988 8.6
-0.09856 8.2
-0.09831 7.9
-0.09807 7.6
-0.09782 7.2
-0.09758 6.8
-0.09734 6.3
-0.09709 5.9
-0.09685 5.4
-0.0966 4.9
-0.09636 4.4
-0.09612 3.9
-0.09587 3.4
-0.09563 2.8
-0.09538 2.3
-0.09514 1.7
-0.09489 1.1
-0.09465 0.5
-0.09441 0.0
-0.09416 -0.6
-0.09392 -1.2
-0.09367 -1.8
-0.09343 -2.3
-0.09319 -2.9
-0.09294 -3.5
-0.0927 -4.0
-0.09245 -4.6
-0.09221 -5.1
-0.09196 -5.6
-0.09172 -6.1
-0.09148 -6.5
-0.09123 -7.0
-0.09099 -7.4
-0.09074 -7.8
-0.0905 -8.2
-0.09026 -8.5
-0.09001 -8.9
-0.08977 -9.1
-0.08952 -9.4
-0.08928 -9.6
-0.08904 -9.8
-0.08879 -10.0
-0.08855 -10.1
-0.0883 -10.2
-0.08806 -10.3
-0.08781 -10.3
-0.08757 -10.3
-0.08733 -10.3
-0.08708 -10.2
-0.08684 -10.1
-0.08659 -9.9
-0.08635 -9.7
-0.08611 -9.5
-0.08586 -9.3
-0.08562 -9.0
-0.08537 -8.7
-0.08513 -8.3
-0.08488 -7.9
-0.08464 -7.5
-0.0844 -7.1
-0.08415 -6.6
-0.08391 -6.1
-0.08366 -5.6
-0.08342 -5.1
-0.08318 -4.6
-0.08293 -4.0
-0.08269 -3.4
-0.08244 -2.8
-0.0822 -2.2
-0.08195 -1.6
-0.08171 -1.0
-0.08147 -0.3
-0.08122 0.3
-0.08098 0.9
-0.08073 1.6
-0.08049 2.2
-0.08025 2.8
-0.08 3.4
-0.07976 4.0
-0.07951 4.6
-0.07927 5.2
-0.07903 5.7
-0.07878 6.3
-0.07854 6.8
-0.07829 7.3
-0.07805 7.7
-0.0778 8.2
-0.07756 8.6
-0.07732 8.9
-0.07707 9.3
-0.07683 9.6
-0.07658 9.9
-0.07634 10.1
-0.0761 10.3
-0.07585 10.5
-0.07561 10.6
-0.07536 10.7
-0.07512 10.7
-0.07487 10.7
-0.07463 10.7
-0.07439 10.6
-0.07414 10.4
-0.0739 10.3
-0.07365 10.1
-0.07341 9.8
-0.07317 9.5
-0.07292 9.2
-0.07268 8.9
-0.07243 8.5
-0.07219 8.0
-0.07195 7.6
-0.0717 7.1
-0.07146 6.6
-0.07121 6.0
-0.07097 5.4
-0.07072 4.8
-0.07048 4.2
-0.07024 3.6
-0.06999 2.9
-0.06975 2.3
-0.0695 1.6
-0.06926 0.9
-0.06902 0.2
-0.06877 -0.5
-0.06853 -1.2
-0.06828 -1.9
-0.06804 -2.6
-0.06779 -3.2
-0.06755 -3.9
-0.06731 -4.6
-0.06706 -5.2
-0.06682 -5.8
-0.06657 -6.4
-0.06633 -7.0
-0.06609 -7.5
-0.06584 -8.0
-0.0656 -8.5
-0.06535 -9.0
-0.06511 -9.4
-0.06487 -9.7
-0.06462 -10.1
-0.06438 -10.4
-0.06413 -10.6
-0.06389 -10.8
-0.06364 -11.0
-0.0634 -11.1
-0.06316 -11.1
-0.06291 -11.1
-0.06267 -11.1
-0.06242 -11.0
-0.06218 -10.9
-0.06194 -10.7
-0.06169 -10.5
-0.06145 -10.2
-0.0612 -9.9
-0.06096 -9.5
-0.06071 -9.1
-0.06047 -8.7
-0.06023 -8.2
-0.05998 -7.7
-0.05974 -7.1
-0.05949 -6.5
-0.05925 -5.9
-0.05901 -5.2
-0.05876 -4.5
-0.05852 -3.8
-0.05827 -3.1
-0.05803 -2.4
-0.05779 -1.6
-0.05754 -0.8
-0.0573 0.0
-0.05705 0.7
-0.05681 1.5
-0.05656 2.2
-0.05632 3.0
-0.05608 3.8
-0.05583 4.5
-0.05559 5.2
-0.05534 5.9
-0.0551 6.6
-0.05486 7.2
-0.05461 7.8
-0.05437 8.4
-0.05412 8.9
-0.05388 9.4
-0.05363 9.9
-0.05339 10.3
-0.05315 10.6
-0.0529 11.0
-0.05266 11.2
-0.05241 11.4
-0.05217 11.6
-0.05193 11.6
-0.05168 11.7
-0.05144 11.6
-0.05119 11.6
-0.05095 11.4
-0.0507 11.2
-0.05046 11.0
-0.05022 10.6
-0.04997 10.3
-0.04973 9.8
-0.04948 9.4
-0.04924 8.8
-0.049 8.3
-0.04875 7.7
-0.04851 7.0
-0.04826 6.3
-0.04802 5.6
-0.04778 4.8
-0.04753 4.0
-0.04729 3.2
-0.04704 2.3
-0.0468 1.5
-0.04655 0.6
-0.04631 -0.3
-0.04607 -1.1
-0.04582 -2.0
-0.04558 -2.9
-0.04533 -3.7
-0.04509 -4.6
-0.04485 -5.4
-0.0446 -6.2
-0.04436 -7.0
-0.04411 -7.7
-0.04387 -8.4
-0.04362 -9.0
-0.04338 -9.6
-0.04314 -10.2
-0.04289 -10.6
-0.04265 -11.1
-0.0424 -11.5
-0.04216 -11.8
-0.04192 -12.0
-0.04167 -12.2
-0.04143 -12.3
-0.04118 -12.3
-0.04094 -12.3
-0.0407 -12.2
-0.04045 -12.0
-0.04021 -11.7
-0.03996 -11.4
-0.03972 -11.0
-0.03947 -10.5
-0.03923 -10.0
-0.03899 -9.4
-0.03874 -8.8
-0.0385 -8.1
-0.03825 -7.3
-0.03801 -6.5
-0.03777 -5.6
-0.03752 -4.7
-0.03728 -3.8
-0.03703 -2.9
-0.03679 -1.9
-0.03654 -0.9
-0.0363 0.1
-0.03606 1.2
-0.03581 2.2
-0.03557 3.2
-0.03532 4.2
-0.03508 5.1
-0.03484 6.1
-0.03459 7.0
-0.03435 7.8
-0.0341 8.7
-0.03386 9.4
-0.03362 10.1
-0.03337 10.8
-0.03313 11.4
-0.03288 11.9
-0.03264 12.3
-0.03239 12.6
-0.03215 12.9
-0.03191 13.0
-0.03166 13.1
-0.03142 13.1
-0.03117 13.0
-0.03093 12.8
-0.03069 12.5
-0.03044 12.1
-0.0302 11.6
-0.02995 11.1
-0.02971 10.4
-0.02946 9.7
-0.02922 8.9
-0.02898 8.0
-0.02873 7.0
-0.02849 6.0
-0.02824 5.0
-0.028 3.9
-0.02776 2.7
-0.02751 1.5
-0.02727 0.3
-0.02702 -0.9
-0.02678 -2.1
-0.02654 -3.3
-0.02629 -4.5
-0.02605 -5.6
-0.0258 -6.7
-0.02556 -7.8
-0.02531 -8.8
-0.02507 -9.8
-0.02483 -10.7
-0.02458 -11.5
-0.02434 -12.2
-0.02409 -12.8
-0.02385 -13.3
-0.02361 -13.7
-0.02336 -14.0
-0.02312 -14.1
-0.02287 -14.2
-0.02263 -14.1
-0.02238 -13.8
-0.02214 -13.5
-0.0219 -13.0
-0.02165 -12.4
-0.02141 -11.7
-0.02116 -10.9
-0.02092 -9.9
-0.02068 -8.9
-0.02043 -7.7
-0.02019 -6.5
-0.01994 -5.2
-0.0197 -3.8
-0.01945 -2.4
-0.01921 -0.9
-0.01897 0.6
-0.01872 2.1
-0.01848 3.6
-0.01823 5.1
-0.01799 6.5
-0.01775 7.9
-0.0175 9.2
-0.01726 10.4
-0.01701 11.6
-0.01677 12.6
-0.01653 13.5
-0.01628 14.2
-0.01604 14.8
-0.01579 15.2
-0.01555 15.5
-0.0153 15.5
-0.01506 15.4
-0.01482 15.1
-0.01457 14.6
-0.01433 14.0
-0.01408 13.1
-0.01384 12.0
-0.0136 10.8
-0.01335 9.4
-0.01311 7.9
-0.01286 6.3
-0.01262 4.5
-0.01237 2.7
-0.01213 0.8
-0.01189 -1.2
-0.01164 -3.2
-0.0114 -5.1
-0.01115 -7.0
-0.01091 -8.9
-0.01067 -10.6
-0.01042 -12.2
-0.01018 -13.7
-0.00993 -14.9
-0.00969 -15.9
-0.00945 -16.7
-0.0092 -17.2
-0.00896 -17.4
-0.00871 -17.4
-0.00847 -17.0
-0.00822 -16.3
-0.00798 -15.3
-0.00774 -13.9
-0.00749 -12.3
-0.00725 -10.4
-0.007 -8.2
-0.00676 -5.9
-0.00652 -3.3
-0.00627 -0.6
-0.00603 2.1
-0.00578 4.9
-0.00554 7.6
-0.00529 10.3
-0.00505 12.7
-0.00481 14.9
-0.00456 16.8
-0.00432 18.3
-0.00407 19.3
-0.00383 19.9
-0.00359 19.9
-0.00334 19.3
-0.0031 18.1
-0.00285 16.2
-0.00261 13.9
-0.00237 10.9
-0.00212 7.5
-0.00188 3.7
-0.00163 -0.4
-0.00139 -4.6
-0.00114 -8.8
-0.0009 -12.8
-0.00066 -16.3
-0.00041 -19.1
-0.00017 -21.0
8e-05 -21.8
0.00032 -21.4
0.00056 -19.7
0.00081 -16.7
0.00105 -12.6
0.0013 -7.5
0.00154 -2.0
0.00179 3.7
0.00203 9.1
0.00227 13.6
0.00252 16.9
0.00276 18.6
0.00301 18.6
0.00325 17.0
0.00349 13.9
0.00374 9.6
0.00398 4.6
0.00423 -0.5
0.00447 -5.2
0.00471 -9.0
0.00496 -11.6
0.0052 -12.8
0.00545 -12.6
0.00569 -11.0
0.00594 -8.4
0.00618 -5.1
0.00642 -1.6
0.00667 1.8
0.00691 4.6
0.00716 6.7
0.0074 7.7
0.00764 7.8
0.00789 7.0
0.00813 5.4
0.00838 3.4
0.00862 1.2
0.00887 -0.9
0.00911 -2.7
0.00935 -3.9
0.0096 -4.6
0.00984 -4.6
0.01009 -4.1
0.01033 -3.1
0.01057 -1.9
0.01082 -0.6
0.01106 0.7
0.01131 1.7
0.01155 2.4
0.0118 2.7
0.01204 2.7
0.01228 2.3
0.01253 1.7
0.01277 1.0
0.01302 0.2
0.01326 -0.6
0.0135 -1.1
0.01375 -1.5
0.01399 -1.7
0.01424 -1.6
0.01448 -1.3
0.01472 -0.9
0.01497 -0.5
0.01521 0.0
0.01546 0.4
0.0157 0.8
0.01595 0.9
0.01619 1.0
0.01643 0.9
0.01668 0.7
0.01692 0.5
0.01717 0.2
0.01741 0.0
0.01765 -0.3
0.0179 -0.5
0.01814 -0.6
0.01839 -0.6
0.01863 -0.5
0.01888 -0.4
0.01912 -0.3
0.01936 0.0
0.01961 0.0
0.01985 0.2
0.0201 0.3
0.02034 0.4
0.02058 0.4
0.02083 0.3
0.02107 0.2
0.02132 0.1
0.02156 0.0
0.0218 0.0
0.02205 -0.2
0.02229 -0.2
0.02254 -0.2
0.02278 -0.2
0.02303 -0.2
0.02327 -0.1
0.02351 0.0
0.02376 0.0
0.024 0.0
0.02425 0.1
0.02449 0.1
0.02473 0.1
0.02498 0.1
0.02522 0.0
0.02547 0.0
0.02571 0.0
0.02596 0.0
0.0262 0.0
0.02644 0.0
0.02669 0.0
0.02693 0.0
0.02718 0.0
0.02742 0.0
0.02766 0.0
0.02791 0.0
0.02815 0.0
0.0284 0.0
0.02864 0.0
0.02888 0.0
0.02913 0.0
0.02937 0.0
0.02962 0.0
0.02986 0.0
0.03011 0.0
0.03035 0.0
0.03059 0.0
0.03084 0.0
0.03108 0.0
0.03133 0.0
0.03157 0.0
0.03181 0.0
0.03206 0.0
0.0323 0.0
0.03255 0.0
0.03279 0.0
0.03304 0.0
0.03328 0.0
0.03352 0.0
0.03377 0.0
0.03401 0.0
0.03426 0.0
0.0345 0.0
0.03474 0.0
0.03499 0.0
0.03523 0.0
0.03548 0.0
0.03572 0.0
0.03596 0.0
0.03621 0.0
0.03645 0.0
0.0367 0.0
0.03694 0.0
0.03719 0.0
0.03743 0.0
0.03767 0.0
0.03792 0.0
0.03816 0.0
0.03841 0.0
0.03865 0.0
0.03889 0.0
0.03914 0.0
0.03938 0.0
0.03963 0.0
0.03987 0.0
0.04012 0.0
0.04036 0.0
0.0406 0.0
0.04085 0.0
0.04109 0.0
0.04134 0.0
0.04158 0.0
0.04182 0.0
0.04207 0.0
0.04231 0.0
0.04256 0.0
0.0428 0.0
0.04305 0.0
0.04329 0.0
0.04353 0.0
0.04378 0.0
0.04402 0.0
0.04427 0.0
0.04451 0.0
0.04475 0.0
0.045 0.0
0.04524 0.0
0.04549 0.0
0.04573 0.0
0.04597 0.0
0.04622 0.0
0.04646 0.0
0.04671 0.0
0.04695 0.0
0.0472 0.0
0.04744 0.0
0.04768 0.0
0.04793 0.0
0.04817 0.0
0.04842 0.0
0.04866 0.0
0.0489 0.0
0.04915 0.0
0.04939 0.0
0.04964 0.0
0.04988 0.0
0.05013 0.0
0.05037 0.0
0.05061 0.0
0.05086 0.0
0.0511 0.0
0.05135 0.0
0.05159 0.0
0.05183 0.0
0.05208 0.0
0.05232 0.0
0.05257 0.0
0.05281 0.0
0.05305 0.0
0.0533 0.0
0.05354 0.0
0.05379 0.0
0.05403 0.0
0.05428 0.0
0.05452 0.0
0.05476 0.0
0.05501 0.0
0.05525 0.0
0.0555 0.0
0.05574 0.0
0.05598 0.0
0.05623 0.0
0.05647 0.0
0.05672 0.0
0.05696 0.0
0.05721 0.0
0.05745 0.0
0.05769 0.0
0.05794 0.0
0.05818 0.0
0.05843 0.0
0.05867 0.0
0.05891 0.0
0.05916 0.0
0.0594 0.0
0.05965 0.0
0.05989 0.0
0.06013 0.0
0.06038 0.0
0.06062 0.0
0.06087 0.0
0.06111 0.0
0.06136 0.0
0.0616 0.0
0.06184 0.0
0.06209 0.0
0.06233 0.0
0.06258 0.0
0.06282 0.0
0.06306 0.0
0.06331 0.0
0.06355 0.0
0.0638 0.0
0.06404 0.0
0.06429 0.0
0.06453 0.0
0.06477 0.0
0.06502 0.0
0.06526 0.0
0.06551 0.0
0.06575 0.0
0.06599 0.0
0.06624 0.0
0.06648 0.0
0.06673 0.0
0.06697 0.0
0.06721 0.0
0.06746 0.0
0.0677 0.0
0.06795 0.0
0.06819 0.0
0.06844 0.0
0.06868 0.0
0.06892 0.0
0.06917 0.0
0.06941 0.0
0.06966 0.0
0.0699 0.0
0.07014 0.0
0.07039 0.0
0.07063 0.0
0.07088 0.0
0.07112 0.0
0.07137 0.0
0.07161 0.0
0.07185 0.0
0.0721 0.0
0.07234 0.0
0.07259 0.0
0.07283 0.0
0.07307 0.0
0.07332 0.0
0.07356 0.0
0.07381 0.0
0.07405 0.0
0.0743 0.0
0.07454 0.0
0.07478 0.0
0.07503 0.0
0.07527 0.0
0.07552 0.0
0.07576 0.0
0.076 0.0
0.07625 0.0
0.07649 0.0
0.07674 0.0
0.07698 0.0
0.07722 0.0
0.07747 0.0
0.07771 0.0
0.07796 0.0
0.0782 0.0
0.07845 0.0
0.07869 0.0
0.07893 0.0
0.07918 0.0
0.07942 0.0
0.07967 0.0
0.07991 0.0
0.08015 0.0
0.0804 0.0
0.08064 0.0
0.08089 0.0
0.08113 0.0
0.08138 0.0
0.08162 0.0
0.08186 0.0
0.08211 0.0
0.08235 0.0
0.0826 0.0
0.08284 0.0
0.08308 0.0
0.08333 0.0
0.08357 0.0
0.08382 0.0
0.08406 0.0
0.0843 0.0
0.08455 0.0
0.08479 0.0
0.08504 0.0
0.08528 0.0
0.08553 0.0
0.08577 0.0
0.08601 0.0
0.08626 0.0
0.0865 0.0
0.08675 0.0
0.08699 0.0
0.08723 0.0
0.08748 0.0
0.08772 0.0
0.08797 0.0
0.08821 0.0
0.08846 0.0
0.0887 0.0
0.08894 0.0
0.08919 0.0
0.08943 0.0
0.08968 0.0
0.08992 0.0
0.09016 0.0
0.09041 0.0
0.09065 0.0
0.0909 0.0
0.09114 0.0
0.09138 0.0
0.09163 0.0
0.09187 0.0
0.09212 0.0
0.09236 0.0
0.09261 0.0
0.09285 0.0
0.09309 0.0
0.09334 0.0
0.09358 0.0
0.09383 0.0
0.09407 0.0
0.09431 0.0
0.09456 0.0
0.0948 0.0
0.09505 0.0
0.09529 0.0
0.09554 0.0
0.09578 0.0
0.09602 0.0
0.09627 0.0
0.09651 0.0
0.09676 0.0
0.097 0.0
0.09724 0.0
0.09749 0.0
0.09773 0.0
0.09798 0.0
0.09822 0.0
0.09846 0.0
0.09871 0.0
0.09895 0.0
0.0992 0.0
0.09944 0.0
0.09969 0.0
0.09993 0.0
0.10017 0.0
0.10042 0.0
0.10066 0.0
0.10091 0.0
0.10115 0.0
0.10139 0.0
0.10164 0.0
0.10188 0.0
0.10213 0.0
0.10237 0.0
0.10262 0.0
0.10286 0.0
0.1031 0.0
0.10335 0.0
0.10359 0.0
0.10384 0.0
0.10408 0.0
0.10432 0.0
0.10457 0.0
0.10481 0.0
0.10506 0.0
0.1053 0.0
0.10555 0.0
0.10579 0.0
0.10603 0.0
0.10628 0.0
0.10652 0.0
0.10677 0.0
0.10701 0.0
0.10725 0.0
0.1075 0.0
0.10774 0.0
0.10799 0.0
0.10823 0.0
0.10847 0.0
0.10872 0.0
0.10896 0.0
0.10921 0.0
0.10945 0.0
0.1097 0.0
0.10994 0.0
0.11018 0.0
0.11043 0.0
0.11067 0.0
0.11092 0.0
0.11116 0.0
0.1114 0.0
0.11165 0.0
0.11189 0.0
0.11214 0.0
0.11238 0.0
0.11263 0.0
0.11287 0.0
0.11311 0.0
0.11336 0.0
0.1136 0.0
0.11385 0.0
0.11409 0.0
0.11433 0.0
0.11458 0.0
0.11482 0.0
0.11507 0.0
0.11531 0.0
0.11555 0.0
0.1158 0.0
0.11604 0.0
0.11629 0.0
0.11653 0.0
0.11678 0.0
0.11702 0.0
0.11726 0.0
0.11751 0.0
0.11775 0.0
0.118 0.0
0.11824 0.0
0.11848 0.0
0.11873 0.0
0.11897 0.0
0.11922 0.0
0.11946 0.0
0.11971 0.0
0.11995 0.0
0.12019 0.0
0.12044 0.0
0.12068 0.0
0.12093 0.0
0.12117 0.0
0.12141 0.0
0.12166 0.0
0.1219 0.0
0.12215 0.0
0.12239 0.0
0.12263 0.0
0.12288 0.0
0.12312 0.0
0.12337 0.0
0.12361 0.0
0.12386 0.0
0.1241 0.0
0.12434 0.0
0.12459 0.0
0.12483 0.0
0.12508 0.0
0.12532 0.0
0.12556 0.0
0.12581 0.0
0.12605 0.0
0.1263 0.0
0.12654 0.0
0.12679 0.0
0.12703 0.0
0.12727 0.0
0.12752 0.0
0.12776 0.0
0.12801 0.0
0.12825 0.0
0.12849 0.0
0.12874 0.0
0.12898 0.0
0.12923 0.0
0.12947 0.0
0.12971 0.0
0.12996 0.0
0.1302 0.0
0.13045 0.0
0.13069 0.0
0.13094 0.0
0.13118 0.0
0.13142 0.0
0.13167 0.0
0.13191 0.0
0.13216 0.0
0.1324 0.0
0.13264 0.0
0.13289 0.0
0.13313 0.0
0.13338 0.0
0.13362 0.0
0.13387 0.0
0.13411 0.0
0.13435 0.0
0.1346 0.0
0.13484 0.0
0.13509 0.0
0.13533 0.0
0.13557 0.0
0.13582 0.0
0.13606 0.0
0.13631 0.0
0.13655 0.0
0.1368 0.0
0.13704 0.0
0.13728 0.0
0.13753 0.0
0.13777 0.0
0.13802 0.0
0.13826 0.0
0.1385 0.0
0.13875 0.0
0.13899 0.0
0.13924 0.0
0.13948 0.0
0.13972 0.0
0.13997 0.0
0.14021 0.0
0.14046 0.0
0.1407 0.0
0.14095 0.0
0.14119 0.0
0.14143 0.0
0.14168 0.0
0.14192 0.0
0.14217 0.0
0.14241 0.0
0.14265 0.0
0.1429 0.0
0.14314 0.0
0.14339 0.0
0.14363 0.0
0.14388 0.0
0.14412 0.0
0.14436 0.0
0.14461 0.0
0.14485 0.0
0.1451 0.0
0.14534 0.0
0.14558 0.0
0.14583 0.0
0.14607 0.0
0.14632 0.0
0.14656 0.0
0.1468 0.0
0.14705 0.0
0.14729 0.0
0.14754 0.0
0.14778 0.0
0.14803 0.0
0.14827 0.0
0.14851 0.0
0.14876 0.0
0.149 0.0
0.14925 0.0
0.14949 0.0
0.14973 0.0
0.14998 0.0
0.15022 0.0
0.15047 0.0
0.15071 0.0
0.15096 0.0
0.1512 0.0
0.15144 0.0
0.15169 0.0
0.15193 0.0
0.15218 0.0
0.15242 0.0
0.15266 0.0
0.15291 0.0
0.15315 0.0
0.1534 0.0
0.15364 0.0
0.15388 0.0
0.15413 0.0
0.15437 0.0
0.15462 0.0
0.15486 0.0
0.15511 0.0
0.15535 0.0
0.15559 0.0
0.15584 0.0
0.15608 0.0
0.15633 0.0
0.15657 0.0
0.15681 0.0
0.15706 0.0
0.1573 0.0
0.15755 0.0
0.15779 0.0
0.15804 0.0
0.15828 0.0
0.15852 0.0
0.15877 0.0
0.15901 0.0
0.15926 0.0
0.1595 0.0
0.15974 0.0
0.15999 0.0
0.16023 0.0
0.16048 0.0
0.16072 0.0
0.16096 0.0
0.16121 0.0
0.16145 0.0
0.1617 0.0
0.16194 0.0
0.16219 0.0
0.16243 0.0
0.16267 0.0
0.16292 0.0
0.16316 0.0
0.16341 0.0
0.16365 0.0
0.16389 0.0
0.16414 0.0
0.16438 0.0
0.16463 0.0
0.16487 0.0
0.16512 0.0
0.16536 0.0
0.1656 0.0
0.16585 0.0
0.16609 0.0
0.16634 0.0
0.16658 0.0
0.16682 0.0
0.16707 0.0
0.16731 0.0
0.16756 0.0
0.1678 0.0
0.16805 0.0
0.16829 0.0
0.16853 0.0
0.16878 0.0
0.16902 0.0
0.16927 0.0
0.16951 0.0
0.16975 0.0
0.17 0.0
