t strain*1e23
-0.27691 -11.1
-0.27666 -11.6
-0.27642 -12.1
-0.27618 -12.6
-0.27593 -13.1
-0.27569 -13.6
-0.27544 -14.1
-0.2752 -14.5
-0.27496 -15.0
-0.27471 -15.4
-0.27447 -15.8
-0.27422 -16.2
-0.27398 -16.5
-0.27374 -16.9
-0.27349 -17.2
-0.27325 -17.5
-0.273 -17.8
-0.27276 -18.1
-0.27251 -18.3
-0.27227 -18.6
-0.27203 -18.8
-0.27178 -19.0
-0.27154 -19.1
-0.27129 -19.3
-0.27105 -19.4
-0.27081 -19.5
-0.27056 -19.6
-0.27032 -19.6
-0.27007 -19.6
-0.26983 -19.7
-0.26958 -19.6
-0.26934 -19.6
-0.2691 -19.5
-0.26885 -19.5
-0.26861 -19.4
-0.26836 -19.2
-0.26812 -19.1
-0.26788 -18.9
-0.26763 -18.7
-0.26739 -18.5
-0.26714 -18.3
-0.2669 -18.0
-0.26665 -17.7
-0.26641 -17.4
-0.26617 -17.1
-0.26592 -16.8
-0.26568 -16.4
-0.26543 -16.0
-0.26519 -15.6
-0.26495 -15.2
-0.2647 -14.8
-0.26446 -14.3
-0.26421 -13.9
-0.26397 -13.4
-0.26373 -12.9
-0.26348 -12.4
-0.26324 -11.8
-0.26299 -11.3
-0.26275 -10.7
-0.2625 -10.2
-0.26226 -9.6
-0.26202 -9.0
-0.26177 -8.4
-0.26153 -7.7
-0.26128 -7.1
-0.26104 -6.5
-0.2608 -5.8
-0.26055 -5.2
-0.26031 -4.5
-0.26006 -3.9
-0.25982 -3.2
-0.25957 -2.5
-0.25933 -1.8
-0.25909 -1.2
-0.25884 -0.5
-0.2586 0.2
-0.25835 0.9
-0.25811 1.6
-0.25787 2.2
-0.25762 2.9
-0.25738 3.6
-0.25713 4.3
-0.25689 4.9
-0.25665 5.6
-0.2564 6.3
-0.25616 6.9
-0.25591 7.6
-0.25567 8.2
-0.25542 8.8
-0.25518 9.4
-0.25494 10.0
-0.25469 10.6
-0.25445 11.2
-0.2542 11.8
-0.25396 12.3
-0.25372 12.9
-0.25347 13.4
-0.25323 13.9
-0.25298 14.4
-0.25274 14.9
-0.25249 15.3
-0.25225 15.7
-0.25201 16.2
-0.25176 16.6
-0.25152 16.9
-0.25127 17.3
-0.25103 17.7
-0.25079 18.0
-0.25054 18.3
-0.2503 18.5
-0.25005 18.8
-0.24981 19.0
-0.24957 19.2
-0.24932 19.4
-0.24908 19.6
-0.24883 19.7
-0.24859 19.8
-0.24834 19.9
-0.2481 20.0
-0.24786 20.0
-0.24761 20.1
-0.24737 20.0
-0.24712 20.0
-0.24688 20.0
-0.24664 19.9
-0.24639 19.8
-0.24615 19.6
-0.2459 19.5
-0.24566 19.3
-0.24541 19.1
-0.24517 18.9
-0.24493 18.6
-0.24468 18.4
-0.24444 18.1
-0.24419 17.8
-0.24395 17.4
-0.24371 17.1
-0.24346 16.7
-0.24322 16.3
-0.24297 15.8
-0.24273 15.4
-0.24249 14.9
-0.24224 14.5
-0.242 14.0
-0.24175 13.4
-0.24151 12.9
-0.24126 12.3
-0.24102 11.8
-0.24078 11.2
-0.24053 10.6
-0.24029 10.0
-0.24004 9.4
-0.2398 8.7
-0.23956 8.1
-0.23931 7.4
-0.23907 6.8
-0.23882 6.1
-0.23858 5.4
-0.23833 4.7
-0.23809 4.0
-0.23785 3.3
-0.2376 2.6
-0.23736 1.9
-0.23711 1.2
-0.23687 0.4
-0.23663 -0.3
-0.23638 -1.0
-0.23614 -1.7
-0.23589 -2.4
-0.23565 -3.1
-0.2354 -3.9
-0.23516 -4.6
-0.23492 -5.3
-0.23467 -6.0
-0.23443 -6.6
-0.23418 -7.3
-0.23394 -8.0
-0.2337 -8.7
-0.23345 -9.3
-0.23321 -10.0
-0.23296 -10.6
-0.23272 -11.2
-0.23248 -11.8
-0.23223 -12.4
-0.23199 -13.0
-0.23174 -13.5
-0.2315 -14.1
-0.23125 -14.6
-0.23101 -15.1
-0.23077 -15.6
-0.23052 -16.0
-0.23028 -16.5
-0.23003 -16.9
-0.22979 -17.3
-0.22955 -17.7
-0.2293 -18.0
-0.22906 -18.4
-0.22881 -18.7
-0.22857 -19.0
-0.22832 -19.2
-0.22808 -19.5
-0.22784 -19.7
-0.22759 -19.9
-0.22735 -20.0
-0.2271 -20.2
-0.22686 -20.3
-0.22662 -20.4
-0.22637 -20.4
-0.22613 -20.5
-0.22588 -20.5
-0.22564 -20.5
-0.2254 -20.4
-0.22515 -20.3
-0.22491 -20.2
-0.22466 -20.1
-0.22442 -20.0
-0.22417 -19.8
-0.22393 -19.6
-0.22369 -19.3
-0.22344 -19.1
-0.2232 -18.8
-0.22295 -18.5
-0.22271 -18.2
-0.22247 -17.8
-0.22222 -17.4
-0.22198 -17.0
-0.22173 -16.6
-0.22149 -16.2
-0.22124 -15.7
-0.221 -15.2
-0.22076 -14.7
-0.22051 -14.2
-0.22027 -13.6
-0.22002 -13.0
-0.21978 -12.4
-0.21954 -11.8
-0.21929 -11.2
-0.21905 -10.6
-0.2188 -9.9
-0.21856 -9.3
-0.21832 -8.6
-0.21807 -7.9
-0.21783 -7.2
-0.21758 -6.5
-0.21734 -5.8
-0.21709 -5.1
-0.21685 -4.3
-0.21661 -3.6
-0.21636 -2.8
-0.21612 -2.1
-0.21587 -1.3
-0.21563 -0.6
-0.21539 0.2
-0.21514 0.9
-0.2149 1.7
-0.21465 2.5
-0.21441 3.2
-0.21416 4.0
-0.21392 4.7
-0.21368 5.5
-0.21343 6.2
-0.21319 6.9
-0.21294 7.6
-0.2127 8.3
-0.21246 9.0
-0.21221 9.7
-0.21197 10.4
-0.21172 11.0
-0.21148 11.7
-0.21124 12.3
-0.21099 12.9
-0.21075 13.5
-0.2105 14.1
-0.21026 14.7
-0.21001 15.2
-0.20977 15.7
-0.20953 16.2
-0.20928 16.7
-0.20904 17.2
-0.20879 17.6
-0.20855 18.0
-0.20831 18.4
-0.20806 18.7
-0.20782 19.1
-0.20757 19.4
-0.20733 19.7
-0.20708 19.9
-0.20684 20.1
-0.2066 20.3
-0.20635 20.5
-0.20611 20.6
-0.20586 20.8
-0.20562 20.8
-0.20538 20.9
-0.20513 20.9
-0.20489 20.9
-0.20464 20.9
-0.2044 20.8
-0.20415 20.7
-0.20391 20.6
-0.20367 20.5
-0.20342 20.3
-0.20318 20.1
-0.20293 19.9
-0.20269 19.6
-0.20245 19.3
-0.2022 19.0
-0.20196 18.7
-0.20171 18.3
-0.20147 17.9
-0.20123 17.5
-0.20098 17.0
-0.20074 16.6
-0.20049 16.1
-0.20025 15.6
-0.2 15.0
-0.19976 14.5
-0.19952 13.9
-0.19927 13.3
-0.19903 12.7
-0.19878 12.0
-0.19854 11.4
-0.1983 10.7
-0.19805 10.0
-0.19781 9.3
-0.19756 8.6
-0.19732 7.9
-0.19707 7.1
-0.19683 6.4
-0.19659 5.6
-0.19634 4.8
-0.1961 4.0
-0.19585 3.3
-0.19561 2.5
-0.19537 1.7
-0.19512 0.9
-0.19488 0.0
-0.19463 -0.7
-0.19439 -1.5
-0.19415 -2.3
-0.1939 -3.1
-0.19366 -3.9
-0.19341 -4.7
-0.19317 -5.5
-0.19292 -6.3
-0.19268 -7.0
-0.19244 -7.8
-0.19219 -8.6
-0.19195 -9.3
-0.1917 -10.0
-0.19146 -10.7
-0.19122 -11.4
-0.19097 -12.1
-0.19073 -12.8
-0.19048 -13.4
-0.19024 -14.0
-0.18999 -14.6
-0.18975 -15.2
-0.18951 -15.8
-0.18926 -16.3
-0.18902 -16.8
-0.18877 -17.3
-0.18853 -17.8
-0.18829 -18.2
-0.18804 -18.7
-0.1878 -19.0
-0.18755 -19.4
-0.18731 -19.7
-0.18707 -20.0
-0.18682 -20.3
-0.18658 -20.6
-0.18633 -20.8
-0.18609 -21.0
-0.18584 -21.1
-0.1856 -21.2
-0.18536 -21.3
-0.18511 -21.4
-0.18487 -21.4
-0.18462 -21.4
-0.18438 -21.4
-0.18414 -21.3
-0.18389 -21.2
-0.18365 -21.1
-0.1834 -20.9
-0.18316 -20.7
-0.18291 -20.5
-0.18267 -20.2
-0.18243 -19.9
-0.18218 -19.6
-0.18194 -19.3
-0.18169 -18.9
-0.18145 -18.5
-0.18121 -18.1
-0.18096 -17.6
-0.18072 -17.1
-0.18047 -16.6
-0.18023 -16.1
-0.17999 -15.5
-0.17974 -14.9
-0.1795 -14.3
-0.17925 -13.7
-0.17901 -13.0
-0.17876 -12.3
-0.17852 -11.6
-0.17828 -10.9
-0.17803 -10.2
-0.17779 -9.4
-0.17754 -8.7
-0.1773 -7.9
-0.17706 -7.1
-0.17681 -6.3
-0.17657 -5.5
-0.17632 -4.7
-0.17608 -3.8
-0.17583 -3.0
-0.17559 -2.2
-0.17535 -1.3
-0.1751 -0.5
-0.17486 0.4
-0.17461 1.2
-0.17437 2.1
-0.17413 2.9
-0.17388 3.8
-0.17364 4.6
-0.17339 5.4
-0.17315 6.3
-0.1729 7.1
-0.17266 7.9
-0.17242 8.7
-0.17217 9.5
-0.17193 10.2
-0.17168 11.0
-0.17144 11.7
-0.1712 12.5
-0.17095 13.2
-0.17071 13.8
-0.17046 14.5
-0.17022 15.1
-0.16998 15.8
-0.16973 16.3
-0.16949 16.9
-0.16924 17.4
-0.169 18.0
-0.16875 18.4
-0.16851 18.9
-0.16827 19.3
-0.16802 19.7
-0.16778 20.1
-0.16753 20.4
-0.16729 20.7
-0.16705 21.0
-0.1668 21.2
-0.16656 21.4
-0.16631 21.6
-0.16607 21.8
-0.16582 21.9
-0.16558 21.9
-0.16534 21.9
-0.16509 21.9
-0.16485 21.9
-0.1646 21.8
-0.16436 21.7
-0.16412 21.6
-0.16387 21.4
-0.16363 21.2
-0.16338 20.9
-0.16314 20.7
-0.1629 20.3
-0.16265 20.0
-0.16241 19.6
-0.16216 19.2
-0.16192 18.7
-0.16167 18.3
-0.16143 17.8
-0.16119 17.2
-0.16094 16.7
-0.1607 16.1
-0.16045 15.4
-0.16021 14.8
-0.15997 14.1
-0.15972 13.4
-0.15948 12.7
-0.15923 12.0
-0.15899 11.2
-0.15874 10.4
-0.1585 9.6
-0.15826 8.8
-0.15801 8.0
-0.15777 7.1
-0.15752 6.3
-0.15728 5.4
-0.15704 4.5
-0.15679 3.6
-0.15655 2.7
-0.1563 1.8
-0.15606 0.9
-0.15582 0.0
-0.15557 -0.9
-0.15533 -1.8
-0.15508 -2.7
-0.15484 -3.6
-0.15459 -4.5
-0.15435 -5.4
-0.15411 -6.3
-0.15386 -7.1
-0.15362 -8.0
-0.15337 -8.9
-0.15313 -9.7
-0.15289 -10.5
-0.15264 -11.3
-0.1524 -12.1
-0.15215 -12.9
-0.15191 -13.6
-0.15166 -14.4
-0.15142 -15.1
-0.15118 -15.7
-0.15093 -16.4
-0.15069 -17.0
-0.15044 -17.6
-0.1502 -18.2
-0.14996 -18.7
-0.14971 -19.2
-0.14947 -19.7
-0.14922 -20.1
-0.14898 -20.5
-0.14874 -20.9
-0.14849 -21.2
-0.14825 -21.5
-0.148 -21.8
-0.14776 -22.0
-0.14751 -22.2
-0.14727 -22.3
-0.14703 -22.5
-0.14678 -22.5
-0.14654 -22.6
-0.14629 -22.6
-0.14605 -22.5
-0.14581 -22.4
-0.14556 -22.3
-0.14532 -22.1
-0.14507 -21.9
-0.14483 -21.7
-0.14458 -21.4
-0.14434 -21.1
-0.1441 -20.7
-0.14385 -20.3
-0.14361 -19.9
-0.14336 -19.4
-0.14312 -18.9
-0.14288 -18.4
-0.14263 -17.8
-0.14239 -17.2
-0.14214 -16.6
-0.1419 -15.9
-0.14165 -15.3
-0.14141 -14.5
-0.14117 -13.8
-0.14092 -13.0
-0.14068 -12.2
-0.14043 -11.4
-0.14019 -10.6
-0.13995 -9.7
-0.1397 -8.8
-0.13946 -7.9
-0.13921 -7.0
-0.13897 -6.1
-0.13873 -5.1
-0.13848 -4.2
-0.13824 -3.2
-0.13799 -2.3
-0.13775 -1.3
-0.1375 -0.3
-0.13726 0.7
-0.13702 1.6
-0.13677 2.6
-0.13653 3.6
-0.13628 4.5
-0.13604 5.5
-0.1358 6.5
-0.13555 7.4
-0.13531 8.3
-0.13506 9.2
-0.13482 10.1
-0.13457 11.0
-0.13433 11.9
-0.13409 12.7
-0.13384 13.5
-0.1336 14.3
-0.13335 15.1
-0.13311 15.9
-0.13287 16.6
-0.13262 17.3
-0.13238 17.9
-0.13213 18.5
-0.13189 19.1
-0.13165 19.7
-0.1314 20.2
-0.13116 20.7
-0.13091 21.1
-0.13067 21.5
-0.13042 21.9
-0.13018 22.2
-0.12994 22.5
-0.12969 22.7
-0.12945 22.9
-0.1292 23.1
-0.12896 23.2
-0.12872 23.2
-0.12847 23.3
-0.12823 23.2
-0.12798 23.2
-0.12774 23.1
-0.12749 22.9
-0.12725 22.7
-0.12701 22.5
-0.12676 22.2
-0.12652 21.8
-0.12627 21.5
-0.12603 21.0
-0.12579 20.6
-0.12554 20.1
-0.1253 19.6
-0.12505 19.0
-0.12481 18.4
-0.12457 17.7
-0.12432 17.0
-0.12408 16.3
-0.12383 15.5
-0.12359 14.8
-0.12334 13.9
-0.1231 13.1
-0.12286 12.2
-0.12261 11.3
-0.12237 10.4
-0.12212 9.5
-0.12188 8.5
-0.12164 7.5
-0.12139 6.5
-0.12115 5.5
-0.1209 4.5
-0.12066 3.5
-0.12041 2.4
-0.12017 1.4
-0.11993 0.3
-0.11968 -0.8
-0.11944 -1.8
-0.11919 -2.9
-0.11895 -3.9
-0.11871 -5.0
-0.11846 -6.0
-0.11822 -7.0
-0.11797 -8.0
-0.11773 -9.0
-0.11749 -10.0
-0.11724 -11.0
-0.117 -11.9
-0.11675 -12.9
-0.11651 -13.8
-0.11626 -14.6
-0.11602 -15.5
-0.11578 -16.3
-0.11553 -17.1
-0.11529 -17.8
-0.11504 -18.5
-0.1148 -19.2
-0.11456 -19.8
-0.11431 -20.4
-0.11407 -21.0
-0.11382 -21.5
-0.11358 -22.0
-0.11333 -22.4
-0.11309 -22.8
-0.11285 -23.1
-0.1126 -23.4
-0.11236 -23.6
-0.11211 -23.8
-0.11187 -23.9
-0.11163 -24.0
-0.11138 -24.1
-0.11114 -24.0
-0.11089 -24.0
-0.11065 -23.9
-0.1104 -23.7
-0.11016 -23.5
-0.10992 -23.2
-0.10967 -22.9
-0.10943 -22.5
-0.10918 -22.1
-0.10894 -21.6
-0.1087 -21.1
-0.10845 -20.6
-0.10821 -20.0
-0.10796 -19.3
-0.10772 -18.6
-0.10748 -17.9
-0.10723 -17.1
-0.10699 -16.3
-0.10674 -15.5
-0.1065 -14.6
-0.10625 -13.7
-0.10601 -12.7
-0.10577 -11.8
-0.10552 -10.8
-0.10528 -9.7
-0.10503 -8.7
-0.10479 -7.6
-0.10455 -6.5
-0.1043 -5.4
-0.10406 -4.3
-0.10381 -3.1
-0.10357 -2.0
-0.10332 -0.9
-0.10308 0.3
-0.10284 1.5
-0.10259 2.6
-0.10235 3.8
-0.1021 4.9
-0.10186 6.0
-0.10162 7.2
-0.10137 8.3
-0.10113 9.4
-0.10088 10.4
-0.10064 11.5
-0.1004 12.5
-0.10015 13.5
-0.09991 14.5
-0.09966 15.4
-0.09942 16.4
-0.09917 17.2
-0.09893 18.1
-0.09869 18.9
-0.09844 19.6
-0.0982 20.3
-0.09795 21.0
-0.09771 21.6
-0.09747 22.2
-0.09722 22.7
-0.09698 23.2
-0.09673 23.6
-0.09649 24.0
-0.09624 24.3
-0.096 24.5
-0.09576 24.7
-0.09551 24.9
-0.09527 24.9
-0.09502 25.0
-0.09478 24.9
-0.09454 24.8
-0.09429 24.7
-0.09405 24.5
-0.0938 24.2
-0.09356 23.8
-0.09332 23.5
-0.09307 23.0
-0.09283 22.5
-0.09258 22.0
-0.09234 21.4
-0.09209 20.7
-0.09185 20.0
-0.09161 19.2
-0.09136 18.4
-0.09112 17.6
-0.09087 16.7
-0.09063 15.7
-0.09039 14.7
-0.09014 13.7
-0.0899 12.6
-0.08965 11.6
-0.08941 10.4
-0.08916 9.3
-0.08892 8.1
-0.08868 6.9
-0.08843 5.7
-0.08819 4.5
-0.08794 3.2
-0.0877 2.0
-0.08746 0.7
-0.08721 -0.6
-0.08697 -1.8
-0.08672 -3.1
-0.08648 -4.4
-0.08624 -5.6
-0.08599 -6.9
-0.08575 -8.1
-0.0855 -9.3
-0.08526 -10.5
-0.08501 -11.7
-0.08477 -12.8
-0.08453 -13.9
-0.08428 -15.0
-0.08404 -16.1
-0.08379 -17.1
-0.08355 -18.0
-0.08331 -19.0
-0.08306 -19.8
-0.08282 -20.7
-0.08257 -21.4
-0.08233 -22.1
-0.08208 -22.8
-0.08184 -23.4
-0.0816 -24.0
-0.08135 -24.4
-0.08111 -24.9
-0.08086 -25.2
-0.08062 -25.5
-0.08038 -25.7
-0.08013 -25.9
-0.07989 -26.0
-0.07964 -26.0
-0.0794 -25.9
-0.07915 -25.8
-0.07891 -25.6
-0.07867 -25.4
-0.07842 -25.1
-0.07818 -24.7
-0.07793 -24.2
-0.07769 -23.7
-0.07745 -23.1
-0.0772 -22.4
-0.07696 -21.7
-0.07671 -20.9
-0.07647 -20.1
-0.07623 -19.2
-0.07598 -18.2
-0.07574 -17.2
-0.07549 -16.2
-0.07525 -15.1
-0.075 -13.9
-0.07476 -12.7
-0.07452 -11.5
-0.07427 -10.2
-0.07403 -9.0
-0.07378 -7.6
-0.07354 -6.3
-0.0733 -4.9
-0.07305 -3.5
-0.07281 -2.1
-0.07256 -0.7
-0.07232 0.7
-0.07207 2.1
-0.07183 3.5
-0.07159 4.9
-0.07134 6.3
-0.0711 7.7
-0.07085 9.1
-0.07061 10.4
-0.07037 11.8
-0.07012 13.1
-0.06988 14.3
-0.06963 15.5
-0.06939 16.7
-0.06915 17.8
-0.0689 18.9
-0.06866 19.9
-0.06841 20.9
-0.06817 21.8
-0.06792 22.7
-0.06768 23.4
-0.06744 24.2
-0.06719 24.8
-0.06695 25.4
-0.0667 25.9
-0.06646 26.3
-0.06622 26.7
-0.06597 26.9
-0.06573 27.1
-0.06548 27.2
-0.06524 27.2
-0.06499 27.2
-0.06475 27.0
-0.06451 26.8
-0.06426 26.5
-0.06402 26.1
-0.06377 25.6
-0.06353 25.0
-0.06329 24.4
-0.06304 23.7
-0.0628 22.9
-0.06255 22.0
-0.06231 21.1
-0.06207 20.1
-0.06182 19.0
-0.06158 17.9
-0.06133 16.7
-0.06109 15.4
-0.06084 14.1
-0.0606 12.7
-0.06036 11.3
-0.06011 9.9
-0.05987 8.4
-0.05962 6.9
-0.05938 5.3
-0.05914 3.7
-0.05889 2.2
-0.05865 0.6
-0.0584 -1.1
-0.05816 -2.7
-0.05791 -4.3
-0.05767 -5.9
-0.05743 -7.4
-0.05718 -9.0
-0.05694 -10.5
-0.05669 -12.1
-0.05645 -13.5
-0.05621 -15.0
-0.05596 -16.3
-0.05572 -17.7
-0.05547 -19.0
-0.05523 -20.2
-0.05499 -21.3
-0.05474 -22.4
-0.0545 -23.4
-0.05425 -24.4
-0.05401 -25.2
-0.05376 -26.0
-0.05352 -26.7
-0.05328 -27.3
-0.05303 -27.8
-0.05279 -28.2
-0.05254 -28.5
-0.0523 -28.6
-0.05206 -28.7
-0.05181 -28.7
-0.05157 -28.6
-0.05132 -28.4
-0.05108 -28.1
-0.05083 -27.7
-0.05059 -27.1
-0.05035 -26.5
-0.0501 -25.8
-0.04986 -25.0
-0.04961 -24.0
-0.04937 -23.0
-0.04913 -21.9
-0.04888 -20.7
-0.04864 -19.5
-0.04839 -18.1
-0.04815 -16.7
-0.0479 -15.2
-0.04766 -13.6
-0.04742 -12.0
-0.04717 -10.3
-0.04693 -8.6
-0.04668 -6.8
-0.04644 -5.0
-0.0462 -3.2
-0.04595 -1.4
-0.04571 0.5
-0.04546 2.4
-0.04522 4.2
-0.04498 6.1
-0.04473 7.9
-0.04449 9.7
-0.04424 11.5
-0.044 13.3
-0.04375 15.0
-0.04351 16.6
-0.04327 18.2
-0.04302 19.7
-0.04278 21.2
-0.04253 22.5
-0.04229 23.8
-0.04205 25.0
-0.0418 26.1
-0.04156 27.1
-0.04131 28.0
-0.04107 28.7
-0.04082 29.4
-0.04058 29.9
-0.04034 30.3
-0.04009 30.5
-0.03985 30.7
-0.0396 30.6
-0.03936 30.5
-0.03912 30.2
-0.03887 29.8
-0.03863 29.3
-0.03838 28.6
-0.03814 27.8
-0.0379 26.9
-0.03765 25.8
-0.03741 24.6
-0.03716 23.3
-0.03692 21.9
-0.03667 20.3
-0.03643 18.7
-0.03619 17.0
-0.03594 15.2
-0.0357 13.3
-0.03545 11.3
-0.03521 9.2
-0.03497 7.1
-0.03472 5.0
-0.03448 2.8
-0.03423 0.6
-0.03399 -1.6
-0.03374 -3.9
-0.0335 -6.1
-0.03326 -8.3
-0.03301 -10.5
-0.03277 -12.6
-0.03252 -14.7
-0.03228 -16.7
-0.03204 -18.7
-0.03179 -20.6
-0.03155 -22.4
-0.0313 -24.0
-0.03106 -25.6
-0.03082 -27.0
-0.03057 -28.4
-0.03033 -29.5
-0.03008 -30.5
-0.02984 -31.4
-0.02959 -32.1
-0.02935 -32.6
-0.02911 -33.0
-0.02886 -33.1
-0.02862 -33.1
-0.02837 -32.9
-0.02813 -32.5
-0.02789 -32.0
-0.02764 -31.2
-0.0274 -30.3
-0.02715 -29.1
-0.02691 -27.8
-0.02666 -26.4
-0.02642 -24.7
-0.02618 -22.9
-0.02593 -21.0
-0.02569 -18.9
-0.02544 -16.7
-0.0252 -14.3
-0.02496 -11.9
-0.02471 -9.4
-0.02447 -6.7
-0.02422 -4.0
-0.02398 -1.3
-0.02374 1.5
-0.02349 4.2
-0.02325 7.0
-0.023 9.8
-0.02276 12.5
-0.02251 15.1
-0.02227 17.7
-0.02203 20.2
-0.02178 22.6
-0.02154 24.8
-0.02129 26.9
-0.02105 28.8
-0.02081 30.6
-0.02056 32.1
-0.02032 33.4
-0.02007 34.5
-0.01983 35.4
-0.01958 36.0
-0.01934 36.4
-0.0191 36.4
-0.01885 36.3
-0.01861 35.8
-0.01836 35.0
-0.01812 34.0
-0.01788 32.7
-0.01763 31.1
-0.01739 29.3
-0.01714 27.2
-0.0169 24.9
-0.01665 22.3
-0.01641 19.5
-0.01617 16.5
-0.01592 13.3
-0.01568 10.0
-0.01543 6.6
-0.01519 3.0
-0.01495 -0.6
-0.0147 -4.2
-0.01446 -7.9
-0.01421 -11.5
-0.01397 -15.1
-0.01373 -18.6
-0.01348 -22.0
-0.01324 -25.2
-0.01299 -28.1
-0.01275 -30.9
-0.0125 -33.4
-0.01226 -35.6
-0.01202 -37.4
-0.01177 -38.9
-0.01153 -40.0
-0.01128 -40.7
-0.01104 -40.9
-0.0108 -40.7
-0.01055 -40.1
-0.01031 -39.0
-0.01006 -37.4
-0.00982 -35.3
-0.00957 -32.8
-0.00933 -29.8
-0.00909 -26.5
-0.00884 -22.7
-0.0086 -18.6
-0.00835 -14.1
-0.00811 -9.4
-0.00787 -4.5
-0.00762 0.6
-0.00738 5.8
-0.00713 10.9
-0.00689 16.1
-0.00665 21.1
-0.0064 25.9
-0.00616 30.4
-0.00591 34.5
-0.00567 38.2
-0.00542 41.3
-0.00518 43.8
-0.00494 45.6
-0.00469 46.6
-0.00445 46.9
-0.0042 46.2
-0.00396 44.7
-0.00372 42.3
-0.00347 38.9
-0.00323 34.7
-0.00298 29.6
-0.00274 23.7
-0.00249 17.2
-0.00225 10.0
-0.00201 2.4
-0.00176 -5.5
-0.00152 -13.4
-0.00127 -21.3
-0.00103 -28.8
-0.00079 -35.6
-0.00054 -41.6
-0.0003 -46.3
-5e-05 -49.6
0.00019 -51.1
0.00043 -50.9
0.00068 -48.6
0.00092 -44.3
0.00117 -38.2
0.00141 -30.4
0.00166 -21.1
0.0019 -10.9
0.00214 -0.2
0.00239 10.5
0.00263 20.5
0.00288 29.3
0.00312 36.3
0.00336 41.2
0.00361 43.6
0.00385 43.4
0.0041 40.7
0.00434 35.7
0.00459 28.7
0.00483 20.2
0.00507 10.9
0.00532 1.3
0.00556 -7.8
0.00581 -15.9
0.00605 -22.5
0.00629 -27.1
0.00654 -29.6
0.00678 -30.0
0.00703 -28.2
0.00727 -24.6
0.00751 -19.5
0.00776 -13.4
0.008 -6.8
0.00825 -0.2
0.00849 5.9
0.00874 11.1
0.00898 15.0
0.00922 17.5
0.00947 18.5
0.00971 18.1
0.00996 16.3
0.0102 13.4
0.01044 9.8
0.01069 5.7
0.01093 1.5
0.01118 -2.4
0.01142 -5.8
0.01167 -8.5
0.01191 -10.3
0.01215 -11.1
0.0124 -11.0
0.01264 -10.0
0.01289 -8.3
0.01313 -6.1
0.01337 -3.7
0.01362 -1.1
0.01386 1.3
0.01411 3.4
0.01435 5.0
0.0146 6.1
0.01484 6.7
0.01508 6.6
0.01533 6.0
0.01557 5.0
0.01582 3.7
0.01606 2.2
0.0163 0.6
0.01655 -0.8
0.01679 -2.1
0.01704 -3.1
0.01728 -3.7
0.01752 -4.0
0.01777 -4.0
0.01801 -3.6
0.01826 -3.0
0.0185 -2.2
0.01875 -1.3
0.01899 -0.3
0.01923 0.6
0.01948 1.3
0.01972 1.9
0.01997 2.3
0.02021 2.5
0.02045 2.4
0.0207 2.2
0.02094 1.8
0.02119 1.3
0.02143 0.7
0.02168 0.2
0.02192 -0.4
0.02216 -0.8
0.02241 -1.2
0.02265 -1.4
0.0229 -1.5
0.02314 -1.5
0.02338 -1.3
0.02363 -1.1
0.02387 -0.8
0.02412 -0.4
0.02436 0.0
0.0246 0.3
0.02485 0.5
0.02509 0.7
0.02534 0.9
0.02558 0.9
0.02583 0.9
0.02607 0.8
0.02631 0.6
0.02656 0.5
0.0268 0.2
0.02705 0.0
0.02729 -0.2
0.02753 -0.3
0.02778 -0.5
0.02802 -0.5
0.02827 -0.6
0.02851 -0.5
0.02876 -0.5
0.029 -0.4
0.02924 -0.3
0.02949 -0.1
0.02973 0.0
0.02998 0.1
0.03022 0.2
0.03046 0.3
0.03071 0.3
0.03095 0.3
0.0312 0.3
0.03144 0.3
0.03168 0.2
0.03193 0.2
0.03217 0.0
0.03242 0.0
0.03266 0.0
0.03291 -0.1
0.03315 -0.2
0.03339 -0.2
0.03364 -0.2
0.03388 -0.2
0.03413 -0.2
0.03437 -0.1
0.03461 0.0
0.03486 0.0
0.0351 0.0
0.03535 0.0
0.03559 0.0
0.03584 0.1
0.03608 0.1
0.03632 0.1
0.03657 0.1
0.03681 0.1
0.03706 0.0
0.0373 0.0
0.03754 0.0
0.03779 0.0
0.03803 0.0
0.03828 0.0
0.03852 0.0
0.03876 0.0
0.03901 0.0
0.03925 0.0
0.0395 0.0
0.03974 0.0
0.03999 0.0
0.04023 0.0
0.04047 0.0
0.04072 0.0
0.04096 0.0
0.04121 0.0
0.04145 0.0
0.04169 0.0
0.04194 0.0
0.04218 0.0
0.04243 0.0
0.04267 0.0
0.04292 0.0
0.04316 0.0
0.0434 0.0
0.04365 0.0
0.04389 0.0
0.04414 0.0
0.04438 0.0
0.04462 0.0
0.04487 0.0
0.04511 0.0
0.04536 0.0
0.0456 0.0
0.04585 0.0
0.04609 0.0
0.04633 0.0
0.04658 0.0
0.04682 0.0
0.04707 0.0
0.04731 0.0
0.04755 0.0
0.0478 0.0
0.04804 0.0
0.04829 0.0
0.04853 0.0
0.04877 0.0
0.04902 0.0
0.04926 0.0
0.04951 0.0
0.04975 0.0
0.05 0.0
0.05024 0.0
0.05048 0.0
0.05073 0.0
0.05097 0.0
0.05122 0.0
0.05146 0.0
0.0517 0.0
0.05195 0.0
0.05219 0.0
0.05244 0.0
0.05268 0.0
0.05293 0.0
0.05317 0.0
0.05341 0.0
0.05366 0.0
0.0539 0.0
0.05415 0.0
0.05439 0.0
0.05463 0.0
0.05488 0.0
0.05512 0.0
0.05537 0.0
0.05561 0.0
0.05585 0.0
0.0561 0.0
0.05634 0.0
0.05659 0.0
0.05683 0.0
0.05708 0.0
0.05732 0.0
0.05756 0.0
0.05781 0.0
0.05805 0.0
0.0583 0.0
0.05854 0.0
0.05878 0.0
0.05903 0.0
0.05927 0.0
0.05952 0.0
0.05976 0.0
0.06001 0.0
0.06025 0.0
0.06049 0.0
0.06074 0.0
0.06098 0.0
0.06123 0.0
0.06147 0.0
0.06171 0.0
0.06196 0.0
0.0622 0.0
0.06245 0.0
0.06269 0.0
0.06293 0.0
0.06318 0.0
0.06342 0.0
0.06367 0.0
0.06391 0.0
0.06416 0.0
0.0644 0.0
0.06464 0.0
0.06489 0.0
0.06513 0.0
0.06538 0.0
0.06562 0.0
0.06586 0.0
0.06611 0.0
0.06635 0.0
0.0666 0.0
0.06684 0.0
0.06709 0.0
0.06733 0.0
0.06757 0.0
0.06782 0.0
0.06806 0.0
0.06831 0.0
0.06855 0.0
0.06879 0.0
0.06904 0.0
0.06928 0.0
0.06953 0.0
0.06977 0.0
0.07001 0.0
0.07026 0.0
0.0705 0.0
0.07075 0.0
0.07099 0.0
0.07124 0.0
0.07148 0.0
0.07172 0.0
0.07197 0.0
0.07221 0.0
0.07246 0.0
0.0727 0.0
0.07294 0.0
0.07319 0.0
0.07343 0.0
0.07368 0.0
0.07392 0.0
0.07417 0.0
0.07441 0.0
0.07465 0.0
0.0749 0.0
0.07514 0.0
0.07539 0.0
0.07563 0.0
0.07587 0.0
0.07612 0.0
0.07636 0.0
0.07661 0.0
0.07685 0.0
0.0771 0.0
0.07734 0.0
0.07758 0.0
0.07783 0.0
0.07807 0.0
0.07832 0.0
0.07856 0.0
0.0788 0.0
0.07905 0.0
0.07929 0.0
0.07954 0.0
0.07978 0.0
0.08002 0.0
0.08027 0.0
0.08051 0.0
0.08076 0.0
0.081 0.0
0.08125 0.0
0.08149 0.0
0.08173 0.0
0.08198 0.0
0.08222 0.0
0.08247 0.0
0.08271 0.0
0.08295 0.0
0.0832 0.0
0.08344 0.0
0.08369 0.0
0.08393 0.0
0.08418 0.0
0.08442 0.0
0.08466 0.0
0.08491 0.0
0.08515 0.0
0.0854 0.0
0.08564 0.0
0.08588 0.0
0.08613 0.0
0.08637 0.0
0.08662 0.0
0.08686 0.0
0.0871 0.0
0.08735 0.0
0.08759 0.0
0.08784 0.0
0.08808 0.0
0.08833 0.0
0.08857 0.0
0.08881 0.0
0.08906 0.0
0.0893 0.0
0.08955 0.0
0.08979 0.0
0.09003 0.0
0.09028 0.0
0.09052 0.0
0.09077 0.0
0.09101 0.0
0.09126 0.0
0.0915 0.0
0.09174 0.0
0.09199 0.0
0.09223 0.0
0.09248 0.0
0.09272 0.0
0.09296 0.0
0.09321 0.0
0.09345 0.0
0.0937 0.0
0.09394 0.0
0.09418 0.0
0.09443 0.0
0.09467 0.0
0.09492 0.0
0.09516 0.0
0.09541 0.0
0.09565 0.0
0.09589 0.0
0.09614 0.0
0.09638 0.0
0.09663 0.0
0.09687 0.0
0.09711 0.0
0.09736 0.0
0.0976 0.0
0.09785 0.0
0.09809 0.0
0.09834 0.0
0.09858 0.0
0.09882 0.0
0.09907 0.0
0.09931 0.0
0.09956 0.0
0.0998 0.0
0.10004 0.0
0.10029 0.0
0.10053 0.0
0.10078 0.0
0.10102 0.0
0.10126 0.0
0.10151 0.0
0.10175 0.0
0.102 0.0
0.10224 0.0
0.10249 0.0
0.10273 0.0
0.10297 0.0
0.10322 0.0
0.10346 0.0
0.10371 0.0
0.10395 0.0
0.10419 0.0
0.10444 0.0
0.10468 0.0
0.10493 0.0
0.10517 0.0
0.10542 0.0
0.10566 0.0
0.1059 0.0
0.10615 0.0
0.10639 0.0
0.10664 0.0
0.10688 0.0
0.10712 0.0
0.10737 0.0
0.10761 0.0
0.10786 0.0
0.1081 0.0
0.10835 0.0
0.10859 0.0
0.10883 0.0
0.10908 0.0
0.10932 0.0
0.10957 0.0
0.10981 0.0
0.11005 0.0
0.1103 0.0
0.11054 0.0
0.11079 0.0
0.11103 0.0
0.11127 0.0
0.11152 0.0
0.11176 0.0
0.11201 0.0
0.11225 0.0
0.1125 0.0
0.11274 0.0
0.11298 0.0
0.11323 0.0
0.11347 0.0
0.11372 0.0
0.11396 0.0
0.1142 0.0
0.11445 0.0
0.11469 0.0
0.11494 0.0
0.11518 0.0
0.11543 0.0
0.11567 0.0
0.11591 0.0
0.11616 0.0
0.1164 0.0
0.11665 0.0
0.11689 0.0
0.11713 0.0
0.11738 0.0
0.11762 0.0
0.11787 0.0
0.11811 0.0
0.11835 0.0
0.1186 0.0
0.11884 0.0
0.11909 0.0
0.11933 0.0
0.11958 0.0
0.11982 0.0
0.12006 0.0
0.12031 0.0
0.12055 0.0
0.1208 0.0
0.12104 0.0
0.12128 0.0
0.12153 0.0
0.12177 0.0
0.12202 0.0
0.12226 0.0
0.12251 0.0
0.12275 0.0
0.12299 0.0
0.12324 0.0
0.12348 0.0
0.12373 0.0
0.12397 0.0
0.12421 0.0
0.12446 0.0
0.1247 0.0
0.12495 0.0
0.12519 0.0
0.12543 0.0
0.12568 0.0
0.12592 0.0
0.12617 0.0
0.12641 0.0
0.12666 0.0
0.1269 0.0
0.12714 0.0
0.12739 0.0
0.12763 0.0
0.12788 0.0
0.12812 0.0
0.12836 0.0
0.12861 0.0
0.12885 0.0
0.1291 0.0
0.12934 0.0
0.12959 0.0
0.12983 0.0
0.13007 0.0
0.13032 0.0
0.13056 0.0
0.13081 0.0
0.13105 0.0
0.13129 0.0
0.13154 0.0
0.13178 0.0
0.13203 0.0
0.13227 0.0
0.13251 0.0
0.13276 0.0
0.133 0.0
0.13325 0.0
0.13349 0.0
0.13374 0.0
0.13398 0.0
0.13422 0.0
0.13447 0.0
0.13471 0.0
0.13496 0.0
0.1352 0.0
0.13544 0.0
0.13569 0.0
0.13593 0.0
0.13618 0.0
0.13642 0.0
0.13667 0.0
0.13691 0.0
0.13715 0.0
0.1374 0.0
0.13764 0.0
0.13789 0.0
0.13813 0.0
0.13837 0.0
0.13862 0.0
0.13886 0.0
0.13911 0.0
0.13935 0.0
0.1396 0.0
0.13984 0.0
0.14008 0.0
0.14033 0.0
0.14057 0.0
0.14082 0.0
0.14106 0.0
0.1413 0.0
0.14155 0.0
0.14179 0.0
0.14204 0.0
0.14228 0.0
0.14252 0.0
0.14277 0.0
0.14301 0.0
0.14326 0.0
0.1435 0.0
0.14375 0.0
0.14399 0.0
0.14423 0.0
0.14448 0.0
0.14472 0.0
0.14497 0.0
0.14521 0.0
0.14545 0.0
0.1457 0.0
0.14594 0.0
0.14619 0.0
0.14643 0.0
0.14668 0.0
0.14692 0.0
0.14716 0.0
0.14741 0.0
0.14765 0.0
0.1479 0.0
0.14814 0.0
0.14838 0.0
0.14863 0.0
0.14887 0.0
0.14912 0.0
0.14936 0.0
0.1496 0.0
0.14985 0.0
0.15009 0.0
0.15034 0.0
0.15058 0.0
0.15083 0.0
0.15107 0.0
0.15131 0.0
0.15156 0.0
0.1518 0.0
0.15205 0.0
0.15229 0.0
0.15253 0.0
0.15278 0.0
0.15302 0.0
0.15327 0.0
0.15351 0.0
0.15376 0.0
0.154 0.0
0.15424 0.0
0.15449 0.0
0.15473 0.0
0.15498 0.0
0.15522 0.0
0.15546 0.0
0.15571 0.0
0.15595 0.0
0.1562 0.0
0.15644 0.0
0.15668 0.0
0.15693 0.0
0.15717 0.0
0.15742 0.0
0.15766 0.0
0.15791 0.0
0.15815 0.0
0.15839 0.0
0.15864 0.0
0.15888 0.0
0.15913 0.0
0.15937 0.0
0.15961 0.0
0.15986 0.0
0.1601 0.0
0.16035 0.0
0.16059 0.0
0.16084 0.0
0.16108 0.0
0.16132 0.0
0.16157 0.0
0.16181 0.0
0.16206 0.0
0.1623 0.0
0.16254 0.0
0.16279 0.0
0.16303 0.0
0.16328 0.0
0.16352 0.0
0.16376 0.0
0.16401 0.0
0.16425 0.0
0.1645 0.0
0.16474 0.0
0.16499 0.0
0.16523 0.0
0.16547 0.0
0.16572 0.0
0.16596 0.0
0.16621 0.0
0.16645 0.0
0.16669 0.0
0.16694 0.0
0.16718 0.0
0.16743 0.0
0.16767 0.0
0.16792 0.0
0.16816 0.0
0.1684 0.0
0.16865 0.0
0.16889 0.0
0.16914 0.0
0.16938 0.0
0.16962 0.0
0.16987 0.0
0.17011 0.0
0.17036 0.0
0.1706 0.0
0.17085 0.0
0.17109 0.0
0.17133 0.0
0.17158 0.0
0.17182 0.0
0.17207 0.0
0.17231 0.0
0.17255 0.0
0.1728 0.0
0.17304 0.0
0.17329 0.0
0.17353 0.0
0.17377 0.0
0.17402 0.0
0.17426 0.0
0.17451 0.0
0.17475 0.0
0.175 0.0
0.17524 0.0
0.17548 0.0
0.17573 0.0
0.17597 0.0
0.17622 0.0
0.17646 0.0
0.1767 0.0
0.17695 0.0
0.17719 0.0
0.17744 0.0
0.17768 0.0
0.17793 0.0
0.17817 0.0
0.17841 0.0
0.17866 0.0
0.1789 0.0
0.17915 0.0
0.17939 0.0
0.17963 0.0
0.17988 0.0
0.18012 0.0
0.18037 0.0
0.18061 0.0
0.18085 0.0
0.1811 0.0
0.18134 0.0
0.18159 0.0
0.18183 0.0
0.18208 0.0
0.18232 0.0
0.18256 0.0
0.18281 0.0
0.18305 0.0
0.1833 0.0
0.18354 0.0
0.18378 0.0
0.18403 0.0
0.18427 0.0
0.18452 0.0
0.18476 0.0
0.18501 0.0
0.18525 0.0
0.18549 0.0
0.18574 0.0
0.18598 0.0
0.18623 0.0
0.18647 0.0
0.18671 0.0
0.18696 0.0
0.1872 0.0
0.18745 0.0
0.18769 0.0
0.18793 0.0
0.18818 0.0
0.18842 0.0
0.18867 0.0
0.18891 0.0
0.18916 0.0
0.1894 0.0
0.18964 0.0
0.18989 0.0
0.19013 0.0
0.19038 0.0
0.19062 0.0
0.19086 0.0
0.19111 0.0
0.19135 0.0
0.1916 0.0
0.19184 0.0
0.19209 0.0
0.19233 0.0
0.19257 0.0
0.19282 0.0
0.19306 0.0
0.19331 0.0
0.19355 0.0
0.19379 0.0
0.19404 0.0
0.19428 0.0
0.19453 0.0
0.19477 0.0
0.19501 0.0
0.19526 0.0
0.1955 0.0
0.19575 0.0
0.19599 0.0
0.19624 0.0
0.19648 0.0
0.19672 0.0
0.19697 0.0
0.19721 0.0
0.19746 0.0
0.1977 0.0
0.19794 0.0
0.19819 0.0
0.19843 0.0
0.19868 0.0
0.19892 0.0
0.19917 0.0
0.19941 0.0
0.19965 0.0
0.1999 0.0
0.20014 0.0
0.20039 0.0
0.20063 0.0
0.20087 0.0
0.20112 0.0
0.20136 0.0
0.20161 0.0
0.20185 0.0
0.2021 0.0
0.20234 0.0
0.20258 0.0
0.20283 0.0
0.20307 0.0
0.20332 0.0
0.20356 0.0
0.2038 0.0
0.20405 0.0
0.20429 0.0
0.20454 0.0
0.20478 0.0
0.20502 0.0
0.20527 0.0
0.20551 0.0
0.20576 0.0
0.206 0.0
0.20625 0.0
0.20649 0.0
0.20673 0.0
0.20698 0.0
0.20722 0.0
0.20747 0.0
0.20771 0.0
0.20795 0.0
0.2082 0.0
0.20844 0.0
0.20869 0.0
0.20893 0.0
0.20918 0.0
0.20942 0.0
0.20966 0.0
0.20991 0.0
0.21015 0.0
0.2104 0.0
0.21064 0.0
0.21088 0.0
0.21113 0.0
0.21137 0.0
0.21162 0.0
0.21186 0.0
0.2121 0.0
0.21235 0.0
0.21259 0.0
0.21284 0.0
0.21308 0.0
0.21333 0.0
0.21357 0.0
0.21381 0.0
0.21406 0.0
0.2143 0.0
0.21455 0.0
0.21479 0.0
0.21503 0.0
0.21528 0.0
0.21552 0.0
0.21577 0.0
0.21601 0.0
0.21626 0.0
0.2165 0.0
0.21674 0.0
0.21699 0.0
0.21723 0.0
0.21748 0.0
