t strain*1e23
-0.40793 3.7
-0.40769 3.3
-0.40744 2.9
-0.4072 2.6
-0.40696 2.2
-0.40671 1.8
-0.40647 1.5
-0.40622 1.1
-0.40598 0.7
-0.40574 0.3
-0.40549 0.0
-0.40525 -0.4
-0.405 -0.8
-0.40476 -1.2
-0.40451 -1.6
-0.40427 -2.0
-0.40403 -2.3
-0.40378 -2.7
-0.40354 -3.1
-0.40329 -3.4
-0.40305 -3.8
-0.40281 -4.2
-0.40256 -4.5
-0.40232 -4.9
-0.40207 -5.2
-0.40183 -5.5
-0.40158 -5.9
-0.40134 -6.2
-0.4011 -6.5
-0.40085 -6.8
-0.40061 -7.1
-0.40036 -7.4
-0.40012 -7.7
-0.39988 -8.0
-0.39963 -8.2
-0.39939 -8.5
-0.39914 -8.7
-0.3989 -9.0
-0.39865 -9.2
-0.39841 -9.4
-0.39817 -9.6
-0.39792 -9.8
-0.39768 -9.9
-0.39743 -10.1
-0.39719 -10.3
-0.39695 -10.4
-0.3967 -10.5
-0.39646 -10.6
-0.39621 -10.7
-0.39597 -10.8
-0.39573 -10.9
-0.39548 -11.0
-0.39524 -11.0
-0.39499 -11.0
-0.39475 -11.1
-0.3945 -11.1
-0.39426 -11.1
-0.39402 -11.0
-0.39377 -11.0
-0.39353 -11.0
-0.39328 -10.9
-0.39304 -10.8
-0.3928 -10.7
-0.39255 -10.6
-0.39231 -10.5
-0.39206 -10.4
-0.39182 -10.3
-0.39157 -10.1
-0.39133 -9.9
-0.39109 -9.8
-0.39084 -9.6
-0.3906 -9.4
-0.39035 -9.2
-0.39011 -8.9
-0.38987 -8.7
-0.38962 -8.5
-0.38938 -8.2
-0.38913 -7.9
-0.38889 -7.7
-0.38865 -7.4
-0.3884 -7.1
-0.38816 -6.8
-0.38791 -6.5
-0.38767 -6.1
-0.38742 -5.8
-0.38718 -5.5
-0.38694 -5.1
-0.38669 -4.8
-0.38645 -4.4
-0.3862 -4.1
-0.38596 -3.7
-0.38572 -3.3
-0.38547 -2.9
-0.38523 -2.6
-0.38498 -2.2
-0.38474 -1.8
-0.38449 -1.4
-0.38425 -1.0
-0.38401 -0.6
-0.38376 -0.2
-0.38352 0.2
-0.38327 0.6
-0.38303 1.0
-0.38279 1.4
-0.38254 1.7
-0.3823 2.1
-0.38205 2.5
-0.38181 2.9
-0.38157 3.3
-0.38132 3.7
-0.38108 4.0
-0.38083 4.4
-0.38059 4.8
-0.38034 5.1
-0.3801 5.5
-0.37986 5.8
-0.37961 6.1
-0.37937 6.5
-0.37912 6.8
-0.37888 7.1
-0.37864 7.4
-0.37839 7.7
-0.37815 8.0
-0.3779 8.3
-0.37766 8.5
-0.37741 8.8
-0.37717 9.0
-0.37693 9.2
-0.37668 9.5
-0.37644 9.7
-0.37619 9.9
-0.37595 10.1
-0.37571 10.2
-0.37546 10.4
-0.37522 10.5
-0.37497 10.7
-0.37473 10.8
-0.37449 10.9
-0.37424 11.0
-0.374 11.0
-0.37375 11.1
-0.37351 11.2
-0.37326 11.2
-0.37302 11.2
-0.37278 11.2
-0.37253 11.2
-0.37229 11.2
-0.37204 11.1
-0.3718 11.1
-0.37156 11.0
-0.37131 11.0
-0.37107 10.9
-0.37082 10.8
-0.37058 10.6
-0.37033 10.5
-0.37009 10.3
-0.36985 10.2
-0.3696 10.0
-0.36936 9.8
-0.36911 9.6
-0.36887 9.4
-0.36863 9.2
-0.36838 8.9
-0.36814 8.7
-0.36789 8.4
-0.36765 8.2
-0.3674 7.9
-0.36716 7.6
-0.36692 7.3
-0.36667 7.0
-0.36643 6.7
-0.36618 6.3
-0.36594 6.0
-0.3657 5.6
-0.36545 5.3
-0.36521 4.9
-0.36496 4.6
-0.36472 4.2
-0.36448 3.8
-0.36423 3.4
-0.36399 3.0
-0.36374 2.6
-0.3635 2.3
-0.36325 1.9
-0.36301 1.5
-0.36277 1.0
-0.36252 0.6
-0.36228 0.2
-0.36203 -0.2
-0.36179 -0.6
-0.36155 -1.0
-0.3613 -1.4
-0.36106 -1.8
-0.36081 -2.2
-0.36057 -2.6
-0.36032 -3.0
-0.36008 -3.4
-0.35984 -3.8
-0.35959 -4.2
-0.35935 -4.5
-0.3591 -4.9
-0.35886 -5.3
-0.35862 -5.6
-0.35837 -6.0
-0.35813 -6.3
-0.35788 -6.7
-0.35764 -7.0
-0.3574 -7.3
-0.35715 -7.6
-0.35691 -7.9
-0.35666 -8.2
-0.35642 -8.5
-0.35617 -8.8
-0.35593 -9.0
-0.35569 -9.3
-0.35544 -9.5
-0.3552 -9.7
-0.35495 -9.9
-0.35471 -10.1
-0.35447 -10.3
-0.35422 -10.5
-0.35398 -10.6
-0.35373 -10.8
-0.35349 -10.9
-0.35324 -11.0
-0.353 -11.1
-0.35276 -11.2
-0.35251 -11.2
-0.35227 -11.3
-0.35202 -11.3
-0.35178 -11.4
-0.35154 -11.4
-0.35129 -11.4
-0.35105 -11.3
-0.3508 -11.3
-0.35056 -11.3
-0.35032 -11.2
-0.35007 -11.1
-0.34983 -11.0
-0.34958 -10.9
-0.34934 -10.8
-0.34909 -10.6
-0.34885 -10.5
-0.34861 -10.3
-0.34836 -10.1
-0.34812 -9.9
-0.34787 -9.7
-0.34763 -9.5
-0.34739 -9.3
-0.34714 -9.0
-0.3469 -8.7
-0.34665 -8.5
-0.34641 -8.2
-0.34616 -7.9
-0.34592 -7.6
-0.34568 -7.3
-0.34543 -6.9
-0.34519 -6.6
-0.34494 -6.3
-0.3447 -5.9
-0.34446 -5.6
-0.34421 -5.2
-0.34397 -4.8
-0.34372 -4.4
-0.34348 -4.0
-0.34324 -3.6
-0.34299 -3.2
-0.34275 -2.8
-0.3425 -2.4
-0.34226 -2.0
-0.34201 -1.6
-0.34177 -1.2
-0.34153 -0.8
-0.34128 -0.3
-0.34104 0.0
-0.34079 0.5
-0.34055 0.9
-0.34031 1.3
-0.34006 1.8
-0.33982 2.2
-0.33957 2.6
-0.33933 3.0
-0.33908 3.4
-0.33884 3.8
-0.3386 4.2
-0.33835 4.6
-0.33811 5.0
-0.33786 5.4
-0.33762 5.7
-0.33738 6.1
-0.33713 6.4
-0.33689 6.8
-0.33664 7.1
-0.3364 7.5
-0.33615 7.8
-0.33591 8.1
-0.33567 8.4
-0.33542 8.7
-0.33518 8.9
-0.33493 9.2
-0.33469 9.5
-0.33445 9.7
-0.3342 9.9
-0.33396 10.1
-0.33371 10.3
-0.33347 10.5
-0.33323 10.7
-0.33298 10.8
-0.33274 11.0
-0.33249 11.1
-0.33225 11.2
-0.332 11.3
-0.33176 11.4
-0.33152 11.4
-0.33127 11.5
-0.33103 11.5
-0.33078 11.5
-0.33054 11.5
-0.3303 11.5
-0.33005 11.5
-0.32981 11.4
-0.32956 11.4
-0.32932 11.3
-0.32907 11.2
-0.32883 11.1
-0.32859 10.9
-0.32834 10.8
-0.3281 10.6
-0.32785 10.5
-0.32761 10.3
-0.32737 10.1
-0.32712 9.9
-0.32688 9.6
-0.32663 9.4
-0.32639 9.1
-0.32615 8.9
-0.3259 8.6
-0.32566 8.3
-0.32541 8.0
-0.32517 7.7
-0.32492 7.3
-0.32468 7.0
-0.32444 6.6
-0.32419 6.3
-0.32395 5.9
-0.3237 5.5
-0.32346 5.2
-0.32322 4.8
-0.32297 4.4
-0.32273 4.0
-0.32248 3.5
-0.32224 3.1
-0.32199 2.7
-0.32175 2.3
-0.32151 1.9
-0.32126 1.4
-0.32102 1.0
-0.32077 0.6
-0.32053 0.1
-0.32029 -0.3
-0.32004 -0.8
-0.3198 -1.2
-0.31955 -1.6
-0.31931 -2.1
-0.31907 -2.5
-0.31882 -2.9
-0.31858 -3.3
-0.31833 -3.7
-0.31809 -4.2
-0.31784 -4.6
-0.3176 -5.0
-0.31736 -5.4
-0.31711 -5.7
-0.31687 -6.1
-0.31662 -6.5
-0.31638 -6.9
-0.31614 -7.2
-0.31589 -7.6
-0.31565 -7.9
-0.3154 -8.2
-0.31516 -8.5
-0.31491 -8.8
-0.31467 -9.1
-0.31443 -9.4
-0.31418 -9.6
-0.31394 -9.9
-0.31369 -10.1
-0.31345 -10.3
-0.31321 -10.5
-0.31296 -10.7
-0.31272 -10.9
-0.31247 -11.0
-0.31223 -11.2
-0.31199 -11.3
-0.31174 -11.4
-0.3115 -11.5
-0.31125 -11.6
-0.31101 -11.6
-0.31076 -11.7
-0.31052 -11.7
-0.31028 -11.7
-0.31003 -11.7
-0.30979 -11.7
-0.30954 -11.6
-0.3093 -11.6
-0.30906 -11.5
-0.30881 -11.4
-0.30857 -11.3
-0.30832 -11.1
-0.30808 -11.0
-0.30783 -10.8
-0.30759 -10.7
-0.30735 -10.5
-0.3071 -10.3
-0.30686 -10.1
-0.30661 -9.8
-0.30637 -9.6
-0.30613 -9.3
-0.30588 -9.0
-0.30564 -8.7
-0.30539 -8.4
-0.30515 -8.1
-0.3049 -7.8
-0.30466 -7.5
-0.30442 -7.1
-0.30417 -6.7
-0.30393 -6.4
-0.30368 -6.0
-0.30344 -5.6
-0.3032 -5.2
-0.30295 -4.8
-0.30271 -4.4
-0.30246 -4.0
-0.30222 -3.5
-0.30198 -3.1
-0.30173 -2.7
-0.30149 -2.2
-0.30124 -1.8
-0.301 -1.3
-0.30075 -0.9
-0.30051 -0.4
-0.30027 0.0
-0.30002 0.5
-0.29978 0.9
-0.29953 1.4
-0.29929 1.8
-0.29905 2.3
-0.2988 2.7
-0.29856 3.2
-0.29831 3.6
-0.29807 4.0
-0.29782 4.5
-0.29758 4.9
-0.29734 5.3
-0.29709 5.7
-0.29685 6.1
-0.2966 6.5
-0.29636 6.9
-0.29612 7.2
-0.29587 7.6
-0.29563 7.9
-0.29538 8.3
-0.29514 8.6
-0.2949 8.9
-0.29465 9.2
-0.29441 9.5
-0.29416 9.7
-0.29392 10.0
-0.29367 10.2
-0.29343 10.5
-0.29319 10.7
-0.29294 10.9
-0.2927 11.0
-0.29245 11.2
-0.29221 11.3
-0.29197 11.5
-0.29172 11.6
-0.29148 11.7
-0.29123 11.7
-0.29099 11.8
-0.29074 11.8
-0.2905 11.9
-0.29026 11.9
-0.29001 11.8
-0.28977 11.8
-0.28952 11.8
-0.28928 11.7
-0.28904 11.6
-0.28879 11.5
-0.28855 11.4
-0.2883 11.3
-0.28806 11.1
-0.28782 10.9
-0.28757 10.7
-0.28733 10.5
-0.28708 10.3
-0.28684 10.1
-0.28659 9.8
-0.28635 9.5
-0.28611 9.3
-0.28586 9.0
-0.28562 8.7
-0.28537 8.3
-0.28513 8.0
-0.28489 7.6
-0.28464 7.3
-0.2844 6.9
-0.28415 6.5
-0.28391 6.1
-0.28366 5.7
-0.28342 5.3
-0.28318 4.9
-0.28293 4.5
-0.28269 4.0
-0.28244 3.6
-0.2822 3.1
-0.28196 2.7
-0.28171 2.2
-0.28147 1.8
-0.28122 1.3
-0.28098 0.8
-0.28074 0.4
-0.28049 -0.1
-0.28025 -0.6
-0.28 -1.0
-0.27976 -1.5
-0.27951 -2.0
-0.27927 -2.4
-0.27903 -2.9
-0.27878 -3.4
-0.27854 -3.8
-0.27829 -4.3
-0.27805 -4.7
-0.27781 -5.1
-0.27756 -5.6
-0.27732 -6.0
-0.27707 -6.4
-0.27683 -6.8
-0.27658 -7.2
-0.27634 -7.5
-0.2761 -7.9
-0.27585 -8.3
-0.27561 -8.6
-0.27536 -8.9
-0.27512 -9.2
-0.27488 -9.5
-0.27463 -9.8
-0.27439 -10.1
-0.27414 -10.3
-0.2739 -10.6
-0.27365 -10.8
-0.27341 -11.0
-0.27317 -11.2
-0.27292 -11.4
-0.27268 -11.5
-0.27243 -11.6
-0.27219 -11.7
-0.27195 -11.8
-0.2717 -11.9
-0.27146 -12.0
-0.27121 -12.0
-0.27097 -12.0
-0.27073 -12.0
-0.27048 -12.0
-0.27024 -12.0
-0.26999 -11.9
-0.26975 -11.9
-0.2695 -11.8
-0.26926 -11.7
-0.26902 -11.5
-0.26877 -11.4
-0.26853 -11.2
-0.26828 -11.0
-0.26804 -10.8
-0.2678 -10.6
-0.26755 -10.4
-0.26731 -10.1
-0.26706 -9.8
-0.26682 -9.6
-0.26657 -9.3
-0.26633 -8.9
-0.26609 -8.6
-0.26584 -8.3
-0.2656 -7.9
-0.26535 -7.5
-0.26511 -7.2
-0.26487 -6.8
-0.26462 -6.4
-0.26438 -5.9
-0.26413 -5.5
-0.26389 -5.1
-0.26365 -4.6
-0.2634 -4.2
-0.26316 -3.7
-0.26291 -3.2
-0.26267 -2.8
-0.26242 -2.3
-0.26218 -1.8
-0.26194 -1.3
-0.26169 -0.8
-0.26145 -0.4
-0.2612 0.1
-0.26096 0.6
-0.26072 1.1
-0.26047 1.6
-0.26023 2.1
-0.25998 2.6
-0.25974 3.0
-0.25949 3.5
-0.25925 4.0
-0.25901 4.4
-0.25876 4.9
-0.25852 5.3
-0.25827 5.8
-0.25803 6.2
-0.25779 6.6
-0.25754 7.0
-0.2573 7.4
-0.25705 7.8
-0.25681 8.2
-0.25657 8.6
-0.25632 8.9
-0.25608 9.2
-0.25583 9.6
-0.25559 9.9
-0.25534 10.1
-0.2551 10.4
-0.25486 10.7
-0.25461 10.9
-0.25437 11.1
-0.25412 11.3
-0.25388 11.5
-0.25364 11.7
-0.25339 11.8
-0.25315 11.9
-0.2529 12.0
-0.25266 12.1
-0.25241 12.2
-0.25217 12.2
-0.25193 12.2
-0.25168 12.2
-0.25144 12.2
-0.25119 12.2
-0.25095 12.1
-0.25071 12.1
-0.25046 12.0
-0.25022 11.8
-0.24997 11.7
-0.24973 11.5
-0.24949 11.4
-0.24924 11.2
-0.249 10.9
-0.24875 10.7
-0.24851 10.5
-0.24826 10.2
-0.24802 9.9
-0.24778 9.6
-0.24753 9.3
-0.24729 8.9
-0.24704 8.6
-0.2468 8.2
-0.24656 7.8
-0.24631 7.4
-0.24607 7.0
-0.24582 6.6
-0.24558 6.2
-0.24533 5.7
-0.24509 5.3
-0.24485 4.8
-0.2446 4.4
-0.24436 3.9
-0.24411 3.4
-0.24387 2.9
-0.24363 2.4
-0.24338 1.9
-0.24314 1.4
-0.24289 0.9
-0.24265 0.4
-0.2424 -0.1
-0.24216 -0.6
-0.24192 -1.1
-0.24167 -1.6
-0.24143 -2.2
-0.24118 -2.7
-0.24094 -3.2
-0.2407 -3.6
-0.24045 -4.1
-0.24021 -4.6
-0.23996 -5.1
-0.23972 -5.6
-0.23948 -6.0
-0.23923 -6.5
-0.23899 -6.9
-0.23874 -7.3
-0.2385 -7.7
-0.23825 -8.1
-0.23801 -8.5
-0.23777 -8.9
-0.23752 -9.2
-0.23728 -9.6
-0.23703 -9.9
-0.23679 -10.2
-0.23655 -10.5
-0.2363 -10.8
-0.23606 -11.0
-0.23581 -11.2
-0.23557 -11.5
-0.23532 -11.7
-0.23508 -11.8
-0.23484 -12.0
-0.23459 -12.1
-0.23435 -12.2
-0.2341 -12.3
-0.23386 -12.4
-0.23362 -12.4
-0.23337 -12.5
-0.23313 -12.5
-0.23288 -12.4
-0.23264 -12.4
-0.2324 -12.3
-0.23215 -12.3
-0.23191 -12.2
-0.23166 -12.0
-0.23142 -11.9
-0.23117 -11.7
-0.23093 -11.5
-0.23069 -11.3
-0.23044 -11.1
-0.2302 -10.8
-0.22995 -10.6
-0.22971 -10.3
-0.22947 -10.0
-0.22922 -9.6
-0.22898 -9.3
-0.22873 -8.9
-0.22849 -8.6
-0.22824 -8.2
-0.228 -7.8
-0.22776 -7.3
-0.22751 -6.9
-0.22727 -6.5
-0.22702 -6.0
-0.22678 -5.5
-0.22654 -5.1
-0.22629 -4.6
-0.22605 -4.1
-0.2258 -3.6
-0.22556 -3.1
-0.22532 -2.5
-0.22507 -2.0
-0.22483 -1.5
-0.22458 -1.0
-0.22434 -0.4
-0.22409 0.1
-0.22385 0.6
-0.22361 1.2
-0.22336 1.7
-0.22312 2.2
-0.22287 2.8
-0.22263 3.3
-0.22239 3.8
-0.22214 4.3
-0.2219 4.8
-0.22165 5.3
-0.22141 5.8
-0.22116 6.3
-0.22092 6.7
-0.22068 7.2
-0.22043 7.6
-0.22019 8.0
-0.21994 8.4
-0.2197 8.8
-0.21946 9.2
-0.21921 9.6
-0.21897 9.9
-0.21872 10.3
-0.21848 10.6
-0.21824 10.9
-0.21799 11.1
-0.21775 11.4
-0.2175 11.6
-0.21726 11.8
-0.21701 12.0
-0.21677 12.2
-0.21653 12.3
-0.21628 12.4
-0.21604 12.5
-0.21579 12.6
-0.21555 12.7
-0.21531 12.7
-0.21506 12.7
-0.21482 12.7
-0.21457 12.6
-0.21433 12.6
-0.21408 12.5
-0.21384 12.4
-0.2136 12.2
-0.21335 12.1
-0.21311 11.9
-0.21286 11.7
-0.21262 11.5
-0.21238 11.2
-0.21213 10.9
-0.21189 10.7
-0.21164 10.3
-0.2114 10.0
-0.21115 9.7
-0.21091 9.3
-0.21067 8.9
-0.21042 8.5
-0.21018 8.1
-0.20993 7.7
-0.20969 7.2
-0.20945 6.8
-0.2092 6.3
-0.20896 5.8
-0.20871 5.3
-0.20847 4.8
-0.20823 4.3
-0.20798 3.7
-0.20774 3.2
-0.20749 2.7
-0.20725 2.1
-0.207 1.6
-0.20676 1.0
-0.20652 0.4
-0.20627 -0.1
-0.20603 -0.7
-0.20578 -1.2
-0.20554 -1.8
-0.2053 -2.3
-0.20505 -2.9
-0.20481 -3.4
-0.20456 -4.0
-0.20432 -4.5
-0.20407 -5.0
-0.20383 -5.5
-0.20359 -6.0
-0.20334 -6.5
-0.2031 -7.0
-0.20285 -7.5
-0.20261 -7.9
-0.20237 -8.4
-0.20212 -8.8
-0.20188 -9.2
-0.20163 -9.6
-0.20139 -10.0
-0.20115 -10.3
-0.2009 -10.7
-0.20066 -11.0
-0.20041 -11.3
-0.20017 -11.5
-0.19992 -11.8
-0.19968 -12.0
-0.19944 -12.2
-0.19919 -12.4
-0.19895 -12.5
-0.1987 -12.7
-0.19846 -12.8
-0.19822 -12.8
-0.19797 -12.9
-0.19773 -12.9
-0.19748 -12.9
-0.19724 -12.9
-0.19699 -12.9
-0.19675 -12.8
-0.19651 -12.7
-0.19626 -12.6
-0.19602 -12.4
-0.19577 -12.3
-0.19553 -12.1
-0.19529 -11.8
-0.19504 -11.6
-0.1948 -11.3
-0.19455 -11.0
-0.19431 -10.7
-0.19407 -10.4
-0.19382 -10.0
-0.19358 -9.7
-0.19333 -9.3
-0.19309 -8.9
-0.19284 -8.4
-0.1926 -8.0
-0.19236 -7.5
-0.19211 -7.0
-0.19187 -6.5
-0.19162 -6.0
-0.19138 -5.5
-0.19114 -5.0
-0.19089 -4.4
-0.19065 -3.9
-0.1904 -3.3
-0.19016 -2.8
-0.18991 -2.2
-0.18967 -1.6
-0.18943 -1.0
-0.18918 -0.4
-0.18894 0.2
-0.18869 0.7
-0.18845 1.3
-0.18821 1.9
-0.18796 2.5
-0.18772 3.1
-0.18747 3.6
-0.18723 4.2
-0.18699 4.8
-0.18674 5.3
-0.1865 5.8
-0.18625 6.4
-0.18601 6.9
-0.18576 7.4
-0.18552 7.9
-0.18528 8.3
-0.18503 8.8
-0.18479 9.2
-0.18454 9.6
-0.1843 10.0
-0.18406 10.4
-0.18381 10.8
-0.18357 11.1
-0.18332 11.4
-0.18308 11.7
-0.18283 12.0
-0.18259 12.2
-0.18235 12.4
-0.1821 12.6
-0.18186 12.8
-0.18161 12.9
-0.18137 13.0
-0.18113 13.1
-0.18088 13.2
-0.18064 13.2
-0.18039 13.2
-0.18015 13.2
-0.1799 13.1
-0.17966 13.0
-0.17942 12.9
-0.17917 12.8
-0.17893 12.6
-0.17868 12.4
-0.17844 12.2
-0.1782 12.0
-0.17795 11.7
-0.17771 11.4
-0.17746 11.1
-0.17722 10.8
-0.17698 10.4
-0.17673 10.0
-0.17649 9.6
-0.17624 9.2
-0.176 8.7
-0.17575 8.3
-0.17551 7.8
-0.17527 7.3
-0.17502 6.8
-0.17478 6.2
-0.17453 5.7
-0.17429 5.1
-0.17405 4.6
-0.1738 4.0
-0.17356 3.4
-0.17331 2.8
-0.17307 2.2
-0.17282 1.6
-0.17258 1.0
-0.17234 0.3
-0.17209 -0.3
-0.17185 -0.9
-0.1716 -1.5
-0.17136 -2.1
-0.17112 -2.7
-0.17087 -3.4
-0.17063 -4.0
-0.17038 -4.5
-0.17014 -5.1
-0.1699 -5.7
-0.16965 -6.3
-0.16941 -6.8
-0.16916 -7.3
-0.16892 -7.9
-0.16867 -8.4
-0.16843 -8.8
-0.16819 -9.3
-0.16794 -9.7
-0.1677 -10.2
-0.16745 -10.6
-0.16721 -11.0
-0.16697 -11.3
-0.16672 -11.6
-0.16648 -11.9
-0.16623 -12.2
-0.16599 -12.5
-0.16574 -12.7
-0.1655 -12.9
-0.16526 -13.1
-0.16501 -13.2
-0.16477 -13.3
-0.16452 -13.4
-0.16428 -13.5
-0.16404 -13.5
-0.16379 -13.5
-0.16355 -13.4
-0.1633 -13.4
-0.16306 -13.3
-0.16282 -13.2
-0.16257 -13.0
-0.16233 -12.8
-0.16208 -12.6
-0.16184 -12.4
-0.16159 -12.1
-0.16135 -11.8
-0.16111 -11.5
-0.16086 -11.1
-0.16062 -10.7
-0.16037 -10.3
-0.16013 -9.9
-0.15989 -9.5
-0.15964 -9.0
-0.1594 -8.5
-0.15915 -8.0
-0.15891 -7.5
-0.15866 -6.9
-0.15842 -6.3
-0.15818 -5.8
-0.15793 -5.2
-0.15769 -4.6
-0.15744 -4.0
-0.1572 -3.3
-0.15696 -2.7
-0.15671 -2.1
-0.15647 -1.4
-0.15622 -0.8
-0.15598 -0.1
-0.15574 0.6
-0.15549 1.2
-0.15525 1.9
-0.155 2.5
-0.15476 3.2
-0.15451 3.8
-0.15427 4.4
-0.15403 5.0
-0.15378 5.6
-0.15354 6.2
-0.15329 6.8
-0.15305 7.4
-0.15281 7.9
-0.15256 8.5
-0.15232 9.0
-0.15207 9.5
-0.15183 10.0
-0.15158 10.4
-0.15134 10.8
-0.1511 11.2
-0.15085 11.6
-0.15061 12.0
-0.15036 12.3
-0.15012 12.6
-0.14988 12.8
-0.14963 13.1
-0.14939 13.3
-0.14914 13.4
-0.1489 13.6
-0.14865 13.7
-0.14841 13.8
-0.14817 13.8
-0.14792 13.8
-0.14768 13.8
-0.14743 13.7
-0.14719 13.6
-0.14695 13.5
-0.1467 13.4
-0.14646 13.2
-0.14621 12.9
-0.14597 12.7
-0.14573 12.4
-0.14548 12.1
-0.14524 11.8
-0.14499 11.4
-0.14475 11.0
-0.1445 10.6
-0.14426 10.1
-0.14402 9.6
-0.14377 9.1
-0.14353 8.6
-0.14328 8.1
-0.14304 7.5
-0.1428 6.9
-0.14255 6.3
-0.14231 5.7
-0.14206 5.1
-0.14182 4.4
-0.14157 3.8
-0.14133 3.1
-0.14109 2.4
-0.14084 1.7
-0.1406 1.0
-0.14035 0.3
-0.14011 -0.4
-0.13987 -1.1
-0.13962 -1.7
-0.13938 -2.4
-0.13913 -3.1
-0.13889 -3.8
-0.13865 -4.5
-0.1384 -5.1
-0.13816 -5.8
-0.13791 -6.4
-0.13767 -7.0
-0.13742 -7.6
-0.13718 -8.2
-0.13694 -8.8
-0.13669 -9.3
-0.13645 -9.8
-0.1362 -10.3
-0.13596 -10.8
-0.13572 -11.3
-0.13547 -11.7
-0.13523 -12.1
-0.13498 -12.4
-0.13474 -12.7
-0.13449 -13.0
-0.13425 -13.3
-0.13401 -13.5
-0.13376 -13.7
-0.13352 -13.9
-0.13327 -14.0
-0.13303 -14.1
-0.13279 -14.1
-0.13254 -14.2
-0.1323 -14.1
-0.13205 -14.1
-0.13181 -14.0
-0.13157 -13.9
-0.13132 -13.7
-0.13108 -13.5
-0.13083 -13.2
-0.13059 -13.0
-0.13034 -12.7
-0.1301 -12.3
-0.12986 -12.0
-0.12961 -11.6
-0.12937 -11.1
-0.12912 -10.7
-0.12888 -10.2
-0.12864 -9.6
-0.12839 -9.1
-0.12815 -8.5
-0.1279 -7.9
-0.12766 -7.3
-0.12741 -6.7
-0.12717 -6.0
-0.12693 -5.4
-0.12668 -4.7
-0.12644 -4.0
-0.12619 -3.3
-0.12595 -2.5
-0.12571 -1.8
-0.12546 -1.1
-0.12522 -0.3
-0.12497 0.4
-0.12473 1.2
-0.12449 1.9
-0.12424 2.6
-0.124 3.4
-0.12375 4.1
-0.12351 4.8
-0.12326 5.5
-0.12302 6.2
-0.12278 6.9
-0.12253 7.5
-0.12229 8.1
-0.12204 8.8
-0.1218 9.3
-0.12156 9.9
-0.12131 10.5
-0.12107 11.0
-0.12082 11.4
-0.12058 11.9
-0.12033 12.3
-0.12009 12.7
-0.11985 13.1
-0.1196 13.4
-0.11936 13.7
-0.11911 13.9
-0.11887 14.1
-0.11863 14.3
-0.11838 14.4
-0.11814 14.5
-0.11789 14.5
-0.11765 14.5
-0.1174 14.5
-0.11716 14.4
-0.11692 14.3
-0.11667 14.2
-0.11643 14.0
-0.11618 13.7
-0.11594 13.5
-0.1157 13.1
-0.11545 12.8
-0.11521 12.4
-0.11496 12.0
-0.11472 11.5
-0.11448 11.0
-0.11423 10.5
-0.11399 10.0
-0.11374 9.4
-0.1135 8.8
-0.11325 8.1
-0.11301 7.5
-0.11277 6.8
-0.11252 6.1
-0.11228 5.4
-0.11203 4.6
-0.11179 3.9
-0.11155 3.1
-0.1113 2.3
-0.11106 1.5
-0.11081 0.7
-0.11057 0.0
-0.11032 -0.9
-0.11008 -1.6
-0.10984 -2.4
-0.10959 -3.2
-0.10935 -4.0
-0.1091 -4.8
-0.10886 -5.5
-0.10862 -6.3
-0.10837 -7.0
-0.10813 -7.7
-0.10788 -8.4
-0.10764 -9.0
-0.1074 -9.7
-0.10715 -10.3
-0.10691 -10.8
-0.10666 -11.4
-0.10642 -11.9
-0.10617 -12.4
-0.10593 -12.8
-0.10569 -13.2
-0.10544 -13.6
-0.1052 -13.9
-0.10495 -14.2
-0.10471 -14.4
-0.10447 -14.6
-0.10422 -14.8
-0.10398 -14.9
-0.10373 -15.0
-0.10349 -15.0
-0.10324 -14.9
-0.103 -14.9
-0.10276 -14.8
-0.10251 -14.6
-0.10227 -14.4
-0.10202 -14.1
-0.10178 -13.8
-0.10154 -13.5
-0.10129 -13.1
-0.10105 -12.7
-0.1008 -12.2
-0.10056 -11.7
-0.10032 -11.2
-0.10007 -10.6
-0.09983 -10.0
-0.09958 -9.3
-0.09934 -8.7
-0.09909 -8.0
-0.09885 -7.2
-0.09861 -6.5
-0.09836 -5.7
-0.09812 -4.9
-0.09787 -4.1
-0.09763 -3.3
-0.09739 -2.4
-0.09714 -1.6
-0.0969 -0.7
-0.09665 0.1
-0.09641 1.0
-0.09616 1.8
-0.09592 2.7
-0.09568 3.5
-0.09543 4.4
-0.09519 5.2
-0.09494 6.0
-0.0947 6.8
-0.09446 7.6
-0.09421 8.3
-0.09397 9.0
-0.09372 9.7
-0.09348 10.4
-0.09324 11.0
-0.09299 11.6
-0.09275 12.2
-0.0925 12.7
-0.09226 13.2
-0.09201 13.6
-0.09177 14.0
-0.09153 14.4
-0.09128 14.7
-0.09104 14.9
-0.09079 15.1
-0.09055 15.3
-0.09031 15.4
-0.09006 15.5
-0.08982 15.5
-0.08957 15.4
-0.08933 15.3
-0.08908 15.2
-0.08884 14.9
-0.0886 14.7
-0.08835 14.4
-0.08811 14.0
-0.08786 13.6
-0.08762 13.2
-0.08738 12.7
-0.08713 12.1
-0.08689 11.5
-0.08664 10.9
-0.0864 10.2
-0.08615 9.5
-0.08591 8.8
-0.08567 8.0
-0.08542 7.2
-0.08518 6.4
-0.08493 5.6
-0.08469 4.7
-0.08445 3.8
-0.0842 2.9
-0.08396 2.0
-0.08371 1.0
-0.08347 0.1
-0.08323 -0.8
-0.08298 -1.8
-0.08274 -2.7
-0.08249 -3.6
-0.08225 -4.5
-0.082 -5.4
-0.08176 -6.3
-0.08152 -7.2
-0.08127 -8.0
-0.08103 -8.8
-0.08078 -9.6
-0.08054 -10.3
-0.0803 -11.1
-0.08005 -11.7
-0.07981 -12.4
-0.07956 -13.0
-0.07932 -13.5
-0.07907 -14.0
-0.07883 -14.4
-0.07859 -14.8
-0.07834 -15.2
-0.0781 -15.5
-0.07785 -15.7
-0.07761 -15.9
-0.07737 -16.0
-0.07712 -16.0
-0.07688 -16.0
-0.07663 -16.0
-0.07639 -15.8
-0.07615 -15.6
-0.0759 -15.4
-0.07566 -15.1
-0.07541 -14.7
-0.07517 -14.3
-0.07492 -13.8
-0.07468 -13.3
-0.07444 -12.7
-0.07419 -12.1
-0.07395 -11.4
-0.0737 -10.7
-0.07346 -9.9
-0.07322 -9.1
-0.07297 -8.3
-0.07273 -7.4
-0.07248 -6.5
-0.07224 -5.5
-0.07199 -4.6
-0.07175 -3.6
-0.07151 -2.6
-0.07126 -1.6
-0.07102 -0.6
-0.07077 0.5
-0.07053 1.5
-0.07029 2.5
-0.07004 3.5
-0.0698 4.5
-0.06955 5.5
-0.06931 6.5
-0.06907 7.5
-0.06882 8.4
-0.06858 9.3
-0.06833 10.1
-0.06809 10.9
-0.06784 11.7
-0.0676 12.4
-0.06736 13.1
-0.06711 13.8
-0.06687 14.3
-0.06662 14.8
-0.06638 15.3
-0.06614 15.7
-0.06589 16.0
-0.06565 16.3
-0.0654 16.5
-0.06516 16.6
-0.06491 16.7
-0.06467 16.7
-0.06443 16.6
-0.06418 16.4
-0.06394 16.2
-0.06369 15.9
-0.06345 15.6
-0.06321 15.1
-0.06296 14.6
-0.06272 14.1
-0.06247 13.5
-0.06223 12.8
-0.06199 12.1
-0.06174 11.3
-0.0615 10.4
-0.06125 9.5
-0.06101 8.6
-0.06076 7.6
-0.06052 6.6
-0.06028 5.5
-0.06003 4.5
-0.05979 3.4
-0.05954 2.2
-0.0593 1.1
-0.05906 0.0
-0.05881 -1.2
-0.05857 -2.3
-0.05832 -3.5
-0.05808 -4.6
-0.05783 -5.7
-0.05759 -6.8
-0.05735 -7.8
-0.0571 -8.9
-0.05686 -9.8
-0.05661 -10.8
-0.05637 -11.7
-0.05613 -12.5
-0.05588 -13.3
-0.05564 -14.1
-0.05539 -14.7
-0.05515 -15.3
-0.0549 -15.9
-0.05466 -16.3
-0.05442 -16.7
-0.05417 -17.0
-0.05393 -17.3
-0.05368 -17.4
-0.05344 -17.5
-0.0532 -17.4
-0.05295 -17.3
-0.05271 -17.1
-0.05246 -16.9
-0.05222 -16.5
-0.05198 -16.1
-0.05173 -15.5
-0.05149 -14.9
-0.05124 -14.3
-0.051 -13.5
-0.05075 -12.7
-0.05051 -11.8
-0.05027 -10.8
-0.05002 -9.8
-0.04978 -8.8
-0.04953 -7.7
-0.04929 -6.5
-0.04905 -5.3
-0.0488 -4.1
-0.04856 -2.8
-0.04831 -1.5
-0.04807 -0.3
-0.04782 1.0
-0.04758 2.3
-0.04734 3.6
-0.04709 4.9
-0.04685 6.1
-0.0466 7.4
-0.04636 8.6
-0.04612 9.7
-0.04587 10.8
-0.04563 11.9
-0.04538 12.9
-0.04514 13.8
-0.0449 14.6
-0.04465 15.4
-0.04441 16.1
-0.04416 16.7
-0.04392 17.3
-0.04367 17.7
-0.04343 18.0
-0.04319 18.3
-0.04294 18.4
-0.0427 18.4
-0.04245 18.3
-0.04221 18.2
-0.04197 17.9
-0.04172 17.5
-0.04148 17.0
-0.04123 16.4
-0.04099 15.7
-0.04074 14.9
-0.0405 14.0
-0.04026 13.1
-0.04001 12.0
-0.03977 10.9
-0.03952 9.7
-0.03928 8.5
-0.03904 7.1
-0.03879 5.8
-0.03855 4.4
-0.0383 2.9
-0.03806 1.4
-0.03782 0.0
-0.03757 -1.5
-0.03733 -3.0
-0.03708 -4.5
-0.03684 -6.0
-0.03659 -7.4
-0.03635 -8.8
-0.03611 -10.1
-0.03586 -11.4
-0.03562 -12.7
-0.03537 -13.8
-0.03513 -14.9
-0.03489 -15.8
-0.03464 -16.7
-0.0344 -17.5
-0.03415 -18.1
-0.03391 -18.7
-0.03366 -19.1
-0.03342 -19.4
-0.03318 -19.6
-0.03293 -19.6
-0.03269 -19.5
-0.03244 -19.3
-0.0322 -18.9
-0.03196 -18.4
-0.03171 -17.7
-0.03147 -17.0
-0.03122 -16.1
-0.03098 -15.1
-0.03074 -13.9
-0.03049 -12.7
-0.03025 -11.4
-0.03 -9.9
-0.02976 -8.4
-0.02951 -6.9
-0.02927 -5.2
-0.02903 -3.5
-0.02878 -1.8
-0.02854 0.0
-0.02829 1.8
-0.02805 3.5
-0.02781 5.3
-0.02756 7.0
-0.02732 8.7
-0.02707 10.3
-0.02683 11.9
-0.02658 13.4
-0.02634 14.8
-0.0261 16.0
-0.02585 17.2
-0.02561 18.2
-0.02536 19.1
-0.02512 19.8
-0.02488 20.4
-0.02463 20.8
-0.02439 21.1
-0.02414 21.1
-0.0239 21.0
-0.02365 20.7
-0.02341 20.2
-0.02317 19.5
-0.02292 18.7
-0.02268 17.6
-0.02243 16.4
-0.02219 15.1
-0.02195 13.6
-0.0217 11.9
-0.02146 10.1
-0.02121 8.2
-0.02097 6.3
-0.02073 4.2
-0.02048 2.1
-0.02024 0.0
-0.01999 -2.3
-0.01975 -4.5
-0.0195 -6.6
-0.01926 -8.8
-0.01902 -10.8
-0.01877 -12.8
-0.01853 -14.6
-0.01828 -16.3
-0.01804 -17.9
-0.0178 -19.3
-0.01755 -20.5
-0.01731 -21.5
-0.01706 -22.3
-0.01682 -22.8
-0.01657 -23.1
-0.01633 -23.1
-0.01609 -22.9
-0.01584 -22.3
-0.0156 -21.6
-0.01535 -20.5
-0.01511 -19.2
-0.01487 -17.6
-0.01462 -15.8
-0.01438 -13.8
-0.01413 -11.6
-0.01389 -9.2
-0.01365 -6.6
-0.0134 -4.0
-0.01316 -1.2
-0.01291 1.6
-0.01267 4.5
-0.01242 7.3
-0.01218 10.1
-0.01194 12.8
-0.01169 15.3
-0.01145 17.7
-0.0112 19.8
-0.01096 21.6
-0.01072 23.2
-0.01047 24.4
-0.01023 25.3
-0.00998 25.8
-0.00974 25.8
-0.00949 25.5
-0.00925 24.7
-0.00901 23.4
-0.00876 21.7
-0.00852 19.6
-0.00827 17.1
-0.00803 14.3
-0.00779 11.1
-0.00754 7.6
-0.0073 3.9
-0.00705 0.0
-0.00681 -4.0
-0.00657 -7.9
-0.00632 -11.8
-0.00608 -15.6
-0.00583 -19.0
-0.00559 -22.2
-0.00534 -24.8
-0.0051 -27.0
-0.00486 -28.5
-0.00461 -29.4
-0.00437 -29.5
-0.00412 -28.8
-0.00388 -27.3
-0.00364 -24.9
-0.00339 -21.8
-0.00315 -17.9
-0.0029 -13.3
-0.00266 -8.1
-0.00241 -2.5
-0.00217 3.4
-0.00193 9.4
-0.00168 15.3
-0.00144 20.8
-0.00119 25.6
-0.00095 29.4
-0.00071 32.0
-0.00046 33.1
-0.00022 32.5
3e-05 30.1
0.00027 25.8
0.00051 19.8
0.00076 12.5
0.001 4.2
0.00125 -4.5
0.00149 -12.9
0.00174 -20.2
0.00198 -25.8
0.00222 -29.1
0.00247 -29.9
0.00271 -27.9
0.00296 -23.5
0.0032 -17.0
0.00344 -9.2
0.00369 -0.9
0.00393 7.0
0.00418 13.7
0.00442 18.5
0.00467 21.0
0.00491 21.0
0.00515 18.8
0.0054 14.7
0.00564 9.3
0.00589 3.3
0.00613 -2.4
0.00637 -7.4
0.00662 -11.0
0.00686 -13.0
0.00711 -13.2
0.00735 -11.9
0.0076 -9.2
0.00784 -5.8
0.00808 -2.0
0.00833 1.7
0.00857 4.7
0.00882 6.9
0.00906 7.9
0.0093 7.9
0.00955 6.8
0.00979 5.1
0.01004 2.9
0.01028 0.5
0.01052 -1.6
0.01077 -3.3
0.01101 -4.4
0.01126 -4.8
0.0115 -4.6
0.01175 -3.8
0.01199 -2.6
0.01223 -1.2
0.01248 0.2
0.01272 1.4
0.01297 2.3
0.01321 2.8
0.01345 2.9
0.0137 2.6
0.01394 2.0
0.01419 1.2
0.01443 0.4
0.01468 -0.5
0.01492 -1.1
0.01516 -1.6
0.01541 -1.8
0.01565 -1.7
0.0159 -1.5
0.01614 -1.0
0.01638 -0.5
0.01663 0.0
0.01687 0.5
0.01712 0.8
0.01736 1.0
0.0176 1.1
0.01785 1.0
0.01809 0.8
0.01834 0.5
0.01858 0.2
0.01883 -0.1
0.01907 -0.4
0.01931 -0.6
0.01956 -0.7
0.0198 -0.6
0.02005 -0.6
0.02029 -0.4
0.02053 -0.2
0.02078 0.0
0.02102 0.2
0.02127 0.3
0.02151 0.4
0.02176 0.4
0.022 0.4
0.02224 0.3
0.02249 0.2
0.02273 0.0
0.02298 0.0
0.02322 -0.1
0.02346 -0.2
0.02371 -0.2
0.02395 -0.2
0.0242 -0.2
0.02444 -0.2
0.02468 0.0
0.02493 0.0
0.02517 0.0
0.02542 0.1
0.02566 0.1
0.02591 0.2
0.02615 0.1
0.02639 0.1
0.02664 0.0
0.02688 0.0
0.02713 0.0
0.02737 0.0
0.02761 0.0
0.02786 0.0
0.0281 0.0
0.02835 0.0
0.02859 0.0
0.02884 0.0
0.02908 0.0
0.02932 0.0
0.02957 0.0
0.02981 0.0
0.03006 0.0
0.0303 0.0
0.03054 0.0
0.03079 0.0
0.03103 0.0
0.03128 0.0
0.03152 0.0
0.03176 0.0
0.03201 0.0
0.03225 0.0
0.0325 0.0
0.03274 0.0
0.03299 0.0
0.03323 0.0
0.03347 0.0
0.03372 0.0
0.03396 0.0
0.03421 0.0
0.03445 0.0
0.03469 0.0
0.03494 0.0
0.03518 0.0
0.03543 0.0
0.03567 0.0
0.03592 0.0
0.03616 0.0
0.0364 0.0
0.03665 0.0
0.03689 0.0
0.03714 0.0
0.03738 0.0
0.03762 0.0
0.03787 0.0
0.03811 0.0
0.03836 0.0
0.0386 0.0
0.03885 0.0
0.03909 0.0
0.03933 0.0
0.03958 0.0
0.03982 0.0
0.04007 0.0
0.04031 0.0
0.04055 0.0
0.0408 0.0
0.04104 0.0
0.04129 0.0
0.04153 0.0
0.04177 0.0
0.04202 0.0
0.04226 0.0
0.04251 0.0
0.04275 0.0
0.043 0.0
0.04324 0.0
0.04348 0.0
0.04373 0.0
0.04397 0.0
0.04422 0.0
0.04446 0.0
0.0447 0.0
0.04495 0.0
0.04519 0.0
0.04544 0.0
0.04568 0.0
0.04593 0.0
0.04617 0.0
0.04641 0.0
0.04666 0.0
0.0469 0.0
0.04715 0.0
0.04739 0.0
0.04763 0.0
0.04788 0.0
0.04812 0.0
0.04837 0.0
0.04861 0.0
0.04885 0.0
0.0491 0.0
0.04934 0.0
0.04959 0.0
0.04983 0.0
0.05008 0.0
0.05032 0.0
0.05056 0.0
0.05081 0.0
0.05105 0.0
0.0513 0.0
0.05154 0.0
0.05178 0.0
0.05203 0.0
0.05227 0.0
0.05252 0.0
0.05276 0.0
0.05301 0.0
0.05325 0.0
0.05349 0.0
0.05374 0.0
0.05398 0.0
0.05423 0.0
0.05447 0.0
0.05471 0.0
0.05496 0.0
0.0552 0.0
0.05545 0.0
0.05569 0.0
0.05593 0.0
0.05618 0.0
0.05642 0.0
0.05667 0.0
0.05691 0.0
0.05716 0.0
0.0574 0.0
0.05764 0.0
0.05789 0.0
0.05813 0.0
0.05838 0.0
0.05862 0.0
0.05886 0.0
0.05911 0.0
0.05935 0.0
0.0596 0.0
0.05984 0.0
0.06009 0.0
0.06033 0.0
0.06057 0.0
0.06082 0.0
0.06106 0.0
0.06131 0.0
0.06155 0.0
0.06179 0.0
0.06204 0.0
0.06228 0.0
0.06253 0.0
0.06277 0.0
0.06301 0.0
0.06326 0.0
0.0635 0.0
0.06375 0.0
0.06399 0.0
0.06424 0.0
0.06448 0.0
0.06472 0.0
0.06497 0.0
0.06521 0.0
0.06546 0.0
0.0657 0.0
0.06594 0.0
0.06619 0.0
0.06643 0.0
0.06668 0.0
0.06692 0.0
0.06717 0.0
0.06741 0.0
0.06765 0.0
0.0679 0.0
0.06814 0.0
0.06839 0.0
0.06863 0.0
0.06887 0.0
0.06912 0.0
0.06936 0.0
0.06961 0.0
0.06985 0.0
0.0701 0.0
0.07034 0.0
0.07058 0.0
0.07083 0.0
0.07107 0.0
0.07132 0.0
0.07156 0.0
0.0718 0.0
0.07205 0.0
0.07229 0.0
0.07254 0.0
0.07278 0.0
0.07302 0.0
0.07327 0.0
0.07351 0.0
0.07376 0.0
0.074 0.0
0.07425 0.0
0.07449 0.0
0.07473 0.0
0.07498 0.0
0.07522 0.0
0.07547 0.0
0.07571 0.0
0.07595 0.0
0.0762 0.0
0.07644 0.0
0.07669 0.0
0.07693 0.0
0.07718 0.0
0.07742 0.0
0.07766 0.0
0.07791 0.0
0.07815 0.0
0.0784 0.0
0.07864 0.0
0.07888 0.0
0.07913 0.0
0.07937 0.0
0.07962 0.0
0.07986 0.0
0.0801 0.0
0.08035 0.0
0.08059 0.0
0.08084 0.0
0.08108 0.0
0.08133 0.0
0.08157 0.0
0.08181 0.0
0.08206 0.0
0.0823 0.0
0.08255 0.0
0.08279 0.0
0.08303 0.0
0.08328 0.0
0.08352 0.0
0.08377 0.0
0.08401 0.0
0.08426 0.0
0.0845 0.0
0.08474 0.0
0.08499 0.0
0.08523 0.0
0.08548 0.0
0.08572 0.0
0.08596 0.0
0.08621 0.0
0.08645 0.0
0.0867 0.0
0.08694 0.0
0.08718 0.0
0.08743 0.0
0.08767 0.0
0.08792 0.0
0.08816 0.0
0.08841 0.0
0.08865 0.0
0.08889 0.0
0.08914 0.0
0.08938 0.0
0.08963 0.0
0.08987 0.0
0.09011 0.0
0.09036 0.0
0.0906 0.0
0.09085 0.0
0.09109 0.0
0.09134 0.0
0.09158 0.0
0.09182 0.0
0.09207 0.0
0.09231 0.0
0.09256 0.0
0.0928 0.0
0.09304 0.0
0.09329 0.0
0.09353 0.0
0.09378 0.0
0.09402 0.0
0.09426 0.0
0.09451 0.0
0.09475 0.0
0.095 0.0
0.09524 0.0
0.09549 0.0
0.09573 0.0
0.09597 0.0
0.09622 0.0
0.09646 0.0
0.09671 0.0
0.09695 0.0
0.09719 0.0
0.09744 0.0
0.09768 0.0
0.09793 0.0
0.09817 0.0
0.09842 0.0
0.09866 0.0
0.0989 0.0
0.09915 0.0
0.09939 0.0
0.09964 0.0
0.09988 0.0
0.10012 0.0
0.10037 0.0
0.10061 0.0
0.10086 0.0
0.1011 0.0
0.10135 0.0
0.10159 0.0
0.10183 0.0
0.10208 0.0
0.10232 0.0
0.10257 0.0
0.10281 0.0
0.10305 0.0
0.1033 0.0
0.10354 0.0
0.10379 0.0
0.10403 0.0
0.10427 0.0
0.10452 0.0
0.10476 0.0
0.10501 0.0
0.10525 0.0
0.1055 0.0
0.10574 0.0
0.10598 0.0
0.10623 0.0
0.10647 0.0
0.10672 0.0
0.10696 0.0
0.1072 0.0
0.10745 0.0
0.10769 0.0
0.10794 0.0
0.10818 0.0
0.10843 0.0
0.10867 0.0
0.10891 0.0
0.10916 0.0
0.1094 0.0
0.10965 0.0
0.10989 0.0
0.11013 0.0
0.11038 0.0
0.11062 0.0
0.11087 0.0
0.11111 0.0
0.11135 0.0
0.1116 0.0
0.11184 0.0
0.11209 0.0
0.11233 0.0
0.11258 0.0
0.11282 0.0
0.11306 0.0
0.11331 0.0
0.11355 0.0
0.1138 0.0
0.11404 0.0
0.11428 0.0
0.11453 0.0
0.11477 0.0
0.11502 0.0
0.11526 0.0
0.11551 0.0
0.11575 0.0
0.11599 0.0
0.11624 0.0
0.11648 0.0
0.11673 0.0
0.11697 0.0
0.11721 0.0
0.11746 0.0
0.1177 0.0
0.11795 0.0
0.11819 0.0
0.11843 0.0
0.11868 0.0
0.11892 0.0
0.11917 0.0
0.11941 0.0
0.11966 0.0
0.1199 0.0
0.12014 0.0
0.12039 0.0
0.12063 0.0
0.12088 0.0
0.12112 0.0
0.12136 0.0
0.12161 0.0
0.12185 0.0
0.1221 0.0
0.12234 0.0
0.12259 0.0
0.12283 0.0
0.12307 0.0
0.12332 0.0
0.12356 0.0
0.12381 0.0
0.12405 0.0
0.12429 0.0
0.12454 0.0
0.12478 0.0
0.12503 0.0
0.12527 0.0
0.12551 0.0
0.12576 0.0
0.126 0.0
0.12625 0.0
0.12649 0.0
0.12674 0.0
0.12698 0.0
0.12722 0.0
0.12747 0.0
0.12771 0.0
0.12796 0.0
0.1282 0.0
0.12844 0.0
0.12869 0.0
0.12893 0.0
0.12918 0.0
0.12942 0.0
0.12967 0.0
0.12991 0.0
0.13015 0.0
0.1304 0.0
0.13064 0.0
0.13089 0.0
0.13113 0.0
0.13137 0.0
0.13162 0.0
0.13186 0.0
0.13211 0.0
0.13235 0.0
0.1326 0.0
0.13284 0.0
0.13308 0.0
0.13333 0.0
0.13357 0.0
0.13382 0.0
0.13406 0.0
0.1343 0.0
0.13455 0.0
0.13479 0.0
0.13504 0.0
0.13528 0.0
0.13552 0.0
0.13577 0.0
0.13601 0.0
0.13626 0.0
0.1365 0.0
0.13675 0.0
0.13699 0.0
0.13723 0.0
0.13748 0.0
0.13772 0.0
0.13797 0.0
0.13821 0.0
0.13845 0.0
0.1387 0.0
0.13894 0.0
0.13919 0.0
0.13943 0.0
0.13968 0.0
0.13992 0.0
0.14016 0.0
0.14041 0.0
0.14065 0.0
0.1409 0.0
0.14114 0.0
0.14138 0.0
0.14163 0.0
0.14187 0.0
0.14212 0.0
0.14236 0.0
0.1426 0.0
0.14285 0.0
0.14309 0.0
0.14334 0.0
0.14358 0.0
0.14383 0.0
0.14407 0.0
0.14431 0.0
0.14456 0.0
0.1448 0.0
0.14505 0.0
0.14529 0.0
0.14553 0.0
0.14578 0.0
0.14602 0.0
0.14627 0.0
0.14651 0.0
0.14676 0.0
0.147 0.0
0.14724 0.0
0.14749 0.0
0.14773 0.0
0.14798 0.0
0.14822 0.0
0.14846 0.0
0.14871 0.0
0.14895 0.0
0.1492 0.0
0.14944 0.0
0.14968 0.0
0.14993 0.0
0.15017 0.0
0.15042 0.0
0.15066 0.0
0.15091 0.0
0.15115 0.0
0.15139 0.0
0.15164 0.0
0.15188 0.0
0.15213 0.0
0.15237 0.0
0.15261 0.0
0.15286 0.0
0.1531 0.0
0.15335 0.0
0.15359 0.0
0.15384 0.0
0.15408 0.0
0.15432 0.0
0.15457 0.0
0.15481 0.0
0.15506 0.0
0.1553 0.0
0.15554 0.0
0.15579 0.0
0.15603 0.0
0.15628 0.0
0.15652 0.0
0.15676 0.0
0.15701 0.0
0.15725 0.0
0.1575 0.0
0.15774 0.0
0.15799 0.0
0.15823 0.0
0.15847 0.0
0.15872 0.0
0.15896 0.0
0.15921 0.0
0.15945 0.0
0.15969 0.0
0.15994 0.0
0.16018 0.0
0.16043 0.0
0.16067 0.0
0.16092 0.0
0.16116 0.0
0.1614 0.0
0.16165 0.0
0.16189 0.0
0.16214 0.0
0.16238 0.0
0.16262 0.0
0.16287 0.0
0.16311 0.0
0.16336 0.0
0.1636 0.0
0.16385 0.0
0.16409 0.0
0.16433 0.0
0.16458 0.0
0.16482 0.0
0.16507 0.0
0.16531 0.0
0.16555 0.0
0.1658 0.0
0.16604 0.0
0.16629 0.0
0.16653 0.0
0.16677 0.0
0.16702 0.0
0.16726 0.0
0.16751 0.0
0.16775 0.0
0.168 0.0
0.16824 0.0
0.16848 0.0
0.16873 0.0
0.16897 0.0
0.16922 0.0
0.16946 0.0
0.1697 0.0
0.16995 0.0
0.17019 0.0
0.17044 0.0
0.17068 0.0
