t strain*1e23
-0.79873 -3.4
-0.79849 -3.4
-0.79824 -3.3
-0.798 -3.3
-0.79776 -3.2
-0.79751 -3.2
-0.79727 -3.1
-0.79702 -3.1
-0.79678 -3.0
-0.79654 -3.0
-0.79629 -2.9
-0.79605 -2.8
-0.7958 -2.7
-0.79556 -2.6
-0.79531 -2.6
-0.79507 -2.5
-0.79483 -2.4
-0.79458 -2.3
-0.79434 -2.2
-0.79409 -2.1
-0.79385 -1.9
-0.79361 -1.8
-0.79336 -1.7
-0.79312 -1.6
-0.79287 -1.5
-0.79263 -1.4
-0.79239 -1.2
-0.79214 -1.1
-0.7919 -1.0
-0.79165 -0.9
-0.79141 -0.7
-0.79116 -0.6
-0.79092 -0.5
-0.79068 -0.3
-0.79043 -0.2
-0.79019 0.0
-0.78994 0.0
-0.7897 0.2
-0.78946 0.3
-0.78921 0.5
-0.78897 0.6
-0.78872 0.7
-0.78848 0.9
-0.78823 1.0
-0.78799 1.1
-0.78775 1.3
-0.7875 1.4
-0.78726 1.5
-0.78701 1.6
-0.78677 1.7
-0.78653 1.9
-0.78628 2.0
-0.78604 2.1
-0.78579 2.2
-0.78555 2.3
-0.78531 2.4
-0.78506 2.5
-0.78482 2.6
-0.78457 2.7
-0.78433 2.7
-0.78408 2.8
-0.78384 2.9
-0.7836 3.0
-0.78335 3.0
-0.78311 3.1
-0.78286 3.2
-0.78262 3.2
-0.78238 3.3
-0.78213 3.3
-0.78189 3.4
-0.78164 3.4
-0.7814 3.4
-0.78115 3.4
-0.78091 3.5
-0.78067 3.5
-0.78042 3.5
-0.78018 3.5
-0.77993 3.5
-0.77969 3.5
-0.77945 3.5
-0.7792 3.4
-0.77896 3.4
-0.77871 3.4
-0.77847 3.4
-0.77822 3.3
-0.77798 3.3
-0.77774 3.2
-0.77749 3.2
-0.77725 3.1
-0.777 3.1
-0.77676 3.0
-0.77652 2.9
-0.77627 2.9
-0.77603 2.8
-0.77578 2.7
-0.77554 2.6
-0.7753 2.5
-0.77505 2.4
-0.77481 2.3
-0.77456 2.2
-0.77432 2.1
-0.77407 2.0
-0.77383 1.9
-0.77359 1.8
-0.77334 1.7
-0.7731 1.5
-0.77285 1.4
-0.77261 1.3
-0.77237 1.2
-0.77212 1.0
-0.77188 0.9
-0.77163 0.8
-0.77139 0.6
-0.77114 0.5
-0.7709 0.4
-0.77066 0.2
-0.77041 0.0
-0.77017 0.0
-0.76992 -0.2
-0.76968 -0.3
-0.76944 -0.4
-0.76919 -0.6
-0.76895 -0.7
-0.7687 -0.8
-0.76846 -1.0
-0.76822 -1.1
-0.76797 -1.2
-0.76773 -1.4
-0.76748 -1.5
-0.76724 -1.6
-0.76699 -1.7
-0.76675 -1.8
-0.76651 -2.0
-0.76626 -2.1
-0.76602 -2.2
-0.76577 -2.3
-0.76553 -2.4
-0.76529 -2.5
-0.76504 -2.6
-0.7648 -2.7
-0.76455 -2.8
-0.76431 -2.8
-0.76406 -2.9
-0.76382 -3.0
-0.76358 -3.1
-0.76333 -3.1
-0.76309 -3.2
-0.76284 -3.2
-0.7626 -3.3
-0.76236 -3.3
-0.76211 -3.4
-0.76187 -3.4
-0.76162 -3.4
-0.76138 -3.5
-0.76114 -3.5
-0.76089 -3.5
-0.76065 -3.5
-0.7604 -3.5
-0.76016 -3.5
-0.75991 -3.5
-0.75967 -3.5
-0.75943 -3.5
-0.75918 -3.4
-0.75894 -3.4
-0.75869 -3.4
-0.75845 -3.3
-0.75821 -3.3
-0.75796 -3.2
-0.75772 -3.2
-0.75747 -3.1
-0.75723 -3.1
-0.75698 -3.0
-0.75674 -2.9
-0.7565 -2.9
-0.75625 -2.8
-0.75601 -2.7
-0.75576 -2.6
-0.75552 -2.5
-0.75528 -2.4
-0.75503 -2.3
-0.75479 -2.2
-0.75454 -2.1
-0.7543 -2.0
-0.75406 -1.9
-0.75381 -1.7
-0.75357 -1.6
-0.75332 -1.5
-0.75308 -1.4
-0.75283 -1.2
-0.75259 -1.1
-0.75235 -1.0
-0.7521 -0.8
-0.75186 -0.7
-0.75161 -0.6
-0.75137 -0.4
-0.75113 -0.3
-0.75088 -0.2
-0.75064 0.0
-0.75039 0.1
-0.75015 0.2
-0.7499 0.4
-0.74966 0.5
-0.74942 0.7
-0.74917 0.8
-0.74893 0.9
-0.74868 1.1
-0.74844 1.2
-0.7482 1.3
-0.74795 1.4
-0.74771 1.6
-0.74746 1.7
-0.74722 1.8
-0.74697 1.9
-0.74673 2.0
-0.74649 2.2
-0.74624 2.3
-0.746 2.4
-0.74575 2.5
-0.74551 2.6
-0.74527 2.7
-0.74502 2.7
-0.74478 2.8
-0.74453 2.9
-0.74429 3.0
-0.74405 3.1
-0.7438 3.1
-0.74356 3.2
-0.74331 3.2
-0.74307 3.3
-0.74282 3.3
-0.74258 3.4
-0.74234 3.4
-0.74209 3.5
-0.74185 3.5
-0.7416 3.5
-0.74136 3.5
-0.74112 3.5
-0.74087 3.5
-0.74063 3.5
-0.74038 3.5
-0.74014 3.5
-0.73989 3.5
-0.73965 3.5
-0.73941 3.4
-0.73916 3.4
-0.73892 3.4
-0.73867 3.3
-0.73843 3.3
-0.73819 3.2
-0.73794 3.2
-0.7377 3.1
-0.73745 3.0
-0.73721 2.9
-0.73697 2.9
-0.73672 2.8
-0.73648 2.7
-0.73623 2.6
-0.73599 2.5
-0.73574 2.4
-0.7355 2.3
-0.73526 2.2
-0.73501 2.1
-0.73477 2.0
-0.73452 1.9
-0.73428 1.7
-0.73404 1.6
-0.73379 1.5
-0.73355 1.4
-0.7333 1.2
-0.73306 1.1
-0.73281 1.0
-0.73257 0.8
-0.73233 0.7
-0.73208 0.6
-0.73184 0.4
-0.73159 0.3
-0.73135 0.1
-0.73111 0.0
-0.73086 -0.1
-0.73062 -0.3
-0.73037 -0.4
-0.73013 -0.6
-0.72989 -0.7
-0.72964 -0.8
-0.7294 -1.0
-0.72915 -1.1
-0.72891 -1.2
-0.72866 -1.4
-0.72842 -1.5
-0.72818 -1.6
-0.72793 -1.7
-0.72769 -1.9
-0.72744 -2.0
-0.7272 -2.1
-0.72696 -2.2
-0.72671 -2.3
-0.72647 -2.4
-0.72622 -2.5
-0.72598 -2.6
-0.72573 -2.7
-0.72549 -2.8
-0.72525 -2.9
-0.725 -3.0
-0.72476 -3.0
-0.72451 -3.1
-0.72427 -3.2
-0.72403 -3.2
-0.72378 -3.3
-0.72354 -3.3
-0.72329 -3.4
-0.72305 -3.4
-0.72281 -3.5
-0.72256 -3.5
-0.72232 -3.5
-0.72207 -3.5
-0.72183 -3.5
-0.72158 -3.5
-0.72134 -3.5
-0.7211 -3.5
-0.72085 -3.5
-0.72061 -3.5
-0.72036 -3.5
-0.72012 -3.5
-0.71988 -3.4
-0.71963 -3.4
-0.71939 -3.4
-0.71914 -3.3
-0.7189 -3.3
-0.71865 -3.2
-0.71841 -3.1
-0.71817 -3.1
-0.71792 -3.0
-0.71768 -2.9
-0.71743 -2.8
-0.71719 -2.7
-0.71695 -2.7
-0.7167 -2.6
-0.71646 -2.5
-0.71621 -2.4
-0.71597 -2.2
-0.71572 -2.1
-0.71548 -2.0
-0.71524 -1.9
-0.71499 -1.8
-0.71475 -1.7
-0.7145 -1.5
-0.71426 -1.4
-0.71402 -1.3
-0.71377 -1.1
-0.71353 -1.0
-0.71328 -0.9
-0.71304 -0.7
-0.7128 -0.6
-0.71255 -0.4
-0.71231 -0.3
-0.71206 -0.2
-0.71182 0.0
-0.71157 0.1
-0.71133 0.3
-0.71109 0.4
-0.71084 0.5
-0.7106 0.7
-0.71035 0.8
-0.71011 1.0
-0.70987 1.1
-0.70962 1.2
-0.70938 1.4
-0.70913 1.5
-0.70889 1.6
-0.70864 1.8
-0.7084 1.9
-0.70816 2.0
-0.70791 2.1
-0.70767 2.2
-0.70742 2.3
-0.70718 2.4
-0.70694 2.5
-0.70669 2.6
-0.70645 2.7
-0.7062 2.8
-0.70596 2.9
-0.70572 3.0
-0.70547 3.1
-0.70523 3.1
-0.70498 3.2
-0.70474 3.3
-0.70449 3.3
-0.70425 3.4
-0.70401 3.4
-0.70376 3.5
-0.70352 3.5
-0.70327 3.5
-0.70303 3.5
-0.70279 3.6
-0.70254 3.6
-0.7023 3.6
-0.70205 3.6
-0.70181 3.6
-0.70156 3.6
-0.70132 3.5
-0.70108 3.5
-0.70083 3.5
-0.70059 3.4
-0.70034 3.4
-0.7001 3.4
-0.69986 3.3
-0.69961 3.3
-0.69937 3.2
-0.69912 3.1
-0.69888 3.1
-0.69864 3.0
-0.69839 2.9
-0.69815 2.8
-0.6979 2.7
-0.69766 2.6
-0.69741 2.5
-0.69717 2.4
-0.69693 2.3
-0.69668 2.2
-0.69644 2.1
-0.69619 2.0
-0.69595 1.8
-0.69571 1.7
-0.69546 1.6
-0.69522 1.5
-0.69497 1.3
-0.69473 1.2
-0.69448 1.1
-0.69424 0.9
-0.694 0.8
-0.69375 0.6
-0.69351 0.5
-0.69326 0.4
-0.69302 0.2
-0.69278 0.0
-0.69253 0.0
-0.69229 -0.2
-0.69204 -0.4
-0.6918 -0.5
-0.69156 -0.6
-0.69131 -0.8
-0.69107 -0.9
-0.69082 -1.1
-0.69058 -1.2
-0.69033 -1.3
-0.69009 -1.5
-0.68985 -1.6
-0.6896 -1.7
-0.68936 -1.9
-0.68911 -2.0
-0.68887 -2.1
-0.68863 -2.2
-0.68838 -2.3
-0.68814 -2.4
-0.68789 -2.5
-0.68765 -2.6
-0.6874 -2.7
-0.68716 -2.8
-0.68692 -2.9
-0.68667 -3.0
-0.68643 -3.1
-0.68618 -3.1
-0.68594 -3.2
-0.6857 -3.3
-0.68545 -3.3
-0.68521 -3.4
-0.68496 -3.4
-0.68472 -3.5
-0.68447 -3.5
-0.68423 -3.5
-0.68399 -3.6
-0.68374 -3.6
-0.6835 -3.6
-0.68325 -3.6
-0.68301 -3.6
-0.68277 -3.6
-0.68252 -3.6
-0.68228 -3.6
-0.68203 -3.5
-0.68179 -3.5
-0.68155 -3.5
-0.6813 -3.4
-0.68106 -3.4
-0.68081 -3.3
-0.68057 -3.3
-0.68032 -3.2
-0.68008 -3.1
-0.67984 -3.1
-0.67959 -3.0
-0.67935 -2.9
-0.6791 -2.8
-0.67886 -2.7
-0.67862 -2.6
-0.67837 -2.5
-0.67813 -2.4
-0.67788 -2.3
-0.67764 -2.2
-0.67739 -2.1
-0.67715 -2.0
-0.67691 -1.8
-0.67666 -1.7
-0.67642 -1.6
-0.67617 -1.4
-0.67593 -1.3
-0.67569 -1.2
-0.67544 -1.0
-0.6752 -0.9
-0.67495 -0.7
-0.67471 -0.6
-0.67447 -0.5
-0.67422 -0.3
-0.67398 -0.2
-0.67373 0.0
-0.67349 0.1
-0.67324 0.3
-0.673 0.4
-0.67276 0.6
-0.67251 0.7
-0.67227 0.9
-0.67202 1.0
-0.67178 1.1
-0.67154 1.3
-0.67129 1.4
-0.67105 1.5
-0.6708 1.7
-0.67056 1.8
-0.67031 1.9
-0.67007 2.1
-0.66983 2.2
-0.66958 2.3
-0.66934 2.4
-0.66909 2.5
-0.66885 2.6
-0.66861 2.7
-0.66836 2.8
-0.66812 2.9
-0.66787 3.0
-0.66763 3.1
-0.66739 3.1
-0.66714 3.2
-0.6669 3.3
-0.66665 3.3
-0.66641 3.4
-0.66616 3.4
-0.66592 3.5
-0.66568 3.5
-0.66543 3.5
-0.66519 3.6
-0.66494 3.6
-0.6647 3.6
-0.66446 3.6
-0.66421 3.6
-0.66397 3.6
-0.66372 3.6
-0.66348 3.6
-0.66323 3.6
-0.66299 3.5
-0.66275 3.5
-0.6625 3.5
-0.66226 3.4
-0.66201 3.4
-0.66177 3.3
-0.66153 3.2
-0.66128 3.2
-0.66104 3.1
-0.66079 3.0
-0.66055 2.9
-0.66031 2.8
-0.66006 2.7
-0.65982 2.6
-0.65957 2.5
-0.65933 2.4
-0.65908 2.3
-0.65884 2.2
-0.6586 2.1
-0.65835 2.0
-0.65811 1.8
-0.65786 1.7
-0.65762 1.6
-0.65738 1.4
-0.65713 1.3
-0.65689 1.2
-0.65664 1.0
-0.6564 0.9
-0.65615 0.7
-0.65591 0.6
-0.65567 0.4
-0.65542 0.3
-0.65518 0.1
-0.65493 0.0
-0.65469 -0.1
-0.65445 -0.3
-0.6542 -0.4
-0.65396 -0.6
-0.65371 -0.7
-0.65347 -0.9
-0.65322 -1.0
-0.65298 -1.2
-0.65274 -1.3
-0.65249 -1.4
-0.65225 -1.6
-0.652 -1.7
-0.65176 -1.8
-0.65152 -2.0
-0.65127 -2.1
-0.65103 -2.2
-0.65078 -2.3
-0.65054 -2.4
-0.6503 -2.6
-0.65005 -2.7
-0.64981 -2.8
-0.64956 -2.9
-0.64932 -2.9
-0.64907 -3.0
-0.64883 -3.1
-0.64859 -3.2
-0.64834 -3.3
-0.6481 -3.3
-0.64785 -3.4
-0.64761 -3.4
-0.64737 -3.5
-0.64712 -3.5
-0.64688 -3.6
-0.64663 -3.6
-0.64639 -3.6
-0.64614 -3.6
-0.6459 -3.6
-0.64566 -3.6
-0.64541 -3.6
-0.64517 -3.6
-0.64492 -3.6
-0.64468 -3.6
-0.64444 -3.6
-0.64419 -3.5
-0.64395 -3.5
-0.6437 -3.5
-0.64346 -3.4
-0.64322 -3.3
-0.64297 -3.3
-0.64273 -3.2
-0.64248 -3.1
-0.64224 -3.1
-0.64199 -3.0
-0.64175 -2.9
-0.64151 -2.8
-0.64126 -2.7
-0.64102 -2.6
-0.64077 -2.5
-0.64053 -2.4
-0.64029 -2.3
-0.64004 -2.1
-0.6398 -2.0
-0.63955 -1.9
-0.63931 -1.8
-0.63906 -1.6
-0.63882 -1.5
-0.63858 -1.3
-0.63833 -1.2
-0.63809 -1.1
-0.63784 -0.9
-0.6376 -0.8
-0.63736 -0.6
-0.63711 -0.5
-0.63687 -0.3
-0.63662 -0.2
-0.63638 0.0
-0.63614 0.1
-0.63589 0.3
-0.63565 0.4
-0.6354 0.6
-0.63516 0.7
-0.63491 0.9
-0.63467 1.0
-0.63443 1.2
-0.63418 1.3
-0.63394 1.5
-0.63369 1.6
-0.63345 1.7
-0.63321 1.9
-0.63296 2.0
-0.63272 2.1
-0.63247 2.2
-0.63223 2.4
-0.63198 2.5
-0.63174 2.6
-0.6315 2.7
-0.63125 2.8
-0.63101 2.9
-0.63076 3.0
-0.63052 3.1
-0.63028 3.1
-0.63003 3.2
-0.62979 3.3
-0.62954 3.3
-0.6293 3.4
-0.62906 3.5
-0.62881 3.5
-0.62857 3.5
-0.62832 3.6
-0.62808 3.6
-0.62783 3.6
-0.62759 3.6
-0.62735 3.7
-0.6271 3.7
-0.62686 3.7
-0.62661 3.6
-0.62637 3.6
-0.62613 3.6
-0.62588 3.6
-0.62564 3.5
-0.62539 3.5
-0.62515 3.5
-0.6249 3.4
-0.62466 3.3
-0.62442 3.3
-0.62417 3.2
-0.62393 3.1
-0.62368 3.1
-0.62344 3.0
-0.6232 2.9
-0.62295 2.8
-0.62271 2.7
-0.62246 2.6
-0.62222 2.5
-0.62197 2.3
-0.62173 2.2
-0.62149 2.1
-0.62124 2.0
-0.621 1.8
-0.62075 1.7
-0.62051 1.6
-0.62027 1.4
-0.62002 1.3
-0.61978 1.1
-0.61953 1.0
-0.61929 0.8
-0.61905 0.7
-0.6188 0.5
-0.61856 0.4
-0.61831 0.2
-0.61807 0.0
-0.61782 0.0
-0.61758 -0.2
-0.61734 -0.4
-0.61709 -0.5
-0.61685 -0.7
-0.6166 -0.8
-0.61636 -1.0
-0.61612 -1.1
-0.61587 -1.3
-0.61563 -1.4
-0.61538 -1.6
-0.61514 -1.7
-0.61489 -1.8
-0.61465 -2.0
-0.61441 -2.1
-0.61416 -2.2
-0.61392 -2.3
-0.61367 -2.5
-0.61343 -2.6
-0.61319 -2.7
-0.61294 -2.8
-0.6127 -2.9
-0.61245 -3.0
-0.61221 -3.1
-0.61197 -3.1
-0.61172 -3.2
-0.61148 -3.3
-0.61123 -3.4
-0.61099 -3.4
-0.61074 -3.5
-0.6105 -3.5
-0.61026 -3.6
-0.61001 -3.6
-0.60977 -3.6
-0.60952 -3.7
-0.60928 -3.7
-0.60904 -3.7
-0.60879 -3.7
-0.60855 -3.7
-0.6083 -3.7
-0.60806 -3.7
-0.60781 -3.6
-0.60757 -3.6
-0.60733 -3.6
-0.60708 -3.5
-0.60684 -3.5
-0.60659 -3.4
-0.60635 -3.4
-0.60611 -3.3
-0.60586 -3.2
-0.60562 -3.1
-0.60537 -3.1
-0.60513 -3.0
-0.60489 -2.9
-0.60464 -2.8
-0.6044 -2.7
-0.60415 -2.6
-0.60391 -2.5
-0.60366 -2.3
-0.60342 -2.2
-0.60318 -2.1
-0.60293 -2.0
-0.60269 -1.8
-0.60244 -1.7
-0.6022 -1.5
-0.60196 -1.4
-0.60171 -1.3
-0.60147 -1.1
-0.60122 -1.0
-0.60098 -0.8
-0.60073 -0.6
-0.60049 -0.5
-0.60025 -0.3
-0.6 -0.2
-0.59976 0.0
-0.59951 0.1
-0.59927 0.3
-0.59903 0.4
-0.59878 0.6
-0.59854 0.8
-0.59829 0.9
-0.59805 1.1
-0.59781 1.2
-0.59756 1.4
-0.59732 1.5
-0.59707 1.6
-0.59683 1.8
-0.59658 1.9
-0.59634 2.0
-0.5961 2.2
-0.59585 2.3
-0.59561 2.4
-0.59536 2.5
-0.59512 2.7
-0.59488 2.8
-0.59463 2.9
-0.59439 3.0
-0.59414 3.1
-0.5939 3.1
-0.59365 3.2
-0.59341 3.3
-0.59317 3.4
-0.59292 3.4
-0.59268 3.5
-0.59243 3.5
-0.59219 3.6
-0.59195 3.6
-0.5917 3.6
-0.59146 3.7
-0.59121 3.7
-0.59097 3.7
-0.59072 3.7
-0.59048 3.7
-0.59024 3.7
-0.58999 3.7
-0.58975 3.7
-0.5895 3.6
-0.58926 3.6
-0.58902 3.6
-0.58877 3.5
-0.58853 3.5
-0.58828 3.4
-0.58804 3.3
-0.5878 3.3
-0.58755 3.2
-0.58731 3.1
-0.58706 3.0
-0.58682 2.9
-0.58657 2.8
-0.58633 2.7
-0.58609 2.6
-0.58584 2.5
-0.5856 2.4
-0.58535 2.2
-0.58511 2.1
-0.58487 2.0
-0.58462 1.8
-0.58438 1.7
-0.58413 1.5
-0.58389 1.4
-0.58364 1.3
-0.5834 1.1
-0.58316 0.9
-0.58291 0.8
-0.58267 0.6
-0.58242 0.5
-0.58218 0.3
-0.58194 0.2
-0.58169 0.0
-0.58145 -0.2
-0.5812 -0.3
-0.58096 -0.5
-0.58072 -0.6
-0.58047 -0.8
-0.58023 -0.9
-0.57998 -1.1
-0.57974 -1.2
-0.57949 -1.4
-0.57925 -1.5
-0.57901 -1.7
-0.57876 -1.8
-0.57852 -2.0
-0.57827 -2.1
-0.57803 -2.2
-0.57779 -2.4
-0.57754 -2.5
-0.5773 -2.6
-0.57705 -2.7
-0.57681 -2.8
-0.57656 -2.9
-0.57632 -3.0
-0.57608 -3.1
-0.57583 -3.2
-0.57559 -3.3
-0.57534 -3.3
-0.5751 -3.4
-0.57486 -3.5
-0.57461 -3.5
-0.57437 -3.6
-0.57412 -3.6
-0.57388 -3.7
-0.57364 -3.7
-0.57339 -3.7
-0.57315 -3.7
-0.5729 -3.7
-0.57266 -3.7
-0.57241 -3.7
-0.57217 -3.7
-0.57193 -3.7
-0.57168 -3.7
-0.57144 -3.6
-0.57119 -3.6
-0.57095 -3.6
-0.57071 -3.5
-0.57046 -3.4
-0.57022 -3.4
-0.56997 -3.3
-0.56973 -3.2
-0.56948 -3.1
-0.56924 -3.1
-0.569 -3.0
-0.56875 -2.9
-0.56851 -2.8
-0.56826 -2.6
-0.56802 -2.5
-0.56778 -2.4
-0.56753 -2.3
-0.56729 -2.1
-0.56704 -2.0
-0.5668 -1.9
-0.56656 -1.7
-0.56631 -1.6
-0.56607 -1.4
-0.56582 -1.3
-0.56558 -1.1
-0.56533 -1.0
-0.56509 -0.8
-0.56485 -0.7
-0.5646 -0.5
-0.56436 -0.3
-0.56411 -0.2
-0.56387 0.0
-0.56363 0.1
-0.56338 0.3
-0.56314 0.5
-0.56289 0.6
-0.56265 0.8
-0.5624 0.9
-0.56216 1.1
-0.56192 1.3
-0.56167 1.4
-0.56143 1.6
-0.56118 1.7
-0.56094 1.8
-0.5607 2.0
-0.56045 2.1
-0.56021 2.2
-0.55996 2.4
-0.55972 2.5
-0.55947 2.6
-0.55923 2.7
-0.55899 2.8
-0.55874 2.9
-0.5585 3.0
-0.55825 3.1
-0.55801 3.2
-0.55777 3.3
-0.55752 3.4
-0.55728 3.4
-0.55703 3.5
-0.55679 3.6
-0.55655 3.6
-0.5563 3.7
-0.55606 3.7
-0.55581 3.7
-0.55557 3.7
-0.55532 3.8
-0.55508 3.8
-0.55484 3.8
-0.55459 3.8
-0.55435 3.7
-0.5541 3.7
-0.55386 3.7
-0.55362 3.7
-0.55337 3.6
-0.55313 3.6
-0.55288 3.5
-0.55264 3.4
-0.55239 3.4
-0.55215 3.3
-0.55191 3.2
-0.55166 3.1
-0.55142 3.0
-0.55117 2.9
-0.55093 2.8
-0.55069 2.7
-0.55044 2.6
-0.5502 2.5
-0.54995 2.4
-0.54971 2.2
-0.54947 2.1
-0.54922 2.0
-0.54898 1.8
-0.54873 1.7
-0.54849 1.5
-0.54824 1.4
-0.548 1.2
-0.54776 1.1
-0.54751 0.9
-0.54727 0.7
-0.54702 0.6
-0.54678 0.4
-0.54654 0.2
-0.54629 0.0
-0.54605 0.0
-0.5458 -0.3
-0.54556 -0.4
-0.54531 -0.6
-0.54507 -0.7
-0.54483 -0.9
-0.54458 -1.1
-0.54434 -1.2
-0.54409 -1.4
-0.54385 -1.5
-0.54361 -1.7
-0.54336 -1.8
-0.54312 -2.0
-0.54287 -2.1
-0.54263 -2.2
-0.54239 -2.4
-0.54214 -2.5
-0.5419 -2.6
-0.54165 -2.7
-0.54141 -2.9
-0.54116 -3.0
-0.54092 -3.1
-0.54068 -3.2
-0.54043 -3.2
-0.54019 -3.3
-0.53994 -3.4
-0.5397 -3.5
-0.53946 -3.5
-0.53921 -3.6
-0.53897 -3.6
-0.53872 -3.7
-0.53848 -3.7
-0.53823 -3.7
-0.53799 -3.8
-0.53775 -3.8
-0.5375 -3.8
-0.53726 -3.8
-0.53701 -3.8
-0.53677 -3.8
-0.53653 -3.7
-0.53628 -3.7
-0.53604 -3.7
-0.53579 -3.6
-0.53555 -3.6
-0.53531 -3.5
-0.53506 -3.5
-0.53482 -3.4
-0.53457 -3.3
-0.53433 -3.2
-0.53408 -3.1
-0.53384 -3.0
-0.5336 -2.9
-0.53335 -2.8
-0.53311 -2.7
-0.53286 -2.6
-0.53262 -2.5
-0.53238 -2.3
-0.53213 -2.2
-0.53189 -2.1
-0.53164 -1.9
-0.5314 -1.8
-0.53115 -1.6
-0.53091 -1.5
-0.53067 -1.3
-0.53042 -1.2
-0.53018 -1.0
-0.52993 -0.8
-0.52969 -0.7
-0.52945 -0.5
-0.5292 -0.3
-0.52896 -0.2
-0.52871 0.0
-0.52847 0.2
-0.52822 0.3
-0.52798 0.5
-0.52774 0.7
-0.52749 0.8
-0.52725 1.0
-0.527 1.2
-0.52676 1.3
-0.52652 1.5
-0.52627 1.6
-0.52603 1.8
-0.52578 1.9
-0.52554 2.1
-0.5253 2.2
-0.52505 2.3
-0.52481 2.5
-0.52456 2.6
-0.52432 2.7
-0.52407 2.8
-0.52383 2.9
-0.52359 3.1
-0.52334 3.1
-0.5231 3.2
-0.52285 3.3
-0.52261 3.4
-0.52237 3.5
-0.52212 3.5
-0.52188 3.6
-0.52163 3.7
-0.52139 3.7
-0.52114 3.7
-0.5209 3.8
-0.52066 3.8
-0.52041 3.8
-0.52017 3.8
-0.51992 3.8
-0.51968 3.8
-0.51944 3.8
-0.51919 3.8
-0.51895 3.7
-0.5187 3.7
-0.51846 3.7
-0.51822 3.6
-0.51797 3.5
-0.51773 3.5
-0.51748 3.4
-0.51724 3.3
-0.51699 3.2
-0.51675 3.2
-0.51651 3.1
-0.51626 2.9
-0.51602 2.8
-0.51577 2.7
-0.51553 2.6
-0.51529 2.5
-0.51504 2.3
-0.5148 2.2
-0.51455 2.1
-0.51431 1.9
-0.51406 1.8
-0.51382 1.6
-0.51358 1.5
-0.51333 1.3
-0.51309 1.1
-0.51284 1.0
-0.5126 0.8
-0.51236 0.6
-0.51211 0.5
-0.51187 0.3
-0.51162 0.1
-0.51138 0.0
-0.51114 -0.2
-0.51089 -0.4
-0.51065 -0.6
-0.5104 -0.7
-0.51016 -0.9
-0.50991 -1.1
-0.50967 -1.2
-0.50943 -1.4
-0.50918 -1.5
-0.50894 -1.7
-0.50869 -1.8
-0.50845 -2.0
-0.50821 -2.1
-0.50796 -2.3
-0.50772 -2.4
-0.50747 -2.5
-0.50723 -2.7
-0.50698 -2.8
-0.50674 -2.9
-0.5065 -3.0
-0.50625 -3.1
-0.50601 -3.2
-0.50576 -3.3
-0.50552 -3.4
-0.50528 -3.5
-0.50503 -3.5
-0.50479 -3.6
-0.50454 -3.7
-0.5043 -3.7
-0.50406 -3.8
-0.50381 -3.8
-0.50357 -3.8
-0.50332 -3.8
-0.50308 -3.8
-0.50283 -3.8
-0.50259 -3.8
-0.50235 -3.8
-0.5021 -3.8
-0.50186 -3.8
-0.50161 -3.7
-0.50137 -3.7
-0.50113 -3.6
-0.50088 -3.6
-0.50064 -3.5
-0.50039 -3.5
-0.50015 -3.4
-0.4999 -3.3
-0.49966 -3.2
-0.49942 -3.1
-0.49917 -3.0
-0.49893 -2.9
-0.49868 -2.8
-0.49844 -2.6
-0.4982 -2.5
-0.49795 -2.4
-0.49771 -2.2
-0.49746 -2.1
-0.49722 -1.9
-0.49697 -1.8
-0.49673 -1.6
-0.49649 -1.5
-0.49624 -1.3
-0.496 -1.1
-0.49575 -1.0
-0.49551 -0.8
-0.49527 -0.6
-0.49502 -0.5
-0.49478 -0.3
-0.49453 -0.1
-0.49429 0.0
-0.49405 0.2
-0.4938 0.4
-0.49356 0.6
-0.49331 0.7
-0.49307 0.9
-0.49282 1.1
-0.49258 1.3
-0.49234 1.4
-0.49209 1.6
-0.49185 1.7
-0.4916 1.9
-0.49136 2.0
-0.49112 2.2
-0.49087 2.3
-0.49063 2.5
-0.49038 2.6
-0.49014 2.7
-0.48989 2.8
-0.48965 3.0
-0.48941 3.1
-0.48916 3.2
-0.48892 3.3
-0.48867 3.4
-0.48843 3.4
-0.48819 3.5
-0.48794 3.6
-0.4877 3.7
-0.48745 3.7
-0.48721 3.8
-0.48697 3.8
-0.48672 3.8
-0.48648 3.9
-0.48623 3.9
-0.48599 3.9
-0.48574 3.9
-0.4855 3.9
-0.48526 3.8
-0.48501 3.8
-0.48477 3.8
-0.48452 3.7
-0.48428 3.7
-0.48404 3.6
-0.48379 3.6
-0.48355 3.5
-0.4833 3.4
-0.48306 3.3
-0.48281 3.3
-0.48257 3.2
-0.48233 3.1
-0.48208 2.9
-0.48184 2.8
-0.48159 2.7
-0.48135 2.6
-0.48111 2.4
-0.48086 2.3
-0.48062 2.1
-0.48037 2.0
-0.48013 1.8
-0.47989 1.7
-0.47964 1.5
-0.4794 1.4
-0.47915 1.2
-0.47891 1.0
-0.47866 0.9
-0.47842 0.7
-0.47818 0.5
-0.47793 0.3
-0.47769 0.1
-0.47744 0.0
-0.4772 -0.2
-0.47696 -0.4
-0.47671 -0.6
-0.47647 -0.7
-0.47622 -0.9
-0.47598 -1.1
-0.47573 -1.3
-0.47549 -1.4
-0.47525 -1.6
-0.475 -1.7
-0.47476 -1.9
-0.47451 -2.1
-0.47427 -2.2
-0.47403 -2.4
-0.47378 -2.5
-0.47354 -2.6
-0.47329 -2.8
-0.47305 -2.9
-0.47281 -3.0
-0.47256 -3.1
-0.47232 -3.2
-0.47207 -3.3
-0.47183 -3.4
-0.47158 -3.5
-0.47134 -3.6
-0.4711 -3.6
-0.47085 -3.7
-0.47061 -3.7
-0.47036 -3.8
-0.47012 -3.8
-0.46988 -3.9
-0.46963 -3.9
-0.46939 -3.9
-0.46914 -3.9
-0.4689 -3.9
-0.46865 -3.9
-0.46841 -3.9
-0.46817 -3.8
-0.46792 -3.8
-0.46768 -3.8
-0.46743 -3.7
-0.46719 -3.7
-0.46695 -3.6
-0.4667 -3.5
-0.46646 -3.4
-0.46621 -3.3
-0.46597 -3.2
-0.46572 -3.1
-0.46548 -3.0
-0.46524 -2.9
-0.46499 -2.8
-0.46475 -2.7
-0.4645 -2.5
-0.46426 -2.4
-0.46402 -2.2
-0.46377 -2.1
-0.46353 -1.9
-0.46328 -1.8
-0.46304 -1.6
-0.4628 -1.4
-0.46255 -1.3
-0.46231 -1.1
-0.46206 -0.9
-0.46182 -0.7
-0.46157 -0.6
-0.46133 -0.4
-0.46109 -0.2
-0.46084 0.0
-0.4606 0.2
-0.46035 0.3
-0.46011 0.5
-0.45987 0.7
-0.45962 0.9
-0.45938 1.0
-0.45913 1.2
-0.45889 1.4
-0.45864 1.6
-0.4584 1.7
-0.45816 1.9
-0.45791 2.0
-0.45767 2.2
-0.45742 2.3
-0.45718 2.5
-0.45694 2.6
-0.45669 2.8
-0.45645 2.9
-0.4562 3.0
-0.45596 3.1
-0.45572 3.2
-0.45547 3.3
-0.45523 3.4
-0.45498 3.5
-0.45474 3.6
-0.45449 3.7
-0.45425 3.7
-0.45401 3.8
-0.45376 3.8
-0.45352 3.9
-0.45327 3.9
-0.45303 3.9
-0.45279 3.9
-0.45254 3.9
-0.4523 3.9
-0.45205 3.9
-0.45181 3.9
-0.45156 3.9
-0.45132 3.8
-0.45108 3.8
-0.45083 3.7
-0.45059 3.7
-0.45034 3.6
-0.4501 3.5
-0.44986 3.4
-0.44961 3.3
-0.44937 3.2
-0.44912 3.1
-0.44888 3.0
-0.44864 2.9
-0.44839 2.8
-0.44815 2.6
-0.4479 2.5
-0.44766 2.4
-0.44741 2.2
-0.44717 2.0
-0.44693 1.9
-0.44668 1.7
-0.44644 1.6
-0.44619 1.4
-0.44595 1.2
-0.44571 1.0
-0.44546 0.9
-0.44522 0.7
-0.44497 0.5
-0.44473 0.3
-0.44448 0.1
-0.44424 0.0
-0.444 -0.2
-0.44375 -0.4
-0.44351 -0.6
-0.44326 -0.8
-0.44302 -1.0
-0.44278 -1.2
-0.44253 -1.3
-0.44229 -1.5
-0.44204 -1.7
-0.4418 -1.8
-0.44156 -2.0
-0.44131 -2.2
-0.44107 -2.3
-0.44082 -2.5
-0.44058 -2.6
-0.44033 -2.7
-0.44009 -2.9
-0.43985 -3.0
-0.4396 -3.1
-0.43936 -3.2
-0.43911 -3.3
-0.43887 -3.4
-0.43863 -3.5
-0.43838 -3.6
-0.43814 -3.7
-0.43789 -3.7
-0.43765 -3.8
-0.4374 -3.9
-0.43716 -3.9
-0.43692 -3.9
-0.43667 -3.9
-0.43643 -4.0
-0.43618 -4.0
-0.43594 -4.0
-0.4357 -4.0
-0.43545 -3.9
-0.43521 -3.9
-0.43496 -3.9
-0.43472 -3.8
-0.43447 -3.8
-0.43423 -3.7
-0.43399 -3.6
-0.43374 -3.5
-0.4335 -3.5
-0.43325 -3.4
-0.43301 -3.3
-0.43277 -3.1
-0.43252 -3.0
-0.43228 -2.9
-0.43203 -2.8
-0.43179 -2.6
-0.43155 -2.5
-0.4313 -2.3
-0.43106 -2.2
-0.43081 -2.0
-0.43057 -1.9
-0.43032 -1.7
-0.43008 -1.5
-0.42984 -1.4
-0.42959 -1.2
-0.42935 -1.0
-0.4291 -0.8
-0.42886 -0.6
-0.42862 -0.4
-0.42837 -0.2
-0.42813 0.0
-0.42788 0.1
-0.42764 0.3
-0.42739 0.5
-0.42715 0.7
-0.42691 0.9
-0.42666 1.1
-0.42642 1.2
-0.42617 1.4
-0.42593 1.6
-0.42569 1.8
-0.42544 1.9
-0.4252 2.1
-0.42495 2.3
-0.42471 2.4
-0.42447 2.6
-0.42422 2.7
-0.42398 2.8
-0.42373 3.0
-0.42349 3.1
-0.42324 3.2
-0.423 3.3
-0.42276 3.4
-0.42251 3.5
-0.42227 3.6
-0.42202 3.7
-0.42178 3.8
-0.42154 3.8
-0.42129 3.9
-0.42105 3.9
-0.4208 3.9
-0.42056 4.0
-0.42031 4.0
-0.42007 4.0
-0.41983 4.0
-0.41958 4.0
-0.41934 4.0
-0.41909 3.9
-0.41885 3.9
-0.41861 3.9
-0.41836 3.8
-0.41812 3.7
-0.41787 3.7
-0.41763 3.6
-0.41739 3.5
-0.41714 3.4
-0.4169 3.3
-0.41665 3.2
-0.41641 3.1
-0.41616 2.9
-0.41592 2.8
-0.41568 2.7
-0.41543 2.5
-0.41519 2.4
-0.41494 2.2
-0.4147 2.0
-0.41446 1.9
-0.41421 1.7
-0.41397 1.5
-0.41372 1.3
-0.41348 1.2
-0.41323 1.0
-0.41299 0.8
-0.41275 0.6
-0.4125 0.4
-0.41226 0.2
-0.41201 0.0
-0.41177 -0.2
-0.41153 -0.4
-0.41128 -0.6
-0.41104 -0.7
-0.41079 -0.9
-0.41055 -1.1
-0.41031 -1.3
-0.41006 -1.5
-0.40982 -1.7
-0.40957 -1.8
-0.40933 -2.0
-0.40908 -2.2
-0.40884 -2.3
-0.4086 -2.5
-0.40835 -2.6
-0.40811 -2.8
-0.40786 -2.9
-0.40762 -3.1
-0.40738 -3.2
-0.40713 -3.3
-0.40689 -3.4
-0.40664 -3.5
-0.4064 -3.6
-0.40615 -3.7
-0.40591 -3.8
-0.40567 -3.8
-0.40542 -3.9
-0.40518 -3.9
-0.40493 -4.0
-0.40469 -4.0
-0.40445 -4.0
-0.4042 -4.0
-0.40396 -4.0
-0.40371 -4.0
-0.40347 -4.0
-0.40322 -4.0
-0.40298 -4.0
-0.40274 -3.9
-0.40249 -3.9
-0.40225 -3.8
-0.402 -3.7
-0.40176 -3.6
-0.40152 -3.6
-0.40127 -3.5
-0.40103 -3.3
-0.40078 -3.2
-0.40054 -3.1
-0.4003 -3.0
-0.40005 -2.9
-0.39981 -2.7
-0.39956 -2.6
-0.39932 -2.4
-0.39907 -2.2
-0.39883 -2.1
-0.39859 -1.9
-0.39834 -1.7
-0.3981 -1.6
-0.39785 -1.4
-0.39761 -1.2
-0.39737 -1.0
-0.39712 -0.8
-0.39688 -0.6
-0.39663 -0.4
-0.39639 -0.2
-0.39614 0.0
-0.3959 0.2
-0.39566 0.4
-0.39541 0.6
-0.39517 0.8
-0.39492 1.0
-0.39468 1.1
-0.39444 1.3
-0.39419 1.5
-0.39395 1.7
-0.3937 1.9
-0.39346 2.1
-0.39322 2.2
-0.39297 2.4
-0.39273 2.5
-0.39248 2.7
-0.39224 2.8
-0.39199 3.0
-0.39175 3.1
-0.39151 3.2
-0.39126 3.4
-0.39102 3.5
-0.39077 3.6
-0.39053 3.7
-0.39029 3.7
-0.39004 3.8
-0.3898 3.9
-0.38955 3.9
-0.38931 4.0
-0.38906 4.0
-0.38882 4.0
-0.38858 4.1
-0.38833 4.1
-0.38809 4.1
-0.38784 4.1
-0.3876 4.0
-0.38736 4.0
-0.38711 4.0
-0.38687 3.9
-0.38662 3.9
-0.38638 3.8
-0.38614 3.7
-0.38589 3.6
-0.38565 3.5
-0.3854 3.4
-0.38516 3.3
-0.38491 3.2
-0.38467 3.1
-0.38443 2.9
-0.38418 2.8
-0.38394 2.6
-0.38369 2.5
-0.38345 2.3
-0.38321 2.1
-0.38296 2.0
-0.38272 1.8
-0.38247 1.6
-0.38223 1.4
-0.38198 1.2
-0.38174 1.0
-0.3815 0.8
-0.38125 0.6
-0.38101 0.4
-0.38076 0.2
-0.38052 0.0
-0.38028 -0.2
-0.38003 -0.4
-0.37979 -0.6
-0.37954 -0.8
-0.3793 -1.0
-0.37906 -1.2
-0.37881 -1.3
-0.37857 -1.5
-0.37832 -1.7
-0.37808 -1.9
-0.37783 -2.1
-0.37759 -2.3
-0.37735 -2.4
-0.3771 -2.6
-0.37686 -2.7
-0.37661 -2.9
-0.37637 -3.0
-0.37613 -3.2
-0.37588 -3.3
-0.37564 -3.4
-0.37539 -3.5
-0.37515 -3.6
-0.3749 -3.7
-0.37466 -3.8
-0.37442 -3.9
-0.37417 -3.9
-0.37393 -4.0
-0.37368 -4.0
-0.37344 -4.1
-0.3732 -4.1
-0.37295 -4.1
-0.37271 -4.1
-0.37246 -4.1
-0.37222 -4.1
-0.37197 -4.1
-0.37173 -4.0
-0.37149 -4.0
-0.37124 -3.9
-0.371 -3.9
-0.37075 -3.8
-0.37051 -3.7
-0.37027 -3.6
-0.37002 -3.5
-0.36978 -3.4
-0.36953 -3.3
-0.36929 -3.1
-0.36905 -3.0
-0.3688 -2.9
-0.36856 -2.7
-0.36831 -2.6
-0.36807 -2.4
-0.36782 -2.2
-0.36758 -2.1
-0.36734 -1.9
-0.36709 -1.7
-0.36685 -1.5
-0.3666 -1.3
-0.36636 -1.1
-0.36612 -0.9
-0.36587 -0.7
-0.36563 -0.5
-0.36538 -0.3
-0.36514 0.0
-0.36489 0.1
-0.36465 0.3
-0.36441 0.5
-0.36416 0.7
-0.36392 0.9
-0.36367 1.1
-0.36343 1.3
-0.36319 1.5
-0.36294 1.7
-0.3627 1.9
-0.36245 2.1
-0.36221 2.3
-0.36197 2.4
-0.36172 2.6
-0.36148 2.8
-0.36123 2.9
-0.36099 3.1
-0.36074 3.2
-0.3605 3.3
-0.36026 3.4
-0.36001 3.5
-0.35977 3.7
-0.35952 3.7
-0.35928 3.8
-0.35904 3.9
-0.35879 4.0
-0.35855 4.0
-0.3583 4.1
-0.35806 4.1
-0.35781 4.1
-0.35757 4.1
-0.35733 4.1
-0.35708 4.1
-0.35684 4.1
-0.35659 4.1
-0.35635 4.1
-0.35611 4.0
-0.35586 3.9
-0.35562 3.9
-0.35537 3.8
-0.35513 3.7
-0.35489 3.6
-0.35464 3.5
-0.3544 3.4
-0.35415 3.3
-0.35391 3.1
-0.35366 3.0
-0.35342 2.8
-0.35318 2.7
-0.35293 2.5
-0.35269 2.3
-0.35244 2.2
-0.3522 2.0
-0.35196 1.8
-0.35171 1.6
-0.35147 1.4
-0.35122 1.2
-0.35098 1.0
-0.35073 0.8
-0.35049 0.6
-0.35025 0.4
-0.35 0.2
-0.34976 0.0
-0.34951 -0.3
-0.34927 -0.5
-0.34903 -0.7
-0.34878 -0.9
-0.34854 -1.1
-0.34829 -1.3
-0.34805 -1.5
-0.34781 -1.7
-0.34756 -1.9
-0.34732 -2.1
-0.34707 -2.2
-0.34683 -2.4
-0.34658 -2.6
-0.34634 -2.8
-0.3461 -2.9
-0.34585 -3.1
-0.34561 -3.2
-0.34536 -3.3
-0.34512 -3.5
-0.34488 -3.6
-0.34463 -3.7
-0.34439 -3.8
-0.34414 -3.9
-0.3439 -3.9
-0.34365 -4.0
-0.34341 -4.1
-0.34317 -4.1
-0.34292 -4.1
-0.34268 -4.2
-0.34243 -4.2
-0.34219 -4.2
-0.34195 -4.2
-0.3417 -4.2
-0.34146 -4.1
-0.34121 -4.1
-0.34097 -4.0
-0.34072 -4.0
-0.34048 -3.9
-0.34024 -3.8
-0.33999 -3.7
-0.33975 -3.6
-0.3395 -3.5
-0.33926 -3.4
-0.33902 -3.3
-0.33877 -3.1
-0.33853 -3.0
-0.33828 -2.8
-0.33804 -2.6
-0.3378 -2.5
-0.33755 -2.3
-0.33731 -2.1
-0.33706 -1.9
-0.33682 -1.7
-0.33657 -1.5
-0.33633 -1.3
-0.33609 -1.1
-0.33584 -0.9
-0.3356 -0.7
-0.33535 -0.5
-0.33511 -0.3
-0.33487 0.0
-0.33462 0.2
-0.33438 0.4
-0.33413 0.6
-0.33389 0.8
-0.33364 1.0
-0.3334 1.2
-0.33316 1.4
-0.33291 1.6
-0.33267 1.8
-0.33242 2.0
-0.33218 2.2
-0.33194 2.4
-0.33169 2.6
-0.33145 2.7
-0.3312 2.9
-0.33096 3.1
-0.33072 3.2
-0.33047 3.3
-0.33023 3.5
-0.32998 3.6
-0.32974 3.7
-0.32949 3.8
-0.32925 3.9
-0.32901 4.0
-0.32876 4.0
-0.32852 4.1
-0.32827 4.1
-0.32803 4.2
-0.32779 4.2
-0.32754 4.2
-0.3273 4.2
-0.32705 4.2
-0.32681 4.2
-0.32656 4.2
-0.32632 4.1
-0.32608 4.1
-0.32583 4.0
-0.32559 3.9
-0.32534 3.8
-0.3251 3.7
-0.32486 3.6
-0.32461 3.5
-0.32437 3.4
-0.32412 3.3
-0.32388 3.1
-0.32364 3.0
-0.32339 2.8
-0.32315 2.6
-0.3229 2.5
-0.32266 2.3
-0.32241 2.1
-0.32217 1.9
-0.32193 1.7
-0.32168 1.5
-0.32144 1.3
-0.32119 1.1
-0.32095 0.8
-0.32071 0.6
-0.32046 0.4
-0.32022 0.2
-0.31997 0.0
-0.31973 -0.3
-0.31948 -0.5
-0.31924 -0.7
-0.319 -0.9
-0.31875 -1.1
-0.31851 -1.4
-0.31826 -1.6
-0.31802 -1.8
-0.31778 -2.0
-0.31753 -2.2
-0.31729 -2.4
-0.31704 -2.5
-0.3168 -2.7
-0.31656 -2.9
-0.31631 -3.0
-0.31607 -3.2
-0.31582 -3.3
-0.31558 -3.5
-0.31533 -3.6
-0.31509 -3.7
-0.31485 -3.8
-0.3146 -3.9
-0.31436 -4.0
-0.31411 -4.1
-0.31387 -4.1
-0.31363 -4.2
-0.31338 -4.2
-0.31314 -4.2
-0.31289 -4.3
-0.31265 -4.3
-0.3124 -4.3
-0.31216 -4.2
-0.31192 -4.2
-0.31167 -4.2
-0.31143 -4.1
-0.31118 -4.0
-0.31094 -4.0
-0.3107 -3.9
-0.31045 -3.8
-0.31021 -3.7
-0.30996 -3.5
-0.30972 -3.4
-0.30947 -3.3
-0.30923 -3.1
-0.30899 -3.0
-0.30874 -2.8
-0.3085 -2.6
-0.30825 -2.4
-0.30801 -2.3
-0.30777 -2.1
-0.30752 -1.9
-0.30728 -1.6
-0.30703 -1.4
-0.30679 -1.2
-0.30655 -1.0
-0.3063 -0.8
-0.30606 -0.6
-0.30581 -0.3
-0.30557 -0.1
-0.30532 0.1
-0.30508 0.4
-0.30484 0.6
-0.30459 0.8
-0.30435 1.0
-0.3041 1.3
-0.30386 1.5
-0.30362 1.7
-0.30337 1.9
-0.30313 2.1
-0.30288 2.3
-0.30264 2.5
-0.30239 2.7
-0.30215 2.8
-0.30191 3.0
-0.30166 3.2
-0.30142 3.3
-0.30117 3.5
-0.30093 3.6
-0.30069 3.7
-0.30044 3.8
-0.3002 3.9
-0.29995 4.0
-0.29971 4.1
-0.29947 4.2
-0.29922 4.2
-0.29898 4.3
-0.29873 4.3
-0.29849 4.3
-0.29824 4.3
-0.298 4.3
-0.29776 4.3
-0.29751 4.3
-0.29727 4.2
-0.29702 4.2
-0.29678 4.1
-0.29654 4.0
-0.29629 3.9
-0.29605 3.8
-0.2958 3.7
-0.29556 3.6
-0.29531 3.4
-0.29507 3.3
-0.29483 3.1
-0.29458 3.0
-0.29434 2.8
-0.29409 2.6
-0.29385 2.4
-0.29361 2.2
-0.29336 2.0
-0.29312 1.8
-0.29287 1.6
-0.29263 1.4
-0.29239 1.2
-0.29214 1.0
-0.2919 0.7
-0.29165 0.5
-0.29141 0.3
-0.29116 0.0
-0.29092 -0.2
-0.29068 -0.4
-0.29043 -0.7
-0.29019 -0.9
-0.28994 -1.1
-0.2897 -1.3
-0.28946 -1.6
-0.28921 -1.8
-0.28897 -2.0
-0.28872 -2.2
-0.28848 -2.4
-0.28823 -2.6
-0.28799 -2.8
-0.28775 -3.0
-0.2875 -3.1
-0.28726 -3.3
-0.28701 -3.4
-0.28677 -3.6
-0.28653 -3.7
-0.28628 -3.8
-0.28604 -3.9
-0.28579 -4.0
-0.28555 -4.1
-0.28531 -4.2
-0.28506 -4.2
-0.28482 -4.3
-0.28457 -4.3
-0.28433 -4.3
-0.28408 -4.4
-0.28384 -4.4
-0.2836 -4.3
-0.28335 -4.3
-0.28311 -4.3
-0.28286 -4.2
-0.28262 -4.1
-0.28238 -4.1
-0.28213 -4.0
-0.28189 -3.9
-0.28164 -3.8
-0.2814 -3.6
-0.28115 -3.5
-0.28091 -3.3
-0.28067 -3.2
-0.28042 -3.0
-0.28018 -2.8
-0.27993 -2.7
-0.27969 -2.5
-0.27945 -2.3
-0.2792 -2.1
-0.27896 -1.8
-0.27871 -1.6
-0.27847 -1.4
-0.27822 -1.2
-0.27798 -0.9
-0.27774 -0.7
-0.27749 -0.5
-0.27725 -0.2
-0.277 0.0
-0.27676 0.3
-0.27652 0.5
-0.27627 0.7
-0.27603 1.0
-0.27578 1.2
-0.27554 1.4
-0.2753 1.7
-0.27505 1.9
-0.27481 2.1
-0.27456 2.3
-0.27432 2.5
-0.27407 2.7
-0.27383 2.9
-0.27359 3.1
-0.27334 3.2
-0.2731 3.4
-0.27285 3.6
-0.27261 3.7
-0.27237 3.8
-0.27212 3.9
-0.27188 4.0
-0.27163 4.1
-0.27139 4.2
-0.27114 4.3
-0.2709 4.3
-0.27066 4.4
-0.27041 4.4
-0.27017 4.4
-0.26992 4.4
-0.26968 4.4
-0.26944 4.4
-0.26919 4.3
-0.26895 4.3
-0.2687 4.2
-0.26846 4.1
-0.26822 4.0
-0.26797 3.9
-0.26773 3.8
-0.26748 3.7
-0.26724 3.5
-0.26699 3.4
-0.26675 3.2
-0.26651 3.1
-0.26626 2.9
-0.26602 2.7
-0.26577 2.5
-0.26553 2.3
-0.26529 2.1
-0.26504 1.8
-0.2648 1.6
-0.26455 1.4
-0.26431 1.1
-0.26406 0.9
-0.26382 0.7
-0.26358 0.4
-0.26333 0.2
-0.26309 0.0
-0.26284 -0.3
-0.2626 -0.6
-0.26236 -0.8
-0.26211 -1.1
-0.26187 -1.3
-0.26162 -1.5
-0.26138 -1.8
-0.26114 -2.0
-0.26089 -2.2
-0.26065 -2.4
-0.2604 -2.6
-0.26016 -2.8
-0.25991 -3.0
-0.25967 -3.2
-0.25943 -3.4
-0.25918 -3.5
-0.25894 -3.7
-0.25869 -3.8
-0.25845 -3.9
-0.25821 -4.0
-0.25796 -4.1
-0.25772 -4.2
-0.25747 -4.3
-0.25723 -4.4
-0.25698 -4.4
-0.25674 -4.4
-0.2565 -4.5
-0.25625 -4.5
-0.25601 -4.4
-0.25576 -4.4
-0.25552 -4.4
-0.25528 -4.3
-0.25503 -4.3
-0.25479 -4.2
-0.25454 -4.1
-0.2543 -4.0
-0.25406 -3.9
-0.25381 -3.7
-0.25357 -3.6
-0.25332 -3.4
-0.25308 -3.3
-0.25283 -3.1
-0.25259 -2.9
-0.25235 -2.7
-0.2521 -2.5
-0.25186 -2.3
-0.25161 -2.1
-0.25137 -1.9
-0.25113 -1.6
-0.25088 -1.4
-0.25064 -1.1
-0.25039 -0.9
-0.25015 -0.6
-0.2499 -0.4
-0.24966 -0.1
-0.24942 0.1
-0.24917 0.4
-0.24893 0.6
-0.24868 0.9
-0.24844 1.1
-0.2482 1.4
-0.24795 1.6
-0.24771 1.9
-0.24746 2.1
-0.24722 2.3
-0.24697 2.5
-0.24673 2.7
-0.24649 2.9
-0.24624 3.1
-0.246 3.3
-0.24575 3.5
-0.24551 3.6
-0.24527 3.8
-0.24502 3.9
-0.24478 4.0
-0.24453 4.1
-0.24429 4.2
-0.24405 4.3
-0.2438 4.4
-0.24356 4.4
-0.24331 4.5
-0.24307 4.5
-0.24282 4.5
-0.24258 4.5
-0.24234 4.5
-0.24209 4.4
-0.24185 4.4
-0.2416 4.3
-0.24136 4.3
-0.24112 4.2
-0.24087 4.1
-0.24063 3.9
-0.24038 3.8
-0.24014 3.7
-0.23989 3.5
-0.23965 3.3
-0.23941 3.1
-0.23916 3.0
-0.23892 2.8
-0.23867 2.5
-0.23843 2.3
-0.23819 2.1
-0.23794 1.9
-0.2377 1.6
-0.23745 1.4
-0.23721 1.1
-0.23697 0.9
-0.23672 0.6
-0.23648 0.4
-0.23623 0.0
-0.23599 -0.2
-0.23574 -0.4
-0.2355 -0.7
-0.23526 -1.0
-0.23501 -1.2
-0.23477 -1.5
-0.23452 -1.7
-0.23428 -1.9
-0.23404 -2.2
-0.23379 -2.4
-0.23355 -2.6
-0.2333 -2.8
-0.23306 -3.0
-0.23281 -3.2
-0.23257 -3.4
-0.23233 -3.6
-0.23208 -3.7
-0.23184 -3.9
-0.23159 -4.0
-0.23135 -4.1
-0.23111 -4.2
-0.23086 -4.3
-0.23062 -4.4
-0.23037 -4.5
-0.23013 -4.5
-0.22989 -4.5
-0.22964 -4.6
-0.2294 -4.6
-0.22915 -4.5
-0.22891 -4.5
-0.22866 -4.5
-0.22842 -4.4
-0.22818 -4.3
-0.22793 -4.2
-0.22769 -4.1
-0.22744 -4.0
-0.2272 -3.9
-0.22696 -3.7
-0.22671 -3.6
-0.22647 -3.4
-0.22622 -3.2
-0.22598 -3.0
-0.22573 -2.8
-0.22549 -2.6
-0.22525 -2.4
-0.225 -2.1
-0.22476 -1.9
-0.22451 -1.6
-0.22427 -1.4
-0.22403 -1.1
-0.22378 -0.9
-0.22354 -0.6
-0.22329 -0.3
-0.22305 0.0
-0.22281 0.2
-0.22256 0.5
-0.22232 0.8
-0.22207 1.0
-0.22183 1.3
-0.22158 1.6
-0.22134 1.8
-0.2211 2.1
-0.22085 2.3
-0.22061 2.5
-0.22036 2.7
-0.22012 3.0
-0.21988 3.2
-0.21963 3.4
-0.21939 3.5
-0.21914 3.7
-0.2189 3.9
-0.21865 4.0
-0.21841 4.1
-0.21817 4.3
-0.21792 4.4
-0.21768 4.4
-0.21743 4.5
-0.21719 4.6
-0.21695 4.6
-0.2167 4.6
-0.21646 4.6
-0.21621 4.6
-0.21597 4.6
-0.21572 4.5
-0.21548 4.5
-0.21524 4.4
-0.21499 4.3
-0.21475 4.2
-0.2145 4.1
-0.21426 3.9
-0.21402 3.8
-0.21377 3.6
-0.21353 3.4
-0.21328 3.3
-0.21304 3.1
-0.2128 2.8
-0.21255 2.6
-0.21231 2.4
-0.21206 2.1
-0.21182 1.9
-0.21157 1.6
-0.21133 1.4
-0.21109 1.1
-0.21084 0.8
-0.2106 0.5
-0.21035 0.3
-0.21011 0.0
-0.20987 -0.3
-0.20962 -0.6
-0.20938 -0.8
-0.20913 -1.1
-0.20889 -1.4
-0.20864 -1.7
-0.2084 -1.9
-0.20816 -2.2
-0.20791 -2.4
-0.20767 -2.7
-0.20742 -2.9
-0.20718 -3.1
-0.20694 -3.3
-0.20669 -3.5
-0.20645 -3.7
-0.2062 -3.8
-0.20596 -4.0
-0.20572 -4.1
-0.20547 -4.3
-0.20523 -4.4
-0.20498 -4.5
-0.20474 -4.5
-0.20449 -4.6
-0.20425 -4.6
-0.20401 -4.7
-0.20376 -4.7
-0.20352 -4.7
-0.20327 -4.7
-0.20303 -4.6
-0.20279 -4.6
-0.20254 -4.5
-0.2023 -4.4
-0.20205 -4.3
-0.20181 -4.1
-0.20156 -4.0
-0.20132 -3.9
-0.20108 -3.7
-0.20083 -3.5
-0.20059 -3.3
-0.20034 -3.1
-0.2001 -2.9
-0.19986 -2.6
-0.19961 -2.4
-0.19937 -2.1
-0.19912 -1.9
-0.19888 -1.6
-0.19864 -1.3
-0.19839 -1.1
-0.19815 -0.8
-0.1979 -0.5
-0.19766 -0.2
-0.19741 0.0
-0.19717 0.4
-0.19693 0.7
-0.19668 0.9
-0.19644 1.2
-0.19619 1.5
-0.19595 1.8
-0.19571 2.0
-0.19546 2.3
-0.19522 2.6
-0.19497 2.8
-0.19473 3.0
-0.19448 3.2
-0.19424 3.5
-0.194 3.6
-0.19375 3.8
-0.19351 4.0
-0.19326 4.1
-0.19302 4.3
-0.19278 4.4
-0.19253 4.5
-0.19229 4.6
-0.19204 4.7
-0.1918 4.7
-0.19156 4.7
-0.19131 4.8
-0.19107 4.7
-0.19082 4.7
-0.19058 4.7
-0.19033 4.6
-0.19009 4.5
-0.18985 4.5
-0.1896 4.3
-0.18936 4.2
-0.18911 4.1
-0.18887 3.9
-0.18863 3.7
-0.18838 3.5
-0.18814 3.3
-0.18789 3.1
-0.18765 2.9
-0.1874 2.6
-0.18716 2.4
-0.18692 2.1
-0.18667 1.9
-0.18643 1.6
-0.18618 1.3
-0.18594 1.0
-0.1857 0.7
-0.18545 0.4
-0.18521 0.1
-0.18496 -0.2
-0.18472 -0.5
-0.18447 -0.8
-0.18423 -1.1
-0.18399 -1.4
-0.18374 -1.7
-0.1835 -1.9
-0.18325 -2.2
-0.18301 -2.5
-0.18277 -2.7
-0.18252 -3.0
-0.18228 -3.2
-0.18203 -3.4
-0.18179 -3.6
-0.18155 -3.8
-0.1813 -4.0
-0.18106 -4.2
-0.18081 -4.3
-0.18057 -4.4
-0.18032 -4.5
-0.18008 -4.6
-0.17984 -4.7
-0.17959 -4.8
-0.17935 -4.8
-0.1791 -4.8
-0.17886 -4.8
-0.17862 -4.8
-0.17837 -4.8
-0.17813 -4.7
-0.17788 -4.6
-0.17764 -4.5
-0.17739 -4.4
-0.17715 -4.3
-0.17691 -4.1
-0.17666 -4.0
-0.17642 -3.8
-0.17617 -3.6
-0.17593 -3.4
-0.17569 -3.1
-0.17544 -2.9
-0.1752 -2.6
-0.17495 -2.4
-0.17471 -2.1
-0.17447 -1.8
-0.17422 -1.5
-0.17398 -1.2
-0.17373 -0.9
-0.17349 -0.6
-0.17324 -0.3
-0.173 0.0
-0.17276 0.3
-0.17251 0.6
-0.17227 0.9
-0.17202 1.2
-0.17178 1.5
-0.17154 1.8
-0.17129 2.1
-0.17105 2.4
-0.1708 2.7
-0.17056 2.9
-0.17031 3.2
-0.17007 3.4
-0.16983 3.6
-0.16958 3.8
-0.16934 4.0
-0.16909 4.2
-0.16885 4.3
-0.16861 4.5
-0.16836 4.6
-0.16812 4.7
-0.16787 4.8
-0.16763 4.8
-0.16739 4.9
-0.16714 4.9
-0.1669 4.9
-0.16665 4.9
-0.16641 4.8
-0.16616 4.8
-0.16592 4.7
-0.16568 4.6
-0.16543 4.5
-0.16519 4.3
-0.16494 4.2
-0.1647 4.0
-0.16446 3.8
-0.16421 3.6
-0.16397 3.3
-0.16372 3.1
-0.16348 2.9
-0.16323 2.6
-0.16299 2.3
-0.16275 2.0
-0.1625 1.7
-0.16226 1.4
-0.16201 1.1
-0.16177 0.8
-0.16153 0.5
-0.16128 0.1
-0.16104 -0.2
-0.16079 -0.5
-0.16055 -0.8
-0.16031 -1.1
-0.16006 -1.4
-0.15982 -1.8
-0.15957 -2.1
-0.15933 -2.3
-0.15908 -2.6
-0.15884 -2.9
-0.1586 -3.2
-0.15835 -3.4
-0.15811 -3.6
-0.15786 -3.9
-0.15762 -4.0
-0.15738 -4.2
-0.15713 -4.4
-0.15689 -4.5
-0.15664 -4.7
-0.1564 -4.8
-0.15615 -4.8
-0.15591 -4.9
-0.15567 -5.0
-0.15542 -5.0
-0.15518 -5.0
-0.15493 -4.9
-0.15469 -4.9
-0.15445 -4.8
-0.1542 -4.7
-0.15396 -4.6
-0.15371 -4.5
-0.15347 -4.3
-0.15322 -4.2
-0.15298 -4.0
-0.15274 -3.8
-0.15249 -3.5
-0.15225 -3.3
-0.152 -3.0
-0.15176 -2.8
-0.15152 -2.5
-0.15127 -2.2
-0.15103 -1.9
-0.15078 -1.6
-0.15054 -1.3
-0.1503 -0.9
-0.15005 -0.6
-0.14981 -0.3
-0.14956 0.0
-0.14932 0.4
-0.14907 0.7
-0.14883 1.1
-0.14859 1.4
-0.14834 1.7
-0.1481 2.0
-0.14785 2.3
-0.14761 2.6
-0.14737 2.9
-0.14712 3.2
-0.14688 3.4
-0.14663 3.7
-0.14639 3.9
-0.14614 4.1
-0.1459 4.3
-0.14566 4.5
-0.14541 4.6
-0.14517 4.8
-0.14492 4.9
-0.14468 4.9
-0.14444 5.0
-0.14419 5.0
-0.14395 5.1
-0.1437 5.0
-0.14346 5.0
-0.14322 5.0
-0.14297 4.9
-0.14273 4.8
-0.14248 4.7
-0.14224 4.5
-0.14199 4.3
-0.14175 4.2
-0.14151 3.9
-0.14126 3.7
-0.14102 3.5
-0.14077 3.2
-0.14053 2.9
-0.14029 2.6
-0.14004 2.3
-0.1398 2.0
-0.13955 1.7
-0.13931 1.4
-0.13906 1.0
-0.13882 0.7
-0.13858 0.3
-0.13833 0.0
-0.13809 -0.4
-0.13784 -0.7
-0.1376 -1.1
-0.13736 -1.4
-0.13711 -1.7
-0.13687 -2.1
-0.13662 -2.4
-0.13638 -2.7
-0.13614 -3.0
-0.13589 -3.3
-0.13565 -3.5
-0.1354 -3.8
-0.13516 -4.0
-0.13491 -4.2
-0.13467 -4.4
-0.13443 -4.6
-0.13418 -4.7
-0.13394 -4.9
-0.13369 -5.0
-0.13345 -5.1
-0.13321 -5.1
-0.13296 -5.1
-0.13272 -5.1
-0.13247 -5.1
-0.13223 -5.1
-0.13198 -5.0
-0.13174 -4.9
-0.1315 -4.8
-0.13125 -4.6
-0.13101 -4.5
-0.13076 -4.3
-0.13052 -4.1
-0.13028 -3.9
-0.13003 -3.6
-0.12979 -3.3
-0.12954 -3.1
-0.1293 -2.8
-0.12906 -2.4
-0.12881 -2.1
-0.12857 -1.8
-0.12832 -1.4
-0.12808 -1.1
-0.12783 -0.7
-0.12759 -0.3
-0.12735 0.0
-0.1271 0.4
-0.12686 0.8
-0.12661 1.1
-0.12637 1.5
-0.12613 1.8
-0.12588 2.2
-0.12564 2.5
-0.12539 2.8
-0.12515 3.1
-0.1249 3.4
-0.12466 3.7
-0.12442 3.9
-0.12417 4.2
-0.12393 4.4
-0.12368 4.6
-0.12344 4.8
-0.1232 4.9
-0.12295 5.0
-0.12271 5.1
-0.12246 5.2
-0.12222 5.2
-0.12197 5.2
-0.12173 5.2
-0.12149 5.2
-0.12124 5.1
-0.121 5.0
-0.12075 4.9
-0.12051 4.8
-0.12027 4.6
-0.12002 4.4
-0.11978 4.2
-0.11953 3.9
-0.11929 3.7
-0.11905 3.4
-0.1188 3.1
-0.11856 2.8
-0.11831 2.5
-0.11807 2.1
-0.11782 1.8
-0.11758 1.4
-0.11734 1.0
-0.11709 0.6
-0.11685 0.3
-0.1166 -0.1
-0.11636 -0.5
-0.11612 -0.9
-0.11587 -1.3
-0.11563 -1.6
-0.11538 -2.0
-0.11514 -2.4
-0.11489 -2.7
-0.11465 -3.0
-0.11441 -3.3
-0.11416 -3.6
-0.11392 -3.9
-0.11367 -4.2
-0.11343 -4.4
-0.11319 -4.6
-0.11294 -4.8
-0.1127 -5.0
-0.11245 -5.1
-0.11221 -5.2
-0.11197 -5.3
-0.11172 -5.3
-0.11148 -5.3
-0.11123 -5.3
-0.11099 -5.3
-0.11074 -5.2
-0.1105 -5.1
-0.11026 -5.0
-0.11001 -4.8
-0.10977 -4.7
-0.10952 -4.5
-0.10928 -4.2
-0.10904 -4.0
-0.10879 -3.7
-0.10855 -3.4
-0.1083 -3.1
-0.10806 -2.7
-0.10781 -2.4
-0.10757 -2.0
-0.10733 -1.6
-0.10708 -1.3
-0.10684 -0.9
-0.10659 -0.5
-0.10635 0.0
-0.10611 0.3
-0.10586 0.8
-0.10562 1.2
-0.10537 1.5
-0.10513 1.9
-0.10489 2.3
-0.10464 2.7
-0.1044 3.0
-0.10415 3.4
-0.10391 3.7
-0.10366 4.0
-0.10342 4.2
-0.10318 4.5
-0.10293 4.7
-0.10269 4.9
-0.10244 5.1
-0.1022 5.2
-0.10196 5.3
-0.10171 5.4
-0.10147 5.4
-0.10122 5.5
-0.10098 5.4
-0.10073 5.4
-0.10049 5.3
-0.10025 5.2
-0.1 5.1
-0.09976 4.9
-0.09951 4.7
-0.09927 4.5
-0.09903 4.2
-0.09878 3.9
-0.09854 3.6
-0.09829 3.3
-0.09805 2.9
-0.09781 2.6
-0.09756 2.2
-0.09732 1.8
-0.09707 1.4
-0.09683 1.0
-0.09658 0.6
-0.09634 0.1
-0.0961 -0.3
-0.09585 -0.7
-0.09561 -1.2
-0.09536 -1.6
-0.09512 -2.0
-0.09488 -2.4
-0.09463 -2.8
-0.09439 -3.1
-0.09414 -3.5
-0.0939 -3.8
-0.09365 -4.1
-0.09341 -4.4
-0.09317 -4.6
-0.09292 -4.9
-0.09268 -5.1
-0.09243 -5.2
-0.09219 -5.4
-0.09195 -5.5
-0.0917 -5.5
-0.09146 -5.6
-0.09121 -5.6
-0.09097 -5.5
-0.09072 -5.5
-0.09048 -5.4
-0.09024 -5.2
-0.08999 -5.1
-0.08975 -4.8
-0.0895 -4.6
-0.08926 -4.3
-0.08902 -4.1
-0.08877 -3.7
-0.08853 -3.4
-0.08828 -3.0
-0.08804 -2.6
-0.0878 -2.2
-0.08755 -1.8
-0.08731 -1.4
-0.08706 -0.9
-0.08682 -0.5
-0.08657 0.0
-0.08633 0.4
-0.08609 0.9
-0.08584 1.3
-0.0856 1.8
-0.08535 2.2
-0.08511 2.6
-0.08487 3.0
-0.08462 3.4
-0.08438 3.7
-0.08413 4.1
-0.08389 4.4
-0.08364 4.7
-0.0834 4.9
-0.08316 5.1
-0.08291 5.3
-0.08267 5.5
-0.08242 5.6
-0.08218 5.7
-0.08194 5.7
-0.08169 5.7
-0.08145 5.7
-0.0812 5.6
-0.08096 5.5
-0.08072 5.3
-0.08047 5.2
-0.08023 4.9
-0.07998 4.7
-0.07974 4.4
-0.07949 4.1
-0.07925 3.7
-0.07901 3.4
-0.07876 3.0
-0.07852 2.5
-0.07827 2.1
-0.07803 1.6
-0.07779 1.2
-0.07754 0.7
-0.0773 0.2
-0.07705 -0.3
-0.07681 -0.7
-0.07656 -1.2
-0.07632 -1.7
-0.07608 -2.1
-0.07583 -2.6
-0.07559 -3.0
-0.07534 -3.4
-0.0751 -3.8
-0.07486 -4.2
-0.07461 -4.5
-0.07437 -4.8
-0.07412 -5.1
-0.07388 -5.3
-0.07364 -5.5
-0.07339 -5.6
-0.07315 -5.8
-0.0729 -5.8
-0.07266 -5.9
-0.07241 -5.9
-0.07217 -5.8
-0.07193 -5.7
-0.07168 -5.6
-0.07144 -5.4
-0.07119 -5.2
-0.07095 -4.9
-0.07071 -4.6
-0.07046 -4.3
-0.07022 -3.9
-0.06997 -3.5
-0.06973 -3.1
-0.06948 -2.7
-0.06924 -2.2
-0.069 -1.7
-0.06875 -1.2
-0.06851 -0.7
-0.06826 -0.2
-0.06802 0.3
-0.06778 0.8
-0.06753 1.3
-0.06729 1.8
-0.06704 2.3
-0.0668 2.8
-0.06656 3.3
-0.06631 3.7
-0.06607 4.1
-0.06582 4.5
-0.06558 4.8
-0.06533 5.1
-0.06509 5.4
-0.06485 5.6
-0.0646 5.8
-0.06436 5.9
-0.06411 6.0
-0.06387 6.0
-0.06363 6.0
-0.06338 6.0
-0.06314 5.9
-0.06289 5.7
-0.06265 5.5
-0.0624 5.3
-0.06216 5.0
-0.06192 4.7
-0.06167 4.3
-0.06143 3.9
-0.06118 3.5
-0.06094 3.0
-0.0607 2.6
-0.06045 2.0
-0.06021 1.5
-0.05996 1.0
-0.05972 0.4
-0.05947 -0.1
-0.05923 -0.7
-0.05899 -1.2
-0.05874 -1.8
-0.0585 -2.3
-0.05825 -2.8
-0.05801 -3.3
-0.05777 -3.8
-0.05752 -4.2
-0.05728 -4.6
-0.05703 -5.0
-0.05679 -5.3
-0.05655 -5.6
-0.0563 -5.8
-0.05606 -6.0
-0.05581 -6.1
-0.05557 -6.2
-0.05532 -6.2
-0.05508 -6.2
-0.05484 -6.1
-0.05459 -6.0
-0.05435 -5.8
-0.0541 -5.6
-0.05386 -5.3
-0.05362 -4.9
-0.05337 -4.5
-0.05313 -4.1
-0.05288 -3.7
-0.05264 -3.2
-0.05239 -2.6
-0.05215 -2.1
-0.05191 -1.5
-0.05166 -0.9
-0.05142 -0.3
-0.05117 0.3
-0.05093 0.9
-0.05069 1.5
-0.05044 2.1
-0.0502 2.7
-0.04995 3.2
-0.04971 3.7
-0.04947 4.2
-0.04922 4.7
-0.04898 5.1
-0.04873 5.4
-0.04849 5.7
-0.04824 6.0
-0.048 6.2
-0.04776 6.3
-0.04751 6.4
-0.04727 6.5
-0.04702 6.4
-0.04678 6.3
-0.04654 6.2
-0.04629 5.9
-0.04605 5.6
-0.0458 5.3
-0.04556 4.9
-0.04531 4.5
-0.04507 4.0
-0.04483 3.5
-0.04458 2.9
-0.04434 2.3
-0.04409 1.7
-0.04385 1.0
-0.04361 0.4
-0.04336 -0.3
-0.04312 -1.0
-0.04287 -1.6
-0.04263 -2.3
-0.04239 -2.9
-0.04214 -3.5
-0.0419 -4.0
-0.04165 -4.6
-0.04141 -5.0
-0.04116 -5.5
-0.04092 -5.8
-0.04068 -6.1
-0.04043 -6.4
-0.04019 -6.6
-0.03994 -6.7
-0.0397 -6.7
-0.03946 -6.7
-0.03921 -6.6
-0.03897 -6.4
-0.03872 -6.1
-0.03848 -5.8
-0.03823 -5.4
-0.03799 -5.0
-0.03775 -4.5
-0.0375 -3.9
-0.03726 -3.3
-0.03701 -2.7
-0.03677 -2.0
-0.03653 -1.3
-0.03628 -0.6
-0.03604 0.2
-0.03579 0.9
-0.03555 1.6
-0.03531 2.4
-0.03506 3.0
-0.03482 3.7
-0.03457 4.3
-0.03433 4.9
-0.03408 5.4
-0.03384 5.9
-0.0336 6.3
-0.03335 6.6
-0.03311 6.8
-0.03286 7.0
-0.03262 7.0
-0.03238 7.0
-0.03213 6.9
-0.03189 6.7
-0.03164 6.4
-0.0314 6.1
-0.03115 5.6
-0.03091 5.1
-0.03067 4.5
-0.03042 3.9
-0.03018 3.2
-0.02993 2.4
-0.02969 1.6
-0.02945 0.8
-0.0292 0.0
-0.02896 -0.8
-0.02871 -1.7
-0.02847 -2.5
-0.02822 -3.2
-0.02798 -4.0
-0.02774 -4.7
-0.02749 -5.3
-0.02725 -5.9
-0.027 -6.4
-0.02676 -6.8
-0.02652 -7.1
-0.02627 -7.3
-0.02603 -7.4
-0.02578 -7.4
-0.02554 -7.3
-0.0253 -7.1
-0.02505 -6.7
-0.02481 -6.3
-0.02456 -5.8
-0.02432 -5.2
-0.02407 -4.5
-0.02383 -3.7
-0.02359 -2.9
-0.02334 -2.0
-0.0231 -1.1
-0.02285 -0.1
-0.02261 0.8
-0.02237 1.8
-0.02212 2.7
-0.02188 3.6
-0.02163 4.5
-0.02139 5.3
-0.02114 6.0
-0.0209 6.6
-0.02066 7.1
-0.02041 7.5
-0.02017 7.7
-0.01992 7.9
-0.01968 7.9
-0.01944 7.7
-0.01919 7.5
-0.01895 7.0
-0.0187 6.5
-0.01846 5.8
-0.01822 5.0
-0.01797 4.1
-0.01773 3.2
-0.01748 2.1
-0.01724 1.0
-0.01699 -0.1
-0.01675 -1.2
-0.01651 -2.4
-0.01626 -3.5
-0.01602 -4.5
-0.01577 -5.5
-0.01553 -6.3
-0.01529 -7.1
-0.01504 -7.7
-0.0148 -8.1
-0.01455 -8.4
-0.01431 -8.5
-0.01406 -8.4
-0.01382 -8.1
-0.01358 -7.7
-0.01333 -7.0
-0.01309 -6.2
-0.01284 -5.2
-0.0126 -4.1
-0.01236 -2.9
-0.01211 -1.5
-0.01187 -0.1
-0.01162 1.3
-0.01138 2.7
-0.01114 4.0
-0.01089 5.3
-0.01065 6.5
-0.0104 7.5
-0.01016 8.3
-0.00991 8.9
-0.00967 9.3
-0.00943 9.3
-0.00918 9.2
-0.00894 8.7
-0.00869 7.9
-0.00845 6.9
-0.00821 5.7
-0.00796 4.2
-0.00772 2.5
-0.00747 0.8
-0.00723 -1.1
-0.00698 -3.0
-0.00674 -4.8
-0.0065 -6.4
-0.00625 -7.9
-0.00601 -9.1
-0.00576 -9.9
-0.00552 -10.4
-0.00528 -10.5
-0.00503 -10.0
-0.00479 -9.1
-0.00454 -7.8
-0.0043 -6.0
-0.00406 -3.8
-0.00381 -1.4
-0.00357 1.2
-0.00332 3.8
-0.00308 6.3
-0.00283 8.5
-0.00259 10.3
-0.00235 11.5
-0.0021 11.9
-0.00186 11.5
-0.00161 10.2
-0.00137 8.0
-0.00113 5.0
-0.00088 1.5
-0.00064 -2.4
-0.00039 -6.2
-0.00015 -9.6
0.0001 -11.9
0.00034 -12.7
0.00058 -11.9
0.00083 -9.3
0.00107 -5.3
0.00132 -0.4
0.00156 4.3
0.0018 8.1
0.00205 10.2
0.00229 10.1
0.00254 8.1
0.00278 4.7
0.00303 0.6
0.00327 -3.1
0.00351 -5.7
0.00376 -6.7
0.004 -6.1
0.00425 -4.2
0.00449 -1.7
0.00473 0.9
0.00498 2.9
0.00522 3.8
0.00547 3.7
0.00571 2.8
0.00595 1.3
0.0062 -0.3
0.00644 -1.5
0.00669 -2.1
0.00693 -2.2
0.00718 -1.6
0.00742 -0.8
0.00766 0.0
0.00791 0.8
0.00815 1.2
0.0084 1.2
0.00864 1.0
0.00888 0.5
0.00913 0.0
0.00937 -0.5
0.00962 -0.7
0.00986 -0.7
0.01011 -0.6
0.01035 -0.3
0.01059 0.0
0.01084 0.3
0.01108 0.4
0.01133 0.4
0.01157 0.3
0.01181 0.2
0.01206 0.0
0.0123 -0.2
0.01255 -0.2
0.01279 -0.2
0.01303 -0.2
0.01328 0.0
0.01352 0.0
0.01377 0.0
0.01401 0.1
0.01426 0.1
0.0145 0.1
0.01474 0.0
0.01499 0.0
0.01523 0.0
0.01548 0.0
0.01572 0.0
0.01596 0.0
0.01621 0.0
0.01645 0.0
0.0167 0.0
0.01694 0.0
0.01719 0.0
0.01743 0.0
0.01767 0.0
0.01792 0.0
0.01816 0.0
0.01841 0.0
0.01865 0.0
0.01889 0.0
0.01914 0.0
0.01938 0.0
0.01963 0.0
0.01987 0.0
0.02011 0.0
0.02036 0.0
0.0206 0.0
0.02085 0.0
0.02109 0.0
0.02134 0.0
0.02158 0.0
0.02182 0.0
0.02207 0.0
0.02231 0.0
0.02256 0.0
0.0228 0.0
0.02304 0.0
0.02329 0.0
0.02353 0.0
0.02378 0.0
0.02402 0.0
0.02427 0.0
0.02451 0.0
0.02475 0.0
0.025 0.0
0.02524 0.0
0.02549 0.0
0.02573 0.0
0.02597 0.0
0.02622 0.0
0.02646 0.0
0.02671 0.0
0.02695 0.0
0.02719 0.0
0.02744 0.0
0.02768 0.0
0.02793 0.0
0.02817 0.0
0.02842 0.0
0.02866 0.0
0.0289 0.0
0.02915 0.0
0.02939 0.0
0.02964 0.0
0.02988 0.0
0.03012 0.0
0.03037 0.0
0.03061 0.0
0.03086 0.0
0.0311 0.0
0.03135 0.0
0.03159 0.0
0.03183 0.0
0.03208 0.0
0.03232 0.0
0.03257 0.0
0.03281 0.0
0.03305 0.0
0.0333 0.0
0.03354 0.0
0.03379 0.0
0.03403 0.0
0.03428 0.0
0.03452 0.0
0.03476 0.0
0.03501 0.0
0.03525 0.0
0.0355 0.0
0.03574 0.0
0.03598 0.0
0.03623 0.0
0.03647 0.0
0.03672 0.0
0.03696 0.0
0.0372 0.0
0.03745 0.0
0.03769 0.0
0.03794 0.0
0.03818 0.0
0.03843 0.0
0.03867 0.0
0.03891 0.0
0.03916 0.0
0.0394 0.0
0.03965 0.0
0.03989 0.0
0.04013 0.0
0.04038 0.0
0.04062 0.0
0.04087 0.0
0.04111 0.0
0.04136 0.0
0.0416 0.0
0.04184 0.0
0.04209 0.0
0.04233 0.0
0.04258 0.0
0.04282 0.0
0.04306 0.0
0.04331 0.0
0.04355 0.0
0.0438 0.0
0.04404 0.0
0.04428 0.0
0.04453 0.0
0.04477 0.0
0.04502 0.0
0.04526 0.0
0.04551 0.0
0.04575 0.0
0.04599 0.0
0.04624 0.0
0.04648 0.0
0.04673 0.0
0.04697 0.0
0.04721 0.0
0.04746 0.0
0.0477 0.0
0.04795 0.0
0.04819 0.0
0.04844 0.0
0.04868 0.0
0.04892 0.0
0.04917 0.0
0.04941 0.0
0.04966 0.0
0.0499 0.0
0.05014 0.0
0.05039 0.0
0.05063 0.0
0.05088 0.0
0.05112 0.0
0.05136 0.0
0.05161 0.0
0.05185 0.0
0.0521 0.0
0.05234 0.0
0.05259 0.0
0.05283 0.0
0.05307 0.0
0.05332 0.0
0.05356 0.0
0.05381 0.0
0.05405 0.0
0.05429 0.0
0.05454 0.0
0.05478 0.0
0.05503 0.0
0.05527 0.0
0.05552 0.0
0.05576 0.0
0.056 0.0
0.05625 0.0
0.05649 0.0
0.05674 0.0
0.05698 0.0
0.05722 0.0
0.05747 0.0
0.05771 0.0
0.05796 0.0
0.0582 0.0
0.05844 0.0
0.05869 0.0
0.05893 0.0
0.05918 0.0
0.05942 0.0
0.05967 0.0
0.05991 0.0
0.06015 0.0
0.0604 0.0
0.06064 0.0
0.06089 0.0
0.06113 0.0
0.06137 0.0
0.06162 0.0
0.06186 0.0
0.06211 0.0
0.06235 0.0
0.0626 0.0
0.06284 0.0
0.06308 0.0
0.06333 0.0
0.06357 0.0
0.06382 0.0
0.06406 0.0
0.0643 0.0
0.06455 0.0
0.06479 0.0
0.06504 0.0
0.06528 0.0
0.06553 0.0
0.06577 0.0
0.06601 0.0
0.06626 0.0
0.0665 0.0
0.06675 0.0
0.06699 0.0
0.06723 0.0
0.06748 0.0
0.06772 0.0
0.06797 0.0
0.06821 0.0
0.06845 0.0
0.0687 0.0
0.06894 0.0
0.06919 0.0
0.06943 0.0
0.06968 0.0
0.06992 0.0
0.07016 0.0
0.07041 0.0
0.07065 0.0
0.0709 0.0
0.07114 0.0
0.07138 0.0
0.07163 0.0
0.07187 0.0
0.07212 0.0
0.07236 0.0
0.07261 0.0
0.07285 0.0
0.07309 0.0
0.07334 0.0
0.07358 0.0
0.07383 0.0
0.07407 0.0
0.07431 0.0
0.07456 0.0
0.0748 0.0
0.07505 0.0
0.07529 0.0
0.07553 0.0
0.07578 0.0
0.07602 0.0
0.07627 0.0
0.07651 0.0
0.07676 0.0
0.077 0.0
0.07724 0.0
0.07749 0.0
0.07773 0.0
0.07798 0.0
0.07822 0.0
0.07846 0.0
0.07871 0.0
0.07895 0.0
0.0792 0.0
0.07944 0.0
0.07969 0.0
0.07993 0.0
0.08017 0.0
0.08042 0.0
0.08066 0.0
0.08091 0.0
0.08115 0.0
0.08139 0.0
0.08164 0.0
0.08188 0.0
0.08213 0.0
0.08237 0.0
0.08261 0.0
0.08286 0.0
0.0831 0.0
0.08335 0.0
0.08359 0.0
0.08384 0.0
0.08408 0.0
0.08432 0.0
0.08457 0.0
0.08481 0.0
0.08506 0.0
0.0853 0.0
0.08554 0.0
0.08579 0.0
0.08603 0.0
0.08628 0.0
0.08652 0.0
0.08677 0.0
0.08701 0.0
0.08725 0.0
0.0875 0.0
0.08774 0.0
0.08799 0.0
0.08823 0.0
0.08847 0.0
0.08872 0.0
0.08896 0.0
0.08921 0.0
0.08945 0.0
0.08969 0.0
0.08994 0.0
0.09018 0.0
0.09043 0.0
0.09067 0.0
0.09092 0.0
0.09116 0.0
0.0914 0.0
0.09165 0.0
0.09189 0.0
0.09214 0.0
0.09238 0.0
0.09262 0.0
0.09287 0.0
0.09311 0.0
0.09336 0.0
0.0936 0.0
0.09385 0.0
0.09409 0.0
0.09433 0.0
0.09458 0.0
0.09482 0.0
0.09507 0.0
0.09531 0.0
0.09555 0.0
0.0958 0.0
0.09604 0.0
0.09629 0.0
0.09653 0.0
0.09678 0.0
0.09702 0.0
0.09726 0.0
0.09751 0.0
0.09775 0.0
0.098 0.0
0.09824 0.0
0.09848 0.0
0.09873 0.0
0.09897 0.0
0.09922 0.0
0.09946 0.0
0.0997 0.0
0.09995 0.0
0.10019 0.0
0.10044 0.0
0.10068 0.0
0.10093 0.0
0.10117 0.0
0.10141 0.0
0.10166 0.0
0.1019 0.0
0.10215 0.0
0.10239 0.0
0.10263 0.0
0.10288 0.0
0.10312 0.0
0.10337 0.0
0.10361 0.0
0.10386 0.0
0.1041 0.0
0.10434 0.0
0.10459 0.0
0.10483 0.0
0.10508 0.0
0.10532 0.0
0.10556 0.0
0.10581 0.0
0.10605 0.0
0.1063 0.0
0.10654 0.0
0.10678 0.0
0.10703 0.0
0.10727 0.0
0.10752 0.0
0.10776 0.0
0.10801 0.0
0.10825 0.0
0.10849 0.0
0.10874 0.0
0.10898 0.0
