t strain*1e23
-0.41605 -6.1
-0.41581 -6.0
-0.41557 -5.9
-0.41532 -5.9
-0.41508 -5.8
-0.41483 -5.7
-0.41459 -5.6
-0.41434 -5.4
-0.4141 -5.3
-0.41386 -5.2
-0.41361 -5.1
-0.41337 -4.9
-0.41312 -4.8
-0.41288 -4.6
-0.41264 -4.4
-0.41239 -4.3
-0.41215 -4.1
-0.4119 -3.9
-0.41166 -3.7
-0.41142 -3.5
-0.41117 -3.3
-0.41093 -3.1
-0.41068 -2.9
-0.41044 -2.7
-0.41019 -2.4
-0.40995 -2.2
-0.40971 -2.0
-0.40946 -1.7
-0.40922 -1.5
-0.40897 -1.3
-0.40873 -1.0
-0.40849 -0.8
-0.40824 -0.6
-0.408 -0.3
-0.40775 0.0
-0.40751 0.2
-0.40726 0.4
-0.40702 0.7
-0.40678 0.9
-0.40653 1.1
-0.40629 1.4
-0.40604 1.6
-0.4058 1.8
-0.40556 2.1
-0.40531 2.3
-0.40507 2.5
-0.40482 2.8
-0.40458 3.0
-0.40434 3.2
-0.40409 3.4
-0.40385 3.6
-0.4036 3.8
-0.40336 4.0
-0.40311 4.2
-0.40287 4.4
-0.40263 4.5
-0.40238 4.7
-0.40214 4.9
-0.40189 5.0
-0.40165 5.2
-0.40141 5.3
-0.40116 5.4
-0.40092 5.6
-0.40067 5.7
-0.40043 5.8
-0.40018 5.9
-0.39994 6.0
-0.3997 6.0
-0.39945 6.1
-0.39921 6.2
-0.39896 6.2
-0.39872 6.3
-0.39848 6.3
-0.39823 6.3
-0.39799 6.3
-0.39774 6.3
-0.3975 6.3
-0.39725 6.3
-0.39701 6.3
-0.39677 6.2
-0.39652 6.2
-0.39628 6.1
-0.39603 6.1
-0.39579 6.0
-0.39555 5.9
-0.3953 5.8
-0.39506 5.7
-0.39481 5.6
-0.39457 5.5
-0.39433 5.4
-0.39408 5.3
-0.39384 5.1
-0.39359 5.0
-0.39335 4.8
-0.3931 4.6
-0.39286 4.5
-0.39262 4.3
-0.39237 4.1
-0.39213 3.9
-0.39188 3.7
-0.39164 3.5
-0.3914 3.3
-0.39115 3.1
-0.39091 2.9
-0.39066 2.6
-0.39042 2.4
-0.39017 2.2
-0.38993 1.9
-0.38969 1.7
-0.38944 1.5
-0.3892 1.2
-0.38895 1.0
-0.38871 0.7
-0.38847 0.5
-0.38822 0.2
-0.38798 0.0
-0.38773 -0.3
-0.38749 -0.5
-0.38725 -0.8
-0.387 -1.0
-0.38676 -1.3
-0.38651 -1.5
-0.38627 -1.7
-0.38602 -2.0
-0.38578 -2.2
-0.38554 -2.5
-0.38529 -2.7
-0.38505 -2.9
-0.3848 -3.1
-0.38456 -3.4
-0.38432 -3.6
-0.38407 -3.8
-0.38383 -4.0
-0.38358 -4.2
-0.38334 -4.4
-0.38309 -4.5
-0.38285 -4.7
-0.38261 -4.9
-0.38236 -5.0
-0.38212 -5.2
-0.38187 -5.3
-0.38163 -5.5
-0.38139 -5.6
-0.38114 -5.7
-0.3809 -5.8
-0.38065 -5.9
-0.38041 -6.0
-0.38017 -6.1
-0.37992 -6.2
-0.37968 -6.2
-0.37943 -6.3
-0.37919 -6.3
-0.37894 -6.4
-0.3787 -6.4
-0.37846 -6.4
-0.37821 -6.4
-0.37797 -6.4
-0.37772 -6.4
-0.37748 -6.3
-0.37724 -6.3
-0.37699 -6.3
-0.37675 -6.2
-0.3765 -6.1
-0.37626 -6.1
-0.37601 -6.0
-0.37577 -5.9
-0.37553 -5.8
-0.37528 -5.7
-0.37504 -5.5
-0.37479 -5.4
-0.37455 -5.3
-0.37431 -5.1
-0.37406 -5.0
-0.37382 -4.8
-0.37357 -4.6
-0.37333 -4.5
-0.37309 -4.3
-0.37284 -4.1
-0.3726 -3.9
-0.37235 -3.7
-0.37211 -3.5
-0.37186 -3.2
-0.37162 -3.0
-0.37138 -2.8
-0.37113 -2.5
-0.37089 -2.3
-0.37064 -2.1
-0.3704 -1.8
-0.37016 -1.6
-0.36991 -1.3
-0.36967 -1.1
-0.36942 -0.8
-0.36918 -0.6
-0.36893 -0.3
-0.36869 0.0
-0.36845 0.2
-0.3682 0.5
-0.36796 0.7
-0.36771 1.0
-0.36747 1.2
-0.36723 1.5
-0.36698 1.7
-0.36674 2.0
-0.36649 2.2
-0.36625 2.5
-0.366 2.7
-0.36576 2.9
-0.36552 3.2
-0.36527 3.4
-0.36503 3.6
-0.36478 3.8
-0.36454 4.0
-0.3643 4.2
-0.36405 4.4
-0.36381 4.6
-0.36356 4.8
-0.36332 4.9
-0.36308 5.1
-0.36283 5.3
-0.36259 5.4
-0.36234 5.5
-0.3621 5.7
-0.36185 5.8
-0.36161 5.9
-0.36137 6.0
-0.36112 6.1
-0.36088 6.2
-0.36063 6.3
-0.36039 6.3
-0.36015 6.4
-0.3599 6.4
-0.35966 6.4
-0.35941 6.5
-0.35917 6.5
-0.35892 6.5
-0.35868 6.5
-0.35844 6.4
-0.35819 6.4
-0.35795 6.4
-0.3577 6.3
-0.35746 6.2
-0.35722 6.2
-0.35697 6.1
-0.35673 6.0
-0.35648 5.9
-0.35624 5.8
-0.356 5.7
-0.35575 5.5
-0.35551 5.4
-0.35526 5.2
-0.35502 5.1
-0.35477 4.9
-0.35453 4.7
-0.35429 4.6
-0.35404 4.4
-0.3538 4.2
-0.35355 4.0
-0.35331 3.7
-0.35307 3.5
-0.35282 3.3
-0.35258 3.1
-0.35233 2.8
-0.35209 2.6
-0.35184 2.4
-0.3516 2.1
-0.35136 1.9
-0.35111 1.6
-0.35087 1.4
-0.35062 1.1
-0.35038 0.8
-0.35014 0.6
-0.34989 0.3
-0.34965 0.0
-0.3494 -0.2
-0.34916 -0.5
-0.34892 -0.8
-0.34867 -1.0
-0.34843 -1.3
-0.34818 -1.5
-0.34794 -1.8
-0.34769 -2.0
-0.34745 -2.3
-0.34721 -2.5
-0.34696 -2.8
-0.34672 -3.0
-0.34647 -3.3
-0.34623 -3.5
-0.34599 -3.7
-0.34574 -3.9
-0.3455 -4.1
-0.34525 -4.3
-0.34501 -4.5
-0.34476 -4.7
-0.34452 -4.9
-0.34428 -5.1
-0.34403 -5.2
-0.34379 -5.4
-0.34354 -5.5
-0.3433 -5.7
-0.34306 -5.8
-0.34281 -5.9
-0.34257 -6.0
-0.34232 -6.1
-0.34208 -6.2
-0.34184 -6.3
-0.34159 -6.4
-0.34135 -6.4
-0.3411 -6.5
-0.34086 -6.5
-0.34061 -6.5
-0.34037 -6.5
-0.34013 -6.5
-0.33988 -6.5
-0.33964 -6.5
-0.33939 -6.5
-0.33915 -6.4
-0.33891 -6.4
-0.33866 -6.3
-0.33842 -6.3
-0.33817 -6.2
-0.33793 -6.1
-0.33768 -6.0
-0.33744 -5.9
-0.3372 -5.7
-0.33695 -5.6
-0.33671 -5.4
-0.33646 -5.3
-0.33622 -5.1
-0.33598 -5.0
-0.33573 -4.8
-0.33549 -4.6
-0.33524 -4.4
-0.335 -4.2
-0.33475 -4.0
-0.33451 -3.7
-0.33427 -3.5
-0.33402 -3.3
-0.33378 -3.0
-0.33353 -2.8
-0.33329 -2.6
-0.33305 -2.3
-0.3328 -2.0
-0.33256 -1.8
-0.33231 -1.5
-0.33207 -1.3
-0.33183 -1.0
-0.33158 -0.7
-0.33134 -0.4
-0.33109 -0.2
-0.33085 0.1
-0.3306 0.4
-0.33036 0.6
-0.33012 0.9
-0.32987 1.2
-0.32963 1.5
-0.32938 1.7
-0.32914 2.0
-0.3289 2.2
-0.32865 2.5
-0.32841 2.8
-0.32816 3.0
-0.32792 3.2
-0.32767 3.5
-0.32743 3.7
-0.32719 3.9
-0.32694 4.2
-0.3267 4.4
-0.32645 4.6
-0.32621 4.8
-0.32597 5.0
-0.32572 5.1
-0.32548 5.3
-0.32523 5.5
-0.32499 5.6
-0.32475 5.8
-0.3245 5.9
-0.32426 6.0
-0.32401 6.1
-0.32377 6.2
-0.32352 6.3
-0.32328 6.4
-0.32304 6.5
-0.32279 6.5
-0.32255 6.6
-0.3223 6.6
-0.32206 6.6
-0.32182 6.6
-0.32157 6.6
-0.32133 6.6
-0.32108 6.6
-0.32084 6.6
-0.32059 6.5
-0.32035 6.5
-0.32011 6.4
-0.31986 6.3
-0.31962 6.2
-0.31937 6.1
-0.31913 6.0
-0.31889 5.9
-0.31864 5.7
-0.3184 5.6
-0.31815 5.4
-0.31791 5.3
-0.31767 5.1
-0.31742 4.9
-0.31718 4.7
-0.31693 4.5
-0.31669 4.3
-0.31644 4.1
-0.3162 3.9
-0.31596 3.6
-0.31571 3.4
-0.31547 3.1
-0.31522 2.9
-0.31498 2.6
-0.31474 2.4
-0.31449 2.1
-0.31425 1.8
-0.314 1.6
-0.31376 1.3
-0.31351 1.0
-0.31327 0.7
-0.31303 0.5
-0.31278 0.2
-0.31254 -0.1
-0.31229 -0.4
-0.31205 -0.7
-0.31181 -0.9
-0.31156 -1.2
-0.31132 -1.5
-0.31107 -1.8
-0.31083 -2.1
-0.31059 -2.3
-0.31034 -2.6
-0.3101 -2.8
-0.30985 -3.1
-0.30961 -3.3
-0.30936 -3.6
-0.30912 -3.8
-0.30888 -4.1
-0.30863 -4.3
-0.30839 -4.5
-0.30814 -4.7
-0.3079 -4.9
-0.30766 -5.1
-0.30741 -5.3
-0.30717 -5.4
-0.30692 -5.6
-0.30668 -5.8
-0.30643 -5.9
-0.30619 -6.0
-0.30595 -6.2
-0.3057 -6.3
-0.30546 -6.4
-0.30521 -6.5
-0.30497 -6.5
-0.30473 -6.6
-0.30448 -6.6
-0.30424 -6.7
-0.30399 -6.7
-0.30375 -6.7
-0.3035 -6.7
-0.30326 -6.7
-0.30302 -6.7
-0.30277 -6.7
-0.30253 -6.6
-0.30228 -6.5
-0.30204 -6.5
-0.3018 -6.4
-0.30155 -6.3
-0.30131 -6.2
-0.30106 -6.1
-0.30082 -5.9
-0.30058 -5.8
-0.30033 -5.7
-0.30009 -5.5
-0.29984 -5.3
-0.2996 -5.1
-0.29935 -5.0
-0.29911 -4.8
-0.29887 -4.5
-0.29862 -4.3
-0.29838 -4.1
-0.29813 -3.9
-0.29789 -3.6
-0.29765 -3.4
-0.2974 -3.1
-0.29716 -2.9
-0.29691 -2.6
-0.29667 -2.3
-0.29642 -2.1
-0.29618 -1.8
-0.29594 -1.5
-0.29569 -1.2
-0.29545 -0.9
-0.2952 -0.6
-0.29496 -0.3
-0.29472 0.0
-0.29447 0.2
-0.29423 0.5
-0.29398 0.8
-0.29374 1.1
-0.2935 1.4
-0.29325 1.7
-0.29301 2.0
-0.29276 2.2
-0.29252 2.5
-0.29227 2.8
-0.29203 3.1
-0.29179 3.3
-0.29154 3.6
-0.2913 3.8
-0.29105 4.1
-0.29081 4.3
-0.29057 4.5
-0.29032 4.7
-0.29008 4.9
-0.28983 5.1
-0.28959 5.3
-0.28934 5.5
-0.2891 5.7
-0.28886 5.8
-0.28861 6.0
-0.28837 6.1
-0.28812 6.2
-0.28788 6.4
-0.28764 6.5
-0.28739 6.5
-0.28715 6.6
-0.2869 6.7
-0.28666 6.7
-0.28642 6.8
-0.28617 6.8
-0.28593 6.8
-0.28568 6.8
-0.28544 6.8
-0.28519 6.8
-0.28495 6.7
-0.28471 6.7
-0.28446 6.6
-0.28422 6.5
-0.28397 6.4
-0.28373 6.3
-0.28349 6.2
-0.28324 6.1
-0.283 6.0
-0.28275 5.8
-0.28251 5.7
-0.28226 5.5
-0.28202 5.3
-0.28178 5.1
-0.28153 4.9
-0.28129 4.7
-0.28104 4.5
-0.2808 4.2
-0.28056 4.0
-0.28031 3.8
-0.28007 3.5
-0.27982 3.2
-0.27958 3.0
-0.27934 2.7
-0.27909 2.4
-0.27885 2.1
-0.2786 1.9
-0.27836 1.6
-0.27811 1.3
-0.27787 1.0
-0.27763 0.7
-0.27738 0.4
-0.27714 0.0
-0.27689 -0.2
-0.27665 -0.5
-0.27641 -0.8
-0.27616 -1.1
-0.27592 -1.4
-0.27567 -1.7
-0.27543 -2.0
-0.27518 -2.3
-0.27494 -2.6
-0.2747 -2.9
-0.27445 -3.1
-0.27421 -3.4
-0.27396 -3.7
-0.27372 -3.9
-0.27348 -4.2
-0.27323 -4.4
-0.27299 -4.6
-0.27274 -4.9
-0.2725 -5.1
-0.27225 -5.3
-0.27201 -5.5
-0.27177 -5.6
-0.27152 -5.8
-0.27128 -6.0
-0.27103 -6.1
-0.27079 -6.3
-0.27055 -6.4
-0.2703 -6.5
-0.27006 -6.6
-0.26981 -6.7
-0.26957 -6.7
-0.26933 -6.8
-0.26908 -6.9
-0.26884 -6.9
-0.26859 -6.9
-0.26835 -6.9
-0.2681 -6.9
-0.26786 -6.9
-0.26762 -6.8
-0.26737 -6.8
-0.26713 -6.7
-0.26688 -6.6
-0.26664 -6.6
-0.2664 -6.5
-0.26615 -6.3
-0.26591 -6.2
-0.26566 -6.1
-0.26542 -5.9
-0.26517 -5.7
-0.26493 -5.6
-0.26469 -5.4
-0.26444 -5.2
-0.2642 -5.0
-0.26395 -4.7
-0.26371 -4.5
-0.26347 -4.3
-0.26322 -4.0
-0.26298 -3.8
-0.26273 -3.5
-0.26249 -3.2
-0.26225 -3.0
-0.262 -2.7
-0.26176 -2.4
-0.26151 -2.1
-0.26127 -1.8
-0.26102 -1.5
-0.26078 -1.2
-0.26054 -0.9
-0.26029 -0.6
-0.26005 -0.3
-0.2598 0.0
-0.25956 0.4
-0.25932 0.7
-0.25907 1.0
-0.25883 1.3
-0.25858 1.6
-0.25834 1.9
-0.25809 2.2
-0.25785 2.5
-0.25761 2.8
-0.25736 3.1
-0.25712 3.4
-0.25687 3.6
-0.25663 3.9
-0.25639 4.2
-0.25614 4.4
-0.2559 4.7
-0.25565 4.9
-0.25541 5.1
-0.25517 5.3
-0.25492 5.5
-0.25468 5.7
-0.25443 5.9
-0.25419 6.1
-0.25394 6.2
-0.2537 6.4
-0.25346 6.5
-0.25321 6.6
-0.25297 6.7
-0.25272 6.8
-0.25248 6.9
-0.25224 6.9
-0.25199 7.0
-0.25175 7.0
-0.2515 7.0
-0.25126 7.0
-0.25101 7.0
-0.25077 7.0
-0.25053 6.9
-0.25028 6.9
-0.25004 6.8
-0.24979 6.7
-0.24955 6.6
-0.24931 6.5
-0.24906 6.4
-0.24882 6.2
-0.24857 6.1
-0.24833 5.9
-0.24809 5.7
-0.24784 5.5
-0.2476 5.3
-0.24735 5.1
-0.24711 4.9
-0.24686 4.7
-0.24662 4.4
-0.24638 4.2
-0.24613 3.9
-0.24589 3.6
-0.24564 3.4
-0.2454 3.1
-0.24516 2.8
-0.24491 2.5
-0.24467 2.2
-0.24442 1.9
-0.24418 1.6
-0.24393 1.2
-0.24369 0.9
-0.24345 0.6
-0.2432 0.3
-0.24296 0.0
-0.24271 -0.4
-0.24247 -0.7
-0.24223 -1.0
-0.24198 -1.4
-0.24174 -1.7
-0.24149 -2.0
-0.24125 -2.3
-0.241 -2.6
-0.24076 -2.9
-0.24052 -3.2
-0.24027 -3.5
-0.24003 -3.8
-0.23978 -4.0
-0.23954 -4.3
-0.2393 -4.6
-0.23905 -4.8
-0.23881 -5.1
-0.23856 -5.3
-0.23832 -5.5
-0.23808 -5.7
-0.23783 -5.9
-0.23759 -6.1
-0.23734 -6.2
-0.2371 -6.4
-0.23685 -6.5
-0.23661 -6.7
-0.23637 -6.8
-0.23612 -6.9
-0.23588 -6.9
-0.23563 -7.0
-0.23539 -7.1
-0.23515 -7.1
-0.2349 -7.1
-0.23466 -7.1
-0.23441 -7.1
-0.23417 -7.1
-0.23392 -7.0
-0.23368 -7.0
-0.23344 -6.9
-0.23319 -6.8
-0.23295 -6.7
-0.2327 -6.6
-0.23246 -6.5
-0.23222 -6.3
-0.23197 -6.2
-0.23173 -6.0
-0.23148 -5.8
-0.23124 -5.6
-0.231 -5.4
-0.23075 -5.2
-0.23051 -4.9
-0.23026 -4.7
-0.23002 -4.4
-0.22977 -4.2
-0.22953 -3.9
-0.22929 -3.6
-0.22904 -3.3
-0.2288 -3.0
-0.22855 -2.7
-0.22831 -2.4
-0.22807 -2.1
-0.22782 -1.7
-0.22758 -1.4
-0.22733 -1.1
-0.22709 -0.8
-0.22684 -0.4
-0.2266 0.0
-0.22636 0.3
-0.22611 0.6
-0.22587 0.9
-0.22562 1.3
-0.22538 1.6
-0.22514 1.9
-0.22489 2.3
-0.22465 2.6
-0.2244 2.9
-0.22416 3.2
-0.22392 3.5
-0.22367 3.8
-0.22343 4.1
-0.22318 4.4
-0.22294 4.6
-0.22269 4.9
-0.22245 5.1
-0.22221 5.4
-0.22196 5.6
-0.22172 5.8
-0.22147 6.0
-0.22123 6.2
-0.22099 6.4
-0.22074 6.5
-0.2205 6.7
-0.22025 6.8
-0.22001 6.9
-0.21976 7.0
-0.21952 7.1
-0.21928 7.1
-0.21903 7.2
-0.21879 7.2
-0.21854 7.2
-0.2183 7.2
-0.21806 7.2
-0.21781 7.2
-0.21757 7.1
-0.21732 7.1
-0.21708 7.0
-0.21684 6.9
-0.21659 6.8
-0.21635 6.6
-0.2161 6.5
-0.21586 6.3
-0.21561 6.2
-0.21537 6.0
-0.21513 5.8
-0.21488 5.5
-0.21464 5.3
-0.21439 5.1
-0.21415 4.8
-0.21391 4.5
-0.21366 4.3
-0.21342 4.0
-0.21317 3.7
-0.21293 3.4
-0.21268 3.1
-0.21244 2.7
-0.2122 2.4
-0.21195 2.1
-0.21171 1.7
-0.21146 1.4
-0.21122 1.1
-0.21098 0.7
-0.21073 0.4
-0.21049 0.0
-0.21024 -0.4
-0.21 -0.7
-0.20975 -1.1
-0.20951 -1.4
-0.20927 -1.8
-0.20902 -2.1
-0.20878 -2.4
-0.20853 -2.8
-0.20829 -3.1
-0.20805 -3.4
-0.2078 -3.7
-0.20756 -4.0
-0.20731 -4.3
-0.20707 -4.6
-0.20683 -4.9
-0.20658 -5.1
-0.20634 -5.4
-0.20609 -5.6
-0.20585 -5.8
-0.2056 -6.1
-0.20536 -6.3
-0.20512 -6.4
-0.20487 -6.6
-0.20463 -6.8
-0.20438 -6.9
-0.20414 -7.0
-0.2039 -7.1
-0.20365 -7.2
-0.20341 -7.3
-0.20316 -7.3
-0.20292 -7.3
-0.20267 -7.4
-0.20243 -7.4
-0.20219 -7.3
-0.20194 -7.3
-0.2017 -7.2
-0.20145 -7.2
-0.20121 -7.1
-0.20097 -7.0
-0.20072 -6.8
-0.20048 -6.7
-0.20023 -6.6
-0.19999 -6.4
-0.19975 -6.2
-0.1995 -6.0
-0.19926 -5.8
-0.19901 -5.5
-0.19877 -5.3
-0.19852 -5.0
-0.19828 -4.8
-0.19804 -4.5
-0.19779 -4.2
-0.19755 -3.9
-0.1973 -3.6
-0.19706 -3.2
-0.19682 -2.9
-0.19657 -2.6
-0.19633 -2.2
-0.19608 -1.9
-0.19584 -1.5
-0.19559 -1.1
-0.19535 -0.8
-0.19511 -0.4
-0.19486 0.0
-0.19462 0.3
-0.19437 0.7
-0.19413 1.1
-0.19389 1.4
-0.19364 1.8
-0.1934 2.1
-0.19315 2.5
-0.19291 2.8
-0.19267 3.2
-0.19242 3.5
-0.19218 3.8
-0.19193 4.2
-0.19169 4.5
-0.19144 4.8
-0.1912 5.0
-0.19096 5.3
-0.19071 5.6
-0.19047 5.8
-0.19022 6.0
-0.18998 6.2
-0.18974 6.4
-0.18949 6.6
-0.18925 6.8
-0.189 6.9
-0.18876 7.1
-0.18851 7.2
-0.18827 7.3
-0.18803 7.4
-0.18778 7.4
-0.18754 7.5
-0.18729 7.5
-0.18705 7.5
-0.18681 7.5
-0.18656 7.4
-0.18632 7.4
-0.18607 7.3
-0.18583 7.2
-0.18559 7.1
-0.18534 7.0
-0.1851 6.8
-0.18485 6.7
-0.18461 6.5
-0.18436 6.3
-0.18412 6.1
-0.18388 5.9
-0.18363 5.6
-0.18339 5.3
-0.18314 5.1
-0.1829 4.8
-0.18266 4.5
-0.18241 4.2
-0.18217 3.9
-0.18192 3.5
-0.18168 3.2
-0.18143 2.8
-0.18119 2.5
-0.18095 2.1
-0.1807 1.7
-0.18046 1.4
-0.18021 1.0
-0.17997 0.6
-0.17973 0.2
-0.17948 -0.2
-0.17924 -0.6
-0.17899 -0.9
-0.17875 -1.3
-0.1785 -1.7
-0.17826 -2.1
-0.17802 -2.4
-0.17777 -2.8
-0.17753 -3.2
-0.17728 -3.5
-0.17704 -3.9
-0.1768 -4.2
-0.17655 -4.5
-0.17631 -4.8
-0.17606 -5.1
-0.17582 -5.4
-0.17558 -5.7
-0.17533 -5.9
-0.17509 -6.2
-0.17484 -6.4
-0.1746 -6.6
-0.17435 -6.8
-0.17411 -6.9
-0.17387 -7.1
-0.17362 -7.2
-0.17338 -7.4
-0.17313 -7.4
-0.17289 -7.5
-0.17265 -7.6
-0.1724 -7.6
-0.17216 -7.6
-0.17191 -7.6
-0.17167 -7.6
-0.17142 -7.6
-0.17118 -7.5
-0.17094 -7.4
-0.17069 -7.3
-0.17045 -7.2
-0.1702 -7.0
-0.16996 -6.9
-0.16972 -6.7
-0.16947 -6.5
-0.16923 -6.2
-0.16898 -6.0
-0.16874 -5.8
-0.1685 -5.5
-0.16825 -5.2
-0.16801 -4.9
-0.16776 -4.6
-0.16752 -4.3
-0.16727 -3.9
-0.16703 -3.6
-0.16679 -3.2
-0.16654 -2.9
-0.1663 -2.5
-0.16605 -2.1
-0.16581 -1.7
-0.16557 -1.3
-0.16532 -0.9
-0.16508 -0.5
-0.16483 -0.1
-0.16459 0.3
-0.16434 0.7
-0.1641 1.1
-0.16386 1.5
-0.16361 1.9
-0.16337 2.3
-0.16312 2.7
-0.16288 3.1
-0.16264 3.4
-0.16239 3.8
-0.16215 4.1
-0.1619 4.5
-0.16166 4.8
-0.16142 5.1
-0.16117 5.4
-0.16093 5.7
-0.16068 6.0
-0.16044 6.2
-0.16019 6.5
-0.15995 6.7
-0.15971 6.9
-0.15946 7.1
-0.15922 7.2
-0.15897 7.4
-0.15873 7.5
-0.15849 7.6
-0.15824 7.7
-0.158 7.7
-0.15775 7.8
-0.15751 7.8
-0.15726 7.8
-0.15702 7.7
-0.15678 7.7
-0.15653 7.6
-0.15629 7.5
-0.15604 7.4
-0.1558 7.3
-0.15556 7.1
-0.15531 6.9
-0.15507 6.7
-0.15482 6.5
-0.15458 6.2
-0.15434 6.0
-0.15409 5.7
-0.15385 5.4
-0.1536 5.1
-0.15336 4.8
-0.15311 4.4
-0.15287 4.1
-0.15263 3.7
-0.15238 3.4
-0.15214 3.0
-0.15189 2.6
-0.15165 2.2
-0.15141 1.8
-0.15116 1.3
-0.15092 0.9
-0.15067 0.5
-0.15043 0.0
-0.15018 -0.4
-0.14994 -0.8
-0.1497 -1.2
-0.14945 -1.6
-0.14921 -2.0
-0.14896 -2.5
-0.14872 -2.9
-0.14848 -3.3
-0.14823 -3.6
-0.14799 -4.0
-0.14774 -4.4
-0.1475 -4.7
-0.14725 -5.1
-0.14701 -5.4
-0.14677 -5.7
-0.14652 -6.0
-0.14628 -6.3
-0.14603 -6.5
-0.14579 -6.8
-0.14555 -7.0
-0.1453 -7.2
-0.14506 -7.4
-0.14481 -7.5
-0.14457 -7.6
-0.14433 -7.8
-0.14408 -7.8
-0.14384 -7.9
-0.14359 -7.9
-0.14335 -8.0
-0.1431 -7.9
-0.14286 -7.9
-0.14262 -7.8
-0.14237 -7.8
-0.14213 -7.7
-0.14188 -7.5
-0.14164 -7.4
-0.1414 -7.2
-0.14115 -7.0
-0.14091 -6.8
-0.14066 -6.5
-0.14042 -6.3
-0.14017 -6.0
-0.13993 -5.7
-0.13969 -5.4
-0.13944 -5.0
-0.1392 -4.7
-0.13895 -4.3
-0.13871 -3.9
-0.13847 -3.6
-0.13822 -3.1
-0.13798 -2.7
-0.13773 -2.3
-0.13749 -1.9
-0.13725 -1.4
-0.137 -1.0
-0.13676 -0.5
-0.13651 0.0
-0.13627 0.4
-0.13602 0.8
-0.13578 1.2
-0.13554 1.7
-0.13529 2.1
-0.13505 2.6
-0.1348 3.0
-0.13456 3.4
-0.13432 3.8
-0.13407 4.2
-0.13383 4.6
-0.13358 5.0
-0.13334 5.3
-0.13309 5.7
-0.13285 6.0
-0.13261 6.3
-0.13236 6.6
-0.13212 6.8
-0.13187 7.1
-0.13163 7.3
-0.13139 7.5
-0.13114 7.6
-0.1309 7.8
-0.13065 7.9
-0.13041 8.0
-0.13017 8.1
-0.12992 8.1
-0.12968 8.1
-0.12943 8.1
-0.12919 8.1
-0.12894 8.0
-0.1287 7.9
-0.12846 7.8
-0.12821 7.7
-0.12797 7.5
-0.12772 7.3
-0.12748 7.1
-0.12724 6.9
-0.12699 6.6
-0.12675 6.3
-0.1265 6.0
-0.12626 5.7
-0.12601 5.4
-0.12577 5.0
-0.12553 4.6
-0.12528 4.2
-0.12504 3.8
-0.12479 3.4
-0.12455 2.9
-0.12431 2.5
-0.12406 2.0
-0.12382 1.6
-0.12357 1.1
-0.12333 0.6
-0.12309 0.2
-0.12284 -0.3
-0.1226 -0.8
-0.12235 -1.3
-0.12211 -1.7
-0.12186 -2.2
-0.12162 -2.7
-0.12138 -3.1
-0.12113 -3.6
-0.12089 -4.0
-0.12064 -4.4
-0.1204 -4.8
-0.12016 -5.2
-0.11991 -5.6
-0.11967 -5.9
-0.11942 -6.3
-0.11918 -6.6
-0.11893 -6.9
-0.11869 -7.1
-0.11845 -7.4
-0.1182 -7.6
-0.11796 -7.8
-0.11771 -7.9
-0.11747 -8.1
-0.11723 -8.2
-0.11698 -8.3
-0.11674 -8.3
-0.11649 -8.3
-0.11625 -8.3
-0.116 -8.3
-0.11576 -8.2
-0.11552 -8.1
-0.11527 -8.0
-0.11503 -7.9
-0.11478 -7.7
-0.11454 -7.5
-0.1143 -7.2
-0.11405 -7.0
-0.11381 -6.7
-0.11356 -6.4
-0.11332 -6.1
-0.11308 -5.7
-0.11283 -5.3
-0.11259 -4.9
-0.11234 -4.5
-0.1121 -4.1
-0.11185 -3.7
-0.11161 -3.2
-0.11137 -2.7
-0.11112 -2.2
-0.11088 -1.8
-0.11063 -1.3
-0.11039 -0.8
-0.11015 -0.2
-0.1099 0.3
-0.10966 0.8
-0.10941 1.3
-0.10917 1.8
-0.10892 2.3
-0.10868 2.8
-0.10844 3.2
-0.10819 3.7
-0.10795 4.2
-0.1077 4.6
-0.10746 5.0
-0.10722 5.4
-0.10697 5.8
-0.10673 6.2
-0.10648 6.6
-0.10624 6.9
-0.106 7.2
-0.10575 7.4
-0.10551 7.7
-0.10526 7.9
-0.10502 8.1
-0.10477 8.2
-0.10453 8.4
-0.10429 8.5
-0.10404 8.5
-0.1038 8.6
-0.10355 8.6
-0.10331 8.5
-0.10307 8.5
-0.10282 8.4
-0.10258 8.2
-0.10233 8.1
-0.10209 7.9
-0.10184 7.6
-0.1016 7.4
-0.10136 7.1
-0.10111 6.8
-0.10087 6.5
-0.10062 6.1
-0.10038 5.7
-0.10014 5.3
-0.09989 4.9
-0.09965 4.4
-0.0994 4.0
-0.09916 3.5
-0.09892 3.0
-0.09867 2.5
-0.09843 1.9
-0.09818 1.4
-0.09794 0.9
-0.09769 0.3
-0.09745 -0.2
-0.09721 -0.8
-0.09696 -1.3
-0.09672 -1.8
-0.09647 -2.4
-0.09623 -2.9
-0.09599 -3.4
-0.09574 -3.9
-0.0955 -4.4
-0.09525 -4.9
-0.09501 -5.3
-0.09476 -5.8
-0.09452 -6.2
-0.09428 -6.5
-0.09403 -6.9
-0.09379 -7.2
-0.09354 -7.5
-0.0933 -7.8
-0.09306 -8.1
-0.09281 -8.3
-0.09257 -8.4
-0.09232 -8.6
-0.09208 -8.7
-0.09184 -8.8
-0.09159 -8.8
-0.09135 -8.8
-0.0911 -8.8
-0.09086 -8.7
-0.09061 -8.6
-0.09037 -8.4
-0.09013 -8.3
-0.08988 -8.0
-0.08964 -7.8
-0.08939 -7.5
-0.08915 -7.2
-0.08891 -6.9
-0.08866 -6.5
-0.08842 -6.1
-0.08817 -5.7
-0.08793 -5.2
-0.08768 -4.7
-0.08744 -4.2
-0.0872 -3.7
-0.08695 -3.2
-0.08671 -2.6
-0.08646 -2.1
-0.08622 -1.5
-0.08598 -0.9
-0.08573 -0.3
-0.08549 0.3
-0.08524 0.8
-0.085 1.4
-0.08475 2.0
-0.08451 2.6
-0.08427 3.1
-0.08402 3.7
-0.08378 4.2
-0.08353 4.7
-0.08329 5.2
-0.08305 5.7
-0.0828 6.2
-0.08256 6.6
-0.08231 7.0
-0.08207 7.4
-0.08183 7.7
-0.08158 8.0
-0.08134 8.3
-0.08109 8.5
-0.08085 8.7
-0.0806 8.8
-0.08036 9.0
-0.08012 9.0
-0.07987 9.1
-0.07963 9.1
-0.07938 9.0
-0.07914 8.9
-0.0789 8.8
-0.07865 8.6
-0.07841 8.4
-0.07816 8.2
-0.07792 7.9
-0.07767 7.6
-0.07743 7.2
-0.07719 6.8
-0.07694 6.4
-0.0767 5.9
-0.07645 5.5
-0.07621 5.0
-0.07597 4.4
-0.07572 3.9
-0.07548 3.3
-0.07523 2.7
-0.07499 2.1
-0.07475 1.5
-0.0745 0.8
-0.07426 0.2
-0.07401 -0.4
-0.07377 -1.1
-0.07352 -1.7
-0.07328 -2.3
-0.07304 -3.0
-0.07279 -3.6
-0.07255 -4.1
-0.0723 -4.7
-0.07206 -5.3
-0.07182 -5.8
-0.07157 -6.3
-0.07133 -6.8
-0.07108 -7.2
-0.07084 -7.6
-0.07059 -8.0
-0.07035 -8.3
-0.07011 -8.6
-0.06986 -8.8
-0.06962 -9.0
-0.06937 -9.2
-0.06913 -9.3
-0.06889 -9.4
-0.06864 -9.4
-0.0684 -9.4
-0.06815 -9.3
-0.06791 -9.2
-0.06767 -9.0
-0.06742 -8.8
-0.06718 -8.5
-0.06693 -8.2
-0.06669 -7.9
-0.06644 -7.5
-0.0662 -7.1
-0.06596 -6.6
-0.06571 -6.1
-0.06547 -5.6
-0.06522 -5.0
-0.06498 -4.4
-0.06474 -3.8
-0.06449 -3.2
-0.06425 -2.5
-0.064 -1.8
-0.06376 -1.2
-0.06351 -0.5
-0.06327 0.2
-0.06303 0.9
-0.06278 1.6
-0.06254 2.3
-0.06229 3.0
-0.06205 3.7
-0.06181 4.3
-0.06156 4.9
-0.06132 5.5
-0.06107 6.1
-0.06083 6.6
-0.06059 7.1
-0.06034 7.6
-0.0601 8.1
-0.05985 8.4
-0.05961 8.8
-0.05936 9.1
-0.05912 9.3
-0.05888 9.5
-0.05863 9.7
-0.05839 9.7
-0.05814 9.8
-0.0579 9.8
-0.05766 9.7
-0.05741 9.5
-0.05717 9.4
-0.05692 9.1
-0.05668 8.8
-0.05643 8.5
-0.05619 8.1
-0.05595 7.6
-0.0557 7.2
-0.05546 6.6
-0.05521 6.0
-0.05497 5.4
-0.05473 4.8
-0.05448 4.1
-0.05424 3.4
-0.05399 2.7
-0.05375 1.9
-0.0535 1.2
-0.05326 0.4
-0.05302 -0.4
-0.05277 -1.1
-0.05253 -1.9
-0.05228 -2.7
-0.05204 -3.4
-0.0518 -4.1
-0.05155 -4.8
-0.05131 -5.5
-0.05106 -6.2
-0.05082 -6.8
-0.05058 -7.4
-0.05033 -7.9
-0.05009 -8.4
-0.04984 -8.8
-0.0496 -9.2
-0.04935 -9.5
-0.04911 -9.8
-0.04887 -10.0
-0.04862 -10.1
-0.04838 -10.2
-0.04813 -10.2
-0.04789 -10.2
-0.04765 -10.0
-0.0474 -9.9
-0.04716 -9.6
-0.04691 -9.3
-0.04667 -8.9
-0.04642 -8.5
-0.04618 -8.0
-0.04594 -7.4
-0.04569 -6.8
-0.04545 -6.2
-0.0452 -5.5
-0.04496 -4.8
-0.04472 -4.0
-0.04447 -3.2
-0.04423 -2.4
-0.04398 -1.5
-0.04374 -0.7
-0.0435 0.2
-0.04325 1.1
-0.04301 1.9
-0.04276 2.8
-0.04252 3.6
-0.04227 4.5
-0.04203 5.3
-0.04179 6.0
-0.04154 6.7
-0.0413 7.4
-0.04105 8.0
-0.04081 8.6
-0.04057 9.1
-0.04032 9.6
-0.04008 9.9
-0.03983 10.3
-0.03959 10.5
-0.03934 10.7
-0.0391 10.7
-0.03886 10.7
-0.03861 10.7
-0.03837 10.5
-0.03812 10.3
-0.03788 9.9
-0.03764 9.5
-0.03739 9.1
-0.03715 8.5
-0.0369 7.9
-0.03666 7.2
-0.03642 6.5
-0.03617 5.7
-0.03593 4.8
-0.03568 4.0
-0.03544 3.0
-0.03519 2.1
-0.03495 1.1
-0.03471 0.1
-0.03446 -0.9
-0.03422 -1.9
-0.03397 -2.9
-0.03373 -3.8
-0.03349 -4.8
-0.03324 -5.7
-0.033 -6.5
-0.03275 -7.4
-0.03251 -8.1
-0.03226 -8.8
-0.03202 -9.4
-0.03178 -10.0
-0.03153 -10.5
-0.03129 -10.8
-0.03104 -11.1
-0.0308 -11.3
-0.03056 -11.4
-0.03031 -11.4
-0.03007 -11.3
-0.02982 -11.0
-0.02958 -10.7
-0.02934 -10.3
-0.02909 -9.8
-0.02885 -9.2
-0.0286 -8.5
-0.02836 -7.7
-0.02811 -6.8
-0.02787 -5.9
-0.02763 -4.9
-0.02738 -3.8
-0.02714 -2.8
-0.02689 -1.6
-0.02665 -0.5
-0.02641 0.7
-0.02616 1.9
-0.02592 3.0
-0.02567 4.2
-0.02543 5.3
-0.02518 6.4
-0.02494 7.4
-0.0247 8.3
-0.02445 9.2
-0.02421 9.9
-0.02396 10.6
-0.02372 11.2
-0.02348 11.6
-0.02323 11.9
-0.02299 12.2
-0.02274 12.2
-0.0225 12.2
-0.02225 12.0
-0.02201 11.6
-0.02177 11.2
-0.02152 10.5
-0.02128 9.8
-0.02103 9.0
-0.02079 8.0
-0.02055 6.9
-0.0203 5.8
-0.02006 4.5
-0.01981 3.2
-0.01957 1.8
-0.01933 0.4
-0.01908 -1.0
-0.01884 -2.4
-0.01859 -3.8
-0.01835 -5.2
-0.0181 -6.5
-0.01786 -7.8
-0.01762 -8.9
-0.01737 -10.0
-0.01713 -10.9
-0.01688 -11.7
-0.01664 -12.4
-0.0164 -12.9
-0.01615 -13.2
-0.01591 -13.3
-0.01566 -13.2
-0.01542 -13.0
-0.01517 -12.5
-0.01493 -11.9
-0.01469 -11.0
-0.01444 -10.0
-0.0142 -8.8
-0.01395 -7.5
-0.01371 -6.0
-0.01347 -4.4
-0.01322 -2.7
-0.01298 -1.0
-0.01273 0.9
-0.01249 2.7
-0.01225 4.5
-0.012 6.2
-0.01176 7.9
-0.01151 9.5
-0.01127 10.9
-0.01102 12.1
-0.01078 13.2
-0.01054 14.0
-0.01029 14.5
-0.01005 14.8
-0.0098 14.7
-0.00956 14.4
-0.00932 13.8
-0.00907 12.8
-0.00883 11.6
-0.00858 10.0
-0.00834 8.3
-0.00809 6.3
-0.00785 4.1
-0.00761 1.7
-0.00736 -0.7
-0.00712 -3.2
-0.00687 -5.7
-0.00663 -8.1
-0.00639 -10.3
-0.00614 -12.3
-0.0059 -14.0
-0.00565 -15.3
-0.00541 -16.3
-0.00517 -16.7
-0.00492 -16.7
-0.00468 -16.1
-0.00443 -15.0
-0.00419 -13.3
-0.00394 -11.1
-0.0037 -8.4
-0.00346 -5.3
-0.00321 -1.9
-0.00297 1.7
-0.00272 5.3
-0.00248 8.9
-0.00224 12.2
-0.00199 15.0
-0.00175 17.3
-0.0015 18.7
-0.00126 19.2
-0.00101 18.6
-0.00077 16.8
-0.00053 13.8
-0.00028 9.7
-4e-05 4.7
0.00021 -0.8
0.00045 -6.4
0.00069 -11.5
0.00094 -15.6
0.00118 -18.2
0.00143 -18.8
0.00167 -17.4
0.00191 -14.0
0.00216 -9.0
0.0024 -3.1
0.00265 3.0
0.00289 8.3
0.00314 12.2
0.00338 14.1
0.00362 14.0
0.00387 11.8
0.00411 8.1
0.00436 3.6
0.0046 -1.1
0.00484 -5.1
0.00509 -7.9
0.00533 -9.1
0.00558 -8.8
0.00582 -7.1
0.00607 -4.5
0.00631 -1.5
0.00655 1.5
0.0068 3.8
0.00704 5.2
0.00729 5.6
0.00753 4.9
0.00777 3.6
0.00802 1.8
0.00826 0.0
0.00851 -1.7
0.00875 -2.8
0.009 -3.3
0.00924 -3.2
0.00948 -2.5
0.00973 -1.5
0.00997 -0.3
0.01022 0.7
0.01046 1.5
0.0107 1.9
0.01095 2.0
0.01119 1.7
0.01144 1.1
0.01168 0.4
0.01192 -0.3
0.01217 -0.8
0.01241 -1.1
0.01266 -1.2
0.0129 -1.1
0.01315 -0.8
0.01339 -0.4
0.01363 0.0
0.01388 0.4
0.01412 0.6
0.01437 0.7
0.01461 0.7
0.01485 0.5
0.0151 0.3
0.01534 0.0
0.01559 -0.2
0.01583 -0.4
0.01608 -0.4
0.01632 -0.4
0.01656 -0.4
0.01681 -0.2
0.01705 0.0
0.0173 0.0
0.01754 0.2
0.01778 0.3
0.01803 0.3
0.01827 0.2
0.01852 0.2
0.01876 0.0
0.019 0.0
0.01925 -0.1
0.01949 -0.2
0.01974 -0.2
0.01998 -0.2
0.02023 -0.1
0.02047 0.0
0.02071 0.0
0.02096 0.0
0.0212 0.0
0.02145 0.1
0.02169 0.0
0.02193 0.0
0.02218 0.0
0.02242 0.0
0.02267 0.0
0.02291 0.0
0.02316 0.0
0.0234 0.0
0.02364 0.0
0.02389 0.0
0.02413 0.0
0.02438 0.0
0.02462 0.0
0.02486 0.0
0.02511 0.0
0.02535 0.0
0.0256 0.0
0.02584 0.0
0.02608 0.0
0.02633 0.0
0.02657 0.0
0.02682 0.0
0.02706 0.0
0.02731 0.0
0.02755 0.0
0.02779 0.0
0.02804 0.0
0.02828 0.0
0.02853 0.0
0.02877 0.0
0.02901 0.0
0.02926 0.0
0.0295 0.0
0.02975 0.0
0.02999 0.0
0.03024 0.0
0.03048 0.0
0.03072 0.0
0.03097 0.0
0.03121 0.0
0.03146 0.0
0.0317 0.0
0.03194 0.0
0.03219 0.0
0.03243 0.0
0.03268 0.0
0.03292 0.0
0.03316 0.0
0.03341 0.0
0.03365 0.0
0.0339 0.0
0.03414 0.0
0.03439 0.0
0.03463 0.0
0.03487 0.0
0.03512 0.0
0.03536 0.0
0.03561 0.0
0.03585 0.0
0.03609 0.0
0.03634 0.0
0.03658 0.0
0.03683 0.0
0.03707 0.0
0.03732 0.0
0.03756 0.0
0.0378 0.0
0.03805 0.0
0.03829 0.0
0.03854 0.0
0.03878 0.0
0.03902 0.0
0.03927 0.0
0.03951 0.0
0.03976 0.0
0.04 0.0
0.04025 0.0
0.04049 0.0
0.04073 0.0
0.04098 0.0
0.04122 0.0
0.04147 0.0
0.04171 0.0
0.04195 0.0
0.0422 0.0
0.04244 0.0
0.04269 0.0
0.04293 0.0
0.04317 0.0
0.04342 0.0
0.04366 0.0
0.04391 0.0
0.04415 0.0
0.0444 0.0
0.04464 0.0
0.04488 0.0
0.04513 0.0
0.04537 0.0
0.04562 0.0
0.04586 0.0
0.0461 0.0
0.04635 0.0
0.04659 0.0
0.04684 0.0
0.04708 0.0
0.04733 0.0
0.04757 0.0
0.04781 0.0
0.04806 0.0
0.0483 0.0
0.04855 0.0
0.04879 0.0
0.04903 0.0
0.04928 0.0
0.04952 0.0
0.04977 0.0
0.05001 0.0
0.05025 0.0
0.0505 0.0
0.05074 0.0
0.05099 0.0
0.05123 0.0
0.05148 0.0
0.05172 0.0
0.05196 0.0
0.05221 0.0
0.05245 0.0
0.0527 0.0
0.05294 0.0
0.05318 0.0
0.05343 0.0
0.05367 0.0
0.05392 0.0
0.05416 0.0
0.05441 0.0
0.05465 0.0
0.05489 0.0
0.05514 0.0
0.05538 0.0
0.05563 0.0
0.05587 0.0
0.05611 0.0
0.05636 0.0
0.0566 0.0
0.05685 0.0
0.05709 0.0
0.05733 0.0
0.05758 0.0
0.05782 0.0
0.05807 0.0
0.05831 0.0
0.05856 0.0
0.0588 0.0
0.05904 0.0
0.05929 0.0
0.05953 0.0
0.05978 0.0
0.06002 0.0
0.06026 0.0
0.06051 0.0
0.06075 0.0
0.061 0.0
0.06124 0.0
0.06149 0.0
0.06173 0.0
0.06197 0.0
0.06222 0.0
0.06246 0.0
0.06271 0.0
0.06295 0.0
0.06319 0.0
0.06344 0.0
0.06368 0.0
0.06393 0.0
0.06417 0.0
0.06441 0.0
0.06466 0.0
0.0649 0.0
0.06515 0.0
0.06539 0.0
0.06564 0.0
0.06588 0.0
0.06612 0.0
0.06637 0.0
0.06661 0.0
0.06686 0.0
0.0671 0.0
0.06734 0.0
0.06759 0.0
0.06783 0.0
0.06808 0.0
0.06832 0.0
0.06857 0.0
0.06881 0.0
0.06905 0.0
0.0693 0.0
0.06954 0.0
0.06979 0.0
0.07003 0.0
0.07027 0.0
0.07052 0.0
0.07076 0.0
0.07101 0.0
0.07125 0.0
0.0715 0.0
0.07174 0.0
0.07198 0.0
0.07223 0.0
0.07247 0.0
0.07272 0.0
0.07296 0.0
0.0732 0.0
0.07345 0.0
0.07369 0.0
0.07394 0.0
0.07418 0.0
0.07442 0.0
0.07467 0.0
0.07491 0.0
0.07516 0.0
0.0754 0.0
0.07565 0.0
0.07589 0.0
0.07613 0.0
0.07638 0.0
0.07662 0.0
0.07687 0.0
0.07711 0.0
0.07735 0.0
0.0776 0.0
0.07784 0.0
0.07809 0.0
0.07833 0.0
0.07858 0.0
0.07882 0.0
0.07906 0.0
0.07931 0.0
0.07955 0.0
0.0798 0.0
0.08004 0.0
0.08028 0.0
0.08053 0.0
0.08077 0.0
0.08102 0.0
0.08126 0.0
0.0815 0.0
0.08175 0.0
0.08199 0.0
0.08224 0.0
0.08248 0.0
0.08273 0.0
0.08297 0.0
0.08321 0.0
0.08346 0.0
0.0837 0.0
0.08395 0.0
0.08419 0.0
0.08443 0.0
0.08468 0.0
0.08492 0.0
0.08517 0.0
0.08541 0.0
0.08566 0.0
0.0859 0.0
0.08614 0.0
0.08639 0.0
0.08663 0.0
0.08688 0.0
0.08712 0.0
0.08736 0.0
0.08761 0.0
0.08785 0.0
0.0881 0.0
0.08834 0.0
0.08858 0.0
0.08883 0.0
0.08907 0.0
0.08932 0.0
0.08956 0.0
0.08981 0.0
0.09005 0.0
0.09029 0.0
0.09054 0.0
0.09078 0.0
0.09103 0.0
0.09127 0.0
0.09151 0.0
0.09176 0.0
0.092 0.0
0.09225 0.0
0.09249 0.0
0.09274 0.0
0.09298 0.0
0.09322 0.0
0.09347 0.0
0.09371 0.0
0.09396 0.0
0.0942 0.0
0.09444 0.0
0.09469 0.0
0.09493 0.0
0.09518 0.0
0.09542 0.0
0.09566 0.0
0.09591 0.0
0.09615 0.0
0.0964 0.0
0.09664 0.0
0.09689 0.0
0.09713 0.0
0.09737 0.0
0.09762 0.0
0.09786 0.0
0.09811 0.0
0.09835 0.0
0.09859 0.0
0.09884 0.0
0.09908 0.0
0.09933 0.0
0.09957 0.0
0.09982 0.0
0.10006 0.0
0.1003 0.0
0.10055 0.0
0.10079 0.0
0.10104 0.0
0.10128 0.0
0.10152 0.0
0.10177 0.0
0.10201 0.0
0.10226 0.0
0.1025 0.0
0.10275 0.0
0.10299 0.0
0.10323 0.0
0.10348 0.0
0.10372 0.0
0.10397 0.0
0.10421 0.0
0.10445 0.0
0.1047 0.0
0.10494 0.0
0.10519 0.0
0.10543 0.0
0.10567 0.0
0.10592 0.0
0.10616 0.0
0.10641 0.0
0.10665 0.0
0.1069 0.0
0.10714 0.0
0.10738 0.0
0.10763 0.0
0.10787 0.0
0.10812 0.0
0.10836 0.0
0.1086 0.0
0.10885 0.0
0.10909 0.0
0.10934 0.0
0.10958 0.0
0.10983 0.0
0.11007 0.0
0.11031 0.0
0.11056 0.0
0.1108 0.0
0.11105 0.0
0.11129 0.0
0.11153 0.0
0.11178 0.0
0.11202 0.0
0.11227 0.0
0.11251 0.0
0.11275 0.0
0.113 0.0
0.11324 0.0
0.11349 0.0
0.11373 0.0
0.11398 0.0
0.11422 0.0
0.11446 0.0
0.11471 0.0
0.11495 0.0
0.1152 0.0
0.11544 0.0
0.11568 0.0
0.11593 0.0
0.11617 0.0
0.11642 0.0
0.11666 0.0
0.11691 0.0
0.11715 0.0
0.11739 0.0
0.11764 0.0
0.11788 0.0
0.11813 0.0
0.11837 0.0
0.11861 0.0
0.11886 0.0
0.1191 0.0
0.11935 0.0
0.11959 0.0
0.11983 0.0
0.12008 0.0
0.12032 0.0
0.12057 0.0
0.12081 0.0
0.12106 0.0
0.1213 0.0
0.12154 0.0
0.12179 0.0
0.12203 0.0
0.12228 0.0
0.12252 0.0
0.12276 0.0
0.12301 0.0
0.12325 0.0
0.1235 0.0
0.12374 0.0
0.12399 0.0
0.12423 0.0
0.12447 0.0
0.12472 0.0
0.12496 0.0
0.12521 0.0
0.12545 0.0
0.12569 0.0
0.12594 0.0
0.12618 0.0
0.12643 0.0
0.12667 0.0
0.12691 0.0
0.12716 0.0
0.1274 0.0
0.12765 0.0
0.12789 0.0
0.12814 0.0
0.12838 0.0
0.12862 0.0
0.12887 0.0
0.12911 0.0
0.12936 0.0
0.1296 0.0
0.12984 0.0
0.13009 0.0
0.13033 0.0
0.13058 0.0
0.13082 0.0
0.13107 0.0
0.13131 0.0
0.13155 0.0
0.1318 0.0
0.13204 0.0
0.13229 0.0
0.13253 0.0
0.13277 0.0
0.13302 0.0
0.13326 0.0
0.13351 0.0
0.13375 0.0
0.134 0.0
0.13424 0.0
0.13448 0.0
0.13473 0.0
0.13497 0.0
0.13522 0.0
0.13546 0.0
0.1357 0.0
0.13595 0.0
0.13619 0.0
0.13644 0.0
0.13668 0.0
0.13692 0.0
0.13717 0.0
0.13741 0.0
0.13766 0.0
0.1379 0.0
0.13815 0.0
0.13839 0.0
0.13863 0.0
0.13888 0.0
0.13912 0.0
0.13937 0.0
0.13961 0.0
0.13985 0.0
0.1401 0.0
0.14034 0.0
0.14059 0.0
0.14083 0.0
0.14108 0.0
0.14132 0.0
0.14156 0.0
0.14181 0.0
0.14205 0.0
0.1423 0.0
0.14254 0.0
0.14278 0.0
0.14303 0.0
0.14327 0.0
0.14352 0.0
0.14376 0.0
0.144 0.0
0.14425 0.0
0.14449 0.0
0.14474 0.0
