t strain*1e23
-0.35983 -1.8
-0.35958 -1.9
-0.35934 -2.0
-0.35909 -2.0
-0.35885 -2.1
-0.3586 -2.2
-0.35836 -2.3
-0.35812 -2.4
-0.35787 -2.5
-0.35763 -2.6
-0.35738 -2.7
-0.35714 -2.7
-0.3569 -2.8
-0.35665 -2.9
-0.35641 -3.0
-0.35616 -3.0
-0.35592 -3.1
-0.35567 -3.1
-0.35543 -3.2
-0.35519 -3.2
-0.35494 -3.3
-0.3547 -3.3
-0.35445 -3.4
-0.35421 -3.4
-0.35397 -3.5
-0.35372 -3.5
-0.35348 -3.5
-0.35323 -3.6
-0.35299 -3.6
-0.35275 -3.6
-0.3525 -3.6
-0.35226 -3.6
-0.35201 -3.6
-0.35177 -3.6
-0.35152 -3.6
-0.35128 -3.6
-0.35104 -3.6
-0.35079 -3.6
-0.35055 -3.6
-0.3503 -3.6
-0.35006 -3.6
-0.34982 -3.5
-0.34957 -3.5
-0.34933 -3.5
-0.34908 -3.4
-0.34884 -3.4
-0.34859 -3.4
-0.34835 -3.3
-0.34811 -3.3
-0.34786 -3.2
-0.34762 -3.1
-0.34737 -3.1
-0.34713 -3.0
-0.34689 -3.0
-0.34664 -2.9
-0.3464 -2.8
-0.34615 -2.7
-0.34591 -2.7
-0.34566 -2.6
-0.34542 -2.5
-0.34518 -2.4
-0.34493 -2.3
-0.34469 -2.2
-0.34444 -2.1
-0.3442 -2.0
-0.34396 -1.9
-0.34371 -1.8
-0.34347 -1.7
-0.34322 -1.6
-0.34298 -1.5
-0.34274 -1.4
-0.34249 -1.3
-0.34225 -1.2
-0.342 -1.1
-0.34176 -1.0
-0.34151 -0.9
-0.34127 -0.7
-0.34103 -0.6
-0.34078 -0.5
-0.34054 -0.4
-0.34029 -0.3
-0.34005 -0.2
-0.33981 0.0
-0.33956 0.0
-0.33932 0.2
-0.33907 0.3
-0.33883 0.4
-0.33858 0.5
-0.33834 0.7
-0.3381 0.8
-0.33785 0.9
-0.33761 1.0
-0.33736 1.1
-0.33712 1.2
-0.33688 1.3
-0.33663 1.5
-0.33639 1.6
-0.33614 1.7
-0.3359 1.8
-0.33566 1.9
-0.33541 2.0
-0.33517 2.1
-0.33492 2.2
-0.33468 2.3
-0.33443 2.4
-0.33419 2.5
-0.33395 2.5
-0.3337 2.6
-0.33346 2.7
-0.33321 2.8
-0.33297 2.9
-0.33273 2.9
-0.33248 3.0
-0.33224 3.1
-0.33199 3.1
-0.33175 3.2
-0.3315 3.3
-0.33126 3.3
-0.33102 3.4
-0.33077 3.4
-0.33053 3.5
-0.33028 3.5
-0.33004 3.5
-0.3298 3.6
-0.32955 3.6
-0.32931 3.6
-0.32906 3.6
-0.32882 3.7
-0.32858 3.7
-0.32833 3.7
-0.32809 3.7
-0.32784 3.7
-0.3276 3.7
-0.32735 3.7
-0.32711 3.7
-0.32687 3.7
-0.32662 3.6
-0.32638 3.6
-0.32613 3.6
-0.32589 3.6
-0.32565 3.5
-0.3254 3.5
-0.32516 3.4
-0.32491 3.4
-0.32467 3.4
-0.32442 3.3
-0.32418 3.2
-0.32394 3.2
-0.32369 3.1
-0.32345 3.1
-0.3232 3.0
-0.32296 2.9
-0.32272 2.8
-0.32247 2.8
-0.32223 2.7
-0.32198 2.6
-0.32174 2.5
-0.3215 2.4
-0.32125 2.3
-0.32101 2.2
-0.32076 2.1
-0.32052 2.0
-0.32027 1.9
-0.32003 1.8
-0.31979 1.7
-0.31954 1.6
-0.3193 1.5
-0.31905 1.4
-0.31881 1.3
-0.31857 1.2
-0.31832 1.0
-0.31808 0.9
-0.31783 0.8
-0.31759 0.7
-0.31734 0.6
-0.3171 0.4
-0.31686 0.3
-0.31661 0.2
-0.31637 0.0
-0.31612 0.0
-0.31588 -0.2
-0.31564 -0.3
-0.31539 -0.4
-0.31515 -0.5
-0.3149 -0.7
-0.31466 -0.8
-0.31441 -0.9
-0.31417 -1.0
-0.31393 -1.1
-0.31368 -1.3
-0.31344 -1.4
-0.31319 -1.5
-0.31295 -1.6
-0.31271 -1.7
-0.31246 -1.8
-0.31222 -1.9
-0.31197 -2.0
-0.31173 -2.1
-0.31149 -2.2
-0.31124 -2.3
-0.311 -2.4
-0.31075 -2.5
-0.31051 -2.6
-0.31026 -2.7
-0.31002 -2.8
-0.30978 -2.9
-0.30953 -2.9
-0.30929 -3.0
-0.30904 -3.1
-0.3088 -3.2
-0.30856 -3.2
-0.30831 -3.3
-0.30807 -3.3
-0.30782 -3.4
-0.30758 -3.4
-0.30733 -3.5
-0.30709 -3.5
-0.30685 -3.6
-0.3066 -3.6
-0.30636 -3.6
-0.30611 -3.7
-0.30587 -3.7
-0.30563 -3.7
-0.30538 -3.7
-0.30514 -3.7
-0.30489 -3.7
-0.30465 -3.7
-0.30441 -3.7
-0.30416 -3.7
-0.30392 -3.7
-0.30367 -3.7
-0.30343 -3.7
-0.30318 -3.7
-0.30294 -3.6
-0.3027 -3.6
-0.30245 -3.6
-0.30221 -3.5
-0.30196 -3.5
-0.30172 -3.4
-0.30148 -3.4
-0.30123 -3.3
-0.30099 -3.3
-0.30074 -3.2
-0.3005 -3.2
-0.30025 -3.1
-0.30001 -3.0
-0.29977 -2.9
-0.29952 -2.9
-0.29928 -2.8
-0.29903 -2.7
-0.29879 -2.6
-0.29855 -2.5
-0.2983 -2.4
-0.29806 -2.3
-0.29781 -2.2
-0.29757 -2.1
-0.29733 -2.0
-0.29708 -1.9
-0.29684 -1.8
-0.29659 -1.7
-0.29635 -1.6
-0.2961 -1.4
-0.29586 -1.3
-0.29562 -1.2
-0.29537 -1.1
-0.29513 -1.0
-0.29488 -0.8
-0.29464 -0.7
-0.2944 -0.6
-0.29415 -0.5
-0.29391 -0.3
-0.29366 -0.2
-0.29342 0.0
-0.29317 0.0
-0.29293 0.2
-0.29269 0.3
-0.29244 0.4
-0.2922 0.6
-0.29195 0.7
-0.29171 0.8
-0.29147 0.9
-0.29122 1.1
-0.29098 1.2
-0.29073 1.3
-0.29049 1.4
-0.29025 1.5
-0.29 1.6
-0.28976 1.8
-0.28951 1.9
-0.28927 2.0
-0.28902 2.1
-0.28878 2.2
-0.28854 2.3
-0.28829 2.4
-0.28805 2.5
-0.2878 2.6
-0.28756 2.7
-0.28732 2.8
-0.28707 2.9
-0.28683 3.0
-0.28658 3.0
-0.28634 3.1
-0.28609 3.2
-0.28585 3.2
-0.28561 3.3
-0.28536 3.4
-0.28512 3.4
-0.28487 3.5
-0.28463 3.5
-0.28439 3.6
-0.28414 3.6
-0.2839 3.7
-0.28365 3.7
-0.28341 3.7
-0.28316 3.7
-0.28292 3.8
-0.28268 3.8
-0.28243 3.8
-0.28219 3.8
-0.28194 3.8
-0.2817 3.8
-0.28146 3.8
-0.28121 3.8
-0.28097 3.8
-0.28072 3.7
-0.28048 3.7
-0.28024 3.7
-0.27999 3.7
-0.27975 3.6
-0.2795 3.6
-0.27926 3.5
-0.27901 3.5
-0.27877 3.4
-0.27853 3.4
-0.27828 3.3
-0.27804 3.2
-0.27779 3.2
-0.27755 3.1
-0.27731 3.0
-0.27706 2.9
-0.27682 2.9
-0.27657 2.8
-0.27633 2.7
-0.27608 2.6
-0.27584 2.5
-0.2756 2.4
-0.27535 2.3
-0.27511 2.2
-0.27486 2.1
-0.27462 2.0
-0.27438 1.8
-0.27413 1.7
-0.27389 1.6
-0.27364 1.5
-0.2734 1.4
-0.27316 1.2
-0.27291 1.1
-0.27267 1.0
-0.27242 0.9
-0.27218 0.7
-0.27193 0.6
-0.27169 0.5
-0.27145 0.3
-0.2712 0.2
-0.27096 0.0
-0.27071 0.0
-0.27047 -0.2
-0.27023 -0.3
-0.26998 -0.5
-0.26974 -0.6
-0.26949 -0.7
-0.26925 -0.9
-0.269 -1.0
-0.26876 -1.1
-0.26852 -1.2
-0.26827 -1.4
-0.26803 -1.5
-0.26778 -1.6
-0.26754 -1.7
-0.2673 -1.9
-0.26705 -2.0
-0.26681 -2.1
-0.26656 -2.2
-0.26632 -2.3
-0.26608 -2.4
-0.26583 -2.5
-0.26559 -2.6
-0.26534 -2.7
-0.2651 -2.8
-0.26485 -2.9
-0.26461 -3.0
-0.26437 -3.1
-0.26412 -3.1
-0.26388 -3.2
-0.26363 -3.3
-0.26339 -3.4
-0.26315 -3.4
-0.2629 -3.5
-0.26266 -3.5
-0.26241 -3.6
-0.26217 -3.6
-0.26192 -3.7
-0.26168 -3.7
-0.26144 -3.8
-0.26119 -3.8
-0.26095 -3.8
-0.2607 -3.8
-0.26046 -3.9
-0.26022 -3.9
-0.25997 -3.9
-0.25973 -3.9
-0.25948 -3.9
-0.25924 -3.9
-0.259 -3.8
-0.25875 -3.8
-0.25851 -3.8
-0.25826 -3.8
-0.25802 -3.7
-0.25777 -3.7
-0.25753 -3.7
-0.25729 -3.6
-0.25704 -3.6
-0.2568 -3.5
-0.25655 -3.5
-0.25631 -3.4
-0.25607 -3.3
-0.25582 -3.3
-0.25558 -3.2
-0.25533 -3.1
-0.25509 -3.0
-0.25484 -2.9
-0.2546 -2.8
-0.25436 -2.7
-0.25411 -2.6
-0.25387 -2.5
-0.25362 -2.4
-0.25338 -2.3
-0.25314 -2.2
-0.25289 -2.1
-0.25265 -2.0
-0.2524 -1.9
-0.25216 -1.7
-0.25191 -1.6
-0.25167 -1.5
-0.25143 -1.4
-0.25118 -1.2
-0.25094 -1.1
-0.25069 -1.0
-0.25045 -0.8
-0.25021 -0.7
-0.24996 -0.6
-0.24972 -0.4
-0.24947 -0.3
-0.24923 -0.2
-0.24899 0.0
-0.24874 0.1
-0.2485 0.3
-0.24825 0.4
-0.24801 0.5
-0.24776 0.7
-0.24752 0.8
-0.24728 0.9
-0.24703 1.1
-0.24679 1.2
-0.24654 1.3
-0.2463 1.5
-0.24606 1.6
-0.24581 1.7
-0.24557 1.9
-0.24532 2.0
-0.24508 2.1
-0.24483 2.2
-0.24459 2.3
-0.24435 2.4
-0.2441 2.6
-0.24386 2.7
-0.24361 2.8
-0.24337 2.9
-0.24313 3.0
-0.24288 3.0
-0.24264 3.1
-0.24239 3.2
-0.24215 3.3
-0.24191 3.4
-0.24166 3.4
-0.24142 3.5
-0.24117 3.6
-0.24093 3.6
-0.24068 3.7
-0.24044 3.7
-0.2402 3.8
-0.23995 3.8
-0.23971 3.8
-0.23946 3.9
-0.23922 3.9
-0.23898 3.9
-0.23873 3.9
-0.23849 3.9
-0.23824 3.9
-0.238 3.9
-0.23775 3.9
-0.23751 3.9
-0.23727 3.9
-0.23702 3.9
-0.23678 3.9
-0.23653 3.8
-0.23629 3.8
-0.23605 3.7
-0.2358 3.7
-0.23556 3.6
-0.23531 3.6
-0.23507 3.5
-0.23483 3.5
-0.23458 3.4
-0.23434 3.3
-0.23409 3.2
-0.23385 3.1
-0.2336 3.1
-0.23336 3.0
-0.23312 2.9
-0.23287 2.8
-0.23263 2.7
-0.23238 2.6
-0.23214 2.5
-0.2319 2.3
-0.23165 2.2
-0.23141 2.1
-0.23116 2.0
-0.23092 1.9
-0.23067 1.7
-0.23043 1.6
-0.23019 1.5
-0.22994 1.3
-0.2297 1.2
-0.22945 1.0
-0.22921 0.9
-0.22897 0.8
-0.22872 0.6
-0.22848 0.5
-0.22823 0.3
-0.22799 0.2
-0.22775 0.0
-0.2275 0.0
-0.22726 -0.2
-0.22701 -0.4
-0.22677 -0.5
-0.22652 -0.7
-0.22628 -0.8
-0.22604 -1.0
-0.22579 -1.1
-0.22555 -1.2
-0.2253 -1.4
-0.22506 -1.5
-0.22482 -1.7
-0.22457 -1.8
-0.22433 -1.9
-0.22408 -2.0
-0.22384 -2.2
-0.22359 -2.3
-0.22335 -2.4
-0.22311 -2.5
-0.22286 -2.6
-0.22262 -2.7
-0.22237 -2.8
-0.22213 -3.0
-0.22189 -3.0
-0.22164 -3.1
-0.2214 -3.2
-0.22115 -3.3
-0.22091 -3.4
-0.22066 -3.5
-0.22042 -3.5
-0.22018 -3.6
-0.21993 -3.7
-0.21969 -3.7
-0.21944 -3.8
-0.2192 -3.8
-0.21896 -3.9
-0.21871 -3.9
-0.21847 -3.9
-0.21822 -4.0
-0.21798 -4.0
-0.21774 -4.0
-0.21749 -4.0
-0.21725 -4.0
-0.217 -4.0
-0.21676 -4.0
-0.21651 -4.0
-0.21627 -4.0
-0.21603 -4.0
-0.21578 -3.9
-0.21554 -3.9
-0.21529 -3.8
-0.21505 -3.8
-0.21481 -3.8
-0.21456 -3.7
-0.21432 -3.6
-0.21407 -3.6
-0.21383 -3.5
-0.21358 -3.4
-0.21334 -3.3
-0.2131 -3.3
-0.21285 -3.2
-0.21261 -3.1
-0.21236 -3.0
-0.21212 -2.9
-0.21188 -2.8
-0.21163 -2.7
-0.21139 -2.5
-0.21114 -2.4
-0.2109 -2.3
-0.21066 -2.2
-0.21041 -2.0
-0.21017 -1.9
-0.20992 -1.8
-0.20968 -1.6
-0.20943 -1.5
-0.20919 -1.4
-0.20895 -1.2
-0.2087 -1.1
-0.20846 -0.9
-0.20821 -0.8
-0.20797 -0.6
-0.20773 -0.5
-0.20748 -0.3
-0.20724 -0.2
-0.20699 0.0
-0.20675 0.1
-0.2065 0.3
-0.20626 0.4
-0.20602 0.6
-0.20577 0.7
-0.20553 0.9
-0.20528 1.0
-0.20504 1.2
-0.2048 1.3
-0.20455 1.5
-0.20431 1.6
-0.20406 1.8
-0.20382 1.9
-0.20358 2.0
-0.20333 2.2
-0.20309 2.3
-0.20284 2.4
-0.2026 2.5
-0.20235 2.7
-0.20211 2.8
-0.20187 2.9
-0.20162 3.0
-0.20138 3.1
-0.20113 3.2
-0.20089 3.3
-0.20065 3.4
-0.2004 3.5
-0.20016 3.5
-0.19991 3.6
-0.19967 3.7
-0.19942 3.8
-0.19918 3.8
-0.19894 3.9
-0.19869 3.9
-0.19845 4.0
-0.1982 4.0
-0.19796 4.0
-0.19772 4.1
-0.19747 4.1
-0.19723 4.1
-0.19698 4.1
-0.19674 4.1
-0.1965 4.1
-0.19625 4.1
-0.19601 4.1
-0.19576 4.0
-0.19552 4.0
-0.19527 4.0
-0.19503 3.9
-0.19479 3.9
-0.19454 3.8
-0.1943 3.8
-0.19405 3.7
-0.19381 3.7
-0.19357 3.6
-0.19332 3.5
-0.19308 3.4
-0.19283 3.3
-0.19259 3.2
-0.19234 3.1
-0.1921 3.0
-0.19186 2.9
-0.19161 2.8
-0.19137 2.7
-0.19112 2.6
-0.19088 2.4
-0.19064 2.3
-0.19039 2.2
-0.19015 2.0
-0.1899 1.9
-0.18966 1.8
-0.18941 1.6
-0.18917 1.5
-0.18893 1.3
-0.18868 1.2
-0.18844 1.0
-0.18819 0.9
-0.18795 0.7
-0.18771 0.5
-0.18746 0.4
-0.18722 0.2
-0.18697 0.0
-0.18673 0.0
-0.18649 -0.3
-0.18624 -0.4
-0.186 -0.6
-0.18575 -0.7
-0.18551 -0.9
-0.18526 -1.1
-0.18502 -1.2
-0.18478 -1.4
-0.18453 -1.5
-0.18429 -1.7
-0.18404 -1.8
-0.1838 -2.0
-0.18356 -2.1
-0.18331 -2.2
-0.18307 -2.4
-0.18282 -2.5
-0.18258 -2.6
-0.18233 -2.8
-0.18209 -2.9
-0.18185 -3.0
-0.1816 -3.1
-0.18136 -3.2
-0.18111 -3.3
-0.18087 -3.4
-0.18063 -3.5
-0.18038 -3.6
-0.18014 -3.7
-0.17989 -3.7
-0.17965 -3.8
-0.17941 -3.9
-0.17916 -3.9
-0.17892 -4.0
-0.17867 -4.0
-0.17843 -4.1
-0.17818 -4.1
-0.17794 -4.1
-0.1777 -4.2
-0.17745 -4.2
-0.17721 -4.2
-0.17696 -4.2
-0.17672 -4.2
-0.17648 -4.2
-0.17623 -4.2
-0.17599 -4.1
-0.17574 -4.1
-0.1755 -4.1
-0.17525 -4.0
-0.17501 -4.0
-0.17477 -3.9
-0.17452 -3.8
-0.17428 -3.8
-0.17403 -3.7
-0.17379 -3.6
-0.17355 -3.5
-0.1733 -3.4
-0.17306 -3.3
-0.17281 -3.2
-0.17257 -3.1
-0.17233 -3.0
-0.17208 -2.9
-0.17184 -2.8
-0.17159 -2.7
-0.17135 -2.5
-0.1711 -2.4
-0.17086 -2.2
-0.17062 -2.1
-0.17037 -2.0
-0.17013 -1.8
-0.16988 -1.7
-0.16964 -1.5
-0.1694 -1.3
-0.16915 -1.2
-0.16891 -1.0
-0.16866 -0.9
-0.16842 -0.7
-0.16817 -0.5
-0.16793 -0.4
-0.16769 -0.2
-0.16744 0.0
-0.1672 0.2
-0.16695 0.3
-0.16671 0.5
-0.16647 0.7
-0.16622 0.8
-0.16598 1.0
-0.16573 1.2
-0.16549 1.3
-0.16525 1.5
-0.165 1.7
-0.16476 1.8
-0.16451 2.0
-0.16427 2.1
-0.16402 2.3
-0.16378 2.4
-0.16354 2.5
-0.16329 2.7
-0.16305 2.8
-0.1628 2.9
-0.16256 3.1
-0.16232 3.2
-0.16207 3.3
-0.16183 3.4
-0.16158 3.5
-0.16134 3.6
-0.16109 3.7
-0.16085 3.8
-0.16061 3.9
-0.16036 3.9
-0.16012 4.0
-0.15987 4.1
-0.15963 4.1
-0.15939 4.2
-0.15914 4.2
-0.1589 4.2
-0.15865 4.3
-0.15841 4.3
-0.15816 4.3
-0.15792 4.3
-0.15768 4.3
-0.15743 4.3
-0.15719 4.3
-0.15694 4.2
-0.1567 4.2
-0.15646 4.2
-0.15621 4.1
-0.15597 4.1
-0.15572 4.0
-0.15548 3.9
-0.15524 3.9
-0.15499 3.8
-0.15475 3.7
-0.1545 3.6
-0.15426 3.5
-0.15401 3.4
-0.15377 3.3
-0.15353 3.2
-0.15328 3.1
-0.15304 2.9
-0.15279 2.8
-0.15255 2.7
-0.15231 2.5
-0.15206 2.4
-0.15182 2.2
-0.15157 2.1
-0.15133 1.9
-0.15108 1.7
-0.15084 1.6
-0.1506 1.4
-0.15035 1.2
-0.15011 1.1
-0.14986 0.9
-0.14962 0.7
-0.14938 0.5
-0.14913 0.4
-0.14889 0.2
-0.14864 0.0
-0.1484 -0.2
-0.14816 -0.4
-0.14791 -0.5
-0.14767 -0.7
-0.14742 -0.9
-0.14718 -1.1
-0.14693 -1.3
-0.14669 -1.4
-0.14645 -1.6
-0.1462 -1.8
-0.14596 -1.9
-0.14571 -2.1
-0.14547 -2.3
-0.14523 -2.4
-0.14498 -2.6
-0.14474 -2.7
-0.14449 -2.9
-0.14425 -3.0
-0.144 -3.1
-0.14376 -3.2
-0.14352 -3.4
-0.14327 -3.5
-0.14303 -3.6
-0.14278 -3.7
-0.14254 -3.8
-0.1423 -3.9
-0.14205 -4.0
-0.14181 -4.0
-0.14156 -4.1
-0.14132 -4.2
-0.14108 -4.2
-0.14083 -4.3
-0.14059 -4.3
-0.14034 -4.3
-0.1401 -4.4
-0.13985 -4.4
-0.13961 -4.4
-0.13937 -4.4
-0.13912 -4.4
-0.13888 -4.4
-0.13863 -4.4
-0.13839 -4.3
-0.13815 -4.3
-0.1379 -4.2
-0.13766 -4.2
-0.13741 -4.1
-0.13717 -4.0
-0.13692 -4.0
-0.13668 -3.9
-0.13644 -3.8
-0.13619 -3.7
-0.13595 -3.6
-0.1357 -3.5
-0.13546 -3.4
-0.13522 -3.2
-0.13497 -3.1
-0.13473 -3.0
-0.13448 -2.8
-0.13424 -2.7
-0.134 -2.5
-0.13375 -2.4
-0.13351 -2.2
-0.13326 -2.0
-0.13302 -1.9
-0.13277 -1.7
-0.13253 -1.5
-0.13229 -1.3
-0.13204 -1.1
-0.1318 -1.0
-0.13155 -0.8
-0.13131 -0.6
-0.13107 -0.4
-0.13082 -0.2
-0.13058 0.0
-0.13033 0.2
-0.13009 0.4
-0.12984 0.6
-0.1296 0.8
-0.12936 1.0
-0.12911 1.1
-0.12887 1.3
-0.12862 1.5
-0.12838 1.7
-0.12814 1.9
-0.12789 2.1
-0.12765 2.2
-0.1274 2.4
-0.12716 2.6
-0.12691 2.7
-0.12667 2.9
-0.12643 3.0
-0.12618 3.2
-0.12594 3.3
-0.12569 3.4
-0.12545 3.6
-0.12521 3.7
-0.12496 3.8
-0.12472 3.9
-0.12447 4.0
-0.12423 4.1
-0.12399 4.2
-0.12374 4.2
-0.1235 4.3
-0.12325 4.4
-0.12301 4.4
-0.12276 4.5
-0.12252 4.5
-0.12228 4.5
-0.12203 4.5
-0.12179 4.5
-0.12154 4.5
-0.1213 4.5
-0.12106 4.5
-0.12081 4.5
-0.12057 4.4
-0.12032 4.4
-0.12008 4.3
-0.11983 4.3
-0.11959 4.2
-0.11935 4.1
-0.1191 4.0
-0.11886 3.9
-0.11861 3.8
-0.11837 3.7
-0.11813 3.6
-0.11788 3.4
-0.11764 3.3
-0.11739 3.2
-0.11715 3.0
-0.11691 2.9
-0.11666 2.7
-0.11642 2.5
-0.11617 2.4
-0.11593 2.2
-0.11568 2.0
-0.11544 1.8
-0.1152 1.6
-0.11495 1.4
-0.11471 1.2
-0.11446 1.0
-0.11422 0.8
-0.11398 0.6
-0.11373 0.4
-0.11349 0.2
-0.11324 0.0
-0.113 -0.2
-0.11275 -0.4
-0.11251 -0.6
-0.11227 -0.8
-0.11202 -1.0
-0.11178 -1.2
-0.11153 -1.4
-0.11129 -1.6
-0.11105 -1.8
-0.1108 -2.0
-0.11056 -2.2
-0.11031 -2.4
-0.11007 -2.6
-0.10983 -2.7
-0.10958 -2.9
-0.10934 -3.1
-0.10909 -3.2
-0.10885 -3.4
-0.1086 -3.5
-0.10836 -3.7
-0.10812 -3.8
-0.10787 -3.9
-0.10763 -4.0
-0.10738 -4.1
-0.10714 -4.2
-0.1069 -4.3
-0.10665 -4.4
-0.10641 -4.5
-0.10616 -4.5
-0.10592 -4.6
-0.10567 -4.6
-0.10543 -4.6
-0.10519 -4.7
-0.10494 -4.7
-0.1047 -4.7
-0.10445 -4.7
-0.10421 -4.6
-0.10397 -4.6
-0.10372 -4.6
-0.10348 -4.5
-0.10323 -4.5
-0.10299 -4.4
-0.10275 -4.3
-0.1025 -4.2
-0.10226 -4.1
-0.10201 -4.0
-0.10177 -3.9
-0.10152 -3.8
-0.10128 -3.7
-0.10104 -3.5
-0.10079 -3.4
-0.10055 -3.2
-0.1003 -3.0
-0.10006 -2.9
-0.09982 -2.7
-0.09957 -2.5
-0.09933 -2.3
-0.09908 -2.1
-0.09884 -1.9
-0.09859 -1.7
-0.09835 -1.5
-0.09811 -1.3
-0.09786 -1.1
-0.09762 -0.9
-0.09737 -0.6
-0.09713 -0.4
-0.09689 -0.2
-0.09664 0.0
-0.0964 0.3
-0.09615 0.5
-0.09591 0.7
-0.09566 0.9
-0.09542 1.2
-0.09518 1.4
-0.09493 1.6
-0.09469 1.8
-0.09444 2.0
-0.0942 2.2
-0.09396 2.4
-0.09371 2.6
-0.09347 2.8
-0.09322 3.0
-0.09298 3.2
-0.09274 3.3
-0.09249 3.5
-0.09225 3.7
-0.092 3.8
-0.09176 4.0
-0.09151 4.1
-0.09127 4.2
-0.09103 4.3
-0.09078 4.4
-0.09054 4.5
-0.09029 4.6
-0.09005 4.7
-0.08981 4.7
-0.08956 4.8
-0.08932 4.8
-0.08907 4.8
-0.08883 4.8
-0.08858 4.8
-0.08834 4.8
-0.0881 4.8
-0.08785 4.8
-0.08761 4.7
-0.08736 4.7
-0.08712 4.6
-0.08688 4.5
-0.08663 4.4
-0.08639 4.3
-0.08614 4.2
-0.0859 4.1
-0.08566 4.0
-0.08541 3.8
-0.08517 3.7
-0.08492 3.5
-0.08468 3.4
-0.08443 3.2
-0.08419 3.0
-0.08395 2.8
-0.0837 2.6
-0.08346 2.4
-0.08321 2.2
-0.08297 2.0
-0.08273 1.7
-0.08248 1.5
-0.08224 1.3
-0.08199 1.0
-0.08175 0.8
-0.0815 0.5
-0.08126 0.3
-0.08102 0.0
-0.08077 -0.2
-0.08053 -0.4
-0.08028 -0.7
-0.08004 -0.9
-0.0798 -1.2
-0.07955 -1.4
-0.07931 -1.7
-0.07906 -1.9
-0.07882 -2.1
-0.07858 -2.4
-0.07833 -2.6
-0.07809 -2.8
-0.07784 -3.0
-0.0776 -3.2
-0.07735 -3.4
-0.07711 -3.6
-0.07687 -3.8
-0.07662 -3.9
-0.07638 -4.1
-0.07613 -4.2
-0.07589 -4.4
-0.07565 -4.5
-0.0754 -4.6
-0.07516 -4.7
-0.07491 -4.8
-0.07467 -4.9
-0.07442 -4.9
-0.07418 -5.0
-0.07394 -5.0
-0.07369 -5.0
-0.07345 -5.0
-0.0732 -5.0
-0.07296 -5.0
-0.07272 -5.0
-0.07247 -4.9
-0.07223 -4.9
-0.07198 -4.8
-0.07174 -4.7
-0.0715 -4.6
-0.07125 -4.5
-0.07101 -4.4
-0.07076 -4.3
-0.07052 -4.1
-0.07027 -4.0
-0.07003 -3.8
-0.06979 -3.6
-0.06954 -3.4
-0.0693 -3.2
-0.06905 -3.0
-0.06881 -2.8
-0.06857 -2.6
-0.06832 -2.3
-0.06808 -2.1
-0.06783 -1.8
-0.06759 -1.6
-0.06734 -1.3
-0.0671 -1.0
-0.06686 -0.8
-0.06661 -0.5
-0.06637 -0.2
-0.06612 0.0
-0.06588 0.3
-0.06564 0.6
-0.06539 0.9
-0.06515 1.2
-0.0649 1.4
-0.06466 1.7
-0.06441 2.0
-0.06417 2.2
-0.06393 2.5
-0.06368 2.7
-0.06344 2.9
-0.06319 3.2
-0.06295 3.4
-0.06271 3.6
-0.06246 3.8
-0.06222 4.0
-0.06197 4.2
-0.06173 4.4
-0.06149 4.5
-0.06124 4.7
-0.061 4.8
-0.06075 4.9
-0.06051 5.0
-0.06026 5.1
-0.06002 5.2
-0.05978 5.2
-0.05953 5.3
-0.05929 5.3
-0.05904 5.3
-0.0588 5.3
-0.05856 5.3
-0.05831 5.2
-0.05807 5.2
-0.05782 5.1
-0.05758 5.0
-0.05733 4.9
-0.05709 4.8
-0.05685 4.6
-0.0566 4.5
-0.05636 4.3
-0.05611 4.1
-0.05587 3.9
-0.05563 3.7
-0.05538 3.5
-0.05514 3.3
-0.05489 3.0
-0.05465 2.8
-0.05441 2.5
-0.05416 2.2
-0.05392 1.9
-0.05367 1.6
-0.05343 1.4
-0.05318 1.1
-0.05294 0.7
-0.0527 0.4
-0.05245 0.1
-0.05221 -0.2
-0.05196 -0.5
-0.05172 -0.8
-0.05148 -1.1
-0.05123 -1.4
-0.05099 -1.7
-0.05074 -2.0
-0.0505 -2.3
-0.05025 -2.6
-0.05001 -2.9
-0.04977 -3.2
-0.04952 -3.4
-0.04928 -3.7
-0.04903 -3.9
-0.04879 -4.2
-0.04855 -4.4
-0.0483 -4.6
-0.04806 -4.7
-0.04781 -4.9
-0.04757 -5.1
-0.04733 -5.2
-0.04708 -5.3
-0.04684 -5.4
-0.04659 -5.5
-0.04635 -5.5
-0.0461 -5.6
-0.04586 -5.6
-0.04562 -5.6
-0.04537 -5.6
-0.04513 -5.5
-0.04488 -5.5
-0.04464 -5.4
-0.0444 -5.3
-0.04415 -5.1
-0.04391 -5.0
-0.04366 -4.8
-0.04342 -4.7
-0.04317 -4.4
-0.04293 -4.2
-0.04269 -4.0
-0.04244 -3.7
-0.0422 -3.5
-0.04195 -3.2
-0.04171 -2.9
-0.04147 -2.6
-0.04122 -2.3
-0.04098 -1.9
-0.04073 -1.6
-0.04049 -1.2
-0.04025 -0.9
-0.04 -0.5
-0.03976 -0.2
-0.03951 0.2
-0.03927 0.6
-0.03902 0.9
-0.03878 1.3
-0.03854 1.7
-0.03829 2.0
-0.03805 2.4
-0.0378 2.7
-0.03756 3.0
-0.03732 3.4
-0.03707 3.7
-0.03683 4.0
-0.03658 4.2
-0.03634 4.5
-0.03609 4.7
-0.03585 5.0
-0.03561 5.2
-0.03536 5.4
-0.03512 5.5
-0.03487 5.7
-0.03463 5.8
-0.03439 5.9
-0.03414 5.9
-0.0339 6.0
-0.03365 6.0
-0.03341 6.0
-0.03316 5.9
-0.03292 5.9
-0.03268 5.8
-0.03243 5.7
-0.03219 5.5
-0.03194 5.3
-0.0317 5.1
-0.03146 4.9
-0.03121 4.7
-0.03097 4.4
-0.03072 4.1
-0.03048 3.8
-0.03024 3.4
-0.02999 3.1
-0.02975 2.7
-0.0295 2.3
-0.02926 1.9
-0.02901 1.5
-0.02877 1.1
-0.02853 0.6
-0.02828 0.2
-0.02804 -0.2
-0.02779 -0.7
-0.02755 -1.1
-0.02731 -1.6
-0.02706 -2.0
-0.02682 -2.4
-0.02657 -2.9
-0.02633 -3.3
-0.02608 -3.7
-0.02584 -4.0
-0.0256 -4.4
-0.02535 -4.7
-0.02511 -5.0
-0.02486 -5.3
-0.02462 -5.6
-0.02438 -5.8
-0.02413 -6.0
-0.02389 -6.2
-0.02364 -6.3
-0.0234 -6.4
-0.02316 -6.5
-0.02291 -6.5
-0.02267 -6.5
-0.02242 -6.5
-0.02218 -6.4
-0.02193 -6.3
-0.02169 -6.1
-0.02145 -5.9
-0.0212 -5.7
-0.02096 -5.4
-0.02071 -5.1
-0.02047 -4.7
-0.02023 -4.4
-0.01998 -4.0
-0.01974 -3.5
-0.01949 -3.0
-0.01925 -2.6
-0.019 -2.0
-0.01876 -1.5
-0.01852 -1.0
-0.01827 -0.4
-0.01803 0.1
-0.01778 0.7
-0.01754 1.3
-0.0173 1.9
-0.01705 2.4
-0.01681 3.0
-0.01656 3.5
-0.01632 4.0
-0.01608 4.5
-0.01583 5.0
-0.01559 5.4
-0.01534 5.8
-0.0151 6.2
-0.01485 6.5
-0.01461 6.7
-0.01437 7.0
-0.01412 7.1
-0.01388 7.2
-0.01363 7.3
-0.01339 7.3
-0.01315 7.2
-0.0129 7.1
-0.01266 6.9
-0.01241 6.6
-0.01217 6.3
-0.01192 6.0
-0.01168 5.5
-0.01144 5.0
-0.01119 4.5
-0.01095 3.9
-0.0107 3.3
-0.01046 2.6
-0.01022 1.9
-0.00997 1.2
-0.00973 0.4
-0.00948 -0.4
-0.00924 -1.2
-0.009 -1.9
-0.00875 -2.7
-0.00851 -3.5
-0.00826 -4.2
-0.00802 -4.9
-0.00777 -5.6
-0.00753 -6.2
-0.00729 -6.7
-0.00704 -7.2
-0.0068 -7.6
-0.00655 -7.9
-0.00631 -8.1
-0.00607 -8.2
-0.00582 -8.2
-0.00558 -8.1
-0.00533 -7.9
-0.00509 -7.6
-0.00484 -7.2
-0.0046 -6.6
-0.00436 -6.0
-0.00411 -5.2
-0.00387 -4.4
-0.00362 -3.5
-0.00338 -2.5
-0.00314 -1.4
-0.00289 -0.3
-0.00265 0.8
-0.0024 1.9
-0.00216 3.0
-0.00191 4.1
-0.00167 5.1
-0.00143 6.0
-0.00118 6.9
-0.00094 7.6
-0.00069 8.2
-0.00045 8.6
-0.00021 8.8
4e-05 8.8
0.00028 8.7
0.00053 8.3
0.00077 7.7
0.00101 6.9
0.00126 6.0
0.0015 4.8
0.00175 3.6
0.00199 2.2
0.00224 0.8
0.00248 -0.7
0.00272 -2.1
0.00297 -3.4
0.00321 -4.7
0.00346 -5.7
0.0037 -6.5
0.00394 -7.1
0.00419 -7.5
0.00443 -7.6
0.00468 -7.4
0.00492 -6.9
0.00517 -6.2
0.00541 -5.4
0.00565 -4.3
0.0059 -3.1
0.00614 -1.9
0.00639 -0.7
0.00663 0.5
0.00687 1.6
0.00712 2.6
0.00736 3.5
0.00761 4.1
0.00785 4.6
0.00809 4.8
0.00834 4.8
0.00858 4.6
0.00883 4.3
0.00907 3.7
0.00932 3.1
0.00956 2.4
0.0098 1.6
0.01005 0.8
0.01029 0.0
0.01054 -0.7
0.01078 -1.3
0.01102 -1.8
0.01127 -2.2
0.01151 -2.5
0.01176 -2.7
0.012 -2.7
0.01225 -2.6
0.01249 -2.4
0.01273 -2.1
0.01298 -1.7
0.01322 -1.3
0.01347 -0.8
0.01371 -0.4
0.01395 0.0
0.0142 0.5
0.01444 0.8
0.01469 1.1
0.01493 1.3
0.01517 1.4
0.01542 1.5
0.01566 1.4
0.01591 1.4
0.01615 1.2
0.0164 1.0
0.01664 0.8
0.01688 0.6
0.01713 0.3
0.01737 0.0
0.01762 -0.1
0.01786 -0.3
0.0181 -0.5
0.01835 -0.6
0.01859 -0.7
0.01884 -0.8
0.01908 -0.8
0.01933 -0.8
0.01957 -0.7
0.01981 -0.6
0.02006 -0.5
0.0203 -0.4
0.02055 -0.2
0.02079 -0.1
0.02103 0.0
0.02128 0.1
0.02152 0.2
0.02177 0.3
0.02201 0.4
0.02225 0.4
0.0225 0.4
0.02274 0.4
0.02299 0.4
0.02323 0.4
0.02348 0.3
0.02372 0.2
0.02396 0.2
0.02421 0.0
0.02445 0.0
0.0247 0.0
0.02494 -0.1
0.02518 -0.2
0.02543 -0.2
0.02567 -0.2
0.02592 -0.2
0.02616 -0.2
0.02641 -0.2
0.02665 -0.2
0.02689 -0.2
0.02714 -0.1
0.02738 -0.1
0.02763 0.0
0.02787 0.0
0.02811 0.0
0.02836 0.0
0.0286 0.0
0.02885 0.1
0.02909 0.1
0.02934 0.1
0.02958 0.1
0.02982 0.1
0.03007 0.1
0.03031 0.1
0.03056 0.0
0.0308 0.0
0.03104 0.0
0.03129 0.0
0.03153 0.0
0.03178 0.0
0.03202 0.0
0.03226 0.0
0.03251 0.0
0.03275 0.0
0.033 0.0
0.03324 0.0
0.03349 0.0
0.03373 0.0
0.03397 0.0
0.03422 0.0
0.03446 0.0
0.03471 0.0
0.03495 0.0
0.03519 0.0
0.03544 0.0
0.03568 0.0
0.03593 0.0
0.03617 0.0
0.03642 0.0
0.03666 0.0
0.0369 0.0
0.03715 0.0
0.03739 0.0
0.03764 0.0
0.03788 0.0
0.03812 0.0
0.03837 0.0
0.03861 0.0
0.03886 0.0
0.0391 0.0
0.03934 0.0
0.03959 0.0
0.03983 0.0
0.04008 0.0
0.04032 0.0
0.04057 0.0
0.04081 0.0
0.04105 0.0
0.0413 0.0
0.04154 0.0
0.04179 0.0
0.04203 0.0
0.04227 0.0
0.04252 0.0
0.04276 0.0
0.04301 0.0
0.04325 0.0
0.0435 0.0
0.04374 0.0
0.04398 0.0
0.04423 0.0
0.04447 0.0
0.04472 0.0
0.04496 0.0
0.0452 0.0
0.04545 0.0
0.04569 0.0
0.04594 0.0
0.04618 0.0
0.04642 0.0
0.04667 0.0
0.04691 0.0
0.04716 0.0
0.0474 0.0
0.04765 0.0
0.04789 0.0
0.04813 0.0
0.04838 0.0
0.04862 0.0
0.04887 0.0
0.04911 0.0
0.04935 0.0
0.0496 0.0
0.04984 0.0
0.05009 0.0
0.05033 0.0
0.05058 0.0
0.05082 0.0
0.05106 0.0
0.05131 0.0
0.05155 0.0
0.0518 0.0
0.05204 0.0
0.05228 0.0
0.05253 0.0
0.05277 0.0
0.05302 0.0
0.05326 0.0
0.0535 0.0
0.05375 0.0
0.05399 0.0
0.05424 0.0
0.05448 0.0
0.05473 0.0
0.05497 0.0
0.05521 0.0
0.05546 0.0
0.0557 0.0
0.05595 0.0
0.05619 0.0
0.05643 0.0
0.05668 0.0
0.05692 0.0
0.05717 0.0
0.05741 0.0
0.05766 0.0
0.0579 0.0
0.05814 0.0
0.05839 0.0
0.05863 0.0
0.05888 0.0
0.05912 0.0
0.05936 0.0
0.05961 0.0
0.05985 0.0
0.0601 0.0
0.06034 0.0
0.06059 0.0
0.06083 0.0
0.06107 0.0
0.06132 0.0
0.06156 0.0
0.06181 0.0
0.06205 0.0
0.06229 0.0
0.06254 0.0
0.06278 0.0
0.06303 0.0
0.06327 0.0
0.06351 0.0
0.06376 0.0
0.064 0.0
0.06425 0.0
0.06449 0.0
0.06474 0.0
0.06498 0.0
0.06522 0.0
0.06547 0.0
0.06571 0.0
0.06596 0.0
0.0662 0.0
0.06644 0.0
0.06669 0.0
0.06693 0.0
0.06718 0.0
0.06742 0.0
0.06767 0.0
0.06791 0.0
0.06815 0.0
0.0684 0.0
0.06864 0.0
0.06889 0.0
0.06913 0.0
0.06937 0.0
0.06962 0.0
0.06986 0.0
0.07011 0.0
0.07035 0.0
0.07059 0.0
0.07084 0.0
0.07108 0.0
0.07133 0.0
0.07157 0.0
0.07182 0.0
0.07206 0.0
0.0723 0.0
0.07255 0.0
0.07279 0.0
0.07304 0.0
0.07328 0.0
0.07352 0.0
0.07377 0.0
0.07401 0.0
0.07426 0.0
0.0745 0.0
0.07475 0.0
0.07499 0.0
0.07523 0.0
0.07548 0.0
0.07572 0.0
0.07597 0.0
0.07621 0.0
0.07645 0.0
0.0767 0.0
0.07694 0.0
0.07719 0.0
0.07743 0.0
0.07767 0.0
0.07792 0.0
0.07816 0.0
0.07841 0.0
0.07865 0.0
0.0789 0.0
0.07914 0.0
0.07938 0.0
0.07963 0.0
0.07987 0.0
0.08012 0.0
0.08036 0.0
0.0806 0.0
0.08085 0.0
0.08109 0.0
0.08134 0.0
0.08158 0.0
0.08183 0.0
0.08207 0.0
0.08231 0.0
0.08256 0.0
0.0828 0.0
0.08305 0.0
0.08329 0.0
0.08353 0.0
0.08378 0.0
0.08402 0.0
0.08427 0.0
0.08451 0.0
0.08475 0.0
0.085 0.0
0.08524 0.0
0.08549 0.0
0.08573 0.0
0.08598 0.0
0.08622 0.0
0.08646 0.0
0.08671 0.0
0.08695 0.0
0.0872 0.0
0.08744 0.0
0.08768 0.0
0.08793 0.0
0.08817 0.0
0.08842 0.0
0.08866 0.0
0.08891 0.0
0.08915 0.0
0.08939 0.0
0.08964 0.0
0.08988 0.0
0.09013 0.0
0.09037 0.0
0.09061 0.0
0.09086 0.0
0.0911 0.0
0.09135 0.0
0.09159 0.0
0.09184 0.0
0.09208 0.0
0.09232 0.0
0.09257 0.0
0.09281 0.0
0.09306 0.0
0.0933 0.0
0.09354 0.0
0.09379 0.0
0.09403 0.0
0.09428 0.0
0.09452 0.0
0.09476 0.0
0.09501 0.0
0.09525 0.0
0.0955 0.0
0.09574 0.0
0.09599 0.0
0.09623 0.0
0.09647 0.0
0.09672 0.0
0.09696 0.0
0.09721 0.0
0.09745 0.0
0.09769 0.0
0.09794 0.0
0.09818 0.0
0.09843 0.0
0.09867 0.0
0.09892 0.0
0.09916 0.0
0.0994 0.0
0.09965 0.0
0.09989 0.0
0.10014 0.0
0.10038 0.0
0.10062 0.0
0.10087 0.0
0.10111 0.0
0.10136 0.0
0.1016 0.0
0.10184 0.0
0.10209 0.0
0.10233 0.0
0.10258 0.0
0.10282 0.0
0.10307 0.0
0.10331 0.0
0.10355 0.0
0.1038 0.0
0.10404 0.0
0.10429 0.0
0.10453 0.0
0.10477 0.0
0.10502 0.0
0.10526 0.0
0.10551 0.0
0.10575 0.0
0.106 0.0
0.10624 0.0
0.10648 0.0
0.10673 0.0
0.10697 0.0
0.10722 0.0
0.10746 0.0
0.1077 0.0
0.10795 0.0
0.10819 0.0
0.10844 0.0
0.10868 0.0
0.10892 0.0
0.10917 0.0
0.10941 0.0
0.10966 0.0
0.1099 0.0
0.11015 0.0
0.11039 0.0
0.11063 0.0
0.11088 0.0
0.11112 0.0
0.11137 0.0
0.11161 0.0
0.11185 0.0
0.1121 0.0
0.11234 0.0
0.11259 0.0
0.11283 0.0
0.11308 0.0
0.11332 0.0
0.11356 0.0
0.11381 0.0
0.11405 0.0
0.1143 0.0
0.11454 0.0
0.11478 0.0
0.11503 0.0
0.11527 0.0
0.11552 0.0
0.11576 0.0
0.116 0.0
0.11625 0.0
0.11649 0.0
0.11674 0.0
0.11698 0.0
0.11723 0.0
0.11747 0.0
0.11771 0.0
0.11796 0.0
0.1182 0.0
0.11845 0.0
0.11869 0.0
0.11893 0.0
0.11918 0.0
0.11942 0.0
0.11967 0.0
0.11991 0.0
0.12016 0.0
0.1204 0.0
0.12064 0.0
0.12089 0.0
0.12113 0.0
0.12138 0.0
0.12162 0.0
0.12186 0.0
0.12211 0.0
0.12235 0.0
0.1226 0.0
0.12284 0.0
0.12309 0.0
0.12333 0.0
0.12357 0.0
0.12382 0.0
0.12406 0.0
0.12431 0.0
0.12455 0.0
0.12479 0.0
0.12504 0.0
0.12528 0.0
0.12553 0.0
0.12577 0.0
0.12601 0.0
0.12626 0.0
0.1265 0.0
0.12675 0.0
0.12699 0.0
0.12724 0.0
0.12748 0.0
0.12772 0.0
0.12797 0.0
0.12821 0.0
0.12846 0.0
0.1287 0.0
0.12894 0.0
0.12919 0.0
0.12943 0.0
0.12968 0.0
0.12992 0.0
0.13017 0.0
0.13041 0.0
0.13065 0.0
0.1309 0.0
0.13114 0.0
0.13139 0.0
0.13163 0.0
0.13187 0.0
0.13212 0.0
0.13236 0.0
0.13261 0.0
0.13285 0.0
0.13309 0.0
0.13334 0.0
0.13358 0.0
0.13383 0.0
0.13407 0.0
0.13432 0.0
0.13456 0.0
0.1348 0.0
0.13505 0.0
0.13529 0.0
0.13554 0.0
0.13578 0.0
0.13602 0.0
0.13627 0.0
0.13651 0.0
0.13676 0.0
0.137 0.0
0.13725 0.0
0.13749 0.0
0.13773 0.0
0.13798 0.0
0.13822 0.0
0.13847 0.0
0.13871 0.0
0.13895 0.0
0.1392 0.0
0.13944 0.0
0.13969 0.0
0.13993 0.0
0.14017 0.0
0.14042 0.0
0.14066 0.0
0.14091 0.0
0.14115 0.0
0.1414 0.0
0.14164 0.0
0.14188 0.0
0.14213 0.0
0.14237 0.0
0.14262 0.0
0.14286 0.0
0.1431 0.0
0.14335 0.0
0.14359 0.0
0.14384 0.0
0.14408 0.0
0.14433 0.0
0.14457 0.0
0.14481 0.0
0.14506 0.0
0.1453 0.0
0.14555 0.0
0.14579 0.0
0.14603 0.0
0.14628 0.0
0.14652 0.0
0.14677 0.0
0.14701 0.0
0.14725 0.0
0.1475 0.0
0.14774 0.0
0.14799 0.0
0.14823 0.0
0.14848 0.0
0.14872 0.0
0.14896 0.0
0.14921 0.0
0.14945 0.0
0.1497 0.0
0.14994 0.0
0.15018 0.0
0.15043 0.0
0.15067 0.0
0.15092 0.0
0.15116 0.0
0.15141 0.0
0.15165 0.0
0.15189 0.0
0.15214 0.0
0.15238 0.0
0.15263 0.0
0.15287 0.0
0.15311 0.0
0.15336 0.0
0.1536 0.0
0.15385 0.0
0.15409 0.0
0.15434 0.0
0.15458 0.0
0.15482 0.0
0.15507 0.0
0.15531 0.0
0.15556 0.0
0.1558 0.0
0.15604 0.0
0.15629 0.0
0.15653 0.0
0.15678 0.0
0.15702 0.0
0.15726 0.0
0.15751 0.0
0.15775 0.0
0.158 0.0
0.15824 0.0
0.15849 0.0
0.15873 0.0
0.15897 0.0
0.15922 0.0
0.15946 0.0
0.15971 0.0
0.15995 0.0
0.16019 0.0
0.16044 0.0
0.16068 0.0
0.16093 0.0
0.16117 0.0
0.16142 0.0
0.16166 0.0
0.1619 0.0
0.16215 0.0
0.16239 0.0
0.16264 0.0
0.16288 0.0
0.16312 0.0
0.16337 0.0
0.16361 0.0
0.16386 0.0
0.1641 0.0
0.16434 0.0
0.16459 0.0
0.16483 0.0
0.16508 0.0
0.16532 0.0
0.16557 0.0
0.16581 0.0
0.16605 0.0
0.1663 0.0
0.16654 0.0
0.16679 0.0
0.16703 0.0
0.16727 0.0
0.16752 0.0
0.16776 0.0
0.16801 0.0
0.16825 0.0
0.1685 0.0
0.16874 0.0
0.16898 0.0
0.16923 0.0
0.16947 0.0
0.16972 0.0
0.16996 0.0
0.1702 0.0
0.17045 0.0
0.17069 0.0
0.17094 0.0
0.17118 0.0
0.17142 0.0
0.17167 0.0
0.17191 0.0
0.17216 0.0
0.1724 0.0
0.17265 0.0
0.17289 0.0
0.17313 0.0
0.17338 0.0
0.17362 0.0
0.17387 0.0
0.17411 0.0
0.17435 0.0
0.1746 0.0
0.17484 0.0
0.17509 0.0
0.17533 0.0
0.17558 0.0
0.17582 0.0
0.17606 0.0
0.17631 0.0
0.17655 0.0
0.1768 0.0
0.17704 0.0
0.17728 0.0
0.17753 0.0
0.17777 0.0
0.17802 0.0
0.17826 0.0
0.1785 0.0
0.17875 0.0
0.17899 0.0
0.17924 0.0
0.17948 0.0
0.17973 0.0
0.17997 0.0
0.18021 0.0
0.18046 0.0
0.1807 0.0
0.18095 0.0
0.18119 0.0
0.18143 0.0
0.18168 0.0
0.18192 0.0
0.18217 0.0
0.18241 0.0
0.18266 0.0
0.1829 0.0
0.18314 0.0
0.18339 0.0
0.18363 0.0
0.18388 0.0
0.18412 0.0
0.18436 0.0
0.18461 0.0
0.18485 0.0
0.1851 0.0
0.18534 0.0
0.18559 0.0
0.18583 0.0
0.18607 0.0
0.18632 0.0
0.18656 0.0
0.18681 0.0
0.18705 0.0
0.18729 0.0
0.18754 0.0
0.18778 0.0
0.18803 0.0
0.18827 0.0
0.18851 0.0
0.18876 0.0
0.189 0.0
0.18925 0.0
0.18949 0.0
0.18974 0.0
0.18998 0.0
0.19022 0.0
0.19047 0.0
0.19071 0.0
0.19096 0.0
0.1912 0.0
0.19144 0.0
0.19169 0.0
0.19193 0.0
0.19218 0.0
0.19242 0.0
0.19267 0.0
0.19291 0.0
0.19315 0.0
0.1934 0.0
0.19364 0.0
0.19389 0.0
0.19413 0.0
0.19437 0.0
0.19462 0.0
0.19486 0.0
0.19511 0.0
0.19535 0.0
0.19559 0.0
0.19584 0.0
0.19608 0.0
0.19633 0.0
0.19657 0.0
0.19682 0.0
0.19706 0.0
0.1973 0.0
0.19755 0.0
0.19779 0.0
0.19804 0.0
0.19828 0.0
0.19852 0.0
0.19877 0.0
0.19901 0.0
0.19926 0.0
0.1995 0.0
0.19975 0.0
0.19999 0.0
0.20023 0.0
0.20048 0.0
0.20072 0.0
0.20097 0.0
0.20121 0.0
0.20145 0.0
0.2017 0.0
0.20194 0.0
0.20219 0.0
0.20243 0.0
0.20267 0.0
0.20292 0.0
0.20316 0.0
0.20341 0.0
0.20365 0.0
0.2039 0.0
0.20414 0.0
0.20438 0.0
0.20463 0.0
0.20487 0.0
0.20512 0.0
0.20536 0.0
0.2056 0.0
0.20585 0.0
0.20609 0.0
0.20634 0.0
0.20658 0.0
0.20683 0.0
0.20707 0.0
0.20731 0.0
0.20756 0.0
0.2078 0.0
0.20805 0.0
0.20829 0.0
0.20853 0.0
0.20878 0.0
0.20902 0.0
0.20927 0.0
0.20951 0.0
0.20975 0.0
0.21 0.0
0.21024 0.0
0.21049 0.0
0.21073 0.0
0.21098 0.0
0.21122 0.0
0.21146 0.0
0.21171 0.0
0.21195 0.0
0.2122 0.0
0.21244 0.0
0.21268 0.0
0.21293 0.0
0.21317 0.0
0.21342 0.0
0.21366 0.0
0.21391 0.0
0.21415 0.0
0.21439 0.0
0.21464 0.0
0.21488 0.0
0.21513 0.0
0.21537 0.0
0.21561 0.0
0.21586 0.0
0.2161 0.0
0.21635 0.0
0.21659 0.0
0.21684 0.0
0.21708 0.0
0.21732 0.0
0.21757 0.0
0.21781 0.0
0.21806 0.0
0.2183 0.0
0.21854 0.0
0.21879 0.0
0.21903 0.0
0.21928 0.0
0.21952 0.0
0.21976 0.0
0.22001 0.0
0.22025 0.0
0.2205 0.0
0.22074 0.0
0.22099 0.0
0.22123 0.0
0.22147 0.0
0.22172 0.0
0.22196 0.0
0.22221 0.0
0.22245 0.0
0.22269 0.0
0.22294 0.0
0.22318 0.0
0.22343 0.0
0.22367 0.0
0.22392 0.0
0.22416 0.0
0.2244 0.0
0.22465 0.0
0.22489 0.0
0.22514 0.0
0.22538 0.0
0.22562 0.0
0.22587 0.0
0.22611 0.0
0.22636 0.0
0.2266 0.0
0.22684 0.0
0.22709 0.0
0.22733 0.0
0.22758 0.0
0.22782 0.0
0.22807 0.0
0.22831 0.0
0.22855 0.0
0.2288 0.0
0.22904 0.0
0.22929 0.0
0.22953 0.0
0.22977 0.0
0.23002 0.0
0.23026 0.0
0.23051 0.0
0.23075 0.0
0.231 0.0
0.23124 0.0
0.23148 0.0
0.23173 0.0
0.23197 0.0
0.23222 0.0
0.23246 0.0
0.2327 0.0
0.23295 0.0
0.23319 0.0
0.23344 0.0
0.23368 0.0
0.23392 0.0
0.23417 0.0
0.23441 0.0
0.23466 0.0
0.2349 0.0
0.23515 0.0
0.23539 0.0
0.23563 0.0
0.23588 0.0
