t strain*1e23
-0.41607 -6.6
-0.41583 -6.5
-0.41558 -6.5
-0.41534 -6.4
-0.4151 -6.3
-0.41485 -6.2
-0.41461 -6.0
-0.41436 -5.9
-0.41412 -5.8
-0.41388 -5.6
-0.41363 -5.5
-0.41339 -5.3
-0.41314 -5.2
-0.4129 -5.0
-0.41265 -4.8
-0.41241 -4.6
-0.41217 -4.4
-0.41192 -4.2
-0.41168 -4.0
-0.41143 -3.8
-0.41119 -3.6
-0.41095 -3.4
-0.4107 -3.1
-0.41046 -2.9
-0.41021 -2.6
-0.40997 -2.4
-0.40973 -2.2
-0.40948 -1.9
-0.40924 -1.6
-0.40899 -1.4
-0.40875 -1.1
-0.4085 -0.9
-0.40826 -0.6
-0.40802 -0.3
-0.40777 0.0
-0.40753 0.2
-0.40728 0.4
-0.40704 0.7
-0.4068 1.0
-0.40655 1.2
-0.40631 1.5
-0.40606 1.8
-0.40582 2.0
-0.40557 2.3
-0.40533 2.5
-0.40509 2.8
-0.40484 3.0
-0.4046 3.2
-0.40435 3.5
-0.40411 3.7
-0.40387 3.9
-0.40362 4.1
-0.40338 4.3
-0.40313 4.5
-0.40289 4.7
-0.40265 4.9
-0.4024 5.1
-0.40216 5.3
-0.40191 5.5
-0.40167 5.6
-0.40142 5.8
-0.40118 5.9
-0.40094 6.0
-0.40069 6.2
-0.40045 6.3
-0.4002 6.4
-0.39996 6.5
-0.39972 6.6
-0.39947 6.6
-0.39923 6.7
-0.39898 6.8
-0.39874 6.8
-0.39849 6.8
-0.39825 6.9
-0.39801 6.9
-0.39776 6.9
-0.39752 6.9
-0.39727 6.9
-0.39703 6.8
-0.39679 6.8
-0.39654 6.7
-0.3963 6.7
-0.39605 6.6
-0.39581 6.5
-0.39557 6.4
-0.39532 6.3
-0.39508 6.2
-0.39483 6.1
-0.39459 6.0
-0.39434 5.9
-0.3941 5.7
-0.39386 5.6
-0.39361 5.4
-0.39337 5.2
-0.39312 5.0
-0.39288 4.9
-0.39264 4.7
-0.39239 4.5
-0.39215 4.3
-0.3919 4.0
-0.39166 3.8
-0.39141 3.6
-0.39117 3.4
-0.39093 3.1
-0.39068 2.9
-0.39044 2.6
-0.39019 2.4
-0.38995 2.1
-0.38971 1.9
-0.38946 1.6
-0.38922 1.3
-0.38897 1.1
-0.38873 0.8
-0.38848 0.5
-0.38824 0.3
-0.388 0.0
-0.38775 -0.3
-0.38751 -0.6
-0.38726 -0.8
-0.38702 -1.1
-0.38678 -1.4
-0.38653 -1.6
-0.38629 -1.9
-0.38604 -2.2
-0.3858 -2.4
-0.38556 -2.7
-0.38531 -2.9
-0.38507 -3.2
-0.38482 -3.4
-0.38458 -3.6
-0.38433 -3.9
-0.38409 -4.1
-0.38385 -4.3
-0.3836 -4.5
-0.38336 -4.7
-0.38311 -4.9
-0.38287 -5.1
-0.38263 -5.3
-0.38238 -5.5
-0.38214 -5.6
-0.38189 -5.8
-0.38165 -5.9
-0.3814 -6.1
-0.38116 -6.2
-0.38092 -6.3
-0.38067 -6.4
-0.38043 -6.5
-0.38018 -6.6
-0.37994 -6.7
-0.3797 -6.8
-0.37945 -6.8
-0.37921 -6.9
-0.37896 -6.9
-0.37872 -6.9
-0.37848 -6.9
-0.37823 -7.0
-0.37799 -6.9
-0.37774 -6.9
-0.3775 -6.9
-0.37725 -6.9
-0.37701 -6.8
-0.37677 -6.7
-0.37652 -6.7
-0.37628 -6.6
-0.37603 -6.5
-0.37579 -6.4
-0.37555 -6.3
-0.3753 -6.2
-0.37506 -6.0
-0.37481 -5.9
-0.37457 -5.7
-0.37432 -5.6
-0.37408 -5.4
-0.37384 -5.2
-0.37359 -5.0
-0.37335 -4.8
-0.3731 -4.6
-0.37286 -4.4
-0.37262 -4.2
-0.37237 -4.0
-0.37213 -3.8
-0.37188 -3.5
-0.37164 -3.3
-0.3714 -3.0
-0.37115 -2.8
-0.37091 -2.5
-0.37066 -2.3
-0.37042 -2.0
-0.37017 -1.7
-0.36993 -1.4
-0.36969 -1.2
-0.36944 -0.9
-0.3692 -0.6
-0.36895 -0.3
-0.36871 0.0
-0.36847 0.2
-0.36822 0.5
-0.36798 0.8
-0.36773 1.0
-0.36749 1.3
-0.36724 1.6
-0.367 1.9
-0.36676 2.1
-0.36651 2.4
-0.36627 2.7
-0.36602 2.9
-0.36578 3.2
-0.36554 3.4
-0.36529 3.7
-0.36505 3.9
-0.3648 4.1
-0.36456 4.4
-0.36432 4.6
-0.36407 4.8
-0.36383 5.0
-0.36358 5.2
-0.36334 5.4
-0.36309 5.5
-0.36285 5.7
-0.36261 5.9
-0.36236 6.0
-0.36212 6.2
-0.36187 6.3
-0.36163 6.4
-0.36139 6.5
-0.36114 6.6
-0.3609 6.7
-0.36065 6.8
-0.36041 6.9
-0.36016 6.9
-0.35992 7.0
-0.35968 7.0
-0.35943 7.0
-0.35919 7.0
-0.35894 7.0
-0.3587 7.0
-0.35846 7.0
-0.35821 7.0
-0.35797 6.9
-0.35772 6.9
-0.35748 6.8
-0.35723 6.7
-0.35699 6.6
-0.35675 6.5
-0.3565 6.4
-0.35626 6.3
-0.35601 6.1
-0.35577 6.0
-0.35553 5.9
-0.35528 5.7
-0.35504 5.5
-0.35479 5.3
-0.35455 5.1
-0.35431 4.9
-0.35406 4.7
-0.35382 4.5
-0.35357 4.3
-0.35333 4.1
-0.35308 3.8
-0.35284 3.6
-0.3526 3.3
-0.35235 3.1
-0.35211 2.8
-0.35186 2.6
-0.35162 2.3
-0.35138 2.0
-0.35113 1.8
-0.35089 1.5
-0.35064 1.2
-0.3504 0.9
-0.35015 0.6
-0.34991 0.3
-0.34967 0.0
-0.34942 -0.2
-0.34918 -0.5
-0.34893 -0.8
-0.34869 -1.1
-0.34845 -1.4
-0.3482 -1.7
-0.34796 -1.9
-0.34771 -2.2
-0.34747 -2.5
-0.34723 -2.8
-0.34698 -3.0
-0.34674 -3.3
-0.34649 -3.5
-0.34625 -3.8
-0.346 -4.0
-0.34576 -4.3
-0.34552 -4.5
-0.34527 -4.7
-0.34503 -4.9
-0.34478 -5.1
-0.34454 -5.3
-0.3443 -5.5
-0.34405 -5.7
-0.34381 -5.9
-0.34356 -6.0
-0.34332 -6.2
-0.34307 -6.3
-0.34283 -6.4
-0.34259 -6.6
-0.34234 -6.7
-0.3421 -6.8
-0.34185 -6.9
-0.34161 -6.9
-0.34137 -7.0
-0.34112 -7.0
-0.34088 -7.1
-0.34063 -7.1
-0.34039 -7.1
-0.34015 -7.1
-0.3399 -7.1
-0.33966 -7.1
-0.33941 -7.1
-0.33917 -7.0
-0.33892 -6.9
-0.33868 -6.9
-0.33844 -6.8
-0.33819 -6.7
-0.33795 -6.6
-0.3377 -6.5
-0.33746 -6.4
-0.33722 -6.2
-0.33697 -6.1
-0.33673 -5.9
-0.33648 -5.7
-0.33624 -5.6
-0.33599 -5.4
-0.33575 -5.2
-0.33551 -5.0
-0.33526 -4.8
-0.33502 -4.5
-0.33477 -4.3
-0.33453 -4.1
-0.33429 -3.8
-0.33404 -3.6
-0.3338 -3.3
-0.33355 -3.0
-0.33331 -2.8
-0.33307 -2.5
-0.33282 -2.2
-0.33258 -1.9
-0.33233 -1.7
-0.33209 -1.4
-0.33184 -1.1
-0.3316 -0.8
-0.33136 -0.5
-0.33111 -0.2
-0.33087 0.1
-0.33062 0.4
-0.33038 0.7
-0.33014 1.0
-0.32989 1.3
-0.32965 1.6
-0.3294 1.9
-0.32916 2.2
-0.32891 2.4
-0.32867 2.7
-0.32843 3.0
-0.32818 3.3
-0.32794 3.5
-0.32769 3.8
-0.32745 4.0
-0.32721 4.3
-0.32696 4.5
-0.32672 4.8
-0.32647 5.0
-0.32623 5.2
-0.32598 5.4
-0.32574 5.6
-0.3255 5.8
-0.32525 5.9
-0.32501 6.1
-0.32476 6.3
-0.32452 6.4
-0.32428 6.5
-0.32403 6.7
-0.32379 6.8
-0.32354 6.9
-0.3233 7.0
-0.32306 7.0
-0.32281 7.1
-0.32257 7.1
-0.32232 7.2
-0.32208 7.2
-0.32183 7.2
-0.32159 7.2
-0.32135 7.2
-0.3211 7.2
-0.32086 7.1
-0.32061 7.1
-0.32037 7.0
-0.32013 6.9
-0.31988 6.9
-0.31964 6.7
-0.31939 6.6
-0.31915 6.5
-0.3189 6.4
-0.31866 6.2
-0.31842 6.1
-0.31817 5.9
-0.31793 5.7
-0.31768 5.5
-0.31744 5.3
-0.3172 5.1
-0.31695 4.9
-0.31671 4.7
-0.31646 4.4
-0.31622 4.2
-0.31598 3.9
-0.31573 3.7
-0.31549 3.4
-0.31524 3.1
-0.315 2.9
-0.31475 2.6
-0.31451 2.3
-0.31427 2.0
-0.31402 1.7
-0.31378 1.4
-0.31353 1.1
-0.31329 0.8
-0.31305 0.5
-0.3128 0.2
-0.31256 -0.1
-0.31231 -0.4
-0.31207 -0.7
-0.31182 -1.0
-0.31158 -1.3
-0.31134 -1.6
-0.31109 -1.9
-0.31085 -2.2
-0.3106 -2.5
-0.31036 -2.8
-0.31012 -3.1
-0.30987 -3.4
-0.30963 -3.6
-0.30938 -3.9
-0.30914 -4.2
-0.3089 -4.4
-0.30865 -4.7
-0.30841 -4.9
-0.30816 -5.1
-0.30792 -5.3
-0.30767 -5.5
-0.30743 -5.7
-0.30719 -5.9
-0.30694 -6.1
-0.3067 -6.3
-0.30645 -6.4
-0.30621 -6.6
-0.30597 -6.7
-0.30572 -6.8
-0.30548 -6.9
-0.30523 -7.0
-0.30499 -7.1
-0.30474 -7.2
-0.3045 -7.2
-0.30426 -7.3
-0.30401 -7.3
-0.30377 -7.3
-0.30352 -7.3
-0.30328 -7.3
-0.30304 -7.3
-0.30279 -7.2
-0.30255 -7.2
-0.3023 -7.1
-0.30206 -7.0
-0.30182 -7.0
-0.30157 -6.8
-0.30133 -6.7
-0.30108 -6.6
-0.30084 -6.5
-0.30059 -6.3
-0.30035 -6.1
-0.30011 -6.0
-0.29986 -5.8
-0.29962 -5.6
-0.29937 -5.4
-0.29913 -5.2
-0.29889 -4.9
-0.29864 -4.7
-0.2984 -4.5
-0.29815 -4.2
-0.29791 -3.9
-0.29766 -3.7
-0.29742 -3.4
-0.29718 -3.1
-0.29693 -2.8
-0.29669 -2.5
-0.29644 -2.2
-0.2962 -1.9
-0.29596 -1.6
-0.29571 -1.3
-0.29547 -1.0
-0.29522 -0.7
-0.29498 -0.4
-0.29473 0.0
-0.29449 0.3
-0.29425 0.6
-0.294 0.9
-0.29376 1.2
-0.29351 1.5
-0.29327 1.8
-0.29303 2.1
-0.29278 2.4
-0.29254 2.7
-0.29229 3.0
-0.29205 3.3
-0.29181 3.6
-0.29156 3.9
-0.29132 4.2
-0.29107 4.4
-0.29083 4.7
-0.29058 4.9
-0.29034 5.1
-0.2901 5.4
-0.28985 5.6
-0.28961 5.8
-0.28936 6.0
-0.28912 6.2
-0.28888 6.3
-0.28863 6.5
-0.28839 6.7
-0.28814 6.8
-0.2879 6.9
-0.28765 7.0
-0.28741 7.1
-0.28717 7.2
-0.28692 7.3
-0.28668 7.3
-0.28643 7.4
-0.28619 7.4
-0.28595 7.4
-0.2857 7.4
-0.28546 7.4
-0.28521 7.4
-0.28497 7.3
-0.28473 7.3
-0.28448 7.2
-0.28424 7.1
-0.28399 7.0
-0.28375 6.9
-0.2835 6.8
-0.28326 6.6
-0.28302 6.5
-0.28277 6.3
-0.28253 6.1
-0.28228 6.0
-0.28204 5.8
-0.2818 5.6
-0.28155 5.3
-0.28131 5.1
-0.28106 4.9
-0.28082 4.6
-0.28057 4.3
-0.28033 4.1
-0.28009 3.8
-0.27984 3.5
-0.2796 3.2
-0.27935 2.9
-0.27911 2.6
-0.27887 2.3
-0.27862 2.0
-0.27838 1.7
-0.27813 1.4
-0.27789 1.1
-0.27765 0.7
-0.2774 0.4
-0.27716 0.0
-0.27691 -0.3
-0.27667 -0.6
-0.27642 -0.9
-0.27618 -1.2
-0.27594 -1.6
-0.27569 -1.9
-0.27545 -2.2
-0.2752 -2.5
-0.27496 -2.8
-0.27472 -3.1
-0.27447 -3.4
-0.27423 -3.7
-0.27398 -4.0
-0.27374 -4.3
-0.27349 -4.5
-0.27325 -4.8
-0.27301 -5.1
-0.27276 -5.3
-0.27252 -5.5
-0.27227 -5.7
-0.27203 -5.9
-0.27179 -6.1
-0.27154 -6.3
-0.2713 -6.5
-0.27105 -6.7
-0.27081 -6.8
-0.27057 -6.9
-0.27032 -7.1
-0.27008 -7.2
-0.26983 -7.3
-0.26959 -7.3
-0.26934 -7.4
-0.2691 -7.4
-0.26886 -7.5
-0.26861 -7.5
-0.26837 -7.5
-0.26812 -7.5
-0.26788 -7.5
-0.26764 -7.4
-0.26739 -7.4
-0.26715 -7.3
-0.2669 -7.2
-0.26666 -7.1
-0.26641 -7.0
-0.26617 -6.9
-0.26593 -6.7
-0.26568 -6.6
-0.26544 -6.4
-0.26519 -6.2
-0.26495 -6.0
-0.26471 -5.8
-0.26446 -5.6
-0.26422 -5.4
-0.26397 -5.2
-0.26373 -4.9
-0.26348 -4.6
-0.26324 -4.4
-0.263 -4.1
-0.26275 -3.8
-0.26251 -3.5
-0.26226 -3.2
-0.26202 -2.9
-0.26178 -2.6
-0.26153 -2.3
-0.26129 -1.9
-0.26104 -1.6
-0.2608 -1.3
-0.26056 -0.9
-0.26031 -0.6
-0.26007 -0.3
-0.25982 0.0
-0.25958 0.4
-0.25933 0.8
-0.25909 1.1
-0.25885 1.4
-0.2586 1.8
-0.25836 2.1
-0.25811 2.4
-0.25787 2.7
-0.25763 3.1
-0.25738 3.4
-0.25714 3.7
-0.25689 4.0
-0.25665 4.3
-0.2564 4.5
-0.25616 4.8
-0.25592 5.1
-0.25567 5.3
-0.25543 5.6
-0.25518 5.8
-0.25494 6.0
-0.2547 6.2
-0.25445 6.4
-0.25421 6.6
-0.25396 6.8
-0.25372 6.9
-0.25348 7.0
-0.25323 7.2
-0.25299 7.3
-0.25274 7.4
-0.2525 7.5
-0.25225 7.5
-0.25201 7.6
-0.25177 7.6
-0.25152 7.6
-0.25128 7.6
-0.25103 7.6
-0.25079 7.6
-0.25055 7.5
-0.2503 7.5
-0.25006 7.4
-0.24981 7.3
-0.24957 7.2
-0.24932 7.1
-0.24908 6.9
-0.24884 6.8
-0.24859 6.6
-0.24835 6.4
-0.2481 6.2
-0.24786 6.0
-0.24762 5.8
-0.24737 5.6
-0.24713 5.3
-0.24688 5.1
-0.24664 4.8
-0.2464 4.5
-0.24615 4.2
-0.24591 3.9
-0.24566 3.6
-0.24542 3.3
-0.24517 3.0
-0.24493 2.7
-0.24469 2.4
-0.24444 2.0
-0.2442 1.7
-0.24395 1.3
-0.24371 1.0
-0.24347 0.6
-0.24322 0.3
-0.24298 0.0
-0.24273 -0.4
-0.24249 -0.8
-0.24224 -1.1
-0.242 -1.5
-0.24176 -1.8
-0.24151 -2.2
-0.24127 -2.5
-0.24102 -2.8
-0.24078 -3.2
-0.24054 -3.5
-0.24029 -3.8
-0.24005 -4.1
-0.2398 -4.4
-0.23956 -4.7
-0.23932 -5.0
-0.23907 -5.2
-0.23883 -5.5
-0.23858 -5.7
-0.23834 -6.0
-0.23809 -6.2
-0.23785 -6.4
-0.23761 -6.6
-0.23736 -6.8
-0.23712 -6.9
-0.23687 -7.1
-0.23663 -7.2
-0.23639 -7.4
-0.23614 -7.5
-0.2359 -7.5
-0.23565 -7.6
-0.23541 -7.7
-0.23516 -7.7
-0.23492 -7.7
-0.23468 -7.7
-0.23443 -7.7
-0.23419 -7.7
-0.23394 -7.7
-0.2337 -7.6
-0.23346 -7.5
-0.23321 -7.4
-0.23297 -7.3
-0.23272 -7.2
-0.23248 -7.0
-0.23223 -6.9
-0.23199 -6.7
-0.23175 -6.5
-0.2315 -6.3
-0.23126 -6.1
-0.23101 -5.9
-0.23077 -5.6
-0.23053 -5.4
-0.23028 -5.1
-0.23004 -4.8
-0.22979 -4.5
-0.22955 -4.2
-0.22931 -3.9
-0.22906 -3.6
-0.22882 -3.3
-0.22857 -2.9
-0.22833 -2.6
-0.22808 -2.2
-0.22784 -1.9
-0.2276 -1.5
-0.22735 -1.2
-0.22711 -0.8
-0.22686 -0.4
-0.22662 0.0
-0.22638 0.3
-0.22613 0.7
-0.22589 1.0
-0.22564 1.4
-0.2254 1.8
-0.22515 2.1
-0.22491 2.5
-0.22467 2.8
-0.22442 3.2
-0.22418 3.5
-0.22393 3.8
-0.22369 4.1
-0.22345 4.5
-0.2232 4.8
-0.22296 5.0
-0.22271 5.3
-0.22247 5.6
-0.22223 5.9
-0.22198 6.1
-0.22174 6.3
-0.22149 6.5
-0.22125 6.7
-0.221 6.9
-0.22076 7.1
-0.22052 7.2
-0.22027 7.4
-0.22003 7.5
-0.21978 7.6
-0.21954 7.7
-0.2193 7.8
-0.21905 7.8
-0.21881 7.8
-0.21856 7.9
-0.21832 7.9
-0.21807 7.8
-0.21783 7.8
-0.21759 7.7
-0.21734 7.7
-0.2171 7.6
-0.21685 7.5
-0.21661 7.3
-0.21637 7.2
-0.21612 7.0
-0.21588 6.9
-0.21563 6.7
-0.21539 6.5
-0.21515 6.2
-0.2149 6.0
-0.21466 5.8
-0.21441 5.5
-0.21417 5.2
-0.21392 4.9
-0.21368 4.6
-0.21344 4.3
-0.21319 4.0
-0.21295 3.7
-0.2127 3.3
-0.21246 3.0
-0.21222 2.6
-0.21197 2.2
-0.21173 1.9
-0.21148 1.5
-0.21124 1.1
-0.21099 0.7
-0.21075 0.4
-0.21051 0.0
-0.21026 -0.4
-0.21002 -0.8
-0.20977 -1.2
-0.20953 -1.5
-0.20929 -1.9
-0.20904 -2.3
-0.2088 -2.7
-0.20855 -3.0
-0.20831 -3.4
-0.20807 -3.7
-0.20782 -4.1
-0.20758 -4.4
-0.20733 -4.7
-0.20709 -5.0
-0.20684 -5.3
-0.2066 -5.6
-0.20636 -5.9
-0.20611 -6.1
-0.20587 -6.4
-0.20562 -6.6
-0.20538 -6.8
-0.20514 -7.0
-0.20489 -7.2
-0.20465 -7.3
-0.2044 -7.5
-0.20416 -7.6
-0.20391 -7.7
-0.20367 -7.8
-0.20343 -7.9
-0.20318 -7.9
-0.20294 -8.0
-0.20269 -8.0
-0.20245 -8.0
-0.20221 -8.0
-0.20196 -7.9
-0.20172 -7.9
-0.20147 -7.8
-0.20123 -7.7
-0.20098 -7.6
-0.20074 -7.4
-0.2005 -7.3
-0.20025 -7.1
-0.20001 -6.9
-0.19976 -6.7
-0.19952 -6.5
-0.19928 -6.3
-0.19903 -6.0
-0.19879 -5.7
-0.19854 -5.4
-0.1983 -5.2
-0.19806 -4.8
-0.19781 -4.5
-0.19757 -4.2
-0.19732 -3.8
-0.19708 -3.5
-0.19683 -3.1
-0.19659 -2.8
-0.19635 -2.4
-0.1961 -2.0
-0.19586 -1.6
-0.19561 -1.2
-0.19537 -0.8
-0.19513 -0.4
-0.19488 0.0
-0.19464 0.4
-0.19439 0.8
-0.19415 1.2
-0.1939 1.6
-0.19366 2.0
-0.19342 2.4
-0.19317 2.7
-0.19293 3.1
-0.19268 3.5
-0.19244 3.8
-0.1922 4.2
-0.19195 4.5
-0.19171 4.9
-0.19146 5.2
-0.19122 5.5
-0.19098 5.8
-0.19073 6.1
-0.19049 6.3
-0.19024 6.6
-0.19 6.8
-0.18975 7.0
-0.18951 7.2
-0.18927 7.4
-0.18902 7.6
-0.18878 7.7
-0.18853 7.8
-0.18829 7.9
-0.18805 8.0
-0.1878 8.1
-0.18756 8.1
-0.18731 8.1
-0.18707 8.1
-0.18682 8.1
-0.18658 8.1
-0.18634 8.0
-0.18609 7.9
-0.18585 7.8
-0.1856 7.7
-0.18536 7.6
-0.18512 7.4
-0.18487 7.2
-0.18463 7.0
-0.18438 6.8
-0.18414 6.6
-0.1839 6.3
-0.18365 6.1
-0.18341 5.8
-0.18316 5.5
-0.18292 5.2
-0.18267 4.9
-0.18243 4.5
-0.18219 4.2
-0.18194 3.8
-0.1817 3.4
-0.18145 3.0
-0.18121 2.7
-0.18097 2.3
-0.18072 1.9
-0.18048 1.4
-0.18023 1.0
-0.17999 0.6
-0.17974 0.2
-0.1795 -0.2
-0.17926 -0.6
-0.17901 -1.1
-0.17877 -1.5
-0.17852 -1.9
-0.17828 -2.3
-0.17804 -2.7
-0.17779 -3.1
-0.17755 -3.5
-0.1773 -3.9
-0.17706 -4.2
-0.17682 -4.6
-0.17657 -4.9
-0.17633 -5.3
-0.17608 -5.6
-0.17584 -5.9
-0.17559 -6.2
-0.17535 -6.5
-0.17511 -6.7
-0.17486 -7.0
-0.17462 -7.2
-0.17437 -7.4
-0.17413 -7.6
-0.17389 -7.7
-0.17364 -7.9
-0.1734 -8.0
-0.17315 -8.1
-0.17291 -8.2
-0.17266 -8.2
-0.17242 -8.3
-0.17218 -8.3
-0.17193 -8.3
-0.17169 -8.3
-0.17144 -8.2
-0.1712 -8.1
-0.17096 -8.0
-0.17071 -7.9
-0.17047 -7.8
-0.17022 -7.6
-0.16998 -7.4
-0.16973 -7.2
-0.16949 -7.0
-0.16925 -6.8
-0.169 -6.5
-0.16876 -6.2
-0.16851 -5.9
-0.16827 -5.6
-0.16803 -5.3
-0.16778 -5.0
-0.16754 -4.6
-0.16729 -4.2
-0.16705 -3.9
-0.16681 -3.5
-0.16656 -3.1
-0.16632 -2.7
-0.16607 -2.2
-0.16583 -1.8
-0.16558 -1.4
-0.16534 -1.0
-0.1651 -0.5
-0.16485 0.0
-0.16461 0.4
-0.16436 0.8
-0.16412 1.2
-0.16388 1.7
-0.16363 2.1
-0.16339 2.5
-0.16314 2.9
-0.1629 3.4
-0.16265 3.8
-0.16241 4.2
-0.16217 4.5
-0.16192 4.9
-0.16168 5.3
-0.16143 5.6
-0.16119 5.9
-0.16095 6.2
-0.1607 6.5
-0.16046 6.8
-0.16021 7.1
-0.15997 7.3
-0.15973 7.5
-0.15948 7.7
-0.15924 7.9
-0.15899 8.0
-0.15875 8.2
-0.1585 8.3
-0.15826 8.4
-0.15802 8.4
-0.15777 8.4
-0.15753 8.5
-0.15728 8.4
-0.15704 8.4
-0.1568 8.4
-0.15655 8.3
-0.15631 8.2
-0.15606 8.0
-0.15582 7.9
-0.15557 7.7
-0.15533 7.5
-0.15509 7.3
-0.15484 7.0
-0.1546 6.8
-0.15435 6.5
-0.15411 6.2
-0.15387 5.9
-0.15362 5.5
-0.15338 5.2
-0.15313 4.8
-0.15289 4.4
-0.15265 4.0
-0.1524 3.6
-0.15216 3.2
-0.15191 2.8
-0.15167 2.3
-0.15142 1.9
-0.15118 1.4
-0.15094 1.0
-0.15069 0.5
-0.15045 0.0
-0.1502 -0.4
-0.14996 -0.9
-0.14972 -1.3
-0.14947 -1.8
-0.14923 -2.3
-0.14898 -2.7
-0.14874 -3.1
-0.14849 -3.6
-0.14825 -4.0
-0.14801 -4.4
-0.14776 -4.8
-0.14752 -5.2
-0.14727 -5.6
-0.14703 -5.9
-0.14679 -6.2
-0.14654 -6.6
-0.1463 -6.9
-0.14605 -7.1
-0.14581 -7.4
-0.14557 -7.6
-0.14532 -7.8
-0.14508 -8.0
-0.14483 -8.2
-0.14459 -8.3
-0.14434 -8.4
-0.1441 -8.5
-0.14386 -8.6
-0.14361 -8.6
-0.14337 -8.6
-0.14312 -8.6
-0.14288 -8.6
-0.14264 -8.5
-0.14239 -8.4
-0.14215 -8.3
-0.1419 -8.2
-0.14166 -8.0
-0.14141 -7.8
-0.14117 -7.6
-0.14093 -7.3
-0.14068 -7.1
-0.14044 -6.8
-0.14019 -6.5
-0.13995 -6.2
-0.13971 -5.8
-0.13946 -5.4
-0.13922 -5.1
-0.13897 -4.7
-0.13873 -4.2
-0.13848 -3.8
-0.13824 -3.4
-0.138 -2.9
-0.13775 -2.5
-0.13751 -2.0
-0.13726 -1.5
-0.13702 -1.0
-0.13678 -0.5
-0.13653 0.0
-0.13629 0.4
-0.13604 0.9
-0.1358 1.4
-0.13556 1.9
-0.13531 2.4
-0.13507 2.8
-0.13482 3.3
-0.13458 3.8
-0.13433 4.2
-0.13409 4.6
-0.13385 5.0
-0.1336 5.4
-0.13336 5.8
-0.13311 6.2
-0.13287 6.5
-0.13263 6.9
-0.13238 7.2
-0.13214 7.4
-0.13189 7.7
-0.13165 7.9
-0.1314 8.1
-0.13116 8.3
-0.13092 8.5
-0.13067 8.6
-0.13043 8.7
-0.13018 8.8
-0.12994 8.8
-0.1297 8.8
-0.12945 8.8
-0.12921 8.8
-0.12896 8.7
-0.12872 8.6
-0.12848 8.5
-0.12823 8.3
-0.12799 8.2
-0.12774 7.9
-0.1275 7.7
-0.12725 7.4
-0.12701 7.2
-0.12677 6.8
-0.12652 6.5
-0.12628 6.2
-0.12603 5.8
-0.12579 5.4
-0.12555 5.0
-0.1253 4.5
-0.12506 4.1
-0.12481 3.6
-0.12457 3.1
-0.12432 2.7
-0.12408 2.2
-0.12384 1.7
-0.12359 1.2
-0.12335 0.6
-0.1231 0.1
-0.12286 -0.4
-0.12262 -0.9
-0.12237 -1.4
-0.12213 -2.0
-0.12188 -2.5
-0.12164 -3.0
-0.1214 -3.4
-0.12115 -3.9
-0.12091 -4.4
-0.12066 -4.8
-0.12042 -5.3
-0.12017 -5.7
-0.11993 -6.1
-0.11969 -6.5
-0.11944 -6.8
-0.1192 -7.2
-0.11895 -7.5
-0.11871 -7.8
-0.11847 -8.0
-0.11822 -8.3
-0.11798 -8.5
-0.11773 -8.6
-0.11749 -8.8
-0.11724 -8.9
-0.117 -9.0
-0.11676 -9.0
-0.11651 -9.1
-0.11627 -9.1
-0.11602 -9.0
-0.11578 -8.9
-0.11554 -8.8
-0.11529 -8.7
-0.11505 -8.5
-0.1148 -8.3
-0.11456 -8.1
-0.11432 -7.8
-0.11407 -7.6
-0.11383 -7.2
-0.11358 -6.9
-0.11334 -6.5
-0.11309 -6.2
-0.11285 -5.8
-0.11261 -5.3
-0.11236 -4.9
-0.11212 -4.4
-0.11187 -3.9
-0.11163 -3.4
-0.11139 -2.9
-0.11114 -2.4
-0.1109 -1.8
-0.11065 -1.3
-0.11041 -0.7
-0.11016 -0.2
-0.10992 0.4
-0.10968 0.9
-0.10943 1.5
-0.10919 2.0
-0.10894 2.5
-0.1087 3.1
-0.10846 3.6
-0.10821 4.1
-0.10797 4.6
-0.10772 5.1
-0.10748 5.5
-0.10723 6.0
-0.10699 6.4
-0.10675 6.8
-0.1065 7.2
-0.10626 7.5
-0.10601 7.8
-0.10577 8.1
-0.10553 8.4
-0.10528 8.6
-0.10504 8.8
-0.10479 9.0
-0.10455 9.1
-0.10431 9.2
-0.10406 9.3
-0.10382 9.3
-0.10357 9.3
-0.10333 9.3
-0.10308 9.2
-0.10284 9.1
-0.1026 8.9
-0.10235 8.7
-0.10211 8.5
-0.10186 8.3
-0.10162 8.0
-0.10138 7.7
-0.10113 7.3
-0.10089 7.0
-0.10064 6.6
-0.1004 6.1
-0.10015 5.7
-0.09991 5.2
-0.09967 4.7
-0.09942 4.2
-0.09918 3.7
-0.09893 3.1
-0.09869 2.6
-0.09845 2.0
-0.0982 1.4
-0.09796 0.9
-0.09771 0.3
-0.09747 -0.3
-0.09723 -0.9
-0.09698 -1.5
-0.09674 -2.1
-0.09649 -2.7
-0.09625 -3.2
-0.096 -3.8
-0.09576 -4.3
-0.09552 -4.9
-0.09527 -5.4
-0.09503 -5.9
-0.09478 -6.3
-0.09454 -6.8
-0.0943 -7.2
-0.09405 -7.6
-0.09381 -7.9
-0.09356 -8.2
-0.09332 -8.5
-0.09307 -8.8
-0.09283 -9.0
-0.09259 -9.2
-0.09234 -9.3
-0.0921 -9.5
-0.09185 -9.5
-0.09161 -9.6
-0.09137 -9.6
-0.09112 -9.5
-0.09088 -9.4
-0.09063 -9.3
-0.09039 -9.1
-0.09015 -8.9
-0.0899 -8.7
-0.08966 -8.4
-0.08941 -8.1
-0.08917 -7.8
-0.08892 -7.4
-0.08868 -7.0
-0.08844 -6.5
-0.08819 -6.1
-0.08795 -5.6
-0.0877 -5.1
-0.08746 -4.5
-0.08722 -3.9
-0.08697 -3.4
-0.08673 -2.8
-0.08648 -2.1
-0.08624 -1.5
-0.08599 -0.9
-0.08575 -0.3
-0.08551 0.4
-0.08526 1.0
-0.08502 1.6
-0.08477 2.3
-0.08453 2.9
-0.08429 3.5
-0.08404 4.1
-0.0838 4.7
-0.08355 5.2
-0.08331 5.8
-0.08307 6.3
-0.08282 6.8
-0.08258 7.2
-0.08233 7.7
-0.08209 8.1
-0.08184 8.4
-0.0816 8.7
-0.08136 9.0
-0.08111 9.3
-0.08087 9.5
-0.08062 9.6
-0.08038 9.8
-0.08014 9.8
-0.07989 9.9
-0.07965 9.9
-0.0794 9.8
-0.07916 9.7
-0.07891 9.6
-0.07867 9.4
-0.07843 9.1
-0.07818 8.9
-0.07794 8.5
-0.07769 8.2
-0.07745 7.8
-0.07721 7.3
-0.07696 6.9
-0.07672 6.4
-0.07647 5.8
-0.07623 5.3
-0.07598 4.7
-0.07574 4.1
-0.0755 3.5
-0.07525 2.8
-0.07501 2.1
-0.07476 1.5
-0.07452 0.8
-0.07428 0.0
-0.07403 -0.6
-0.07379 -1.3
-0.07354 -2.0
-0.0733 -2.7
-0.07306 -3.3
-0.07281 -4.0
-0.07257 -4.6
-0.07232 -5.2
-0.07208 -5.8
-0.07183 -6.4
-0.07159 -6.9
-0.07135 -7.4
-0.0711 -7.9
-0.07086 -8.3
-0.07061 -8.7
-0.07037 -9.1
-0.07013 -9.4
-0.06988 -9.6
-0.06964 -9.9
-0.06939 -10.0
-0.06915 -10.1
-0.0689 -10.2
-0.06866 -10.2
-0.06842 -10.2
-0.06817 -10.1
-0.06793 -10.0
-0.06768 -9.8
-0.06744 -9.5
-0.0672 -9.2
-0.06695 -8.9
-0.06671 -8.5
-0.06646 -8.1
-0.06622 -7.6
-0.06598 -7.1
-0.06573 -6.6
-0.06549 -6.0
-0.06524 -5.3
-0.065 -4.7
-0.06475 -4.0
-0.06451 -3.3
-0.06427 -2.6
-0.06402 -1.9
-0.06378 -1.1
-0.06353 -0.4
-0.06329 0.4
-0.06305 1.1
-0.0628 1.9
-0.06256 2.6
-0.06231 3.4
-0.06207 4.1
-0.06182 4.8
-0.06158 5.5
-0.06134 6.1
-0.06109 6.7
-0.06085 7.3
-0.0606 7.9
-0.06036 8.4
-0.06012 8.8
-0.05987 9.2
-0.05963 9.6
-0.05938 9.9
-0.05914 10.2
-0.0589 10.4
-0.05865 10.5
-0.05841 10.6
-0.05816 10.6
-0.05792 10.6
-0.05767 10.5
-0.05743 10.3
-0.05719 10.1
-0.05694 9.9
-0.0567 9.5
-0.05645 9.1
-0.05621 8.7
-0.05597 8.2
-0.05572 7.7
-0.05548 7.1
-0.05523 6.4
-0.05499 5.8
-0.05474 5.1
-0.0545 4.3
-0.05426 3.6
-0.05401 2.8
-0.05377 2.0
-0.05352 1.1
-0.05328 0.3
-0.05304 -0.5
-0.05279 -1.4
-0.05255 -2.2
-0.0523 -3.0
-0.05206 -3.9
-0.05182 -4.6
-0.05157 -5.4
-0.05133 -6.1
-0.05108 -6.8
-0.05084 -7.5
-0.05059 -8.1
-0.05035 -8.7
-0.05011 -9.2
-0.04986 -9.7
-0.04962 -10.1
-0.04937 -10.4
-0.04913 -10.7
-0.04889 -10.9
-0.04864 -11.0
-0.0484 -11.1
-0.04815 -11.1
-0.04791 -11.0
-0.04766 -10.9
-0.04742 -10.7
-0.04718 -10.4
-0.04693 -10.0
-0.04669 -9.6
-0.04644 -9.1
-0.0462 -8.6
-0.04596 -8.0
-0.04571 -7.3
-0.04547 -6.6
-0.04522 -5.8
-0.04498 -5.0
-0.04473 -4.2
-0.04449 -3.3
-0.04425 -2.4
-0.044 -1.5
-0.04376 -0.5
-0.04351 0.4
-0.04327 1.4
-0.04303 2.3
-0.04278 3.2
-0.04254 4.2
-0.04229 5.0
-0.04205 5.9
-0.04181 6.7
-0.04156 7.5
-0.04132 8.2
-0.04107 8.9
-0.04083 9.5
-0.04058 10.0
-0.04034 10.5
-0.0401 10.9
-0.03985 11.2
-0.03961 11.4
-0.03936 11.6
-0.03912 11.7
-0.03888 11.7
-0.03863 11.6
-0.03839 11.4
-0.03814 11.1
-0.0379 10.7
-0.03765 10.3
-0.03741 9.7
-0.03717 9.1
-0.03692 8.4
-0.03668 7.7
-0.03643 6.9
-0.03619 6.0
-0.03595 5.1
-0.0357 4.1
-0.03546 3.1
-0.03521 2.0
-0.03497 1.0
-0.03473 -0.1
-0.03448 -1.2
-0.03424 -2.3
-0.03399 -3.3
-0.03375 -4.4
-0.0335 -5.4
-0.03326 -6.4
-0.03302 -7.3
-0.03277 -8.2
-0.03253 -9.0
-0.03228 -9.7
-0.03204 -10.4
-0.0318 -11.0
-0.03155 -11.5
-0.03131 -11.8
-0.03106 -12.1
-0.03082 -12.3
-0.03057 -12.4
-0.03033 -12.3
-0.03009 -12.2
-0.02984 -11.9
-0.0296 -11.6
-0.02935 -11.1
-0.02911 -10.5
-0.02887 -9.8
-0.02862 -9.0
-0.02838 -8.2
-0.02813 -7.2
-0.02789 -6.2
-0.02765 -5.1
-0.0274 -3.9
-0.02716 -2.7
-0.02691 -1.5
-0.02667 -0.2
-0.02642 1.0
-0.02618 2.3
-0.02594 3.6
-0.02569 4.8
-0.02545 6.0
-0.0252 7.1
-0.02496 8.2
-0.02472 9.2
-0.02447 10.1
-0.02423 11.0
-0.02398 11.7
-0.02374 12.3
-0.02349 12.7
-0.02325 13.0
-0.02301 13.2
-0.02276 13.3
-0.02252 13.2
-0.02227 12.9
-0.02203 12.5
-0.02179 12.0
-0.02154 11.3
-0.0213 10.5
-0.02105 9.5
-0.02081 8.5
-0.02057 7.3
-0.02032 6.0
-0.02008 4.6
-0.01983 3.2
-0.01959 1.7
-0.01934 0.2
-0.0191 -1.4
-0.01886 -2.9
-0.01861 -4.5
-0.01837 -6.0
-0.01812 -7.4
-0.01788 -8.7
-0.01764 -10.0
-0.01739 -11.1
-0.01715 -12.1
-0.0169 -12.9
-0.01666 -13.6
-0.01641 -14.1
-0.01617 -14.4
-0.01593 -14.5
-0.01568 -14.3
-0.01544 -14.0
-0.01519 -13.5
-0.01495 -12.7
-0.01471 -11.8
-0.01446 -10.6
-0.01422 -9.3
-0.01397 -7.8
-0.01373 -6.2
-0.01348 -4.4
-0.01324 -2.6
-0.013 -0.6
-0.01275 1.3
-0.01251 3.3
-0.01226 5.3
-0.01202 7.2
-0.01178 8.9
-0.01153 10.6
-0.01129 12.1
-0.01104 13.4
-0.0108 14.5
-0.01056 15.3
-0.01031 15.8
-0.01007 16.1
-0.00982 16.0
-0.00958 15.5
-0.00933 14.8
-0.00909 13.7
-0.00885 12.3
-0.0086 10.6
-0.00836 8.6
-0.00811 6.4
-0.00787 3.9
-0.00763 1.4
-0.00738 -1.3
-0.00714 -4.0
-0.00689 -6.6
-0.00665 -9.2
-0.0064 -11.6
-0.00616 -13.7
-0.00592 -15.5
-0.00567 -16.9
-0.00543 -17.8
-0.00518 -18.2
-0.00494 -18.1
-0.0047 -17.3
-0.00445 -16.0
-0.00421 -14.1
-0.00396 -11.6
-0.00372 -8.7
-0.00348 -5.3
-0.00323 -1.5
-0.00299 2.4
-0.00274 6.3
-0.0025 10.2
-0.00225 13.7
-0.00201 16.7
-0.00177 19.0
-0.00152 20.5
-0.00128 20.8
-0.00103 20.0
-0.00079 17.9
-0.00055 14.5
-0.0003 10.0
-6e-05 4.5
0.00019 -1.5
0.00043 -7.6
0.00068 -13.1
0.00092 -17.4
0.00116 -20.0
0.00141 -20.5
0.00165 -18.7
0.0019 -14.7
0.00214 -9.1
0.00238 -2.6
0.00263 3.9
0.00287 9.6
0.00312 13.7
0.00336 15.6
0.0036 15.1
0.00385 12.5
0.00409 8.3
0.00434 3.2
0.00458 -1.8
0.00483 -6.1
0.00507 -8.9
0.00531 -10.1
0.00556 -9.5
0.0058 -7.4
0.00605 -4.4
0.00629 -1.1
0.00653 2.1
0.00678 4.5
0.00702 5.8
0.00727 6.0
0.00751 5.2
0.00776 3.6
0.008 1.6
0.00824 -0.5
0.00849 -2.2
0.00873 -3.3
0.00898 -3.7
0.00922 -3.4
0.00946 -2.5
0.00971 -1.4
0.00995 0.0
0.0102 1.0
0.01044 1.8
0.01068 2.2
0.01093 2.1
0.01117 1.7
0.01142 1.0
0.01166 0.3
0.01191 -0.5
0.01215 -1.0
0.01239 -1.3
0.01264 -1.3
0.01288 -1.1
0.01313 -0.7
0.01337 -0.3
0.01361 0.2
0.01386 0.5
0.0141 0.8
0.01435 0.8
0.01459 0.7
0.01484 0.5
0.01508 0.2
0.01532 0.0
0.01557 -0.3
0.01581 -0.4
0.01606 -0.5
0.0163 -0.5
0.01654 -0.4
0.01679 -0.2
0.01703 0.0
0.01728 0.1
0.01752 0.2
0.01777 0.3
0.01801 0.3
0.01825 0.2
0.0185 0.1
0.01874 0.0
0.01899 0.0
0.01923 -0.1
0.01947 -0.2
0.01972 -0.2
0.01996 -0.2
0.02021 -0.1
0.02045 0.0
0.02069 0.0
0.02094 0.0
0.02118 0.1
0.02143 0.1
0.02167 0.1
0.02192 0.0
0.02216 0.0
0.0224 0.0
0.02265 0.0
0.02289 0.0
0.02314 0.0
0.02338 0.0
0.02362 0.0
0.02387 0.0
0.02411 0.0
0.02436 0.0
0.0246 0.0
0.02485 0.0
0.02509 0.0
0.02533 0.0
0.02558 0.0
0.02582 0.0
0.02607 0.0
0.02631 0.0
0.02655 0.0
0.0268 0.0
0.02704 0.0
0.02729 0.0
0.02753 0.0
0.02777 0.0
0.02802 0.0
0.02826 0.0
0.02851 0.0
0.02875 0.0
0.029 0.0
0.02924 0.0
0.02948 0.0
0.02973 0.0
0.02997 0.0
0.03022 0.0
0.03046 0.0
0.0307 0.0
0.03095 0.0
0.03119 0.0
0.03144 0.0
0.03168 0.0
0.03193 0.0
0.03217 0.0
0.03241 0.0
0.03266 0.0
0.0329 0.0
0.03315 0.0
0.03339 0.0
0.03363 0.0
0.03388 0.0
0.03412 0.0
0.03437 0.0
0.03461 0.0
0.03485 0.0
0.0351 0.0
0.03534 0.0
0.03559 0.0
0.03583 0.0
0.03608 0.0
0.03632 0.0
0.03656 0.0
0.03681 0.0
0.03705 0.0
0.0373 0.0
0.03754 0.0
0.03778 0.0
0.03803 0.0
0.03827 0.0
0.03852 0.0
0.03876 0.0
0.03901 0.0
0.03925 0.0
0.03949 0.0
0.03974 0.0
0.03998 0.0
0.04023 0.0
0.04047 0.0
0.04071 0.0
0.04096 0.0
0.0412 0.0
0.04145 0.0
0.04169 0.0
0.04193 0.0
0.04218 0.0
0.04242 0.0
0.04267 0.0
0.04291 0.0
0.04316 0.0
0.0434 0.0
0.04364 0.0
0.04389 0.0
0.04413 0.0
0.04438 0.0
0.04462 0.0
0.04486 0.0
0.04511 0.0
0.04535 0.0
0.0456 0.0
0.04584 0.0
0.04609 0.0
0.04633 0.0
0.04657 0.0
0.04682 0.0
0.04706 0.0
0.04731 0.0
0.04755 0.0
0.04779 0.0
0.04804 0.0
0.04828 0.0
0.04853 0.0
0.04877 0.0
0.04902 0.0
0.04926 0.0
0.0495 0.0
0.04975 0.0
0.04999 0.0
0.05024 0.0
0.05048 0.0
0.05072 0.0
0.05097 0.0
0.05121 0.0
0.05146 0.0
0.0517 0.0
0.05194 0.0
0.05219 0.0
0.05243 0.0
0.05268 0.0
0.05292 0.0
0.05317 0.0
0.05341 0.0
0.05365 0.0
0.0539 0.0
0.05414 0.0
0.05439 0.0
0.05463 0.0
0.05487 0.0
0.05512 0.0
0.05536 0.0
0.05561 0.0
0.05585 0.0
0.0561 0.0
0.05634 0.0
0.05658 0.0
0.05683 0.0
0.05707 0.0
0.05732 0.0
0.05756 0.0
0.0578 0.0
0.05805 0.0
0.05829 0.0
0.05854 0.0
0.05878 0.0
0.05902 0.0
0.05927 0.0
0.05951 0.0
0.05976 0.0
0.06 0.0
0.06025 0.0
0.06049 0.0
0.06073 0.0
0.06098 0.0
0.06122 0.0
0.06147 0.0
0.06171 0.0
0.06195 0.0
0.0622 0.0
0.06244 0.0
0.06269 0.0
0.06293 0.0
0.06318 0.0
0.06342 0.0
0.06366 0.0
0.06391 0.0
0.06415 0.0
0.0644 0.0
0.06464 0.0
0.06488 0.0
0.06513 0.0
0.06537 0.0
0.06562 0.0
0.06586 0.0
0.0661 0.0
0.06635 0.0
0.06659 0.0
0.06684 0.0
0.06708 0.0
0.06733 0.0
0.06757 0.0
0.06781 0.0
0.06806 0.0
0.0683 0.0
0.06855 0.0
0.06879 0.0
0.06903 0.0
0.06928 0.0
0.06952 0.0
0.06977 0.0
0.07001 0.0
0.07026 0.0
0.0705 0.0
0.07074 0.0
0.07099 0.0
0.07123 0.0
0.07148 0.0
0.07172 0.0
0.07196 0.0
0.07221 0.0
0.07245 0.0
0.0727 0.0
0.07294 0.0
0.07318 0.0
0.07343 0.0
0.07367 0.0
0.07392 0.0
0.07416 0.0
0.07441 0.0
0.07465 0.0
0.07489 0.0
0.07514 0.0
0.07538 0.0
0.07563 0.0
0.07587 0.0
0.07611 0.0
0.07636 0.0
0.0766 0.0
0.07685 0.0
0.07709 0.0
0.07734 0.0
0.07758 0.0
0.07782 0.0
0.07807 0.0
0.07831 0.0
0.07856 0.0
0.0788 0.0
0.07904 0.0
0.07929 0.0
0.07953 0.0
0.07978 0.0
0.08002 0.0
0.08027 0.0
0.08051 0.0
0.08075 0.0
0.081 0.0
0.08124 0.0
0.08149 0.0
0.08173 0.0
0.08197 0.0
0.08222 0.0
0.08246 0.0
0.08271 0.0
0.08295 0.0
0.08319 0.0
0.08344 0.0
0.08368 0.0
0.08393 0.0
0.08417 0.0
0.08442 0.0
0.08466 0.0
0.0849 0.0
0.08515 0.0
0.08539 0.0
0.08564 0.0
0.08588 0.0
0.08612 0.0
0.08637 0.0
0.08661 0.0
0.08686 0.0
0.0871 0.0
0.08735 0.0
0.08759 0.0
0.08783 0.0
0.08808 0.0
0.08832 0.0
0.08857 0.0
0.08881 0.0
0.08905 0.0
0.0893 0.0
0.08954 0.0
0.08979 0.0
0.09003 0.0
0.09027 0.0
0.09052 0.0
0.09076 0.0
0.09101 0.0
0.09125 0.0
0.0915 0.0
0.09174 0.0
0.09198 0.0
0.09223 0.0
0.09247 0.0
0.09272 0.0
0.09296 0.0
0.0932 0.0
0.09345 0.0
0.09369 0.0
0.09394 0.0
0.09418 0.0
0.09443 0.0
0.09467 0.0
0.09491 0.0
0.09516 0.0
0.0954 0.0
0.09565 0.0
0.09589 0.0
0.09613 0.0
0.09638 0.0
0.09662 0.0
0.09687 0.0
0.09711 0.0
0.09735 0.0
0.0976 0.0
0.09784 0.0
0.09809 0.0
0.09833 0.0
0.09858 0.0
0.09882 0.0
0.09906 0.0
0.09931 0.0
0.09955 0.0
0.0998 0.0
0.10004 0.0
0.10028 0.0
0.10053 0.0
0.10077 0.0
0.10102 0.0
0.10126 0.0
0.10151 0.0
0.10175 0.0
0.10199 0.0
0.10224 0.0
0.10248 0.0
0.10273 0.0
0.10297 0.0
0.10321 0.0
0.10346 0.0
0.1037 0.0
0.10395 0.0
0.10419 0.0
0.10443 0.0
0.10468 0.0
0.10492 0.0
0.10517 0.0
0.10541 0.0
0.10566 0.0
0.1059 0.0
0.10614 0.0
0.10639 0.0
0.10663 0.0
0.10688 0.0
0.10712 0.0
0.10736 0.0
0.10761 0.0
0.10785 0.0
0.1081 0.0
0.10834 0.0
0.10859 0.0
0.10883 0.0
0.10907 0.0
0.10932 0.0
0.10956 0.0
0.10981 0.0
0.11005 0.0
0.11029 0.0
0.11054 0.0
0.11078 0.0
0.11103 0.0
0.11127 0.0
0.11152 0.0
0.11176 0.0
0.112 0.0
0.11225 0.0
0.11249 0.0
0.11274 0.0
0.11298 0.0
0.11322 0.0
0.11347 0.0
0.11371 0.0
0.11396 0.0
0.1142 0.0
0.11444 0.0
0.11469 0.0
0.11493 0.0
0.11518 0.0
0.11542 0.0
0.11567 0.0
0.11591 0.0
0.11615 0.0
0.1164 0.0
0.11664 0.0
0.11689 0.0
0.11713 0.0
0.11737 0.0
0.11762 0.0
0.11786 0.0
0.11811 0.0
0.11835 0.0
0.1186 0.0
0.11884 0.0
0.11908 0.0
0.11933 0.0
0.11957 0.0
0.11982 0.0
0.12006 0.0
0.1203 0.0
0.12055 0.0
0.12079 0.0
0.12104 0.0
0.12128 0.0
0.12152 0.0
0.12177 0.0
0.12201 0.0
0.12226 0.0
0.1225 0.0
0.12275 0.0
0.12299 0.0
0.12323 0.0
0.12348 0.0
0.12372 0.0
0.12397 0.0
0.12421 0.0
0.12445 0.0
0.1247 0.0
0.12494 0.0
0.12519 0.0
0.12543 0.0
0.12568 0.0
0.12592 0.0
0.12616 0.0
0.12641 0.0
0.12665 0.0
0.1269 0.0
0.12714 0.0
0.12738 0.0
0.12763 0.0
0.12787 0.0
0.12812 0.0
0.12836 0.0
0.1286 0.0
0.12885 0.0
0.12909 0.0
0.12934 0.0
0.12958 0.0
0.12983 0.0
0.13007 0.0
0.13031 0.0
0.13056 0.0
0.1308 0.0
0.13105 0.0
0.13129 0.0
0.13153 0.0
0.13178 0.0
0.13202 0.0
0.13227 0.0
0.13251 0.0
0.13276 0.0
0.133 0.0
0.13324 0.0
0.13349 0.0
0.13373 0.0
0.13398 0.0
0.13422 0.0
0.13446 0.0
0.13471 0.0
0.13495 0.0
0.1352 0.0
0.13544 0.0
0.13568 0.0
0.13593 0.0
0.13617 0.0
0.13642 0.0
0.13666 0.0
0.13691 0.0
0.13715 0.0
0.13739 0.0
0.13764 0.0
0.13788 0.0
0.13813 0.0
0.13837 0.0
0.13861 0.0
0.13886 0.0
0.1391 0.0
0.13935 0.0
0.13959 0.0
0.13984 0.0
0.14008 0.0
0.14032 0.0
0.14057 0.0
0.14081 0.0
0.14106 0.0
0.1413 0.0
0.14154 0.0
0.14179 0.0
0.14203 0.0
0.14228 0.0
0.14252 0.0
0.14277 0.0
0.14301 0.0
0.14325 0.0
0.1435 0.0
0.14374 0.0
0.14399 0.0
0.14423 0.0
0.14447 0.0
