t strain*1e23
-0.51622 -32.0
-0.51598 -31.7
-0.51573 -31.3
-0.51549 -30.9
-0.51524 -30.5
-0.515 -30.0
-0.51476 -29.4
-0.51451 -28.9
-0.51427 -28.2
-0.51402 -27.6
-0.51378 -26.9
-0.51353 -26.1
-0.51329 -25.3
-0.51305 -24.5
-0.5128 -23.7
-0.51256 -22.8
-0.51231 -21.8
-0.51207 -20.9
-0.51183 -19.9
-0.51158 -18.8
-0.51134 -17.8
-0.51109 -16.7
-0.51085 -15.6
-0.5106 -14.5
-0.51036 -13.3
-0.51012 -12.2
-0.50987 -11.0
-0.50963 -9.8
-0.50938 -8.6
-0.50914 -7.3
-0.5089 -6.1
-0.50865 -4.8
-0.50841 -3.6
-0.50816 -2.3
-0.50792 -1.0
-0.50768 0.3
-0.50743 1.5
-0.50719 2.8
-0.50694 4.1
-0.5067 5.3
-0.50645 6.6
-0.50621 7.8
-0.50597 9.1
-0.50572 10.3
-0.50548 11.5
-0.50523 12.7
-0.50499 13.8
-0.50475 15.0
-0.5045 16.1
-0.50426 17.2
-0.50401 18.3
-0.50377 19.4
-0.50352 20.4
-0.50328 21.4
-0.50304 22.3
-0.50279 23.3
-0.50255 24.2
-0.5023 25.0
-0.50206 25.9
-0.50182 26.6
-0.50157 27.4
-0.50133 28.1
-0.50108 28.7
-0.50084 29.4
-0.5006 29.9
-0.50035 30.5
-0.50011 30.9
-0.49986 31.4
-0.49962 31.8
-0.49937 32.1
-0.49913 32.4
-0.49889 32.7
-0.49864 32.8
-0.4984 33.0
-0.49815 33.1
-0.49791 33.1
-0.49767 33.1
-0.49742 33.1
-0.49718 33.0
-0.49693 32.8
-0.49669 32.6
-0.49644 32.4
-0.4962 32.1
-0.49596 31.7
-0.49571 31.3
-0.49547 30.9
-0.49522 30.4
-0.49498 29.8
-0.49474 29.3
-0.49449 28.6
-0.49425 28.0
-0.494 27.2
-0.49376 26.5
-0.49352 25.7
-0.49327 24.9
-0.49303 24.0
-0.49278 23.1
-0.49254 22.1
-0.49229 21.1
-0.49205 20.1
-0.49181 19.1
-0.49156 18.0
-0.49132 16.9
-0.49107 15.8
-0.49083 14.6
-0.49059 13.5
-0.49034 12.3
-0.4901 11.1
-0.48985 9.8
-0.48961 8.6
-0.48936 7.3
-0.48912 6.0
-0.48888 4.8
-0.48863 3.5
-0.48839 2.2
-0.48814 0.9
-0.4879 -0.4
-0.48766 -1.7
-0.48741 -3.0
-0.48717 -4.3
-0.48692 -5.6
-0.48668 -6.9
-0.48643 -8.2
-0.48619 -9.4
-0.48595 -10.7
-0.4857 -11.9
-0.48546 -13.1
-0.48521 -14.3
-0.48497 -15.5
-0.48473 -16.6
-0.48448 -17.7
-0.48424 -18.8
-0.48399 -19.9
-0.48375 -20.9
-0.48351 -21.9
-0.48326 -22.9
-0.48302 -23.9
-0.48277 -24.8
-0.48253 -25.6
-0.48228 -26.4
-0.48204 -27.2
-0.4818 -28.0
-0.48155 -28.7
-0.48131 -29.3
-0.48106 -29.9
-0.48082 -30.5
-0.48058 -31.0
-0.48033 -31.5
-0.48009 -31.9
-0.47984 -32.3
-0.4796 -32.6
-0.47935 -32.8
-0.47911 -33.1
-0.47887 -33.2
-0.47862 -33.4
-0.47838 -33.4
-0.47813 -33.4
-0.47789 -33.4
-0.47765 -33.3
-0.4774 -33.2
-0.47716 -33.0
-0.47691 -32.7
-0.47667 -32.4
-0.47643 -32.1
-0.47618 -31.7
-0.47594 -31.2
-0.47569 -30.8
-0.47545 -30.2
-0.4752 -29.6
-0.47496 -29.0
-0.47472 -28.3
-0.47447 -27.6
-0.47423 -26.8
-0.47398 -26.0
-0.47374 -25.1
-0.4735 -24.3
-0.47325 -23.3
-0.47301 -22.4
-0.47276 -21.4
-0.47252 -20.3
-0.47227 -19.3
-0.47203 -18.2
-0.47179 -17.0
-0.47154 -15.9
-0.4713 -14.7
-0.47105 -13.5
-0.47081 -12.3
-0.47057 -11.0
-0.47032 -9.8
-0.47008 -8.5
-0.46983 -7.2
-0.46959 -5.9
-0.46935 -4.6
-0.4691 -3.3
-0.46886 -1.9
-0.46861 -0.6
-0.46837 0.7
-0.46812 2.1
-0.46788 3.4
-0.46764 4.7
-0.46739 6.0
-0.46715 7.3
-0.4669 8.6
-0.46666 9.9
-0.46642 11.2
-0.46617 12.4
-0.46593 13.7
-0.46568 14.9
-0.46544 16.1
-0.46519 17.2
-0.46495 18.4
-0.46471 19.5
-0.46446 20.6
-0.46422 21.6
-0.46397 22.6
-0.46373 23.6
-0.46349 24.5
-0.46324 25.4
-0.463 26.3
-0.46275 27.1
-0.46251 27.9
-0.46227 28.6
-0.46202 29.3
-0.46178 30.0
-0.46153 30.5
-0.46129 31.1
-0.46104 31.6
-0.4608 32.0
-0.46056 32.4
-0.46031 32.8
-0.46007 33.1
-0.45982 33.3
-0.45958 33.5
-0.45934 33.6
-0.45909 33.7
-0.45885 33.7
-0.4586 33.7
-0.45836 33.6
-0.45811 33.5
-0.45787 33.3
-0.45763 33.1
-0.45738 32.8
-0.45714 32.4
-0.45689 32.0
-0.45665 31.6
-0.45641 31.1
-0.45616 30.5
-0.45592 29.9
-0.45567 29.3
-0.45543 28.6
-0.45518 27.8
-0.45494 27.1
-0.4547 26.2
-0.45445 25.4
-0.45421 24.4
-0.45396 23.5
-0.45372 22.5
-0.45348 21.5
-0.45323 20.4
-0.45299 19.3
-0.45274 18.2
-0.4525 17.0
-0.45226 15.8
-0.45201 14.6
-0.45177 13.4
-0.45152 12.1
-0.45128 10.9
-0.45103 9.6
-0.45079 8.2
-0.45055 6.9
-0.4503 5.6
-0.45006 4.2
-0.44981 2.9
-0.44957 1.5
-0.44933 0.2
-0.44908 -1.2
-0.44884 -2.6
-0.44859 -3.9
-0.44835 -5.3
-0.4481 -6.6
-0.44786 -8.0
-0.44762 -9.3
-0.44737 -10.6
-0.44713 -11.9
-0.44688 -13.2
-0.44664 -14.4
-0.4464 -15.6
-0.44615 -16.8
-0.44591 -18.0
-0.44566 -19.2
-0.44542 -20.3
-0.44518 -21.4
-0.44493 -22.4
-0.44469 -23.4
-0.44444 -24.4
-0.4442 -25.4
-0.44395 -26.3
-0.44371 -27.1
-0.44347 -27.9
-0.44322 -28.7
-0.44298 -29.4
-0.44273 -30.1
-0.44249 -30.7
-0.44225 -31.3
-0.442 -31.8
-0.44176 -32.3
-0.44151 -32.7
-0.44127 -33.0
-0.44102 -33.4
-0.44078 -33.6
-0.44054 -33.8
-0.44029 -34.0
-0.44005 -34.0
-0.4398 -34.1
-0.43956 -34.1
-0.43932 -34.0
-0.43907 -33.8
-0.43883 -33.6
-0.43858 -33.4
-0.43834 -33.1
-0.4381 -32.7
-0.43785 -32.3
-0.43761 -31.9
-0.43736 -31.4
-0.43712 -30.8
-0.43687 -30.2
-0.43663 -29.5
-0.43639 -28.8
-0.43614 -28.0
-0.4359 -27.2
-0.43565 -26.3
-0.43541 -25.4
-0.43517 -24.5
-0.43492 -23.5
-0.43468 -22.5
-0.43443 -21.4
-0.43419 -20.3
-0.43394 -19.2
-0.4337 -18.0
-0.43346 -16.8
-0.43321 -15.6
-0.43297 -14.4
-0.43272 -13.1
-0.43248 -11.8
-0.43224 -10.5
-0.43199 -9.1
-0.43175 -7.8
-0.4315 -6.4
-0.43126 -5.0
-0.43102 -3.7
-0.43077 -2.3
-0.43053 -0.9
-0.43028 0.5
-0.43004 1.9
-0.42979 3.3
-0.42955 4.7
-0.42931 6.1
-0.42906 7.5
-0.42882 8.8
-0.42857 10.2
-0.42833 11.5
-0.42809 12.8
-0.42784 14.1
-0.4276 15.4
-0.42735 16.6
-0.42711 17.9
-0.42686 19.0
-0.42662 20.2
-0.42638 21.3
-0.42613 22.4
-0.42589 23.5
-0.42564 24.5
-0.4254 25.4
-0.42516 26.4
-0.42491 27.2
-0.42467 28.1
-0.42442 28.9
-0.42418 29.6
-0.42393 30.3
-0.42369 31.0
-0.42345 31.5
-0.4232 32.1
-0.42296 32.6
-0.42271 33.0
-0.42247 33.4
-0.42223 33.7
-0.42198 34.0
-0.42174 34.2
-0.42149 34.3
-0.42125 34.4
-0.42101 34.4
-0.42076 34.4
-0.42052 34.3
-0.42027 34.2
-0.42003 34.0
-0.41978 33.7
-0.41954 33.4
-0.4193 33.0
-0.41905 32.6
-0.41881 32.1
-0.41856 31.5
-0.41832 30.9
-0.41808 30.3
-0.41783 29.6
-0.41759 28.8
-0.41734 28.0
-0.4171 27.2
-0.41685 26.3
-0.41661 25.4
-0.41637 24.4
-0.41612 23.3
-0.41588 22.3
-0.41563 21.2
-0.41539 20.0
-0.41515 18.9
-0.4149 17.6
-0.41466 16.4
-0.41441 15.1
-0.41417 13.8
-0.41393 12.5
-0.41368 11.2
-0.41344 9.8
-0.41319 8.4
-0.41295 7.0
-0.4127 5.6
-0.41246 4.2
-0.41222 2.8
-0.41197 1.4
-0.41173 0.0
-0.41148 -1.5
-0.41124 -2.9
-0.411 -4.4
-0.41075 -5.8
-0.41051 -7.2
-0.41026 -8.6
-0.41002 -10.0
-0.40977 -11.4
-0.40953 -12.7
-0.40929 -14.0
-0.40904 -15.3
-0.4088 -16.6
-0.40855 -17.9
-0.40831 -19.1
-0.40807 -20.3
-0.40782 -21.4
-0.40758 -22.6
-0.40733 -23.6
-0.40709 -24.7
-0.40685 -25.7
-0.4066 -26.6
-0.40636 -27.5
-0.40611 -28.4
-0.40587 -29.2
-0.40562 -30.0
-0.40538 -30.7
-0.40514 -31.3
-0.40489 -31.9
-0.40465 -32.5
-0.4044 -33.0
-0.40416 -33.4
-0.40392 -33.8
-0.40367 -34.1
-0.40343 -34.3
-0.40318 -34.5
-0.40294 -34.7
-0.40269 -34.8
-0.40245 -34.8
-0.40221 -34.7
-0.40196 -34.6
-0.40172 -34.4
-0.40147 -34.2
-0.40123 -33.9
-0.40099 -33.6
-0.40074 -33.2
-0.4005 -32.7
-0.40025 -32.2
-0.40001 -31.6
-0.39977 -31.0
-0.39952 -30.3
-0.39928 -29.6
-0.39903 -28.8
-0.39879 -27.9
-0.39854 -27.0
-0.3983 -26.1
-0.39806 -25.1
-0.39781 -24.0
-0.39757 -23.0
-0.39732 -21.9
-0.39708 -20.7
-0.39684 -19.5
-0.39659 -18.3
-0.39635 -17.0
-0.3961 -15.7
-0.39586 -14.4
-0.39561 -13.1
-0.39537 -11.7
-0.39513 -10.3
-0.39488 -8.9
-0.39464 -7.5
-0.39439 -6.0
-0.39415 -4.6
-0.39391 -3.1
-0.39366 -1.6
-0.39342 -0.2
-0.39317 1.3
-0.39293 2.8
-0.39268 4.3
-0.39244 5.7
-0.3922 7.2
-0.39195 8.6
-0.39171 10.0
-0.39146 11.4
-0.39122 12.8
-0.39098 14.2
-0.39073 15.5
-0.39049 16.8
-0.39024 18.1
-0.39 19.4
-0.38976 20.6
-0.38951 21.8
-0.38927 22.9
-0.38902 24.0
-0.38878 25.1
-0.38853 26.1
-0.38829 27.1
-0.38805 28.0
-0.3878 28.9
-0.38756 29.7
-0.38731 30.4
-0.38707 31.2
-0.38683 31.8
-0.38658 32.4
-0.38634 33.0
-0.38609 33.4
-0.38585 33.9
-0.3856 34.2
-0.38536 34.5
-0.38512 34.8
-0.38487 35.0
-0.38463 35.1
-0.38438 35.1
-0.38414 35.1
-0.3839 35.0
-0.38365 34.9
-0.38341 34.7
-0.38316 34.4
-0.38292 34.1
-0.38268 33.7
-0.38243 33.3
-0.38219 32.8
-0.38194 32.2
-0.3817 31.6
-0.38145 30.9
-0.38121 30.1
-0.38097 29.4
-0.38072 28.5
-0.38048 27.6
-0.38023 26.6
-0.37999 25.6
-0.37975 24.6
-0.3795 23.5
-0.37926 22.4
-0.37901 21.2
-0.37877 20.0
-0.37852 18.7
-0.37828 17.4
-0.37804 16.1
-0.37779 14.8
-0.37755 13.4
-0.3773 12.0
-0.37706 10.6
-0.37682 9.1
-0.37657 7.6
-0.37633 6.2
-0.37608 4.7
-0.37584 3.2
-0.3756 1.7
-0.37535 0.2
-0.37511 -1.4
-0.37486 -2.9
-0.37462 -4.4
-0.37437 -5.9
-0.37413 -7.4
-0.37389 -8.8
-0.37364 -10.3
-0.3734 -11.7
-0.37315 -13.1
-0.37291 -14.5
-0.37267 -15.9
-0.37242 -17.3
-0.37218 -18.6
-0.37193 -19.8
-0.37169 -21.1
-0.37144 -22.3
-0.3712 -23.5
-0.37096 -24.6
-0.37071 -25.7
-0.37047 -26.7
-0.37022 -27.7
-0.36998 -28.6
-0.36974 -29.5
-0.36949 -30.3
-0.36925 -31.1
-0.369 -31.8
-0.36876 -32.4
-0.36852 -33.0
-0.36827 -33.5
-0.36803 -34.0
-0.36778 -34.4
-0.36754 -34.8
-0.36729 -35.0
-0.36705 -35.3
-0.36681 -35.4
-0.36656 -35.5
-0.36632 -35.5
-0.36607 -35.4
-0.36583 -35.3
-0.36559 -35.1
-0.36534 -34.9
-0.3651 -34.6
-0.36485 -34.2
-0.36461 -33.8
-0.36436 -33.3
-0.36412 -32.7
-0.36388 -32.1
-0.36363 -31.4
-0.36339 -30.6
-0.36314 -29.8
-0.3629 -29.0
-0.36266 -28.0
-0.36241 -27.1
-0.36217 -26.1
-0.36192 -25.0
-0.36168 -23.9
-0.36143 -22.7
-0.36119 -21.5
-0.36095 -20.2
-0.3607 -19.0
-0.36046 -17.6
-0.36021 -16.3
-0.35997 -14.9
-0.35973 -13.5
-0.35948 -12.0
-0.35924 -10.6
-0.35899 -9.1
-0.35875 -7.6
-0.35851 -6.0
-0.35826 -4.5
-0.35802 -3.0
-0.35777 -1.4
-0.35753 0.1
-0.35728 1.7
-0.35704 3.2
-0.3568 4.8
-0.35655 6.3
-0.35631 7.8
-0.35606 9.4
-0.35582 10.8
-0.35558 12.3
-0.35533 13.8
-0.35509 15.2
-0.35484 16.6
-0.3546 18.0
-0.35435 19.3
-0.35411 20.6
-0.35387 21.9
-0.35362 23.1
-0.35338 24.3
-0.35313 25.4
-0.35289 26.5
-0.35265 27.5
-0.3524 28.5
-0.35216 29.4
-0.35191 30.3
-0.35167 31.1
-0.35143 31.8
-0.35118 32.5
-0.35094 33.2
-0.35069 33.7
-0.35045 34.2
-0.3502 34.7
-0.34996 35.1
-0.34972 35.4
-0.34947 35.6
-0.34923 35.8
-0.34898 35.9
-0.34874 35.9
-0.3485 35.9
-0.34825 35.8
-0.34801 35.6
-0.34776 35.3
-0.34752 35.0
-0.34727 34.6
-0.34703 34.2
-0.34679 33.7
-0.34654 33.1
-0.3463 32.4
-0.34605 31.7
-0.34581 31.0
-0.34557 30.1
-0.34532 29.3
-0.34508 28.3
-0.34483 27.3
-0.34459 26.2
-0.34435 25.1
-0.3441 24.0
-0.34386 22.8
-0.34361 21.5
-0.34337 20.2
-0.34312 18.9
-0.34288 17.5
-0.34264 16.1
-0.34239 14.7
-0.34215 13.2
-0.3419 11.7
-0.34166 10.2
-0.34142 8.7
-0.34117 7.1
-0.34093 5.6
-0.34068 4.0
-0.34044 2.4
-0.34019 0.8
-0.33995 -0.8
-0.33971 -2.4
-0.33946 -4.0
-0.33922 -5.6
-0.33897 -7.2
-0.33873 -8.7
-0.33849 -10.3
-0.33824 -11.8
-0.338 -13.3
-0.33775 -14.8
-0.33751 -16.2
-0.33727 -17.7
-0.33702 -19.0
-0.33678 -20.4
-0.33653 -21.7
-0.33629 -23.0
-0.33604 -24.2
-0.3358 -25.4
-0.33556 -26.5
-0.33531 -27.6
-0.33507 -28.6
-0.33482 -29.6
-0.33458 -30.5
-0.33434 -31.3
-0.33409 -32.1
-0.33385 -32.8
-0.3336 -33.5
-0.33336 -34.1
-0.33311 -34.6
-0.33287 -35.1
-0.33263 -35.5
-0.33238 -35.8
-0.33214 -36.0
-0.33189 -36.2
-0.33165 -36.3
-0.33141 -36.3
-0.33116 -36.3
-0.33092 -36.2
-0.33067 -36.0
-0.33043 -35.7
-0.33018 -35.4
-0.32994 -35.0
-0.3297 -34.5
-0.32945 -34.0
-0.32921 -33.4
-0.32896 -32.7
-0.32872 -31.9
-0.32848 -31.1
-0.32823 -30.3
-0.32799 -29.3
-0.32774 -28.3
-0.3275 -27.3
-0.32726 -26.2
-0.32701 -25.0
-0.32677 -23.8
-0.32652 -22.5
-0.32628 -21.2
-0.32603 -19.9
-0.32579 -18.5
-0.32555 -17.1
-0.3253 -15.6
-0.32506 -14.1
-0.32481 -12.6
-0.32457 -11.0
-0.32433 -9.5
-0.32408 -7.9
-0.32384 -6.3
-0.32359 -4.6
-0.32335 -3.0
-0.3231 -1.4
-0.32286 0.3
-0.32262 1.9
-0.32237 3.6
-0.32213 5.2
-0.32188 6.8
-0.32164 8.5
-0.3214 10.0
-0.32115 11.6
-0.32091 13.2
-0.32066 14.7
-0.32042 16.2
-0.32018 17.7
-0.31993 19.1
-0.31969 20.5
-0.31944 21.9
-0.3192 23.2
-0.31895 24.4
-0.31871 25.7
-0.31847 26.8
-0.31822 27.9
-0.31798 29.0
-0.31773 30.0
-0.31749 30.9
-0.31725 31.8
-0.317 32.6
-0.31676 33.3
-0.31651 34.0
-0.31627 34.6
-0.31602 35.1
-0.31578 35.6
-0.31554 36.0
-0.31529 36.3
-0.31505 36.5
-0.3148 36.7
-0.31456 36.7
-0.31432 36.7
-0.31407 36.7
-0.31383 36.5
-0.31358 36.3
-0.31334 36.0
-0.3131 35.7
-0.31285 35.2
-0.31261 34.7
-0.31236 34.1
-0.31212 33.4
-0.31187 32.7
-0.31163 31.9
-0.31139 31.0
-0.31114 30.1
-0.3109 29.1
-0.31065 28.1
-0.31041 26.9
-0.31017 25.8
-0.30992 24.5
-0.30968 23.3
-0.30943 21.9
-0.30919 20.6
-0.30894 19.1
-0.3087 17.7
-0.30846 16.2
-0.30821 14.6
-0.30797 13.1
-0.30772 11.5
-0.30748 9.9
-0.30724 8.2
-0.30699 6.6
-0.30675 4.9
-0.3065 3.2
-0.30626 1.5
-0.30602 -0.2
-0.30577 -1.9
-0.30553 -3.6
-0.30528 -5.3
-0.30504 -6.9
-0.30479 -8.6
-0.30455 -10.2
-0.30431 -11.9
-0.30406 -13.5
-0.30382 -15.1
-0.30357 -16.6
-0.30333 -18.1
-0.30309 -19.6
-0.30284 -21.0
-0.3026 -22.4
-0.30235 -23.7
-0.30211 -25.0
-0.30186 -26.3
-0.30162 -27.5
-0.30138 -28.6
-0.30113 -29.6
-0.30089 -30.7
-0.30064 -31.6
-0.3004 -32.5
-0.30016 -33.3
-0.29991 -34.0
-0.29967 -34.7
-0.29942 -35.3
-0.29918 -35.8
-0.29893 -36.2
-0.29869 -36.6
-0.29845 -36.8
-0.2982 -37.0
-0.29796 -37.2
-0.29771 -37.2
-0.29747 -37.2
-0.29723 -37.1
-0.29698 -36.9
-0.29674 -36.6
-0.29649 -36.2
-0.29625 -35.8
-0.29601 -35.3
-0.29576 -34.7
-0.29552 -34.0
-0.29527 -33.3
-0.29503 -32.5
-0.29478 -31.6
-0.29454 -30.7
-0.2943 -29.6
-0.29405 -28.6
-0.29381 -27.4
-0.29356 -26.2
-0.29332 -25.0
-0.29308 -23.6
-0.29283 -22.3
-0.29259 -20.9
-0.29234 -19.4
-0.2921 -17.9
-0.29185 -16.3
-0.29161 -14.8
-0.29137 -13.2
-0.29112 -11.5
-0.29088 -9.8
-0.29063 -8.1
-0.29039 -6.4
-0.29015 -4.7
-0.2899 -3.0
-0.28966 -1.2
-0.28941 0.5
-0.28917 2.3
-0.28893 4.0
-0.28868 5.8
-0.28844 7.5
-0.28819 9.2
-0.28795 10.9
-0.2877 12.6
-0.28746 14.2
-0.28722 15.8
-0.28697 17.4
-0.28673 19.0
-0.28648 20.5
-0.28624 21.9
-0.286 23.3
-0.28575 24.7
-0.28551 26.0
-0.28526 27.2
-0.28502 28.4
-0.28477 29.6
-0.28453 30.6
-0.28429 31.6
-0.28404 32.5
-0.2838 33.4
-0.28355 34.2
-0.28331 34.9
-0.28307 35.5
-0.28282 36.1
-0.28258 36.5
-0.28233 36.9
-0.28209 37.2
-0.28185 37.5
-0.2816 37.6
-0.28136 37.7
-0.28111 37.6
-0.28087 37.5
-0.28062 37.3
-0.28038 37.1
-0.28014 36.7
-0.27989 36.3
-0.27965 35.7
-0.2794 35.1
-0.27916 34.5
-0.27892 33.7
-0.27867 32.9
-0.27843 31.9
-0.27818 31.0
-0.27794 29.9
-0.27769 28.8
-0.27745 27.6
-0.27721 26.3
-0.27696 25.0
-0.27672 23.7
-0.27647 22.2
-0.27623 20.8
-0.27599 19.3
-0.27574 17.7
-0.2755 16.1
-0.27525 14.4
-0.27501 12.8
-0.27477 11.0
-0.27452 9.3
-0.27428 7.6
-0.27403 5.8
-0.27379 4.0
-0.27354 2.2
-0.2733 0.4
-0.27306 -1.4
-0.27281 -3.2
-0.27257 -5.0
-0.27232 -6.8
-0.27208 -8.6
-0.27184 -10.4
-0.27159 -12.1
-0.27135 -13.8
-0.2711 -15.5
-0.27086 -17.1
-0.27061 -18.7
-0.27037 -20.3
-0.27013 -21.8
-0.26988 -23.3
-0.26964 -24.7
-0.26939 -26.1
-0.26915 -27.4
-0.26891 -28.6
-0.26866 -29.8
-0.26842 -30.9
-0.26817 -31.9
-0.26793 -32.9
-0.26768 -33.8
-0.26744 -34.6
-0.2672 -35.3
-0.26695 -36.0
-0.26671 -36.6
-0.26646 -37.0
-0.26622 -37.4
-0.26598 -37.8
-0.26573 -38.0
-0.26549 -38.1
-0.26524 -38.2
-0.265 -38.1
-0.26476 -38.0
-0.26451 -37.8
-0.26427 -37.5
-0.26402 -37.1
-0.26378 -36.6
-0.26353 -36.1
-0.26329 -35.4
-0.26305 -34.7
-0.2628 -33.9
-0.26256 -33.0
-0.26231 -32.0
-0.26207 -31.0
-0.26183 -29.8
-0.26158 -28.6
-0.26134 -27.4
-0.26109 -26.1
-0.26085 -24.7
-0.2606 -23.2
-0.26036 -21.7
-0.26012 -20.2
-0.25987 -18.6
-0.25963 -16.9
-0.25938 -15.3
-0.25914 -13.5
-0.2589 -11.8
-0.25865 -10.0
-0.25841 -8.2
-0.25816 -6.3
-0.25792 -4.5
-0.25768 -2.6
-0.25743 -0.8
-0.25719 1.1
-0.25694 3.0
-0.2567 4.8
-0.25645 6.7
-0.25621 8.5
-0.25597 10.3
-0.25572 12.1
-0.25548 13.9
-0.25523 15.7
-0.25499 17.4
-0.25475 19.0
-0.2545 20.6
-0.25426 22.2
-0.25401 23.7
-0.25377 25.2
-0.25352 26.6
-0.25328 27.9
-0.25304 29.2
-0.25279 30.4
-0.25255 31.5
-0.2523 32.6
-0.25206 33.6
-0.25182 34.5
-0.25157 35.3
-0.25133 36.0
-0.25108 36.7
-0.25084 37.2
-0.2506 37.7
-0.25035 38.1
-0.25011 38.4
-0.24986 38.6
-0.24962 38.7
-0.24937 38.7
-0.24913 38.6
-0.24889 38.4
-0.24864 38.2
-0.2484 37.8
-0.24815 37.3
-0.24791 36.8
-0.24767 36.2
-0.24742 35.4
-0.24718 34.6
-0.24693 33.7
-0.24669 32.7
-0.24644 31.7
-0.2462 30.5
-0.24596 29.3
-0.24571 28.0
-0.24547 26.7
-0.24522 25.3
-0.24498 23.8
-0.24474 22.2
-0.24449 20.6
-0.24425 19.0
-0.244 17.3
-0.24376 15.5
-0.24352 13.7
-0.24327 11.9
-0.24303 10.1
-0.24278 8.2
-0.24254 6.3
-0.24229 4.4
-0.24205 2.4
-0.24181 0.5
-0.24156 -1.4
-0.24132 -3.4
-0.24107 -5.3
-0.24083 -7.2
-0.24059 -9.1
-0.24034 -11.0
-0.2401 -12.9
-0.23985 -14.7
-0.23961 -16.5
-0.23936 -18.2
-0.23912 -19.9
-0.23888 -21.6
-0.23863 -23.2
-0.23839 -24.7
-0.23814 -26.2
-0.2379 -27.7
-0.23766 -29.0
-0.23741 -30.3
-0.23717 -31.5
-0.23692 -32.6
-0.23668 -33.7
-0.23643 -34.7
-0.23619 -35.5
-0.23595 -36.3
-0.2357 -37.0
-0.23546 -37.6
-0.23521 -38.2
-0.23497 -38.6
-0.23473 -38.9
-0.23448 -39.1
-0.23424 -39.2
-0.23399 -39.3
-0.23375 -39.2
-0.23351 -39.0
-0.23326 -38.7
-0.23302 -38.4
-0.23277 -37.9
-0.23253 -37.3
-0.23228 -36.7
-0.23204 -35.9
-0.2318 -35.1
-0.23155 -34.1
-0.23131 -33.1
-0.23106 -32.0
-0.23082 -30.8
-0.23058 -29.5
-0.23033 -28.2
-0.23009 -26.8
-0.22984 -25.3
-0.2296 -23.7
-0.22935 -22.1
-0.22911 -20.4
-0.22887 -18.7
-0.22862 -16.9
-0.22838 -15.1
-0.22813 -13.2
-0.22789 -11.3
-0.22765 -9.4
-0.2274 -7.4
-0.22716 -5.4
-0.22691 -3.4
-0.22667 -1.4
-0.22643 0.6
-0.22618 2.6
-0.22594 4.6
-0.22569 6.6
-0.22545 8.6
-0.2252 10.5
-0.22496 12.5
-0.22472 14.4
-0.22447 16.2
-0.22423 18.1
-0.22398 19.8
-0.22374 21.6
-0.2235 23.3
-0.22325 24.9
-0.22301 26.4
-0.22276 27.9
-0.22252 29.3
-0.22227 30.7
-0.22203 31.9
-0.22179 33.1
-0.22154 34.2
-0.2213 35.2
-0.22105 36.1
-0.22081 36.9
-0.22057 37.6
-0.22032 38.3
-0.22008 38.8
-0.21983 39.2
-0.21959 39.5
-0.21935 39.7
-0.2191 39.8
-0.21886 39.9
-0.21861 39.7
-0.21837 39.5
-0.21812 39.2
-0.21788 38.8
-0.21764 38.3
-0.21739 37.7
-0.21715 36.9
-0.2169 36.1
-0.21666 35.2
-0.21642 34.2
-0.21617 33.1
-0.21593 31.9
-0.21568 30.6
-0.21544 29.2
-0.21519 27.8
-0.21495 26.3
-0.21471 24.7
-0.21446 23.0
-0.21422 21.3
-0.21397 19.5
-0.21373 17.7
-0.21349 15.8
-0.21324 13.8
-0.213 11.9
-0.21275 9.9
-0.21251 7.8
-0.21227 5.8
-0.21202 3.7
-0.21178 1.6
-0.21153 -0.5
-0.21129 -2.6
-0.21104 -4.6
-0.2108 -6.7
-0.21056 -8.8
-0.21031 -10.8
-0.21007 -12.8
-0.20982 -14.8
-0.20958 -16.7
-0.20934 -18.6
-0.20909 -20.5
-0.20885 -22.3
-0.2086 -24.0
-0.20836 -25.7
-0.20811 -27.3
-0.20787 -28.8
-0.20763 -30.2
-0.20738 -31.6
-0.20714 -32.9
-0.20689 -34.1
-0.20665 -35.2
-0.20641 -36.2
-0.20616 -37.1
-0.20592 -37.9
-0.20567 -38.6
-0.20543 -39.2
-0.20518 -39.6
-0.20494 -40.0
-0.2047 -40.3
-0.20445 -40.4
-0.20421 -40.5
-0.20396 -40.4
-0.20372 -40.2
-0.20348 -39.9
-0.20323 -39.5
-0.20299 -39.0
-0.20274 -38.4
-0.2025 -37.7
-0.20226 -36.8
-0.20201 -35.9
-0.20177 -34.8
-0.20152 -33.7
-0.20128 -32.4
-0.20103 -31.1
-0.20079 -29.7
-0.20055 -28.2
-0.2003 -26.6
-0.20006 -25.0
-0.19981 -23.2
-0.19957 -21.4
-0.19933 -19.6
-0.19908 -17.6
-0.19884 -15.7
-0.19859 -13.7
-0.19835 -11.6
-0.1981 -9.5
-0.19786 -7.4
-0.19762 -5.2
-0.19737 -3.1
-0.19713 -0.9
-0.19688 1.3
-0.19664 3.4
-0.1964 5.6
-0.19615 7.8
-0.19591 9.9
-0.19566 12.0
-0.19542 14.1
-0.19518 16.1
-0.19493 18.1
-0.19469 20.0
-0.19444 21.9
-0.1942 23.8
-0.19395 25.5
-0.19371 27.2
-0.19347 28.8
-0.19322 30.3
-0.19298 31.8
-0.19273 33.1
-0.19249 34.4
-0.19225 35.6
-0.192 36.6
-0.19176 37.6
-0.19151 38.4
-0.19127 39.2
-0.19102 39.8
-0.19078 40.3
-0.19054 40.7
-0.19029 41.0
-0.19005 41.1
-0.1898 41.1
-0.18956 41.1
-0.18932 40.9
-0.18907 40.5
-0.18883 40.1
-0.18858 39.5
-0.18834 38.9
-0.1881 38.1
-0.18785 37.2
-0.18761 36.1
-0.18736 35.0
-0.18712 33.8
-0.18687 32.5
-0.18663 31.1
-0.18639 29.5
-0.18614 27.9
-0.1859 26.2
-0.18565 24.5
-0.18541 22.6
-0.18517 20.7
-0.18492 18.7
-0.18468 16.7
-0.18443 14.6
-0.18419 12.5
-0.18394 10.3
-0.1837 8.1
-0.18346 5.9
-0.18321 3.7
-0.18297 1.4
-0.18272 -0.9
-0.18248 -3.1
-0.18224 -5.4
-0.18199 -7.7
-0.18175 -9.9
-0.1815 -12.1
-0.18126 -14.2
-0.18102 -16.4
-0.18077 -18.5
-0.18053 -20.5
-0.18028 -22.4
-0.18004 -24.3
-0.17979 -26.2
-0.17955 -27.9
-0.17931 -29.6
-0.17906 -31.2
-0.17882 -32.7
-0.17857 -34.0
-0.17833 -35.3
-0.17809 -36.5
-0.17784 -37.6
-0.1776 -38.5
-0.17735 -39.4
-0.17711 -40.1
-0.17686 -40.7
-0.17662 -41.2
-0.17638 -41.5
-0.17613 -41.8
-0.17589 -41.9
-0.17564 -41.8
-0.1754 -41.7
-0.17516 -41.4
-0.17491 -41.0
-0.17467 -40.4
-0.17442 -39.7
-0.17418 -39.0
-0.17393 -38.0
-0.17369 -37.0
-0.17345 -35.9
-0.1732 -34.6
-0.17296 -33.2
-0.17271 -31.8
-0.17247 -30.2
-0.17223 -28.5
-0.17198 -26.8
-0.17174 -24.9
-0.17149 -23.0
-0.17125 -21.0
-0.17101 -18.9
-0.17076 -16.8
-0.17052 -14.6
-0.17027 -12.4
-0.17003 -10.1
-0.16978 -7.8
-0.16954 -5.5
-0.1693 -3.1
-0.16905 -0.7
-0.16881 1.6
-0.16856 4.0
-0.16832 6.4
-0.16808 8.7
-0.16783 11.0
-0.16759 13.3
-0.16734 15.6
-0.1671 17.8
-0.16685 19.9
-0.16661 22.0
-0.16637 24.0
-0.16612 26.0
-0.16588 27.8
-0.16563 29.6
-0.16539 31.3
-0.16515 32.9
-0.1649 34.3
-0.16466 35.7
-0.16441 37.0
-0.16417 38.1
-0.16393 39.1
-0.16368 40.0
-0.16344 40.8
-0.16319 41.4
-0.16295 41.9
-0.1627 42.3
-0.16246 42.5
-0.16222 42.6
-0.16197 42.6
-0.16173 42.4
-0.16148 42.1
-0.16124 41.6
-0.161 41.0
-0.16075 40.3
-0.16051 39.4
-0.16026 38.5
-0.16002 37.3
-0.15977 36.1
-0.15953 34.7
-0.15929 33.3
-0.15904 31.7
-0.1588 30.0
-0.15855 28.2
-0.15831 26.3
-0.15807 24.3
-0.15782 22.3
-0.15758 20.1
-0.15733 17.9
-0.15709 15.6
-0.15685 13.3
-0.1566 10.9
-0.15636 8.5
-0.15611 6.1
-0.15587 3.6
-0.15562 1.1
-0.15538 -1.3
-0.15514 -3.8
-0.15489 -6.3
-0.15465 -8.8
-0.1544 -11.2
-0.15416 -13.6
-0.15392 -15.9
-0.15367 -18.3
-0.15343 -20.5
-0.15318 -22.7
-0.15294 -24.8
-0.15269 -26.8
-0.15245 -28.7
-0.15221 -30.6
-0.15196 -32.3
-0.15172 -34.0
-0.15147 -35.5
-0.15123 -36.9
-0.15099 -38.2
-0.15074 -39.3
-0.1505 -40.3
-0.15025 -41.2
-0.15001 -41.9
-0.14977 -42.5
-0.14952 -43.0
-0.14928 -43.3
-0.14903 -43.4
-0.14879 -43.5
-0.14854 -43.3
-0.1483 -43.0
-0.14806 -42.6
-0.14781 -42.0
-0.14757 -41.3
-0.14732 -40.4
-0.14708 -39.4
-0.14684 -38.2
-0.14659 -36.9
-0.14635 -35.5
-0.1461 -33.9
-0.14586 -32.3
-0.14561 -30.5
-0.14537 -28.6
-0.14513 -26.6
-0.14488 -24.5
-0.14464 -22.4
-0.14439 -20.1
-0.14415 -17.8
-0.14391 -15.4
-0.14366 -12.9
-0.14342 -10.4
-0.14317 -7.9
-0.14293 -5.3
-0.14268 -2.7
-0.14244 0.0
-0.1422 2.5
-0.14195 5.2
-0.14171 7.7
-0.14146 10.3
-0.14122 12.9
-0.14098 15.3
-0.14073 17.8
-0.14049 20.2
-0.14024 22.5
-0.14 24.7
-0.13976 26.9
-0.13951 28.9
-0.13927 30.9
-0.13902 32.7
-0.13878 34.5
-0.13853 36.1
-0.13829 37.6
-0.13805 38.9
-0.1378 40.1
-0.13756 41.2
-0.13731 42.1
-0.13707 42.9
-0.13683 43.5
-0.13658 43.9
-0.13634 44.2
-0.13609 44.4
-0.13585 44.3
-0.1356 44.1
-0.13536 43.8
-0.13512 43.3
-0.13487 42.6
-0.13463 41.8
-0.13438 40.8
-0.13414 39.6
-0.1339 38.3
-0.13365 36.9
-0.13341 35.3
-0.13316 33.6
-0.13292 31.8
-0.13268 29.9
-0.13243 27.8
-0.13219 25.6
-0.13194 23.3
-0.1317 21.0
-0.13145 18.5
-0.13121 16.0
-0.13097 13.4
-0.13072 10.8
-0.13048 8.1
-0.13023 5.4
-0.12999 2.7
-0.12975 0.0
-0.1295 -2.8
-0.12926 -5.6
-0.12901 -8.3
-0.12877 -11.0
-0.12852 -13.7
-0.12828 -16.3
-0.12804 -18.9
-0.12779 -21.4
-0.12755 -23.8
-0.1273 -26.1
-0.12706 -28.3
-0.12682 -30.5
-0.12657 -32.5
-0.12633 -34.4
-0.12608 -36.1
-0.12584 -37.7
-0.1256 -39.2
-0.12535 -40.6
-0.12511 -41.7
-0.12486 -42.8
-0.12462 -43.6
-0.12437 -44.3
-0.12413 -44.8
-0.12389 -45.2
-0.12364 -45.3
-0.1234 -45.3
-0.12315 -45.1
-0.12291 -44.8
-0.12267 -44.2
-0.12242 -43.5
-0.12218 -42.6
-0.12193 -41.6
-0.12169 -40.3
-0.12144 -39.0
-0.1212 -37.4
-0.12096 -35.7
-0.12071 -33.9
-0.12047 -31.9
-0.12022 -29.8
-0.11998 -27.6
-0.11974 -25.3
-0.11949 -22.8
-0.11925 -20.3
-0.119 -17.7
-0.11876 -15.0
-0.11852 -12.2
-0.11827 -9.4
-0.11803 -6.5
-0.11778 -3.7
-0.11754 -0.7
-0.11729 2.2
-0.11705 5.1
-0.11681 8.0
-0.11656 10.8
-0.11632 13.7
-0.11607 16.4
-0.11583 19.2
-0.11559 21.8
-0.11534 24.4
-0.1151 26.8
-0.11485 29.2
-0.11461 31.4
-0.11436 33.5
-0.11412 35.5
-0.11388 37.3
-0.11363 39.0
-0.11339 40.6
-0.11314 41.9
-0.1129 43.1
-0.11266 44.1
-0.11241 45.0
-0.11217 45.6
-0.11192 46.1
-0.11168 46.3
-0.11143 46.4
-0.11119 46.3
-0.11095 46.0
-0.1107 45.4
-0.11046 44.7
-0.11021 43.9
-0.10997 42.8
-0.10973 41.5
-0.10948 40.1
-0.10924 38.5
-0.10899 36.7
-0.10875 34.8
-0.10851 32.7
-0.10826 30.4
-0.10802 28.1
-0.10777 25.6
-0.10753 23.0
-0.10728 20.3
-0.10704 17.5
-0.1068 14.6
-0.10655 11.7
-0.10631 8.6
-0.10606 5.6
-0.10582 2.5
-0.10558 -0.6
-0.10533 -3.7
-0.10509 -6.7
-0.10484 -9.8
-0.1046 -12.8
-0.10435 -15.8
-0.10411 -18.7
-0.10387 -21.5
-0.10362 -24.3
-0.10338 -26.9
-0.10313 -29.5
-0.10289 -31.9
-0.10265 -34.1
-0.1024 -36.2
-0.10216 -38.2
-0.10191 -40.0
-0.10167 -41.6
-0.10143 -43.1
-0.10118 -44.3
-0.10094 -45.4
-0.10069 -46.2
-0.10045 -46.9
-0.1002 -47.3
-0.09996 -47.5
-0.09972 -47.6
-0.09947 -47.3
-0.09923 -46.9
-0.09898 -46.3
-0.09874 -45.5
-0.0985 -44.4
-0.09825 -43.1
-0.09801 -41.7
-0.09776 -40.0
-0.09752 -38.2
-0.09727 -36.2
-0.09703 -34.0
-0.09679 -31.7
-0.09654 -29.2
-0.0963 -26.5
-0.09605 -23.8
-0.09581 -20.9
-0.09557 -17.9
-0.09532 -14.8
-0.09508 -11.7
-0.09483 -8.5
-0.09459 -5.2
-0.09435 -1.9
-0.0941 1.4
-0.09386 4.7
-0.09361 8.0
-0.09337 11.2
-0.09312 14.4
-0.09288 17.6
-0.09264 20.6
-0.09239 23.6
-0.09215 26.5
-0.0919 29.2
-0.09166 31.9
-0.09142 34.3
-0.09117 36.7
-0.09093 38.8
-0.09068 40.8
-0.09044 42.5
-0.09019 44.1
-0.08995 45.5
-0.08971 46.6
-0.08946 47.5
-0.08922 48.2
-0.08897 48.6
-0.08873 48.9
-0.08849 48.8
-0.08824 48.6
-0.088 48.1
-0.08775 47.3
-0.08751 46.4
-0.08727 45.2
-0.08702 43.7
-0.08678 42.1
-0.08653 40.2
-0.08629 38.1
-0.08604 35.9
-0.0858 33.4
-0.08556 30.8
-0.08531 28.0
-0.08507 25.1
-0.08482 22.0
-0.08458 18.8
-0.08434 15.6
-0.08409 12.2
-0.08385 8.8
-0.0836 5.3
-0.08336 1.7
-0.08311 -1.8
-0.08287 -5.4
-0.08263 -8.9
-0.08238 -12.4
-0.08214 -15.8
-0.08189 -19.2
-0.08165 -22.4
-0.08141 -25.6
-0.08116 -28.6
-0.08092 -31.5
-0.08067 -34.2
-0.08043 -36.8
-0.08018 -39.2
-0.07994 -41.4
-0.0797 -43.3
-0.07945 -45.1
-0.07921 -46.6
-0.07896 -47.8
-0.07872 -48.9
-0.07848 -49.6
-0.07823 -50.1
-0.07799 -50.3
-0.07774 -50.3
-0.0775 -50.0
-0.07726 -49.4
-0.07701 -48.6
-0.07677 -47.4
-0.07652 -46.1
-0.07628 -44.5
-0.07603 -42.6
-0.07579 -40.5
-0.07555 -38.1
-0.0753 -35.6
-0.07506 -32.8
-0.07481 -29.9
-0.07457 -26.8
-0.07433 -23.5
-0.07408 -20.1
-0.07384 -16.6
-0.07359 -13.0
-0.07335 -9.3
-0.0731 -5.5
-0.07286 -1.7
-0.07262 2.1
-0.07237 6.0
-0.07213 9.8
-0.07188 13.5
-0.07164 17.2
-0.0714 20.8
-0.07115 24.3
-0.07091 27.7
-0.07066 30.9
-0.07042 34.0
-0.07018 36.8
-0.06993 39.5
-0.06969 41.9
-0.06944 44.2
-0.0692 46.1
-0.06895 47.8
-0.06871 49.2
-0.06847 50.4
-0.06822 51.2
-0.06798 51.8
-0.06773 52.0
-0.06749 51.9
-0.06725 51.6
-0.067 50.9
-0.06676 49.9
-0.06651 48.6
-0.06627 47.1
-0.06602 45.2
-0.06578 43.1
-0.06554 40.7
-0.06529 38.0
-0.06505 35.1
-0.0648 32.0
-0.06456 28.7
-0.06432 25.2
-0.06407 21.5
-0.06383 17.7
-0.06358 13.8
-0.06334 9.7
-0.0631 5.6
-0.06285 1.5
-0.06261 -2.7
-0.06236 -6.9
-0.06212 -11.0
-0.06187 -15.1
-0.06163 -19.1
-0.06139 -23.0
-0.06114 -26.7
-0.0609 -30.3
-0.06065 -33.8
-0.06041 -37.0
-0.06017 -40.0
-0.05992 -42.7
-0.05968 -45.2
-0.05943 -47.4
-0.05919 -49.3
-0.05894 -50.9
-0.0587 -52.2
-0.05846 -53.1
-0.05821 -53.7
-0.05797 -53.9
-0.05772 -53.8
-0.05748 -53.3
-0.05724 -52.5
-0.05699 -51.3
-0.05675 -49.8
-0.0565 -47.9
-0.05626 -45.8
-0.05602 -43.2
-0.05577 -40.4
-0.05553 -37.4
-0.05528 -34.0
-0.05504 -30.4
-0.05479 -26.6
-0.05455 -22.6
-0.05431 -18.4
-0.05406 -14.1
-0.05382 -9.7
-0.05357 -5.2
-0.05333 -0.6
-0.05309 4.0
-0.05284 8.6
-0.0526 13.1
-0.05235 17.6
-0.05211 21.9
-0.05186 26.1
-0.05162 30.2
-0.05138 34.0
-0.05113 37.7
-0.05089 41.0
-0.05064 44.1
-0.0504 46.9
-0.05016 49.3
-0.04991 51.4
-0.04967 53.1
-0.04942 54.5
-0.04918 55.4
-0.04893 56.0
-0.04869 56.1
-0.04845 55.9
-0.0482 55.2
-0.04796 54.0
-0.04771 52.5
-0.04747 50.6
-0.04723 48.3
-0.04698 45.6
-0.04674 42.6
-0.04649 39.2
-0.04625 35.5
-0.04601 31.5
-0.04576 27.2
-0.04552 22.7
-0.04527 18.1
-0.04503 13.2
-0.04478 8.3
-0.04454 3.2
-0.0443 -1.9
-0.04405 -7.0
-0.04381 -12.1
-0.04356 -17.1
-0.04332 -22.0
-0.04308 -26.7
-0.04283 -31.2
-0.04259 -35.6
-0.04234 -39.6
-0.0421 -43.3
-0.04185 -46.7
-0.04161 -49.7
-0.04137 -52.4
-0.04112 -54.6
-0.04088 -56.3
-0.04063 -57.6
-0.04039 -58.4
-0.04015 -58.8
-0.0399 -58.6
-0.03966 -57.9
-0.03941 -56.7
-0.03917 -55.1
-0.03893 -52.9
-0.03868 -50.3
-0.03844 -47.2
-0.03819 -43.7
-0.03795 -39.8
-0.0377 -35.5
-0.03746 -30.9
-0.03722 -25.9
-0.03697 -20.7
-0.03673 -15.3
-0.03648 -9.8
-0.03624 -4.1
-0.036 1.7
-0.03575 7.5
-0.03551 13.2
-0.03526 18.9
-0.03502 24.4
-0.03477 29.7
-0.03453 34.8
-0.03429 39.5
-0.03404 44.0
-0.0338 48.0
-0.03355 51.6
-0.03331 54.7
-0.03307 57.3
-0.03282 59.3
-0.03258 60.8
-0.03233 61.7
-0.03209 62.0
-0.03185 61.6
-0.0316 60.7
-0.03136 59.1
-0.03111 56.9
-0.03087 54.1
-0.03062 50.8
-0.03038 46.9
-0.03014 42.5
-0.02989 37.6
-0.02965 32.2
-0.0294 26.5
-0.02916 20.5
-0.02892 14.2
-0.02867 7.8
-0.02843 1.1
-0.02818 -5.5
-0.02794 -12.2
-0.02769 -18.8
-0.02745 -25.2
-0.02721 -31.4
-0.02696 -37.3
-0.02672 -42.8
-0.02647 -47.8
-0.02623 -52.4
-0.02599 -56.3
-0.02574 -59.7
-0.0255 -62.4
-0.02525 -64.3
-0.02501 -65.5
-0.02477 -66.0
-0.02452 -65.6
-0.02428 -64.5
-0.02403 -62.5
-0.02379 -59.8
-0.02354 -56.3
-0.0233 -52.0
-0.02306 -47.1
-0.02281 -41.5
-0.02257 -35.3
-0.02232 -28.6
-0.02208 -21.5
-0.02184 -14.0
-0.02159 -6.3
-0.02135 1.6
-0.0211 9.5
-0.02086 17.4
-0.02061 25.1
-0.02037 32.6
-0.02013 39.7
-0.01988 46.3
-0.01964 52.3
-0.01939 57.6
-0.01915 62.1
-0.01891 65.8
-0.01866 68.6
-0.01842 70.4
-0.01817 71.1
-0.01793 70.8
-0.01768 69.3
-0.01744 66.8
-0.0172 63.2
-0.01695 58.6
-0.01671 53.0
-0.01646 46.4
-0.01622 39.0
-0.01598 30.9
-0.01573 22.1
-0.01549 12.9
-0.01524 3.3
-0.015 -6.5
-0.01476 -16.3
-0.01451 -25.9
-0.01427 -35.2
-0.01402 -44.1
-0.01378 -52.2
-0.01353 -59.5
-0.01329 -65.7
-0.01305 -70.8
-0.0128 -74.6
-0.01256 -77.0
-0.01231 -77.9
-0.01207 -77.3
-0.01183 -75.0
-0.01158 -71.1
-0.01134 -65.7
-0.01109 -58.7
-0.01085 -50.3
-0.0106 -40.7
-0.01036 -29.9
-0.01012 -18.3
-0.00987 -6.0
-0.00963 6.7
-0.00938 19.4
-0.00914 32.0
-0.0089 44.0
-0.00865 55.2
-0.00841 65.1
-0.00816 73.5
-0.00792 80.2
-0.00768 84.7
-0.00743 86.9
-0.00719 86.7
-0.00694 83.9
-0.0067 78.4
-0.00645 70.4
-0.00621 59.9
-0.00597 47.1
-0.00572 32.3
-0.00548 16.1
-0.00523 -1.3
-0.00499 -19.1
-0.00475 -36.8
-0.0045 -53.6
-0.00426 -68.8
-0.00401 -81.7
-0.00377 -91.5
-0.00352 -97.7
-0.00328 -99.5
-0.00304 -96.7
-0.00279 -89.0
-0.00255 -76.3
-0.0023 -59.0
-0.00206 -37.6
-0.00182 -13.0
-0.00157 13.5
-0.00133 40.4
-0.00108 65.9
-0.00084 87.7
-0.0006 103.5
-0.00035 111.3
-0.00011 108.9
0.00014 95.5
0.00038 71.4
0.00063 38.4
0.00087 0.2
0.00111 -38.1
0.00136 -71.0
0.0016 -93.0
0.00185 -100.2
0.00209 -91.5
0.00233 -68.2
0.00258 -35.0
0.00282 1.9
0.00307 35.5
0.00331 59.6
0.00356 70.4
0.0038 66.8
0.00404 50.9
0.00429 26.9
0.00453 0.5
0.00478 -22.7
0.00502 -38.4
0.00526 -44.2
0.00551 -40.2
0.00575 -28.3
0.006 -12.2
0.00624 4.3
0.00648 17.5
0.00673 25.2
0.00697 26.3
0.00722 21.6
0.00746 12.9
0.00771 2.7
0.00795 -6.7
0.00819 -13.3
0.00844 -16.0
0.00868 -14.8
0.00893 -10.5
0.00917 -4.5
0.00941 1.6
0.00966 6.5
0.0099 9.3
0.01015 9.6
0.01039 7.7
0.01064 4.4
0.01088 0.6
0.01112 -2.8
0.01137 -5.1
0.01161 -6.0
0.01186 -5.4
0.0121 -3.6
0.01234 -1.4
0.01259 0.9
0.01283 2.6
0.01308 3.6
0.01332 3.5
0.01357 2.7
0.01381 1.4
0.01405 0.0
0.0143 -1.2
0.01454 -2.0
0.01479 -2.2
0.01503 -1.9
0.01527 -1.3
0.01552 -0.4
0.01576 0.5
0.01601 1.1
0.01625 1.4
0.01649 1.3
0.01674 1.0
0.01698 0.5
0.01723 0.0
0.01747 -0.5
0.01772 -0.8
0.01796 -0.8
0.0182 -0.7
0.01845 -0.4
0.01869 0.0
0.01894 0.2
0.01918 0.4
0.01942 0.5
0.01967 0.5
0.01991 0.3
0.02016 0.1
0.0204 0.0
0.02065 -0.2
0.02089 -0.3
0.02113 -0.3
0.02138 -0.3
0.02162 -0.1
0.02187 0.0
0.02211 0.0
0.02235 0.2
0.0226 0.2
0.02284 0.2
0.02309 0.1
0.02333 0.0
0.02357 0.0
0.02382 0.0
0.02406 -0.1
0.02431 -0.1
0.02455 0.0
0.0248 0.0
0.02504 0.0
0.02528 0.0
0.02553 0.0
0.02577 0.0
0.02602 0.0
0.02626 0.0
0.0265 0.0
0.02675 0.0
0.02699 0.0
0.02724 0.0
0.02748 0.0
0.02773 0.0
0.02797 0.0
0.02821 0.0
0.02846 0.0
0.0287 0.0
0.02895 0.0
0.02919 0.0
0.02943 0.0
0.02968 0.0
0.02992 0.0
0.03017 0.0
0.03041 0.0
0.03065 0.0
0.0309 0.0
0.03114 0.0
0.03139 0.0
0.03163 0.0
0.03188 0.0
0.03212 0.0
0.03236 0.0
0.03261 0.0
0.03285 0.0
0.0331 0.0
0.03334 0.0
0.03358 0.0
0.03383 0.0
0.03407 0.0
0.03432 0.0
0.03456 0.0
0.03481 0.0
0.03505 0.0
0.03529 0.0
0.03554 0.0
0.03578 0.0
0.03603 0.0
0.03627 0.0
0.03651 0.0
0.03676 0.0
0.037 0.0
0.03725 0.0
0.03749 0.0
0.03773 0.0
0.03798 0.0
0.03822 0.0
0.03847 0.0
0.03871 0.0
0.03896 0.0
0.0392 0.0
0.03944 0.0
0.03969 0.0
0.03993 0.0
0.04018 0.0
0.04042 0.0
0.04066 0.0
0.04091 0.0
0.04115 0.0
0.0414 0.0
0.04164 0.0
0.04189 0.0
0.04213 0.0
0.04237 0.0
0.04262 0.0
0.04286 0.0
0.04311 0.0
0.04335 0.0
0.04359 0.0
0.04384 0.0
0.04408 0.0
0.04433 0.0
0.04457 0.0
0.04482 0.0
0.04506 0.0
0.0453 0.0
0.04555 0.0
0.04579 0.0
0.04604 0.0
0.04628 0.0
0.04652 0.0
0.04677 0.0
0.04701 0.0
0.04726 0.0
0.0475 0.0
0.04774 0.0
0.04799 0.0
0.04823 0.0
0.04848 0.0
0.04872 0.0
0.04897 0.0
0.04921 0.0
0.04945 0.0
0.0497 0.0
0.04994 0.0
0.05019 0.0
0.05043 0.0
0.05067 0.0
0.05092 0.0
0.05116 0.0
0.05141 0.0
0.05165 0.0
0.0519 0.0
0.05214 0.0
0.05238 0.0
0.05263 0.0
0.05287 0.0
0.05312 0.0
0.05336 0.0
0.0536 0.0
0.05385 0.0
0.05409 0.0
0.05434 0.0
0.05458 0.0
0.05482 0.0
0.05507 0.0
0.05531 0.0
0.05556 0.0
0.0558 0.0
0.05605 0.0
0.05629 0.0
0.05653 0.0
0.05678 0.0
0.05702 0.0
0.05727 0.0
0.05751 0.0
0.05775 0.0
0.058 0.0
0.05824 0.0
0.05849 0.0
0.05873 0.0
0.05898 0.0
0.05922 0.0
0.05946 0.0
0.05971 0.0
0.05995 0.0
0.0602 0.0
0.06044 0.0
0.06068 0.0
0.06093 0.0
0.06117 0.0
0.06142 0.0
0.06166 0.0
0.0619 0.0
0.06215 0.0
0.06239 0.0
0.06264 0.0
0.06288 0.0
0.06313 0.0
0.06337 0.0
0.06361 0.0
0.06386 0.0
0.0641 0.0
0.06435 0.0
0.06459 0.0
0.06483 0.0
0.06508 0.0
0.06532 0.0
0.06557 0.0
0.06581 0.0
0.06606 0.0
0.0663 0.0
0.06654 0.0
0.06679 0.0
0.06703 0.0
0.06728 0.0
0.06752 0.0
0.06776 0.0
0.06801 0.0
0.06825 0.0
0.0685 0.0
0.06874 0.0
0.06898 0.0
0.06923 0.0
0.06947 0.0
0.06972 0.0
0.06996 0.0
0.07021 0.0
0.07045 0.0
0.07069 0.0
0.07094 0.0
0.07118 0.0
0.07143 0.0
0.07167 0.0
0.07191 0.0
0.07216 0.0
0.0724 0.0
0.07265 0.0
0.07289 0.0
0.07314 0.0
0.07338 0.0
0.07362 0.0
0.07387 0.0
0.07411 0.0
0.07436 0.0
0.0746 0.0
0.07484 0.0
0.07509 0.0
0.07533 0.0
0.07558 0.0
0.07582 0.0
0.07607 0.0
0.07631 0.0
0.07655 0.0
0.0768 0.0
0.07704 0.0
0.07729 0.0
0.07753 0.0
0.07777 0.0
0.07802 0.0
0.07826 0.0
0.07851 0.0
0.07875 0.0
0.07899 0.0
0.07924 0.0
0.07948 0.0
0.07973 0.0
0.07997 0.0
0.08022 0.0
0.08046 0.0
0.0807 0.0
0.08095 0.0
0.08119 0.0
0.08144 0.0
0.08168 0.0
0.08192 0.0
0.08217 0.0
0.08241 0.0
0.08266 0.0
0.0829 0.0
0.08315 0.0
0.08339 0.0
0.08363 0.0
0.08388 0.0
0.08412 0.0
0.08437 0.0
0.08461 0.0
0.08485 0.0
0.0851 0.0
0.08534 0.0
0.08559 0.0
0.08583 0.0
0.08607 0.0
0.08632 0.0
0.08656 0.0
0.08681 0.0
0.08705 0.0
0.0873 0.0
0.08754 0.0
0.08778 0.0
0.08803 0.0
0.08827 0.0
0.08852 0.0
0.08876 0.0
0.089 0.0
0.08925 0.0
0.08949 0.0
0.08974 0.0
0.08998 0.0
0.09023 0.0
0.09047 0.0
0.09071 0.0
0.09096 0.0
0.0912 0.0
0.09145 0.0
0.09169 0.0
0.09193 0.0
0.09218 0.0
0.09242 0.0
0.09267 0.0
0.09291 0.0
0.09315 0.0
0.0934 0.0
0.09364 0.0
0.09389 0.0
0.09413 0.0
0.09438 0.0
0.09462 0.0
0.09486 0.0
0.09511 0.0
0.09535 0.0
0.0956 0.0
0.09584 0.0
0.09608 0.0
0.09633 0.0
0.09657 0.0
0.09682 0.0
0.09706 0.0
0.09731 0.0
0.09755 0.0
0.09779 0.0
0.09804 0.0
0.09828 0.0
0.09853 0.0
0.09877 0.0
0.09901 0.0
0.09926 0.0
0.0995 0.0
0.09975 0.0
0.09999 0.0
0.10023 0.0
0.10048 0.0
0.10072 0.0
0.10097 0.0
0.10121 0.0
0.10146 0.0
0.1017 0.0
0.10194 0.0
0.10219 0.0
0.10243 0.0
0.10268 0.0
0.10292 0.0
0.10316 0.0
0.10341 0.0
0.10365 0.0
0.1039 0.0
0.10414 0.0
0.10439 0.0
0.10463 0.0
0.10487 0.0
0.10512 0.0
0.10536 0.0
0.10561 0.0
0.10585 0.0
0.10609 0.0
0.10634 0.0
0.10658 0.0
0.10683 0.0
0.10707 0.0
0.10732 0.0
0.10756 0.0
0.1078 0.0
0.10805 0.0
0.10829 0.0
0.10854 0.0
0.10878 0.0
0.10902 0.0
0.10927 0.0
0.10951 0.0
0.10976 0.0
0.11 0.0
0.11024 0.0
0.11049 0.0
0.11073 0.0
0.11098 0.0
0.11122 0.0
0.11147 0.0
0.11171 0.0
0.11195 0.0
0.1122 0.0
0.11244 0.0
0.11269 0.0
0.11293 0.0
0.11317 0.0
0.11342 0.0
0.11366 0.0
0.11391 0.0
0.11415 0.0
0.1144 0.0
0.11464 0.0
0.11488 0.0
0.11513 0.0
0.11537 0.0
0.11562 0.0
0.11586 0.0
0.1161 0.0
0.11635 0.0
0.11659 0.0
0.11684 0.0
0.11708 0.0
0.11732 0.0
0.11757 0.0
0.11781 0.0
0.11806 0.0
0.1183 0.0
0.11855 0.0
0.11879 0.0
0.11903 0.0
0.11928 0.0
0.11952 0.0
0.11977 0.0
0.12001 0.0
0.12025 0.0
0.1205 0.0
0.12074 0.0
0.12099 0.0
0.12123 0.0
0.12148 0.0
0.12172 0.0
0.12196 0.0
0.12221 0.0
0.12245 0.0
0.1227 0.0
0.12294 0.0
0.12318 0.0
0.12343 0.0
0.12367 0.0
0.12392 0.0
0.12416 0.0
0.1244 0.0
0.12465 0.0
0.12489 0.0
0.12514 0.0
0.12538 0.0
0.12563 0.0
0.12587 0.0
0.12611 0.0
0.12636 0.0
0.1266 0.0
0.12685 0.0
0.12709 0.0
0.12733 0.0
0.12758 0.0
0.12782 0.0
0.12807 0.0
0.12831 0.0
0.12856 0.0
0.1288 0.0
