t strain*1e23
-0.85643 -7.6
-0.85618 -7.6
-0.85594 -7.5
-0.85569 -7.4
-0.85545 -7.3
-0.85521 -7.2
-0.85496 -7.1
-0.85472 -7.0
-0.85447 -6.8
-0.85423 -6.7
-0.85398 -6.5
-0.85374 -6.3
-0.8535 -6.2
-0.85325 -6.0
-0.85301 -5.8
-0.85276 -5.6
-0.85252 -5.4
-0.85228 -5.2
-0.85203 -4.9
-0.85179 -4.7
-0.85154 -4.4
-0.8513 -4.2
-0.85106 -3.9
-0.85081 -3.7
-0.85057 -3.4
-0.85032 -3.1
-0.85008 -2.9
-0.84983 -2.6
-0.84959 -2.3
-0.84935 -2.0
-0.8491 -1.7
-0.84886 -1.4
-0.84861 -1.1
-0.84837 -0.8
-0.84813 -0.5
-0.84788 -0.2
-0.84764 0.0
-0.84739 0.4
-0.84715 0.7
-0.8469 1.0
-0.84666 1.2
-0.84642 1.5
-0.84617 1.8
-0.84593 2.1
-0.84568 2.4
-0.84544 2.7
-0.8452 3.0
-0.84495 3.3
-0.84471 3.5
-0.84446 3.8
-0.84422 4.1
-0.84398 4.3
-0.84373 4.6
-0.84349 4.8
-0.84324 5.0
-0.843 5.3
-0.84275 5.5
-0.84251 5.7
-0.84227 5.9
-0.84202 6.1
-0.84178 6.3
-0.84153 6.4
-0.84129 6.6
-0.84105 6.8
-0.8408 6.9
-0.84056 7.0
-0.84031 7.2
-0.84007 7.3
-0.83982 7.4
-0.83958 7.5
-0.83934 7.6
-0.83909 7.6
-0.83885 7.7
-0.8386 7.7
-0.83836 7.8
-0.83812 7.8
-0.83787 7.8
-0.83763 7.8
-0.83738 7.8
-0.83714 7.8
-0.83689 7.7
-0.83665 7.7
-0.83641 7.6
-0.83616 7.6
-0.83592 7.5
-0.83567 7.4
-0.83543 7.3
-0.83519 7.2
-0.83494 7.1
-0.8347 6.9
-0.83445 6.8
-0.83421 6.6
-0.83397 6.5
-0.83372 6.3
-0.83348 6.1
-0.83323 5.9
-0.83299 5.7
-0.83274 5.5
-0.8325 5.3
-0.83226 5.0
-0.83201 4.8
-0.83177 4.6
-0.83152 4.3
-0.83128 4.1
-0.83104 3.8
-0.83079 3.5
-0.83055 3.3
-0.8303 3.0
-0.83006 2.7
-0.82981 2.4
-0.82957 2.1
-0.82933 1.8
-0.82908 1.5
-0.82884 1.2
-0.82859 0.9
-0.82835 0.6
-0.82811 0.3
-0.82786 0.0
-0.82762 -0.3
-0.82737 -0.6
-0.82713 -0.9
-0.82689 -1.2
-0.82664 -1.5
-0.8264 -1.8
-0.82615 -2.1
-0.82591 -2.4
-0.82566 -2.7
-0.82542 -2.9
-0.82518 -3.2
-0.82493 -3.5
-0.82469 -3.8
-0.82444 -4.0
-0.8242 -4.3
-0.82396 -4.5
-0.82371 -4.8
-0.82347 -5.0
-0.82322 -5.3
-0.82298 -5.5
-0.82273 -5.7
-0.82249 -5.9
-0.82225 -6.1
-0.822 -6.3
-0.82176 -6.5
-0.82151 -6.6
-0.82127 -6.8
-0.82103 -6.9
-0.82078 -7.1
-0.82054 -7.2
-0.82029 -7.3
-0.82005 -7.4
-0.81981 -7.5
-0.81956 -7.6
-0.81932 -7.7
-0.81907 -7.7
-0.81883 -7.8
-0.81858 -7.8
-0.81834 -7.8
-0.8181 -7.9
-0.81785 -7.9
-0.81761 -7.8
-0.81736 -7.8
-0.81712 -7.8
-0.81688 -7.7
-0.81663 -7.7
-0.81639 -7.6
-0.81614 -7.5
-0.8159 -7.4
-0.81565 -7.3
-0.81541 -7.2
-0.81517 -7.1
-0.81492 -6.9
-0.81468 -6.8
-0.81443 -6.6
-0.81419 -6.5
-0.81395 -6.3
-0.8137 -6.1
-0.81346 -5.9
-0.81321 -5.7
-0.81297 -5.5
-0.81273 -5.2
-0.81248 -5.0
-0.81224 -4.8
-0.81199 -4.5
-0.81175 -4.3
-0.8115 -4.0
-0.81126 -3.7
-0.81102 -3.5
-0.81077 -3.2
-0.81053 -2.9
-0.81028 -2.6
-0.81004 -2.3
-0.8098 -2.0
-0.80955 -1.7
-0.80931 -1.4
-0.80906 -1.1
-0.80882 -0.8
-0.80857 -0.5
-0.80833 -0.2
-0.80809 0.0
-0.80784 0.4
-0.8076 0.7
-0.80735 1.0
-0.80711 1.3
-0.80687 1.6
-0.80662 1.9
-0.80638 2.2
-0.80613 2.5
-0.80589 2.8
-0.80564 3.1
-0.8054 3.4
-0.80516 3.7
-0.80491 3.9
-0.80467 4.2
-0.80442 4.5
-0.80418 4.7
-0.80394 4.9
-0.80369 5.2
-0.80345 5.4
-0.8032 5.6
-0.80296 5.8
-0.80272 6.1
-0.80247 6.2
-0.80223 6.4
-0.80198 6.6
-0.80174 6.8
-0.80149 6.9
-0.80125 7.1
-0.80101 7.2
-0.80076 7.3
-0.80052 7.4
-0.80027 7.5
-0.80003 7.6
-0.79979 7.7
-0.79954 7.8
-0.7993 7.8
-0.79905 7.8
-0.79881 7.9
-0.79856 7.9
-0.79832 7.9
-0.79808 7.9
-0.79783 7.9
-0.79759 7.8
-0.79734 7.8
-0.7971 7.7
-0.79686 7.7
-0.79661 7.6
-0.79637 7.5
-0.79612 7.4
-0.79588 7.3
-0.79564 7.1
-0.79539 7.0
-0.79515 6.8
-0.7949 6.7
-0.79466 6.5
-0.79441 6.3
-0.79417 6.1
-0.79393 5.9
-0.79368 5.7
-0.79344 5.5
-0.79319 5.3
-0.79295 5.1
-0.79271 4.8
-0.79246 4.6
-0.79222 4.3
-0.79197 4.0
-0.79173 3.8
-0.79148 3.5
-0.79124 3.2
-0.791 2.9
-0.79075 2.6
-0.79051 2.3
-0.79026 2.0
-0.79002 1.7
-0.78978 1.4
-0.78953 1.1
-0.78929 0.8
-0.78904 0.5
-0.7888 0.2
-0.78856 -0.1
-0.78831 -0.4
-0.78807 -0.8
-0.78782 -1.1
-0.78758 -1.4
-0.78733 -1.7
-0.78709 -2.0
-0.78685 -2.3
-0.7866 -2.6
-0.78636 -2.9
-0.78611 -3.2
-0.78587 -3.5
-0.78563 -3.7
-0.78538 -4.0
-0.78514 -4.3
-0.78489 -4.5
-0.78465 -4.8
-0.7844 -5.0
-0.78416 -5.3
-0.78392 -5.5
-0.78367 -5.7
-0.78343 -5.9
-0.78318 -6.1
-0.78294 -6.3
-0.7827 -6.5
-0.78245 -6.7
-0.78221 -6.9
-0.78196 -7.0
-0.78172 -7.2
-0.78148 -7.3
-0.78123 -7.4
-0.78099 -7.5
-0.78074 -7.6
-0.7805 -7.7
-0.78025 -7.8
-0.78001 -7.8
-0.77977 -7.9
-0.77952 -7.9
-0.77928 -7.9
-0.77903 -7.9
-0.77879 -7.9
-0.77855 -7.9
-0.7783 -7.9
-0.77806 -7.9
-0.77781 -7.8
-0.77757 -7.7
-0.77732 -7.7
-0.77708 -7.6
-0.77684 -7.5
-0.77659 -7.4
-0.77635 -7.2
-0.7761 -7.1
-0.77586 -7.0
-0.77562 -6.8
-0.77537 -6.6
-0.77513 -6.5
-0.77488 -6.3
-0.77464 -6.1
-0.77439 -5.9
-0.77415 -5.6
-0.77391 -5.4
-0.77366 -5.2
-0.77342 -4.9
-0.77317 -4.7
-0.77293 -4.4
-0.77269 -4.2
-0.77244 -3.9
-0.7722 -3.6
-0.77195 -3.3
-0.77171 -3.0
-0.77147 -2.7
-0.77122 -2.4
-0.77098 -2.1
-0.77073 -1.8
-0.77049 -1.5
-0.77024 -1.2
-0.77 -0.9
-0.76976 -0.6
-0.76951 -0.3
-0.76927 0.0
-0.76902 0.4
-0.76878 0.7
-0.76854 1.0
-0.76829 1.3
-0.76805 1.6
-0.7678 1.9
-0.76756 2.2
-0.76731 2.6
-0.76707 2.9
-0.76683 3.1
-0.76658 3.4
-0.76634 3.7
-0.76609 4.0
-0.76585 4.3
-0.76561 4.5
-0.76536 4.8
-0.76512 5.0
-0.76487 5.3
-0.76463 5.5
-0.76439 5.7
-0.76414 6.0
-0.7639 6.2
-0.76365 6.4
-0.76341 6.6
-0.76316 6.7
-0.76292 6.9
-0.76268 7.1
-0.76243 7.2
-0.76219 7.3
-0.76194 7.5
-0.7617 7.6
-0.76146 7.7
-0.76121 7.7
-0.76097 7.8
-0.76072 7.9
-0.76048 7.9
-0.76023 8.0
-0.75999 8.0
-0.75975 8.0
-0.7595 8.0
-0.75926 8.0
-0.75901 7.9
-0.75877 7.9
-0.75853 7.8
-0.75828 7.8
-0.75804 7.7
-0.75779 7.6
-0.75755 7.5
-0.75731 7.4
-0.75706 7.3
-0.75682 7.1
-0.75657 7.0
-0.75633 6.8
-0.75608 6.6
-0.75584 6.4
-0.7556 6.2
-0.75535 6.0
-0.75511 5.8
-0.75486 5.6
-0.75462 5.4
-0.75438 5.1
-0.75413 4.9
-0.75389 4.6
-0.75364 4.4
-0.7534 4.1
-0.75315 3.8
-0.75291 3.5
-0.75267 3.2
-0.75242 2.9
-0.75218 2.6
-0.75193 2.3
-0.75169 2.0
-0.75145 1.7
-0.7512 1.4
-0.75096 1.1
-0.75071 0.8
-0.75047 0.4
-0.75023 0.1
-0.74998 -0.2
-0.74974 -0.5
-0.74949 -0.9
-0.74925 -1.2
-0.749 -1.5
-0.74876 -1.8
-0.74852 -2.1
-0.74827 -2.4
-0.74803 -2.7
-0.74778 -3.0
-0.74754 -3.3
-0.7473 -3.6
-0.74705 -3.9
-0.74681 -4.2
-0.74656 -4.5
-0.74632 -4.7
-0.74607 -5.0
-0.74583 -5.2
-0.74559 -5.5
-0.74534 -5.7
-0.7451 -5.9
-0.74485 -6.1
-0.74461 -6.3
-0.74437 -6.5
-0.74412 -6.7
-0.74388 -6.9
-0.74363 -7.1
-0.74339 -7.2
-0.74314 -7.3
-0.7429 -7.5
-0.74266 -7.6
-0.74241 -7.7
-0.74217 -7.8
-0.74192 -7.8
-0.74168 -7.9
-0.74144 -8.0
-0.74119 -8.0
-0.74095 -8.0
-0.7407 -8.0
-0.74046 -8.0
-0.74022 -8.0
-0.73997 -8.0
-0.73973 -7.9
-0.73948 -7.9
-0.73924 -7.8
-0.73899 -7.7
-0.73875 -7.7
-0.73851 -7.6
-0.73826 -7.4
-0.73802 -7.3
-0.73777 -7.2
-0.73753 -7.0
-0.73729 -6.8
-0.73704 -6.7
-0.7368 -6.5
-0.73655 -6.3
-0.73631 -6.1
-0.73606 -5.9
-0.73582 -5.6
-0.73558 -5.4
-0.73533 -5.2
-0.73509 -4.9
-0.73484 -4.6
-0.7346 -4.4
-0.73436 -4.1
-0.73411 -3.8
-0.73387 -3.5
-0.73362 -3.2
-0.73338 -2.9
-0.73314 -2.6
-0.73289 -2.3
-0.73265 -2.0
-0.7324 -1.7
-0.73216 -1.4
-0.73191 -1.0
-0.73167 -0.7
-0.73143 -0.4
-0.73118 0.0
-0.73094 0.3
-0.73069 0.6
-0.73045 0.9
-0.73021 1.2
-0.72996 1.6
-0.72972 1.9
-0.72947 2.2
-0.72923 2.5
-0.72898 2.8
-0.72874 3.1
-0.7285 3.4
-0.72825 3.7
-0.72801 4.0
-0.72776 4.3
-0.72752 4.6
-0.72728 4.8
-0.72703 5.1
-0.72679 5.3
-0.72654 5.6
-0.7263 5.8
-0.72606 6.0
-0.72581 6.3
-0.72557 6.5
-0.72532 6.6
-0.72508 6.8
-0.72483 7.0
-0.72459 7.2
-0.72435 7.3
-0.7241 7.4
-0.72386 7.6
-0.72361 7.7
-0.72337 7.8
-0.72313 7.8
-0.72288 7.9
-0.72264 8.0
-0.72239 8.0
-0.72215 8.1
-0.7219 8.1
-0.72166 8.1
-0.72142 8.1
-0.72117 8.0
-0.72093 8.0
-0.72068 8.0
-0.72044 7.9
-0.7202 7.8
-0.71995 7.7
-0.71971 7.6
-0.71946 7.5
-0.71922 7.4
-0.71898 7.3
-0.71873 7.1
-0.71849 6.9
-0.71824 6.8
-0.718 6.6
-0.71775 6.4
-0.71751 6.2
-0.71727 6.0
-0.71702 5.7
-0.71678 5.5
-0.71653 5.3
-0.71629 5.0
-0.71605 4.7
-0.7158 4.5
-0.71556 4.2
-0.71531 3.9
-0.71507 3.6
-0.71482 3.3
-0.71458 3.0
-0.71434 2.7
-0.71409 2.4
-0.71385 2.1
-0.7136 1.7
-0.71336 1.4
-0.71312 1.1
-0.71287 0.8
-0.71263 0.4
-0.71238 0.1
-0.71214 -0.2
-0.71189 -0.6
-0.71165 -0.9
-0.71141 -1.2
-0.71116 -1.5
-0.71092 -1.9
-0.71067 -2.2
-0.71043 -2.5
-0.71019 -2.8
-0.70994 -3.1
-0.7097 -3.4
-0.70945 -3.7
-0.70921 -4.0
-0.70897 -4.3
-0.70872 -4.6
-0.70848 -4.9
-0.70823 -5.1
-0.70799 -5.4
-0.70774 -5.6
-0.7075 -5.9
-0.70726 -6.1
-0.70701 -6.3
-0.70677 -6.5
-0.70652 -6.7
-0.70628 -6.9
-0.70604 -7.1
-0.70579 -7.2
-0.70555 -7.4
-0.7053 -7.5
-0.70506 -7.6
-0.70481 -7.7
-0.70457 -7.8
-0.70433 -7.9
-0.70408 -8.0
-0.70384 -8.0
-0.70359 -8.1
-0.70335 -8.1
-0.70311 -8.1
-0.70286 -8.1
-0.70262 -8.1
-0.70237 -8.1
-0.70213 -8.1
-0.70189 -8.0
-0.70164 -7.9
-0.7014 -7.9
-0.70115 -7.8
-0.70091 -7.7
-0.70066 -7.5
-0.70042 -7.4
-0.70018 -7.3
-0.69993 -7.1
-0.69969 -6.9
-0.69944 -6.8
-0.6992 -6.6
-0.69896 -6.4
-0.69871 -6.1
-0.69847 -5.9
-0.69822 -5.7
-0.69798 -5.4
-0.69773 -5.2
-0.69749 -4.9
-0.69725 -4.7
-0.697 -4.4
-0.69676 -4.1
-0.69651 -3.8
-0.69627 -3.5
-0.69603 -3.2
-0.69578 -2.9
-0.69554 -2.6
-0.69529 -2.2
-0.69505 -1.9
-0.69481 -1.6
-0.69456 -1.3
-0.69432 -0.9
-0.69407 -0.6
-0.69383 -0.2
-0.69358 0.0
-0.69334 0.4
-0.6931 0.8
-0.69285 1.1
-0.69261 1.4
-0.69236 1.8
-0.69212 2.1
-0.69188 2.4
-0.69163 2.7
-0.69139 3.0
-0.69114 3.4
-0.6909 3.7
-0.69065 4.0
-0.69041 4.3
-0.69017 4.5
-0.68992 4.8
-0.68968 5.1
-0.68943 5.3
-0.68919 5.6
-0.68895 5.8
-0.6887 6.1
-0.68846 6.3
-0.68821 6.5
-0.68797 6.7
-0.68773 6.9
-0.68748 7.1
-0.68724 7.2
-0.68699 7.4
-0.68675 7.5
-0.6865 7.6
-0.68626 7.8
-0.68602 7.9
-0.68577 7.9
-0.68553 8.0
-0.68528 8.1
-0.68504 8.1
-0.6848 8.2
-0.68455 8.2
-0.68431 8.2
-0.68406 8.2
-0.68382 8.1
-0.68357 8.1
-0.68333 8.1
-0.68309 8.0
-0.68284 7.9
-0.6826 7.8
-0.68235 7.7
-0.68211 7.6
-0.68187 7.4
-0.68162 7.3
-0.68138 7.1
-0.68113 7.0
-0.68089 6.8
-0.68064 6.6
-0.6804 6.4
-0.68016 6.2
-0.67991 5.9
-0.67967 5.7
-0.67942 5.4
-0.67918 5.2
-0.67894 4.9
-0.67869 4.6
-0.67845 4.4
-0.6782 4.1
-0.67796 3.8
-0.67772 3.5
-0.67747 3.1
-0.67723 2.8
-0.67698 2.5
-0.67674 2.2
-0.67649 1.8
-0.67625 1.5
-0.67601 1.2
-0.67576 0.8
-0.67552 0.5
-0.67527 0.2
-0.67503 -0.2
-0.67479 -0.5
-0.67454 -0.9
-0.6743 -1.2
-0.67405 -1.5
-0.67381 -1.9
-0.67356 -2.2
-0.67332 -2.5
-0.67308 -2.9
-0.67283 -3.2
-0.67259 -3.5
-0.67234 -3.8
-0.6721 -4.1
-0.67186 -4.4
-0.67161 -4.7
-0.67137 -5.0
-0.67112 -5.2
-0.67088 -5.5
-0.67064 -5.7
-0.67039 -6.0
-0.67015 -6.2
-0.6699 -6.4
-0.66966 -6.6
-0.66941 -6.8
-0.66917 -7.0
-0.66893 -7.2
-0.66868 -7.4
-0.66844 -7.5
-0.66819 -7.6
-0.66795 -7.8
-0.66771 -7.9
-0.66746 -8.0
-0.66722 -8.0
-0.66697 -8.1
-0.66673 -8.2
-0.66648 -8.2
-0.66624 -8.2
-0.666 -8.2
-0.66575 -8.2
-0.66551 -8.2
-0.66526 -8.2
-0.66502 -8.1
-0.66478 -8.1
-0.66453 -8.0
-0.66429 -7.9
-0.66404 -7.8
-0.6638 -7.7
-0.66356 -7.5
-0.66331 -7.4
-0.66307 -7.2
-0.66282 -7.1
-0.66258 -6.9
-0.66233 -6.7
-0.66209 -6.5
-0.66185 -6.2
-0.6616 -6.0
-0.66136 -5.8
-0.66111 -5.5
-0.66087 -5.3
-0.66063 -5.0
-0.66038 -4.7
-0.66014 -4.4
-0.65989 -4.1
-0.65965 -3.8
-0.6594 -3.5
-0.65916 -3.2
-0.65892 -2.9
-0.65867 -2.5
-0.65843 -2.2
-0.65818 -1.9
-0.65794 -1.5
-0.6577 -1.2
-0.65745 -0.8
-0.65721 -0.5
-0.65696 -0.2
-0.65672 0.2
-0.65648 0.5
-0.65623 0.9
-0.65599 1.2
-0.65574 1.6
-0.6555 1.9
-0.65525 2.3
-0.65501 2.6
-0.65477 2.9
-0.65452 3.2
-0.65428 3.6
-0.65403 3.9
-0.65379 4.2
-0.65355 4.5
-0.6533 4.8
-0.65306 5.0
-0.65281 5.3
-0.65257 5.6
-0.65232 5.8
-0.65208 6.1
-0.65184 6.3
-0.65159 6.5
-0.65135 6.7
-0.6511 6.9
-0.65086 7.1
-0.65062 7.3
-0.65037 7.4
-0.65013 7.6
-0.64988 7.7
-0.64964 7.8
-0.64939 8.0
-0.64915 8.0
-0.64891 8.1
-0.64866 8.2
-0.64842 8.2
-0.64817 8.3
-0.64793 8.3
-0.64769 8.3
-0.64744 8.3
-0.6472 8.2
-0.64695 8.2
-0.64671 8.1
-0.64647 8.1
-0.64622 8.0
-0.64598 7.9
-0.64573 7.8
-0.64549 7.7
-0.64524 7.5
-0.645 7.4
-0.64476 7.2
-0.64451 7.0
-0.64427 6.8
-0.64402 6.6
-0.64378 6.4
-0.64354 6.2
-0.64329 5.9
-0.64305 5.7
-0.6428 5.4
-0.64256 5.1
-0.64231 4.9
-0.64207 4.6
-0.64183 4.3
-0.64158 4.0
-0.64134 3.6
-0.64109 3.3
-0.64085 3.0
-0.64061 2.7
-0.64036 2.3
-0.64012 2.0
-0.63987 1.7
-0.63963 1.3
-0.63939 1.0
-0.63914 0.6
-0.6389 0.3
-0.63865 -0.1
-0.63841 -0.5
-0.63816 -0.8
-0.63792 -1.2
-0.63768 -1.5
-0.63743 -1.9
-0.63719 -2.2
-0.63694 -2.5
-0.6367 -2.9
-0.63646 -3.2
-0.63621 -3.5
-0.63597 -3.8
-0.63572 -4.2
-0.63548 -4.5
-0.63523 -4.8
-0.63499 -5.0
-0.63475 -5.3
-0.6345 -5.6
-0.63426 -5.8
-0.63401 -6.1
-0.63377 -6.3
-0.63353 -6.6
-0.63328 -6.8
-0.63304 -7.0
-0.63279 -7.2
-0.63255 -7.3
-0.63231 -7.5
-0.63206 -7.6
-0.63182 -7.8
-0.63157 -7.9
-0.63133 -8.0
-0.63108 -8.1
-0.63084 -8.2
-0.6306 -8.2
-0.63035 -8.3
-0.63011 -8.3
-0.62986 -8.3
-0.62962 -8.3
-0.62938 -8.3
-0.62913 -8.3
-0.62889 -8.2
-0.62864 -8.2
-0.6284 -8.1
-0.62815 -8.0
-0.62791 -7.9
-0.62767 -7.8
-0.62742 -7.7
-0.62718 -7.5
-0.62693 -7.4
-0.62669 -7.2
-0.62645 -7.0
-0.6262 -6.8
-0.62596 -6.6
-0.62571 -6.4
-0.62547 -6.1
-0.62523 -5.9
-0.62498 -5.6
-0.62474 -5.4
-0.62449 -5.1
-0.62425 -4.8
-0.624 -4.5
-0.62376 -4.2
-0.62352 -3.9
-0.62327 -3.6
-0.62303 -3.2
-0.62278 -2.9
-0.62254 -2.6
-0.6223 -2.2
-0.62205 -1.9
-0.62181 -1.5
-0.62156 -1.2
-0.62132 -0.8
-0.62107 -0.5
-0.62083 0.0
-0.62059 0.3
-0.62034 0.6
-0.6201 1.0
-0.61985 1.3
-0.61961 1.7
-0.61937 2.0
-0.61912 2.4
-0.61888 2.7
-0.61863 3.1
-0.61839 3.4
-0.61814 3.7
-0.6179 4.0
-0.61766 4.4
-0.61741 4.7
-0.61717 5.0
-0.61692 5.2
-0.61668 5.5
-0.61644 5.8
-0.61619 6.0
-0.61595 6.3
-0.6157 6.5
-0.61546 6.7
-0.61522 6.9
-0.61497 7.1
-0.61473 7.3
-0.61448 7.5
-0.61424 7.6
-0.61399 7.8
-0.61375 7.9
-0.61351 8.0
-0.61326 8.1
-0.61302 8.2
-0.61277 8.3
-0.61253 8.3
-0.61229 8.4
-0.61204 8.4
-0.6118 8.4
-0.61155 8.4
-0.61131 8.4
-0.61106 8.3
-0.61082 8.3
-0.61058 8.2
-0.61033 8.1
-0.61009 8.0
-0.60984 7.9
-0.6096 7.7
-0.60936 7.6
-0.60911 7.4
-0.60887 7.3
-0.60862 7.1
-0.60838 6.9
-0.60814 6.6
-0.60789 6.4
-0.60765 6.2
-0.6074 5.9
-0.60716 5.7
-0.60691 5.4
-0.60667 5.1
-0.60643 4.8
-0.60618 4.5
-0.60594 4.2
-0.60569 3.9
-0.60545 3.6
-0.60521 3.2
-0.60496 2.9
-0.60472 2.5
-0.60447 2.2
-0.60423 1.8
-0.60398 1.5
-0.60374 1.1
-0.6035 0.8
-0.60325 0.4
-0.60301 0.0
-0.60276 -0.3
-0.60252 -0.7
-0.60228 -1.1
-0.60203 -1.4
-0.60179 -1.8
-0.60154 -2.1
-0.6013 -2.5
-0.60106 -2.8
-0.60081 -3.2
-0.60057 -3.5
-0.60032 -3.8
-0.60008 -4.2
-0.59983 -4.5
-0.59959 -4.8
-0.59935 -5.1
-0.5991 -5.4
-0.59886 -5.7
-0.59861 -5.9
-0.59837 -6.2
-0.59813 -6.4
-0.59788 -6.7
-0.59764 -6.9
-0.59739 -7.1
-0.59715 -7.3
-0.5969 -7.5
-0.59666 -7.6
-0.59642 -7.8
-0.59617 -7.9
-0.59593 -8.0
-0.59568 -8.1
-0.59544 -8.2
-0.5952 -8.3
-0.59495 -8.4
-0.59471 -8.4
-0.59446 -8.4
-0.59422 -8.4
-0.59398 -8.4
-0.59373 -8.4
-0.59349 -8.4
-0.59324 -8.3
-0.593 -8.3
-0.59275 -8.2
-0.59251 -8.1
-0.59227 -8.0
-0.59202 -7.8
-0.59178 -7.7
-0.59153 -7.5
-0.59129 -7.4
-0.59105 -7.2
-0.5908 -7.0
-0.59056 -6.8
-0.59031 -6.5
-0.59007 -6.3
-0.58982 -6.0
-0.58958 -5.8
-0.58934 -5.5
-0.58909 -5.2
-0.58885 -4.9
-0.5886 -4.6
-0.58836 -4.3
-0.58812 -4.0
-0.58787 -3.6
-0.58763 -3.3
-0.58738 -3.0
-0.58714 -2.6
-0.58689 -2.3
-0.58665 -1.9
-0.58641 -1.5
-0.58616 -1.2
-0.58592 -0.8
-0.58567 -0.4
-0.58543 0.0
-0.58519 0.3
-0.58494 0.7
-0.5847 1.1
-0.58445 1.4
-0.58421 1.8
-0.58397 2.1
-0.58372 2.5
-0.58348 2.9
-0.58323 3.2
-0.58299 3.5
-0.58274 3.9
-0.5825 4.2
-0.58226 4.5
-0.58201 4.8
-0.58177 5.1
-0.58152 5.4
-0.58128 5.7
-0.58104 6.0
-0.58079 6.2
-0.58055 6.5
-0.5803 6.7
-0.58006 7.0
-0.57981 7.2
-0.57957 7.4
-0.57933 7.5
-0.57908 7.7
-0.57884 7.9
-0.57859 8.0
-0.57835 8.1
-0.57811 8.2
-0.57786 8.3
-0.57762 8.4
-0.57737 8.4
-0.57713 8.5
-0.57689 8.5
-0.57664 8.5
-0.5764 8.5
-0.57615 8.5
-0.57591 8.4
-0.57566 8.4
-0.57542 8.3
-0.57518 8.2
-0.57493 8.1
-0.57469 8.0
-0.57444 7.8
-0.5742 7.7
-0.57396 7.5
-0.57371 7.3
-0.57347 7.1
-0.57322 6.9
-0.57298 6.7
-0.57273 6.5
-0.57249 6.2
-0.57225 5.9
-0.572 5.7
-0.57176 5.4
-0.57151 5.1
-0.57127 4.8
-0.57103 4.5
-0.57078 4.1
-0.57054 3.8
-0.57029 3.5
-0.57005 3.1
-0.56981 2.8
-0.56956 2.4
-0.56932 2.0
-0.56907 1.7
-0.56883 1.3
-0.56858 0.9
-0.56834 0.6
-0.5681 0.2
-0.56785 -0.2
-0.56761 -0.6
-0.56736 -1.0
-0.56712 -1.3
-0.56688 -1.7
-0.56663 -2.1
-0.56639 -2.4
-0.56614 -2.8
-0.5659 -3.2
-0.56565 -3.5
-0.56541 -3.8
-0.56517 -4.2
-0.56492 -4.5
-0.56468 -4.8
-0.56443 -5.1
-0.56419 -5.4
-0.56395 -5.7
-0.5637 -6.0
-0.56346 -6.3
-0.56321 -6.5
-0.56297 -6.8
-0.56273 -7.0
-0.56248 -7.2
-0.56224 -7.4
-0.56199 -7.6
-0.56175 -7.7
-0.5615 -7.9
-0.56126 -8.0
-0.56102 -8.2
-0.56077 -8.3
-0.56053 -8.4
-0.56028 -8.4
-0.56004 -8.5
-0.5598 -8.5
-0.55955 -8.6
-0.55931 -8.6
-0.55906 -8.6
-0.55882 -8.5
-0.55857 -8.5
-0.55833 -8.4
-0.55809 -8.3
-0.55784 -8.2
-0.5576 -8.1
-0.55735 -8.0
-0.55711 -7.9
-0.55687 -7.7
-0.55662 -7.5
-0.55638 -7.3
-0.55613 -7.1
-0.55589 -6.9
-0.55564 -6.7
-0.5554 -6.4
-0.55516 -6.2
-0.55491 -5.9
-0.55467 -5.6
-0.55442 -5.3
-0.55418 -5.0
-0.55394 -4.7
-0.55369 -4.4
-0.55345 -4.1
-0.5532 -3.7
-0.55296 -3.4
-0.55272 -3.0
-0.55247 -2.7
-0.55223 -2.3
-0.55198 -1.9
-0.55174 -1.5
-0.55149 -1.2
-0.55125 -0.8
-0.55101 -0.4
-0.55076 0.0
-0.55052 0.4
-0.55027 0.8
-0.55003 1.1
-0.54979 1.5
-0.54954 1.9
-0.5493 2.3
-0.54905 2.6
-0.54881 3.0
-0.54856 3.4
-0.54832 3.7
-0.54808 4.1
-0.54783 4.4
-0.54759 4.7
-0.54734 5.0
-0.5471 5.3
-0.54686 5.6
-0.54661 5.9
-0.54637 6.2
-0.54612 6.5
-0.54588 6.7
-0.54564 7.0
-0.54539 7.2
-0.54515 7.4
-0.5449 7.6
-0.54466 7.8
-0.54441 7.9
-0.54417 8.1
-0.54393 8.2
-0.54368 8.3
-0.54344 8.4
-0.54319 8.5
-0.54295 8.5
-0.54271 8.6
-0.54246 8.6
-0.54222 8.6
-0.54197 8.6
-0.54173 8.6
-0.54148 8.5
-0.54124 8.5
-0.541 8.4
-0.54075 8.3
-0.54051 8.2
-0.54026 8.1
-0.54002 7.9
-0.53978 7.8
-0.53953 7.6
-0.53929 7.4
-0.53904 7.2
-0.5388 7.0
-0.53856 6.7
-0.53831 6.5
-0.53807 6.2
-0.53782 6.0
-0.53758 5.7
-0.53733 5.4
-0.53709 5.1
-0.53685 4.7
-0.5366 4.4
-0.53636 4.1
-0.53611 3.7
-0.53587 3.4
-0.53563 3.0
-0.53538 2.6
-0.53514 2.3
-0.53489 1.9
-0.53465 1.5
-0.5344 1.1
-0.53416 0.7
-0.53392 0.3
-0.53367 0.0
-0.53343 -0.4
-0.53318 -0.8
-0.53294 -1.2
-0.5327 -1.6
-0.53245 -2.0
-0.53221 -2.4
-0.53196 -2.8
-0.53172 -3.1
-0.53148 -3.5
-0.53123 -3.8
-0.53099 -4.2
-0.53074 -4.5
-0.5305 -4.9
-0.53025 -5.2
-0.53001 -5.5
-0.52977 -5.8
-0.52952 -6.1
-0.52928 -6.4
-0.52903 -6.6
-0.52879 -6.9
-0.52855 -7.1
-0.5283 -7.3
-0.52806 -7.5
-0.52781 -7.7
-0.52757 -7.9
-0.52732 -8.0
-0.52708 -8.2
-0.52684 -8.3
-0.52659 -8.4
-0.52635 -8.5
-0.5261 -8.6
-0.52586 -8.6
-0.52562 -8.7
-0.52537 -8.7
-0.52513 -8.7
-0.52488 -8.7
-0.52464 -8.6
-0.52439 -8.6
-0.52415 -8.5
-0.52391 -8.4
-0.52366 -8.3
-0.52342 -8.2
-0.52317 -8.0
-0.52293 -7.9
-0.52269 -7.7
-0.52244 -7.5
-0.5222 -7.3
-0.52195 -7.1
-0.52171 -6.9
-0.52147 -6.6
-0.52122 -6.4
-0.52098 -6.1
-0.52073 -5.8
-0.52049 -5.5
-0.52024 -5.2
-0.52 -4.8
-0.51976 -4.5
-0.51951 -4.2
-0.51927 -3.8
-0.51902 -3.5
-0.51878 -3.1
-0.51854 -2.7
-0.51829 -2.3
-0.51805 -1.9
-0.5178 -1.6
-0.51756 -1.2
-0.51731 -0.8
-0.51707 -0.4
-0.51683 0.0
-0.51658 0.4
-0.51634 0.8
-0.51609 1.2
-0.51585 1.6
-0.51561 2.0
-0.51536 2.4
-0.51512 2.8
-0.51487 3.2
-0.51463 3.5
-0.51439 3.9
-0.51414 4.2
-0.5139 4.6
-0.51365 4.9
-0.51341 5.3
-0.51316 5.6
-0.51292 5.9
-0.51268 6.2
-0.51243 6.4
-0.51219 6.7
-0.51194 7.0
-0.5117 7.2
-0.51146 7.4
-0.51121 7.6
-0.51097 7.8
-0.51072 8.0
-0.51048 8.1
-0.51023 8.3
-0.50999 8.4
-0.50975 8.5
-0.5095 8.6
-0.50926 8.7
-0.50901 8.7
-0.50877 8.7
-0.50853 8.7
-0.50828 8.7
-0.50804 8.7
-0.50779 8.7
-0.50755 8.6
-0.50731 8.5
-0.50706 8.4
-0.50682 8.3
-0.50657 8.2
-0.50633 8.0
-0.50608 7.9
-0.50584 7.7
-0.5056 7.5
-0.50535 7.3
-0.50511 7.0
-0.50486 6.8
-0.50462 6.5
-0.50438 6.3
-0.50413 6.0
-0.50389 5.7
-0.50364 5.3
-0.5034 5.0
-0.50315 4.7
-0.50291 4.3
-0.50267 4.0
-0.50242 3.6
-0.50218 3.2
-0.50193 2.9
-0.50169 2.5
-0.50145 2.1
-0.5012 1.7
-0.50096 1.3
-0.50071 0.9
-0.50047 0.5
-0.50023 0.0
-0.49998 -0.3
-0.49974 -0.7
-0.49949 -1.1
-0.49925 -1.5
-0.499 -1.9
-0.49876 -2.3
-0.49852 -2.7
-0.49827 -3.1
-0.49803 -3.5
-0.49778 -3.9
-0.49754 -4.2
-0.4973 -4.6
-0.49705 -4.9
-0.49681 -5.3
-0.49656 -5.6
-0.49632 -5.9
-0.49607 -6.2
-0.49583 -6.5
-0.49559 -6.7
-0.49534 -7.0
-0.4951 -7.2
-0.49485 -7.5
-0.49461 -7.7
-0.49437 -7.9
-0.49412 -8.0
-0.49388 -8.2
-0.49363 -8.3
-0.49339 -8.5
-0.49314 -8.6
-0.4929 -8.7
-0.49266 -8.7
-0.49241 -8.8
-0.49217 -8.8
-0.49192 -8.8
-0.49168 -8.8
-0.49144 -8.8
-0.49119 -8.7
-0.49095 -8.7
-0.4907 -8.6
-0.49046 -8.5
-0.49022 -8.4
-0.48997 -8.2
-0.48973 -8.1
-0.48948 -7.9
-0.48924 -7.7
-0.48899 -7.5
-0.48875 -7.3
-0.48851 -7.0
-0.48826 -6.8
-0.48802 -6.5
-0.48777 -6.2
-0.48753 -5.9
-0.48729 -5.6
-0.48704 -5.3
-0.4868 -4.9
-0.48655 -4.6
-0.48631 -4.2
-0.48606 -3.9
-0.48582 -3.5
-0.48558 -3.1
-0.48533 -2.7
-0.48509 -2.3
-0.48484 -1.9
-0.4846 -1.5
-0.48436 -1.1
-0.48411 -0.7
-0.48387 -0.3
-0.48362 0.1
-0.48338 0.5
-0.48314 1.0
-0.48289 1.4
-0.48265 1.8
-0.4824 2.2
-0.48216 2.6
-0.48191 3.0
-0.48167 3.4
-0.48143 3.7
-0.48118 4.1
-0.48094 4.5
-0.48069 4.8
-0.48045 5.2
-0.48021 5.5
-0.47996 5.8
-0.47972 6.1
-0.47947 6.4
-0.47923 6.7
-0.47898 7.0
-0.47874 7.2
-0.4785 7.5
-0.47825 7.7
-0.47801 7.9
-0.47776 8.1
-0.47752 8.2
-0.47728 8.4
-0.47703 8.5
-0.47679 8.6
-0.47654 8.7
-0.4763 8.8
-0.47606 8.8
-0.47581 8.9
-0.47557 8.9
-0.47532 8.9
-0.47508 8.9
-0.47483 8.8
-0.47459 8.7
-0.47435 8.7
-0.4741 8.6
-0.47386 8.4
-0.47361 8.3
-0.47337 8.1
-0.47313 7.9
-0.47288 7.8
-0.47264 7.5
-0.47239 7.3
-0.47215 7.1
-0.4719 6.8
-0.47166 6.5
-0.47142 6.2
-0.47117 5.9
-0.47093 5.6
-0.47068 5.3
-0.47044 4.9
-0.4702 4.6
-0.46995 4.2
-0.46971 3.8
-0.46946 3.4
-0.46922 3.1
-0.46898 2.7
-0.46873 2.2
-0.46849 1.8
-0.46824 1.4
-0.468 1.0
-0.46775 0.6
-0.46751 0.2
-0.46727 -0.3
-0.46702 -0.7
-0.46678 -1.1
-0.46653 -1.5
-0.46629 -1.9
-0.46605 -2.3
-0.4658 -2.8
-0.46556 -3.2
-0.46531 -3.5
-0.46507 -3.9
-0.46482 -4.3
-0.46458 -4.7
-0.46434 -5.0
-0.46409 -5.4
-0.46385 -5.7
-0.4636 -6.0
-0.46336 -6.3
-0.46312 -6.6
-0.46287 -6.9
-0.46263 -7.2
-0.46238 -7.4
-0.46214 -7.6
-0.46189 -7.9
-0.46165 -8.1
-0.46141 -8.2
-0.46116 -8.4
-0.46092 -8.5
-0.46067 -8.6
-0.46043 -8.7
-0.46019 -8.8
-0.45994 -8.9
-0.4597 -8.9
-0.45945 -8.9
-0.45921 -8.9
-0.45897 -8.9
-0.45872 -8.9
-0.45848 -8.8
-0.45823 -8.7
-0.45799 -8.6
-0.45774 -8.5
-0.4575 -8.4
-0.45726 -8.2
-0.45701 -8.0
-0.45677 -7.9
-0.45652 -7.6
-0.45628 -7.4
-0.45604 -7.2
-0.45579 -6.9
-0.45555 -6.6
-0.4553 -6.3
-0.45506 -6.0
-0.45481 -5.7
-0.45457 -5.3
-0.45433 -5.0
-0.45408 -4.6
-0.45384 -4.3
-0.45359 -3.9
-0.45335 -3.5
-0.45311 -3.1
-0.45286 -2.7
-0.45262 -2.3
-0.45237 -1.8
-0.45213 -1.4
-0.45189 -1.0
-0.45164 -0.6
-0.4514 -0.1
-0.45115 0.3
-0.45091 0.7
-0.45066 1.2
-0.45042 1.6
-0.45018 2.0
-0.44993 2.4
-0.44969 2.8
-0.44944 3.2
-0.4492 3.6
-0.44896 4.0
-0.44871 4.4
-0.44847 4.8
-0.44822 5.2
-0.44798 5.5
-0.44773 5.8
-0.44749 6.2
-0.44725 6.5
-0.447 6.8
-0.44676 7.0
-0.44651 7.3
-0.44627 7.6
-0.44603 7.8
-0.44578 8.0
-0.44554 8.2
-0.44529 8.4
-0.44505 8.5
-0.44481 8.6
-0.44456 8.8
-0.44432 8.9
-0.44407 8.9
-0.44383 9.0
-0.44358 9.0
-0.44334 9.0
-0.4431 9.0
-0.44285 9.0
-0.44261 8.9
-0.44236 8.9
-0.44212 8.8
-0.44188 8.6
-0.44163 8.5
-0.44139 8.4
-0.44114 8.2
-0.4409 8.0
-0.44065 7.8
-0.44041 7.6
-0.44017 7.3
-0.43992 7.0
-0.43968 6.8
-0.43943 6.5
-0.43919 6.1
-0.43895 5.8
-0.4387 5.5
-0.43846 5.1
-0.43821 4.8
-0.43797 4.4
-0.43773 4.0
-0.43748 3.6
-0.43724 3.2
-0.43699 2.8
-0.43675 2.4
-0.4365 1.9
-0.43626 1.5
-0.43602 1.1
-0.43577 0.6
-0.43553 0.2
-0.43528 -0.3
-0.43504 -0.7
-0.4348 -1.1
-0.43455 -1.6
-0.43431 -2.0
-0.43406 -2.4
-0.43382 -2.9
-0.43357 -3.3
-0.43333 -3.7
-0.43309 -4.1
-0.43284 -4.5
-0.4326 -4.8
-0.43235 -5.2
-0.43211 -5.6
-0.43187 -5.9
-0.43162 -6.2
-0.43138 -6.6
-0.43113 -6.9
-0.43089 -7.1
-0.43064 -7.4
-0.4304 -7.7
-0.43016 -7.9
-0.42991 -8.1
-0.42967 -8.3
-0.42942 -8.5
-0.42918 -8.6
-0.42894 -8.7
-0.42869 -8.9
-0.42845 -8.9
-0.4282 -9.0
-0.42796 -9.1
-0.42772 -9.1
-0.42747 -9.1
-0.42723 -9.1
-0.42698 -9.0
-0.42674 -9.0
-0.42649 -8.9
-0.42625 -8.8
-0.42601 -8.7
-0.42576 -8.5
-0.42552 -8.4
-0.42527 -8.2
-0.42503 -8.0
-0.42479 -7.7
-0.42454 -7.5
-0.4243 -7.2
-0.42405 -7.0
-0.42381 -6.7
-0.42356 -6.4
-0.42332 -6.0
-0.42308 -5.7
-0.42283 -5.3
-0.42259 -5.0
-0.42234 -4.6
-0.4221 -4.2
-0.42186 -3.8
-0.42161 -3.4
-0.42137 -3.0
-0.42112 -2.5
-0.42088 -2.1
-0.42064 -1.7
-0.42039 -1.2
-0.42015 -0.8
-0.4199 -0.3
-0.41966 0.1
-0.41941 0.6
-0.41917 1.0
-0.41893 1.5
-0.41868 1.9
-0.41844 2.3
-0.41819 2.8
-0.41795 3.2
-0.41771 3.6
-0.41746 4.0
-0.41722 4.4
-0.41697 4.8
-0.41673 5.2
-0.41648 5.6
-0.41624 5.9
-0.416 6.3
-0.41575 6.6
-0.41551 6.9
-0.41526 7.2
-0.41502 7.4
-0.41478 7.7
-0.41453 7.9
-0.41429 8.2
-0.41404 8.4
-0.4138 8.5
-0.41356 8.7
-0.41331 8.8
-0.41307 8.9
-0.41282 9.0
-0.41258 9.1
-0.41233 9.1
-0.41209 9.2
-0.41185 9.2
-0.4116 9.2
-0.41136 9.1
-0.41111 9.0
-0.41087 9.0
-0.41063 8.9
-0.41038 8.7
-0.41014 8.6
-0.40989 8.4
-0.40965 8.2
-0.4094 8.0
-0.40916 7.8
-0.40892 7.5
-0.40867 7.2
-0.40843 6.9
-0.40818 6.6
-0.40794 6.3
-0.4077 6.0
-0.40745 5.6
-0.40721 5.2
-0.40696 4.9
-0.40672 4.5
-0.40648 4.1
-0.40623 3.7
-0.40599 3.2
-0.40574 2.8
-0.4055 2.4
-0.40525 1.9
-0.40501 1.5
-0.40477 1.0
-0.40452 0.6
-0.40428 0.0
-0.40403 -0.4
-0.40379 -0.8
-0.40355 -1.3
-0.4033 -1.7
-0.40306 -2.2
-0.40281 -2.6
-0.40257 -3.1
-0.40232 -3.5
-0.40208 -3.9
-0.40184 -4.3
-0.40159 -4.7
-0.40135 -5.1
-0.4011 -5.5
-0.40086 -5.9
-0.40062 -6.2
-0.40037 -6.5
-0.40013 -6.9
-0.39988 -7.2
-0.39964 -7.5
-0.39939 -7.7
-0.39915 -8.0
-0.39891 -8.2
-0.39866 -8.4
-0.39842 -8.6
-0.39817 -8.7
-0.39793 -8.9
-0.39769 -9.0
-0.39744 -9.1
-0.3972 -9.2
-0.39695 -9.2
-0.39671 -9.2
-0.39647 -9.3
-0.39622 -9.2
-0.39598 -9.2
-0.39573 -9.1
-0.39549 -9.0
-0.39524 -8.9
-0.395 -8.8
-0.39476 -8.6
-0.39451 -8.5
-0.39427 -8.3
-0.39402 -8.0
-0.39378 -7.8
-0.39354 -7.5
-0.39329 -7.3
-0.39305 -7.0
-0.3928 -6.6
-0.39256 -6.3
-0.39231 -6.0
-0.39207 -5.6
-0.39183 -5.2
-0.39158 -4.8
-0.39134 -4.4
-0.39109 -4.0
-0.39085 -3.6
-0.39061 -3.1
-0.39036 -2.7
-0.39012 -2.3
-0.38987 -1.8
-0.38963 -1.3
-0.38939 -0.9
-0.38914 -0.4
-0.3889 0.0
-0.38865 0.5
-0.38841 1.0
-0.38816 1.5
-0.38792 1.9
-0.38768 2.4
-0.38743 2.8
-0.38719 3.3
-0.38694 3.7
-0.3867 4.2
-0.38646 4.6
-0.38621 5.0
-0.38597 5.4
-0.38572 5.7
-0.38548 6.1
-0.38523 6.5
-0.38499 6.8
-0.38475 7.1
-0.3845 7.4
-0.38426 7.7
-0.38401 7.9
-0.38377 8.2
-0.38353 8.4
-0.38328 8.6
-0.38304 8.8
-0.38279 8.9
-0.38255 9.0
-0.38231 9.2
-0.38206 9.2
-0.38182 9.3
-0.38157 9.3
-0.38133 9.3
-0.38108 9.3
-0.38084 9.3
-0.3806 9.2
-0.38035 9.1
-0.38011 9.0
-0.37986 8.9
-0.37962 8.7
-0.37938 8.6
-0.37913 8.4
-0.37889 8.1
-0.37864 7.9
-0.3784 7.6
-0.37815 7.3
-0.37791 7.0
-0.37767 6.7
-0.37742 6.4
-0.37718 6.0
-0.37693 5.6
-0.37669 5.3
-0.37645 4.9
-0.3762 4.4
-0.37596 4.0
-0.37571 3.6
-0.37547 3.1
-0.37523 2.7
-0.37498 2.2
-0.37474 1.7
-0.37449 1.3
-0.37425 0.8
-0.374 0.3
-0.37376 -0.2
-0.37352 -0.6
-0.37327 -1.1
-0.37303 -1.6
-0.37278 -2.1
-0.37254 -2.5
-0.3723 -3.0
-0.37205 -3.4
-0.37181 -3.9
-0.37156 -4.3
-0.37132 -4.7
-0.37107 -5.2
-0.37083 -5.6
-0.37059 -5.9
-0.37034 -6.3
-0.3701 -6.7
-0.36985 -7.0
-0.36961 -7.3
-0.36937 -7.6
-0.36912 -7.9
-0.36888 -8.1
-0.36863 -8.4
-0.36839 -8.6
-0.36814 -8.8
-0.3679 -8.9
-0.36766 -9.1
-0.36741 -9.2
-0.36717 -9.3
-0.36692 -9.4
-0.36668 -9.4
-0.36644 -9.4
-0.36619 -9.4
-0.36595 -9.4
-0.3657 -9.3
-0.36546 -9.3
-0.36522 -9.1
-0.36497 -9.0
-0.36473 -8.9
-0.36448 -8.7
-0.36424 -8.5
-0.36399 -8.3
-0.36375 -8.0
-0.36351 -7.8
-0.36326 -7.5
-0.36302 -7.2
-0.36277 -6.8
-0.36253 -6.5
-0.36229 -6.1
-0.36204 -5.8
-0.3618 -5.4
-0.36155 -4.9
-0.36131 -4.5
-0.36106 -4.1
-0.36082 -3.6
-0.36058 -3.2
-0.36033 -2.7
-0.36009 -2.3
-0.35984 -1.8
-0.3596 -1.3
-0.35936 -0.8
-0.35911 -0.3
-0.35887 0.2
-0.35862 0.7
-0.35838 1.2
-0.35814 1.6
-0.35789 2.1
-0.35765 2.6
-0.3574 3.1
-0.35716 3.5
-0.35691 4.0
-0.35667 4.4
-0.35643 4.9
-0.35618 5.3
-0.35594 5.7
-0.35569 6.1
-0.35545 6.4
-0.35521 6.8
-0.35496 7.1
-0.35472 7.4
-0.35447 7.7
-0.35423 8.0
-0.35398 8.3
-0.35374 8.5
-0.3535 8.7
-0.35325 8.9
-0.35301 9.1
-0.35276 9.2
-0.35252 9.3
-0.35228 9.4
-0.35203 9.5
-0.35179 9.5
-0.35154 9.5
-0.3513 9.5
-0.35106 9.4
-0.35081 9.4
-0.35057 9.3
-0.35032 9.2
-0.35008 9.0
-0.34983 8.9
-0.34959 8.7
-0.34935 8.4
-0.3491 8.2
-0.34886 7.9
-0.34861 7.7
-0.34837 7.3
-0.34813 7.0
-0.34788 6.7
-0.34764 6.3
-0.34739 5.9
-0.34715 5.5
-0.3469 5.1
-0.34666 4.7
-0.34642 4.2
-0.34617 3.8
-0.34593 3.3
-0.34568 2.8
-0.34544 2.4
-0.3452 1.9
-0.34495 1.4
-0.34471 0.9
-0.34446 0.4
-0.34422 -0.1
-0.34398 -0.6
-0.34373 -1.1
-0.34349 -1.6
-0.34324 -2.1
-0.343 -2.6
-0.34275 -3.1
-0.34251 -3.6
-0.34227 -4.0
-0.34202 -4.5
-0.34178 -4.9
-0.34153 -5.3
-0.34129 -5.8
-0.34105 -6.2
-0.3408 -6.5
-0.34056 -6.9
-0.34031 -7.2
-0.34007 -7.6
-0.33982 -7.9
-0.33958 -8.1
-0.33934 -8.4
-0.33909 -8.6
-0.33885 -8.8
-0.3386 -9.0
-0.33836 -9.2
-0.33812 -9.3
-0.33787 -9.4
-0.33763 -9.5
-0.33738 -9.6
-0.33714 -9.6
-0.33689 -9.6
-0.33665 -9.6
-0.33641 -9.5
-0.33616 -9.4
-0.33592 -9.3
-0.33567 -9.2
-0.33543 -9.0
-0.33519 -8.9
-0.33494 -8.6
-0.3347 -8.4
-0.33445 -8.2
-0.33421 -7.9
-0.33397 -7.6
-0.33372 -7.2
-0.33348 -6.9
-0.33323 -6.5
-0.33299 -6.2
-0.33274 -5.7
-0.3325 -5.3
-0.33226 -4.9
-0.33201 -4.4
-0.33177 -4.0
-0.33152 -3.5
-0.33128 -3.0
-0.33104 -2.5
-0.33079 -2.0
-0.33055 -1.5
-0.3303 -1.0
-0.33006 -0.5
-0.32981 0.0
-0.32957 0.5
-0.32933 1.0
-0.32908 1.5
-0.32884 2.1
-0.32859 2.6
-0.32835 3.0
-0.32811 3.5
-0.32786 4.0
-0.32762 4.5
-0.32737 4.9
-0.32713 5.4
-0.32689 5.8
-0.32664 6.2
-0.3264 6.6
-0.32615 7.0
-0.32591 7.3
-0.32566 7.6
-0.32542 7.9
-0.32518 8.2
-0.32493 8.5
-0.32469 8.7
-0.32444 8.9
-0.3242 9.1
-0.32396 9.3
-0.32371 9.4
-0.32347 9.5
-0.32322 9.6
-0.32298 9.7
-0.32273 9.7
-0.32249 9.7
-0.32225 9.7
-0.322 9.6
-0.32176 9.5
-0.32151 9.4
-0.32127 9.2
-0.32103 9.1
-0.32078 8.9
-0.32054 8.7
-0.32029 8.4
-0.32005 8.1
-0.31981 7.8
-0.31956 7.5
-0.31932 7.2
-0.31907 6.8
-0.31883 6.4
-0.31858 6.0
-0.31834 5.6
-0.3181 5.2
-0.31785 4.7
-0.31761 4.3
-0.31736 3.8
-0.31712 3.3
-0.31688 2.8
-0.31663 2.3
-0.31639 1.8
-0.31614 1.2
-0.3159 0.7
-0.31565 0.2
-0.31541 -0.3
-0.31517 -0.9
-0.31492 -1.4
-0.31468 -1.9
-0.31443 -2.4
-0.31419 -2.9
-0.31395 -3.4
-0.3137 -3.9
-0.31346 -4.4
-0.31321 -4.9
-0.31297 -5.3
-0.31273 -5.8
-0.31248 -6.2
-0.31224 -6.6
-0.31199 -7.0
-0.31175 -7.3
-0.3115 -7.7
-0.31126 -8.0
-0.31102 -8.3
-0.31077 -8.6
-0.31053 -8.8
-0.31028 -9.0
-0.31004 -9.2
-0.3098 -9.4
-0.30955 -9.5
-0.30931 -9.6
-0.30906 -9.7
-0.30882 -9.8
-0.30857 -9.8
-0.30833 -9.8
-0.30809 -9.7
-0.30784 -9.7
-0.3076 -9.6
-0.30735 -9.5
-0.30711 -9.3
-0.30687 -9.1
-0.30662 -8.9
-0.30638 -8.7
-0.30613 -8.4
-0.30589 -8.1
-0.30564 -7.8
-0.3054 -7.5
-0.30516 -7.1
-0.30491 -6.8
-0.30467 -6.4
-0.30442 -5.9
-0.30418 -5.5
-0.30394 -5.1
-0.30369 -4.6
-0.30345 -4.1
-0.3032 -3.6
-0.30296 -3.1
-0.30272 -2.6
-0.30247 -2.1
-0.30223 -1.5
-0.30198 -1.0
-0.30174 -0.4
-0.30149 0.0
-0.30125 0.6
-0.30101 1.2
-0.30076 1.7
-0.30052 2.2
-0.30027 2.8
-0.30003 3.3
-0.29979 3.8
-0.29954 4.3
-0.2993 4.8
-0.29905 5.2
-0.29881 5.7
-0.29856 6.1
-0.29832 6.6
-0.29808 7.0
-0.29783 7.3
-0.29759 7.7
-0.29734 8.0
-0.2971 8.3
-0.29686 8.6
-0.29661 8.9
-0.29637 9.1
-0.29612 9.3
-0.29588 9.5
-0.29564 9.6
-0.29539 9.7
-0.29515 9.8
-0.2949 9.9
-0.29466 9.9
-0.29441 9.9
-0.29417 9.8
-0.29393 9.8
-0.29368 9.7
-0.29344 9.6
-0.29319 9.4
-0.29295 9.2
-0.29271 9.0
-0.29246 8.8
-0.29222 8.5
-0.29197 8.2
-0.29173 7.9
-0.29148 7.5
-0.29124 7.1
-0.291 6.8
-0.29075 6.3
-0.29051 5.9
-0.29026 5.5
-0.29002 5.0
-0.28978 4.5
-0.28953 4.0
-0.28929 3.5
-0.28904 3.0
-0.2888 2.4
-0.28856 1.9
-0.28831 1.3
-0.28807 0.8
-0.28782 0.2
-0.28758 -0.3
-0.28733 -0.9
-0.28709 -1.4
-0.28685 -2.0
-0.2866 -2.5
-0.28636 -3.1
-0.28611 -3.6
-0.28587 -4.1
-0.28563 -4.6
-0.28538 -5.1
-0.28514 -5.6
-0.28489 -6.0
-0.28465 -6.5
-0.2844 -6.9
-0.28416 -7.3
-0.28392 -7.7
-0.28367 -8.0
-0.28343 -8.3
-0.28318 -8.6
-0.28294 -8.9
-0.2827 -9.1
-0.28245 -9.4
-0.28221 -9.5
-0.28196 -9.7
-0.28172 -9.8
-0.28148 -9.9
-0.28123 -10.0
-0.28099 -10.0
-0.28074 -10.0
-0.2805 -10.0
-0.28025 -9.9
-0.28001 -9.8
-0.27977 -9.7
-0.27952 -9.5
-0.27928 -9.3
-0.27903 -9.1
-0.27879 -8.8
-0.27855 -8.6
-0.2783 -8.3
-0.27806 -7.9
-0.27781 -7.6
-0.27757 -7.2
-0.27732 -6.8
-0.27708 -6.4
-0.27684 -5.9
-0.27659 -5.4
-0.27635 -4.9
-0.2761 -4.4
-0.27586 -3.9
-0.27562 -3.4
-0.27537 -2.9
-0.27513 -2.3
-0.27488 -1.7
-0.27464 -1.2
-0.27439 -0.6
-0.27415 0.0
-0.27391 0.5
-0.27366 1.1
-0.27342 1.7
-0.27317 2.2
-0.27293 2.8
-0.27269 3.3
-0.27244 3.9
-0.2722 4.4
-0.27195 4.9
-0.27171 5.4
-0.27147 5.9
-0.27122 6.3
-0.27098 6.8
-0.27073 7.2
-0.27049 7.6
-0.27024 8.0
-0.27 8.3
-0.26976 8.6
-0.26951 8.9
-0.26927 9.2
-0.26902 9.4
-0.26878 9.6
-0.26854 9.8
-0.26829 9.9
-0.26805 10.0
-0.2678 10.1
-0.26756 10.1
-0.26731 10.1
-0.26707 10.1
-0.26683 10.0
-0.26658 9.9
-0.26634 9.8
-0.26609 9.6
-0.26585 9.4
-0.26561 9.2
-0.26536 9.0
-0.26512 8.7
-0.26487 8.4
-0.26463 8.0
-0.26439 7.6
-0.26414 7.3
-0.2639 6.8
-0.26365 6.4
-0.26341 5.9
-0.26316 5.4
-0.26292 4.9
-0.26268 4.4
-0.26243 3.9
-0.26219 3.3
-0.26194 2.8
-0.2617 2.2
-0.26146 1.6
-0.26121 1.1
-0.26097 0.5
-0.26072 -0.1
-0.26048 -0.7
-0.26023 -1.3
-0.25999 -1.9
-0.25975 -2.5
-0.2595 -3.0
-0.25926 -3.6
-0.25901 -4.1
-0.25877 -4.7
-0.25853 -5.2
-0.25828 -5.7
-0.25804 -6.2
-0.25779 -6.6
-0.25755 -7.1
-0.25731 -7.5
-0.25706 -7.9
-0.25682 -8.2
-0.25657 -8.6
-0.25633 -8.9
-0.25608 -9.2
-0.25584 -9.4
-0.2556 -9.6
-0.25535 -9.8
-0.25511 -10.0
-0.25486 -10.1
-0.25462 -10.2
-0.25438 -10.2
-0.25413 -10.2
-0.25389 -10.2
-0.25364 -10.1
-0.2534 -10.1
-0.25315 -9.9
-0.25291 -9.8
-0.25267 -9.6
-0.25242 -9.4
-0.25218 -9.1
-0.25193 -8.8
-0.25169 -8.5
-0.25145 -8.1
-0.2512 -7.8
-0.25096 -7.4
-0.25071 -6.9
-0.25047 -6.5
-0.25023 -6.0
-0.24998 -5.5
-0.24974 -5.0
-0.24949 -4.4
-0.24925 -3.9
-0.249 -3.3
-0.24876 -2.7
-0.24852 -2.2
-0.24827 -1.6
-0.24803 -1.0
-0.24778 -0.4
-0.24754 0.2
-0.2473 0.9
-0.24705 1.5
-0.24681 2.1
-0.24656 2.6
-0.24632 3.2
-0.24607 3.8
-0.24583 4.4
-0.24559 4.9
-0.24534 5.4
-0.2451 5.9
-0.24485 6.4
-0.24461 6.9
-0.24437 7.3
-0.24412 7.8
-0.24388 8.2
-0.24363 8.5
-0.24339 8.8
-0.24314 9.1
-0.2429 9.4
-0.24266 9.7
-0.24241 9.9
-0.24217 10.0
-0.24192 10.2
-0.24168 10.3
-0.24144 10.3
-0.24119 10.3
-0.24095 10.3
-0.2407 10.3
-0.24046 10.2
-0.24022 10.1
-0.23997 9.9
-0.23973 9.7
-0.23948 9.5
-0.23924 9.2
-0.23899 9.0
-0.23875 8.6
-0.23851 8.3
-0.23826 7.9
-0.23802 7.5
-0.23777 7.0
-0.23753 6.6
-0.23729 6.1
-0.23704 5.6
-0.2368 5.0
-0.23655 4.5
-0.23631 3.9
-0.23606 3.3
-0.23582 2.7
-0.23558 2.1
-0.23533 1.5
-0.23509 0.9
-0.23484 0.3
-0.2346 -0.4
-0.23436 -1.0
-0.23411 -1.6
-0.23387 -2.2
-0.23362 -2.8
-0.23338 -3.4
-0.23314 -4.0
-0.23289 -4.6
-0.23265 -5.1
-0.2324 -5.7
-0.23216 -6.2
-0.23191 -6.7
-0.23167 -7.2
-0.23143 -7.6
-0.23118 -8.0
-0.23094 -8.4
-0.23069 -8.8
-0.23045 -9.1
-0.23021 -9.4
-0.22996 -9.7
-0.22972 -9.9
-0.22947 -10.1
-0.22923 -10.2
-0.22898 -10.4
-0.22874 -10.4
-0.2285 -10.5
-0.22825 -10.5
-0.22801 -10.4
-0.22776 -10.4
-0.22752 -10.2
-0.22728 -10.1
-0.22703 -9.9
-0.22679 -9.7
-0.22654 -9.4
-0.2263 -9.1
-0.22606 -8.8
-0.22581 -8.4
-0.22557 -8.0
-0.22532 -7.6
-0.22508 -7.2
-0.22483 -6.7
-0.22459 -6.2
-0.22435 -5.6
-0.2241 -5.1
-0.22386 -4.5
-0.22361 -3.9
-0.22337 -3.3
-0.22313 -2.7
-0.22288 -2.1
-0.22264 -1.5
-0.22239 -0.8
-0.22215 -0.2
-0.2219 0.5
-0.22166 1.1
-0.22142 1.7
-0.22117 2.4
-0.22093 3.0
-0.22068 3.6
-0.22044 4.2
-0.2202 4.8
-0.21995 5.4
-0.21971 5.9
-0.21946 6.4
-0.21922 7.0
-0.21898 7.4
-0.21873 7.9
-0.21849 8.3
-0.21824 8.7
-0.218 9.0
-0.21775 9.4
-0.21751 9.7
-0.21727 9.9
-0.21702 10.1
-0.21678 10.3
-0.21653 10.4
-0.21629 10.5
-0.21605 10.6
-0.2158 10.6
-0.21556 10.6
-0.21531 10.5
-0.21507 10.4
-0.21482 10.3
-0.21458 10.1
-0.21434 9.9
-0.21409 9.6
-0.21385 9.3
-0.2136 9.0
-0.21336 8.6
-0.21312 8.2
-0.21287 7.8
-0.21263 7.3
-0.21238 6.8
-0.21214 6.3
-0.21189 5.8
-0.21165 5.2
-0.21141 4.6
-0.21116 4.0
-0.21092 3.4
-0.21067 2.7
-0.21043 2.1
-0.21019 1.4
-0.20994 0.8
-0.2097 0.1
-0.20945 -0.6
-0.20921 -1.2
-0.20897 -1.9
-0.20872 -2.5
-0.20848 -3.2
-0.20823 -3.8
-0.20799 -4.4
-0.20774 -5.0
-0.2075 -5.6
-0.20726 -6.2
-0.20701 -6.7
-0.20677 -7.2
-0.20652 -7.7
-0.20628 -8.2
-0.20604 -8.6
-0.20579 -9.0
-0.20555 -9.3
-0.2053 -9.6
-0.20506 -9.9
-0.20481 -10.2
-0.20457 -10.4
-0.20433 -10.5
-0.20408 -10.6
-0.20384 -10.7
-0.20359 -10.7
-0.20335 -10.7
-0.20311 -10.7
-0.20286 -10.6
-0.20262 -10.5
-0.20237 -10.3
-0.20213 -10.1
-0.20189 -9.8
-0.20164 -9.5
-0.2014 -9.2
-0.20115 -8.8
-0.20091 -8.4
-0.20066 -7.9
-0.20042 -7.5
-0.20018 -7.0
-0.19993 -6.4
-0.19969 -5.9
-0.19944 -5.3
-0.1992 -4.7
-0.19896 -4.0
-0.19871 -3.4
-0.19847 -2.7
-0.19822 -2.1
-0.19798 -1.4
-0.19773 -0.7
-0.19749 0.0
-0.19725 0.7
-0.197 1.3
-0.19676 2.0
-0.19651 2.7
-0.19627 3.4
-0.19603 4.0
-0.19578 4.7
-0.19554 5.3
-0.19529 5.9
-0.19505 6.4
-0.19481 7.0
-0.19456 7.5
-0.19432 8.0
-0.19407 8.4
-0.19383 8.9
-0.19358 9.3
-0.19334 9.6
-0.1931 9.9
-0.19285 10.2
-0.19261 10.4
-0.19236 10.6
-0.19212 10.7
-0.19188 10.8
-0.19163 10.9
-0.19139 10.9
-0.19114 10.9
-0.1909 10.8
-0.19065 10.6
-0.19041 10.5
-0.19017 10.3
-0.18992 10.0
-0.18968 9.7
-0.18943 9.4
-0.18919 9.0
-0.18895 8.6
-0.1887 8.1
-0.18846 7.6
-0.18821 7.1
-0.18797 6.5
-0.18773 6.0
-0.18748 5.4
-0.18724 4.7
-0.18699 4.1
-0.18675 3.4
-0.1865 2.7
-0.18626 2.0
-0.18602 1.3
-0.18577 0.6
-0.18553 0.0
-0.18528 -0.8
-0.18504 -1.5
-0.1848 -2.2
-0.18455 -2.9
-0.18431 -3.6
-0.18406 -4.3
-0.18382 -4.9
-0.18357 -5.5
-0.18333 -6.2
-0.18309 -6.7
-0.18284 -7.3
-0.1826 -7.8
-0.18235 -8.3
-0.18211 -8.8
-0.18187 -9.2
-0.18162 -9.6
-0.18138 -9.9
-0.18113 -10.2
-0.18089 -10.5
-0.18064 -10.7
-0.1804 -10.8
-0.18016 -11.0
-0.17991 -11.0
-0.17967 -11.1
-0.17942 -11.0
-0.17918 -11.0
-0.17894 -10.8
-0.17869 -10.7
-0.17845 -10.5
-0.1782 -10.2
-0.17796 -9.9
-0.17772 -9.6
-0.17747 -9.2
-0.17723 -8.7
-0.17698 -8.3
-0.17674 -7.8
-0.17649 -7.2
-0.17625 -6.7
-0.17601 -6.1
-0.17576 -5.4
-0.17552 -4.8
-0.17527 -4.1
-0.17503 -3.4
-0.17479 -2.7
-0.17454 -2.0
-0.1743 -1.2
-0.17405 -0.5
-0.17381 0.2
-0.17356 1.0
-0.17332 1.7
-0.17308 2.4
-0.17283 3.2
-0.17259 3.9
-0.17234 4.5
-0.1721 5.2
-0.17186 5.9
-0.17161 6.5
-0.17137 7.1
-0.17112 7.6
-0.17088 8.2
-0.17064 8.7
-0.17039 9.1
-0.17015 9.5
-0.1699 9.9
-0.16966 10.2
-0.16941 10.5
-0.16917 10.8
-0.16893 11.0
-0.16868 11.1
-0.16844 11.2
-0.16819 11.2
-0.16795 11.2
-0.16771 11.1
-0.16746 11.0
-0.16722 10.9
-0.16697 10.7
-0.16673 10.4
-0.16648 10.1
-0.16624 9.7
-0.166 9.3
-0.16575 8.9
-0.16551 8.4
-0.16526 7.9
-0.16502 7.3
-0.16478 6.7
-0.16453 6.1
-0.16429 5.4
-0.16404 4.8
-0.1638 4.1
-0.16356 3.3
-0.16331 2.6
-0.16307 1.9
-0.16282 1.1
-0.16258 0.3
-0.16233 -0.4
-0.16209 -1.2
-0.16185 -2.0
-0.1616 -2.7
-0.16136 -3.5
-0.16111 -4.2
-0.16087 -4.9
-0.16063 -5.6
-0.16038 -6.3
-0.16014 -6.9
-0.15989 -7.5
-0.15965 -8.1
-0.1594 -8.6
-0.15916 -9.1
-0.15892 -9.5
-0.15867 -9.9
-0.15843 -10.3
-0.15818 -10.6
-0.15794 -10.9
-0.1577 -11.1
-0.15745 -11.2
-0.15721 -11.3
-0.15696 -11.4
-0.15672 -11.4
-0.15648 -11.3
-0.15623 -11.2
-0.15599 -11.1
-0.15574 -10.8
-0.1555 -10.6
-0.15525 -10.3
-0.15501 -9.9
-0.15477 -9.5
-0.15452 -9.0
-0.15428 -8.5
-0.15403 -8.0
-0.15379 -7.4
-0.15355 -6.8
-0.1533 -6.1
-0.15306 -5.4
-0.15281 -4.7
-0.15257 -4.0
-0.15232 -3.2
-0.15208 -2.4
-0.15184 -1.7
-0.15159 -0.9
-0.15135 0.0
-0.1511 0.7
-0.15086 1.5
-0.15062 2.3
-0.15037 3.1
-0.15013 3.9
-0.14988 4.6
-0.14964 5.3
-0.14939 6.0
-0.14915 6.7
-0.14891 7.4
-0.14866 8.0
-0.14842 8.5
-0.14817 9.1
-0.14793 9.5
-0.14769 10.0
-0.14744 10.4
-0.1472 10.7
-0.14695 11.0
-0.14671 11.2
-0.14647 11.4
-0.14622 11.5
-0.14598 11.6
-0.14573 11.6
-0.14549 11.5
-0.14524 11.4
-0.145 11.2
-0.14476 11.0
-0.14451 10.7
-0.14427 10.4
-0.14402 10.0
-0.14378 9.6
-0.14354 9.1
-0.14329 8.6
-0.14305 8.0
-0.1428 7.4
-0.14256 6.7
-0.14231 6.0
-0.14207 5.3
-0.14183 4.6
-0.14158 3.8
-0.14134 3.0
-0.14109 2.2
-0.14085 1.4
-0.14061 0.5
-0.14036 -0.3
-0.14012 -1.1
-0.13987 -2.0
-0.13963 -2.8
-0.13939 -3.6
-0.13914 -4.4
-0.1389 -5.2
-0.13865 -5.9
-0.13841 -6.6
-0.13816 -7.3
-0.13792 -7.9
-0.13768 -8.5
-0.13743 -9.1
-0.13719 -9.6
-0.13694 -10.1
-0.1367 -10.5
-0.13646 -10.8
-0.13621 -11.2
-0.13597 -11.4
-0.13572 -11.6
-0.13548 -11.7
-0.13523 -11.8
-0.13499 -11.8
-0.13475 -11.7
-0.1345 -11.6
-0.13426 -11.4
-0.13401 -11.2
-0.13377 -10.9
-0.13353 -10.5
-0.13328 -10.1
-0.13304 -9.6
-0.13279 -9.1
-0.13255 -8.5
-0.13231 -7.9
-0.13206 -7.3
-0.13182 -6.6
-0.13157 -5.8
-0.13133 -5.1
-0.13108 -4.3
-0.13084 -3.5
-0.1306 -2.6
-0.13035 -1.8
-0.13011 -0.9
-0.12986 0.0
-0.12962 0.8
-0.12938 1.7
-0.12913 2.6
-0.12889 3.4
-0.12864 4.3
-0.1284 5.1
-0.12815 5.8
-0.12791 6.6
-0.12767 7.3
-0.12742 8.0
-0.12718 8.6
-0.12693 9.2
-0.12669 9.8
-0.12645 10.2
-0.1262 10.7
-0.12596 11.1
-0.12571 11.4
-0.12547 11.6
-0.12523 11.8
-0.12498 11.9
-0.12474 12.0
-0.12449 12.0
-0.12425 11.9
-0.124 11.8
-0.12376 11.6
-0.12352 11.3
-0.12327 11.0
-0.12303 10.6
-0.12278 10.1
-0.12254 9.6
-0.1223 9.0
-0.12205 8.4
-0.12181 7.7
-0.12156 7.0
-0.12132 6.3
-0.12107 5.5
-0.12083 4.7
-0.12059 3.8
-0.12034 2.9
-0.1201 2.1
-0.11985 1.2
-0.11961 0.2
-0.11937 -0.7
-0.11912 -1.6
-0.11888 -2.5
-0.11863 -3.4
-0.11839 -4.3
-0.11814 -5.1
-0.1179 -5.9
-0.11766 -6.7
-0.11741 -7.5
-0.11717 -8.2
-0.11692 -8.8
-0.11668 -9.5
-0.11644 -10.0
-0.11619 -10.5
-0.11595 -11.0
-0.1157 -11.3
-0.11546 -11.7
-0.11522 -11.9
-0.11497 -12.1
-0.11473 -12.2
-0.11448 -12.2
-0.11424 -12.2
-0.11399 -12.1
-0.11375 -11.9
-0.11351 -11.7
-0.11326 -11.3
-0.11302 -11.0
-0.11277 -10.5
-0.11253 -10.0
-0.11229 -9.4
-0.11204 -8.8
-0.1118 -8.1
-0.11155 -7.4
-0.11131 -6.6
-0.11106 -5.8
-0.11082 -4.9
-0.11058 -4.0
-0.11033 -3.1
-0.11009 -2.2
-0.10984 -1.2
-0.1096 -0.3
-0.10936 0.7
-0.10911 1.6
-0.10887 2.6
-0.10862 3.5
-0.10838 4.4
-0.10814 5.3
-0.10789 6.2
-0.10765 7.0
-0.1074 7.8
-0.10716 8.5
-0.10691 9.2
-0.10667 9.8
-0.10643 10.4
-0.10618 10.9
-0.10594 11.4
-0.10569 11.7
-0.10545 12.0
-0.10521 12.2
-0.10496 12.4
-0.10472 12.5
-0.10447 12.5
-0.10423 12.4
-0.10398 12.2
-0.10374 12.0
-0.1035 11.7
-0.10325 11.3
-0.10301 10.8
-0.10276 10.3
-0.10252 9.7
-0.10228 9.1
-0.10203 8.3
-0.10179 7.6
-0.10154 6.8
-0.1013 5.9
-0.10106 5.0
-0.10081 4.1
-0.10057 3.1
-0.10032 2.1
-0.10008 1.1
-0.09983 0.0
-0.09959 -0.9
-0.09935 -1.9
-0.0991 -2.9
-0.09886 -3.9
-0.09861 -4.9
-0.09837 -5.8
-0.09813 -6.7
-0.09788 -7.5
-0.09764 -8.3
-0.09739 -9.1
-0.09715 -9.8
-0.0969 -10.4
-0.09666 -11.0
-0.09642 -11.4
-0.09617 -11.9
-0.09593 -12.2
-0.09568 -12.5
-0.09544 -12.6
-0.0952 -12.7
-0.09495 -12.7
-0.09471 -12.7
-0.09446 -12.5
-0.09422 -12.3
-0.09398 -11.9
-0.09373 -11.5
-0.09349 -11.0
-0.09324 -10.5
-0.093 -9.9
-0.09275 -9.2
-0.09251 -8.4
-0.09227 -7.6
-0.09202 -6.7
-0.09178 -5.8
-0.09153 -4.8
-0.09129 -3.8
-0.09105 -2.8
-0.0908 -1.7
-0.09056 -0.7
-0.09031 0.4
-0.09007 1.5
-0.08982 2.5
-0.08958 3.6
-0.08934 4.6
-0.08909 5.6
-0.08885 6.5
-0.0886 7.5
-0.08836 8.3
-0.08812 9.1
-0.08787 9.9
-0.08763 10.6
-0.08738 11.2
-0.08714 11.7
-0.08689 12.1
-0.08665 12.5
-0.08641 12.8
-0.08616 12.9
-0.08592 13.0
-0.08567 13.0
-0.08543 12.9
-0.08519 12.8
-0.08494 12.5
-0.0847 12.1
-0.08445 11.7
-0.08421 11.1
-0.08397 10.5
-0.08372 9.8
-0.08348 9.0
-0.08323 8.2
-0.08299 7.3
-0.08274 6.3
-0.0825 5.3
-0.08226 4.3
-0.08201 3.2
-0.08177 2.1
-0.08152 1.0
-0.08128 -0.2
-0.08104 -1.3
-0.08079 -2.4
-0.08055 -3.6
-0.0803 -4.6
-0.08006 -5.7
-0.07981 -6.7
-0.07957 -7.7
-0.07933 -8.6
-0.07908 -9.5
-0.07884 -10.2
-0.07859 -10.9
-0.07835 -11.6
-0.07811 -12.1
-0.07786 -12.6
-0.07762 -12.9
-0.07737 -13.2
-0.07713 -13.3
-0.07689 -13.4
-0.07664 -13.3
-0.0764 -13.2
-0.07615 -12.9
-0.07591 -12.6
-0.07566 -12.1
-0.07542 -11.6
-0.07518 -10.9
-0.07493 -10.2
-0.07469 -9.4
-0.07444 -8.5
-0.0742 -7.6
-0.07396 -6.6
-0.07371 -5.5
-0.07347 -4.4
-0.07322 -3.2
-0.07298 -2.0
-0.07273 -0.8
-0.07249 0.4
-0.07225 1.6
-0.072 2.8
-0.07176 4.0
-0.07151 5.1
-0.07127 6.2
-0.07103 7.3
-0.07078 8.3
-0.07054 9.3
-0.07029 10.1
-0.07005 10.9
-0.06981 11.6
-0.06956 12.2
-0.06932 12.8
-0.06907 13.2
-0.06883 13.5
-0.06858 13.7
-0.06834 13.7
-0.0681 13.7
-0.06785 13.6
-0.06761 13.3
-0.06736 12.9
-0.06712 12.4
-0.06688 11.8
-0.06663 11.1
-0.06639 10.4
-0.06614 9.5
-0.0659 8.5
-0.06565 7.5
-0.06541 6.4
-0.06517 5.2
-0.06492 4.0
-0.06468 2.7
-0.06443 1.5
-0.06419 0.2
-0.06395 -1.1
-0.0637 -2.4
-0.06346 -3.7
-0.06321 -4.9
-0.06297 -6.2
-0.06273 -7.3
-0.06248 -8.4
-0.06224 -9.4
-0.06199 -10.4
-0.06175 -11.2
-0.0615 -12.0
-0.06126 -12.6
-0.06102 -13.2
-0.06077 -13.6
-0.06053 -13.9
-0.06028 -14.1
-0.06004 -14.2
-0.0598 -14.1
-0.05955 -13.9
-0.05931 -13.5
-0.05906 -13.1
-0.05882 -12.5
-0.05857 -11.8
-0.05833 -11.0
-0.05809 -10.1
-0.05784 -9.1
-0.0576 -8.0
-0.05735 -6.8
-0.05711 -5.5
-0.05687 -4.2
-0.05662 -2.9
-0.05638 -1.5
-0.05613 -0.1
-0.05589 1.3
-0.05564 2.7
-0.0554 4.1
-0.05516 5.4
-0.05491 6.7
-0.05467 7.9
-0.05442 9.1
-0.05418 10.2
-0.05394 11.1
-0.05369 12.0
-0.05345 12.8
-0.0532 13.4
-0.05296 13.9
-0.05272 14.3
-0.05247 14.5
-0.05223 14.6
-0.05198 14.6
-0.05174 14.3
-0.05149 14.0
-0.05125 13.5
-0.05101 12.9
-0.05076 12.1
-0.05052 11.2
-0.05027 10.2
-0.05003 9.1
-0.04979 7.9
-0.04954 6.6
-0.0493 5.2
-0.04905 3.7
-0.04881 2.3
-0.04856 0.8
-0.04832 -0.8
-0.04808 -2.3
-0.04783 -3.8
-0.04759 -5.3
-0.04734 -6.7
-0.0471 -8.1
-0.04686 -9.3
-0.04661 -10.5
-0.04637 -11.6
-0.04612 -12.5
-0.04588 -13.3
-0.04564 -14.0
-0.04539 -14.5
-0.04515 -14.9
-0.0449 -15.1
-0.04466 -15.1
-0.04441 -15.0
-0.04417 -14.7
-0.04393 -14.2
-0.04368 -13.6
-0.04344 -12.8
-0.04319 -11.9
-0.04295 -10.8
-0.04271 -9.6
-0.04246 -8.3
-0.04222 -6.8
-0.04197 -5.3
-0.04173 -3.7
-0.04148 -2.1
-0.04124 -0.4
-0.041 1.2
-0.04075 2.9
-0.04051 4.5
-0.04026 6.1
-0.04002 7.7
-0.03978 9.1
-0.03953 10.5
-0.03929 11.7
-0.03904 12.8
-0.0388 13.7
-0.03856 14.5
-0.03831 15.1
-0.03807 15.5
-0.03782 15.7
-0.03758 15.8
-0.03733 15.6
-0.03709 15.2
-0.03685 14.6
-0.0366 13.9
-0.03636 13.0
-0.03611 11.8
-0.03587 10.6
-0.03563 9.2
-0.03538 7.6
-0.03514 6.0
-0.03489 4.2
-0.03465 2.4
-0.0344 0.6
-0.03416 -1.3
-0.03392 -3.1
-0.03367 -5.0
-0.03343 -6.7
-0.03318 -8.4
-0.03294 -10.0
-0.0327 -11.5
-0.03245 -12.8
-0.03221 -13.9
-0.03196 -14.9
-0.03172 -15.6
-0.03148 -16.1
-0.03123 -16.4
-0.03099 -16.5
-0.03074 -16.3
-0.0305 -15.9
-0.03025 -15.3
-0.03001 -14.4
-0.02977 -13.3
-0.02952 -12.0
-0.02928 -10.5
-0.02903 -8.9
-0.02879 -7.1
-0.02855 -5.2
-0.0283 -3.1
-0.02806 -1.1
-0.02781 1.0
-0.02757 3.1
-0.02732 5.2
-0.02708 7.2
-0.02684 9.1
-0.02659 10.9
-0.02635 12.5
-0.0261 13.9
-0.02586 15.1
-0.02562 16.1
-0.02537 16.8
-0.02513 17.2
-0.02488 17.4
-0.02464 17.2
-0.02439 16.8
-0.02415 16.1
-0.02391 15.1
-0.02366 13.8
-0.02342 12.3
-0.02317 10.5
-0.02293 8.5
-0.02269 6.4
-0.02244 4.1
-0.0222 1.7
-0.02195 -0.7
-0.02171 -3.1
-0.02147 -5.5
-0.02122 -7.8
-0.02098 -10.0
-0.02073 -12.0
-0.02049 -13.8
-0.02024 -15.4
-0.02 -16.7
-0.01976 -17.6
-0.01951 -18.2
-0.01927 -18.5
-0.01902 -18.4
-0.01878 -17.9
-0.01854 -17.0
-0.01829 -15.8
-0.01805 -14.2
-0.0178 -12.3
-0.01756 -10.1
-0.01731 -7.6
-0.01707 -5.0
-0.01683 -2.2
-0.01658 0.6
-0.01634 3.5
-0.01609 6.4
-0.01585 9.1
-0.01561 11.6
-0.01536 13.9
-0.01512 16.0
-0.01487 17.6
-0.01463 18.8
-0.01439 19.6
-0.01414 19.9
-0.0139 19.7
-0.01365 19.0
-0.01341 17.8
-0.01316 16.1
-0.01292 13.9
-0.01268 11.3
-0.01243 8.4
-0.01219 5.1
-0.01194 1.7
-0.0117 -1.8
-0.01146 -5.4
-0.01121 -8.8
-0.01097 -12.1
-0.01072 -15.0
-0.01048 -17.5
-0.01023 -19.5
-0.00999 -20.9
-0.00975 -21.7
-0.0095 -21.7
-0.00926 -21.0
-0.00901 -19.6
-0.00877 -17.4
-0.00853 -14.5
-0.00828 -11.0
-0.00804 -7.0
-0.00779 -2.7
-0.00755 1.9
-0.00731 6.5
-0.00706 10.9
-0.00682 15.1
-0.00657 18.6
-0.00633 21.5
-0.00608 23.4
-0.00584 24.3
-0.0056 24.1
-0.00535 22.6
-0.00511 19.9
-0.00486 16.0
-0.00462 11.2
-0.00438 5.5
-0.00413 -0.7
-0.00389 -7.2
-0.00364 -13.4
-0.0034 -19.0
-0.00315 -23.5
-0.00291 -26.6
-0.00267 -27.8
-0.00242 -26.9
-0.00218 -23.7
-0.00193 -18.2
-0.00169 -10.8
-0.00145 -1.9
-0.0012 7.7
-0.00096 17.1
-0.00071 25.0
-0.00047 30.1
-0.00023 31.1
2e-05 27.2
0.00026 18.4
0.00051 5.7
0.00075 -8.3
0.001 -20.4
0.00124 -27.5
0.00148 -27.5
0.00173 -20.3
0.00197 -8.1
0.00222 5.3
0.00246 15.7
0.0027 20.2
0.00295 18.0
0.00319 10.5
0.00344 0.8
0.00368 -7.6
0.00393 -12.2
0.00417 -12.0
0.00441 -7.8
0.00466 -1.7
0.0049 3.9
0.00515 7.1
0.00539 7.3
0.00563 4.9
0.00588 1.2
0.00612 -2.2
0.00637 -4.3
0.00661 -4.4
0.00686 -3.0
0.0071 -0.7
0.00734 1.4
0.00759 2.6
0.00783 2.7
0.00808 1.8
0.00832 0.4
0.00856 -0.9
0.00881 -1.6
0.00905 -1.6
0.0093 -1.0
0.00954 -0.2
0.00978 0.6
0.01003 1.0
0.01027 1.0
0.01052 0.6
0.01076 0.1
0.01101 -0.4
0.01125 -0.6
0.01149 -0.6
0.01174 -0.4
0.01198 0.0
0.01223 0.2
0.01247 0.4
0.01271 0.4
0.01296 0.2
0.0132 0.0
0.01345 -0.1
0.01369 -0.2
0.01394 -0.2
0.01418 -0.1
0.01442 0.0
0.01467 0.0
0.01491 0.1
0.01516 0.1
0.0154 0.0
0.01564 0.0
0.01589 0.0
0.01613 0.0
0.01638 0.0
0.01662 0.0
0.01686 0.0
0.01711 0.0
0.01735 0.0
0.0176 0.0
0.01784 0.0
0.01809 0.0
0.01833 0.0
0.01857 0.0
0.01882 0.0
0.01906 0.0
0.01931 0.0
0.01955 0.0
0.01979 0.0
0.02004 0.0
0.02028 0.0
0.02053 0.0
0.02077 0.0
0.02102 0.0
0.02126 0.0
0.0215 0.0
0.02175 0.0
0.02199 0.0
0.02224 0.0
0.02248 0.0
0.02272 0.0
0.02297 0.0
0.02321 0.0
0.02346 0.0
0.0237 0.0
0.02394 0.0
0.02419 0.0
0.02443 0.0
0.02468 0.0
0.02492 0.0
0.02517 0.0
0.02541 0.0
0.02565 0.0
0.0259 0.0
0.02614 0.0
0.02639 0.0
0.02663 0.0
0.02687 0.0
0.02712 0.0
0.02736 0.0
0.02761 0.0
0.02785 0.0
0.0281 0.0
0.02834 0.0
0.02858 0.0
0.02883 0.0
0.02907 0.0
0.02932 0.0
0.02956 0.0
0.0298 0.0
0.03005 0.0
0.03029 0.0
0.03054 0.0
0.03078 0.0
0.03102 0.0
0.03127 0.0
0.03151 0.0
0.03176 0.0
0.032 0.0
0.03225 0.0
0.03249 0.0
0.03273 0.0
0.03298 0.0
0.03322 0.0
0.03347 0.0
0.03371 0.0
0.03395 0.0
0.0342 0.0
0.03444 0.0
0.03469 0.0
0.03493 0.0
0.03518 0.0
0.03542 0.0
0.03566 0.0
0.03591 0.0
0.03615 0.0
0.0364 0.0
0.03664 0.0
0.03688 0.0
0.03713 0.0
0.03737 0.0
0.03762 0.0
0.03786 0.0
0.03811 0.0
0.03835 0.0
0.03859 0.0
0.03884 0.0
0.03908 0.0
0.03933 0.0
0.03957 0.0
0.03981 0.0
0.04006 0.0
0.0403 0.0
0.04055 0.0
0.04079 0.0
0.04103 0.0
0.04128 0.0
0.04152 0.0
0.04177 0.0
0.04201 0.0
0.04226 0.0
0.0425 0.0
0.04274 0.0
0.04299 0.0
0.04323 0.0
0.04348 0.0
0.04372 0.0
0.04396 0.0
0.04421 0.0
0.04445 0.0
0.0447 0.0
0.04494 0.0
0.04519 0.0
0.04543 0.0
0.04567 0.0
0.04592 0.0
0.04616 0.0
0.04641 0.0
0.04665 0.0
0.04689 0.0
0.04714 0.0
0.04738 0.0
0.04763 0.0
0.04787 0.0
0.04811 0.0
0.04836 0.0
0.0486 0.0
0.04885 0.0
0.04909 0.0
0.04934 0.0
0.04958 0.0
0.04982 0.0
0.05007 0.0
0.05031 0.0
0.05056 0.0
0.0508 0.0
0.05104 0.0
0.05129 0.0
0.05153 0.0
0.05178 0.0
0.05202 0.0
0.05227 0.0
0.05251 0.0
0.05275 0.0
0.053 0.0
0.05324 0.0
0.05349 0.0
0.05373 0.0
0.05397 0.0
0.05422 0.0
0.05446 0.0
0.05471 0.0
0.05495 0.0
0.05519 0.0
0.05544 0.0
0.05568 0.0
0.05593 0.0
0.05617 0.0
0.05642 0.0
0.05666 0.0
0.0569 0.0
0.05715 0.0
0.05739 0.0
0.05764 0.0
0.05788 0.0
0.05812 0.0
0.05837 0.0
0.05861 0.0
0.05886 0.0
0.0591 0.0
0.05935 0.0
0.05959 0.0
0.05983 0.0
0.06008 0.0
0.06032 0.0
0.06057 0.0
0.06081 0.0
0.06105 0.0
0.0613 0.0
0.06154 0.0
0.06179 0.0
0.06203 0.0
0.06227 0.0
0.06252 0.0
0.06276 0.0
0.06301 0.0
0.06325 0.0
0.0635 0.0
0.06374 0.0
0.06398 0.0
0.06423 0.0
0.06447 0.0
0.06472 0.0
0.06496 0.0
0.0652 0.0
0.06545 0.0
0.06569 0.0
0.06594 0.0
0.06618 0.0
0.06643 0.0
0.06667 0.0
0.06691 0.0
0.06716 0.0
0.0674 0.0
0.06765 0.0
0.06789 0.0
0.06813 0.0
0.06838 0.0
0.06862 0.0
0.06887 0.0
0.06911 0.0
0.06936 0.0
0.0696 0.0
0.06984 0.0
0.07009 0.0
0.07033 0.0
0.07058 0.0
0.07082 0.0
0.07106 0.0
0.07131 0.0
0.07155 0.0
0.0718 0.0
0.07204 0.0
0.07228 0.0
0.07253 0.0
0.07277 0.0
0.07302 0.0
0.07326 0.0
0.07351 0.0
0.07375 0.0
0.07399 0.0
0.07424 0.0
0.07448 0.0
0.07473 0.0
0.07497 0.0
0.07521 0.0
0.07546 0.0
0.0757 0.0
0.07595 0.0
0.07619 0.0
0.07644 0.0
0.07668 0.0
0.07692 0.0
0.07717 0.0
0.07741 0.0
0.07766 0.0
0.0779 0.0
0.07814 0.0
0.07839 0.0
0.07863 0.0
0.07888 0.0
0.07912 0.0
0.07936 0.0
0.07961 0.0
0.07985 0.0
0.0801 0.0
0.08034 0.0
0.08059 0.0
0.08083 0.0
0.08107 0.0
0.08132 0.0
0.08156 0.0
0.08181 0.0
0.08205 0.0
0.08229 0.0
0.08254 0.0
0.08278 0.0
0.08303 0.0
0.08327 0.0
0.08352 0.0
0.08376 0.0
0.084 0.0
0.08425 0.0
0.08449 0.0
0.08474 0.0
0.08498 0.0
0.08522 0.0
0.08547 0.0
0.08571 0.0
0.08596 0.0
0.0862 0.0
0.08644 0.0
0.08669 0.0
0.08693 0.0
0.08718 0.0
0.08742 0.0
0.08767 0.0
0.08791 0.0
0.08815 0.0
0.0884 0.0
0.08864 0.0
0.08889 0.0
0.08913 0.0
0.08937 0.0
0.08962 0.0
0.08986 0.0
0.09011 0.0
0.09035 0.0
0.0906 0.0
0.09084 0.0
0.09108 0.0
0.09133 0.0
0.09157 0.0
0.09182 0.0
0.09206 0.0
0.0923 0.0
0.09255 0.0
0.09279 0.0
0.09304 0.0
0.09328 0.0
0.09352 0.0
0.09377 0.0
0.09401 0.0
0.09426 0.0
0.0945 0.0
0.09475 0.0
0.09499 0.0
0.09523 0.0
0.09548 0.0
0.09572 0.0
0.09597 0.0
0.09621 0.0
0.09645 0.0
0.0967 0.0
0.09694 0.0
0.09719 0.0
0.09743 0.0
0.09768 0.0
0.09792 0.0
0.09816 0.0
0.09841 0.0
0.09865 0.0
