t strain*1e23
-0.44076 2.9
-0.44052 3.1
-0.44027 3.3
-0.44003 3.6
-0.43979 3.8
-0.43954 4.0
-0.4393 4.3
-0.43905 4.5
-0.43881 4.7
-0.43856 4.9
-0.43832 5.1
-0.43808 5.3
-0.43783 5.5
-0.43759 5.7
-0.43734 5.8
-0.4371 6.0
-0.43686 6.2
-0.43661 6.3
-0.43637 6.5
-0.43612 6.6
-0.43588 6.7
-0.43563 6.9
-0.43539 7.0
-0.43515 7.1
-0.4349 7.2
-0.43466 7.3
-0.43441 7.4
-0.43417 7.4
-0.43393 7.5
-0.43368 7.6
-0.43344 7.6
-0.43319 7.7
-0.43295 7.7
-0.4327 7.7
-0.43246 7.7
-0.43222 7.7
-0.43197 7.7
-0.43173 7.7
-0.43148 7.7
-0.43124 7.7
-0.431 7.6
-0.43075 7.6
-0.43051 7.5
-0.43026 7.4
-0.43002 7.4
-0.42978 7.3
-0.42953 7.2
-0.42929 7.1
-0.42904 7.0
-0.4288 6.9
-0.42855 6.7
-0.42831 6.6
-0.42807 6.5
-0.42782 6.3
-0.42758 6.2
-0.42733 6.0
-0.42709 5.8
-0.42685 5.6
-0.4266 5.5
-0.42636 5.3
-0.42611 5.1
-0.42587 4.9
-0.42562 4.7
-0.42538 4.4
-0.42514 4.2
-0.42489 4.0
-0.42465 3.8
-0.4244 3.5
-0.42416 3.3
-0.42392 3.0
-0.42367 2.8
-0.42343 2.5
-0.42318 2.3
-0.42294 2.0
-0.4227 1.8
-0.42245 1.5
-0.42221 1.2
-0.42196 1.0
-0.42172 0.7
-0.42147 0.4
-0.42123 0.2
-0.42099 0.0
-0.42074 -0.4
-0.4205 -0.6
-0.42025 -0.9
-0.42001 -1.2
-0.41977 -1.4
-0.41952 -1.7
-0.41928 -1.9
-0.41903 -2.2
-0.41879 -2.5
-0.41854 -2.7
-0.4183 -3.0
-0.41806 -3.2
-0.41781 -3.5
-0.41757 -3.7
-0.41732 -3.9
-0.41708 -4.2
-0.41684 -4.4
-0.41659 -4.6
-0.41635 -4.8
-0.4161 -5.0
-0.41586 -5.2
-0.41562 -5.4
-0.41537 -5.6
-0.41513 -5.8
-0.41488 -6.0
-0.41464 -6.2
-0.41439 -6.3
-0.41415 -6.5
-0.41391 -6.6
-0.41366 -6.8
-0.41342 -6.9
-0.41317 -7.0
-0.41293 -7.1
-0.41269 -7.2
-0.41244 -7.3
-0.4122 -7.4
-0.41195 -7.5
-0.41171 -7.6
-0.41146 -7.6
-0.41122 -7.7
-0.41098 -7.7
-0.41073 -7.8
-0.41049 -7.8
-0.41024 -7.8
-0.41 -7.8
-0.40976 -7.8
-0.40951 -7.8
-0.40927 -7.8
-0.40902 -7.8
-0.40878 -7.7
-0.40854 -7.7
-0.40829 -7.6
-0.40805 -7.5
-0.4078 -7.5
-0.40756 -7.4
-0.40731 -7.3
-0.40707 -7.2
-0.40683 -7.1
-0.40658 -6.9
-0.40634 -6.8
-0.40609 -6.7
-0.40585 -6.5
-0.40561 -6.4
-0.40536 -6.2
-0.40512 -6.0
-0.40487 -5.8
-0.40463 -5.7
-0.40438 -5.5
-0.40414 -5.3
-0.4039 -5.1
-0.40365 -4.8
-0.40341 -4.6
-0.40316 -4.4
-0.40292 -4.2
-0.40268 -3.9
-0.40243 -3.7
-0.40219 -3.5
-0.40194 -3.2
-0.4017 -3.0
-0.40145 -2.7
-0.40121 -2.4
-0.40097 -2.2
-0.40072 -1.9
-0.40048 -1.6
-0.40023 -1.4
-0.39999 -1.1
-0.39975 -0.8
-0.3995 -0.5
-0.39926 -0.3
-0.39901 0.0
-0.39877 0.3
-0.39853 0.6
-0.39828 0.8
-0.39804 1.1
-0.39779 1.4
-0.39755 1.6
-0.3973 1.9
-0.39706 2.2
-0.39682 2.5
-0.39657 2.7
-0.39633 3.0
-0.39608 3.2
-0.39584 3.5
-0.3956 3.7
-0.39535 4.0
-0.39511 4.2
-0.39486 4.4
-0.39462 4.7
-0.39437 4.9
-0.39413 5.1
-0.39389 5.3
-0.39364 5.5
-0.3934 5.7
-0.39315 5.9
-0.39291 6.1
-0.39267 6.3
-0.39242 6.4
-0.39218 6.6
-0.39193 6.7
-0.39169 6.9
-0.39145 7.0
-0.3912 7.1
-0.39096 7.3
-0.39071 7.4
-0.39047 7.5
-0.39022 7.5
-0.38998 7.6
-0.38974 7.7
-0.38949 7.8
-0.38925 7.8
-0.389 7.9
-0.38876 7.9
-0.38852 7.9
-0.38827 7.9
-0.38803 7.9
-0.38778 7.9
-0.38754 7.9
-0.38729 7.9
-0.38705 7.8
-0.38681 7.8
-0.38656 7.7
-0.38632 7.6
-0.38607 7.6
-0.38583 7.5
-0.38559 7.4
-0.38534 7.3
-0.3851 7.2
-0.38485 7.0
-0.38461 6.9
-0.38437 6.8
-0.38412 6.6
-0.38388 6.5
-0.38363 6.3
-0.38339 6.1
-0.38314 5.9
-0.3829 5.7
-0.38266 5.5
-0.38241 5.3
-0.38217 5.1
-0.38192 4.9
-0.38168 4.7
-0.38144 4.5
-0.38119 4.2
-0.38095 4.0
-0.3807 3.7
-0.38046 3.5
-0.38021 3.2
-0.37997 3.0
-0.37973 2.7
-0.37948 2.4
-0.37924 2.2
-0.37899 1.9
-0.37875 1.6
-0.37851 1.3
-0.37826 1.0
-0.37802 0.8
-0.37777 0.5
-0.37753 0.2
-0.37729 0.0
-0.37704 -0.4
-0.3768 -0.7
-0.37655 -0.9
-0.37631 -1.2
-0.37606 -1.5
-0.37582 -1.8
-0.37558 -2.1
-0.37533 -2.3
-0.37509 -2.6
-0.37484 -2.9
-0.3746 -3.1
-0.37436 -3.4
-0.37411 -3.7
-0.37387 -3.9
-0.37362 -4.2
-0.37338 -4.4
-0.37313 -4.6
-0.37289 -4.9
-0.37265 -5.1
-0.3724 -5.3
-0.37216 -5.5
-0.37191 -5.7
-0.37167 -5.9
-0.37143 -6.1
-0.37118 -6.3
-0.37094 -6.5
-0.37069 -6.6
-0.37045 -6.8
-0.3702 -6.9
-0.36996 -7.1
-0.36972 -7.2
-0.36947 -7.3
-0.36923 -7.5
-0.36898 -7.6
-0.36874 -7.6
-0.3685 -7.7
-0.36825 -7.8
-0.36801 -7.9
-0.36776 -7.9
-0.36752 -8.0
-0.36728 -8.0
-0.36703 -8.0
-0.36679 -8.0
-0.36654 -8.0
-0.3663 -8.0
-0.36605 -8.0
-0.36581 -8.0
-0.36557 -7.9
-0.36532 -7.9
-0.36508 -7.8
-0.36483 -7.7
-0.36459 -7.6
-0.36435 -7.5
-0.3641 -7.4
-0.36386 -7.3
-0.36361 -7.2
-0.36337 -7.1
-0.36312 -6.9
-0.36288 -6.8
-0.36264 -6.6
-0.36239 -6.5
-0.36215 -6.3
-0.3619 -6.1
-0.36166 -5.9
-0.36142 -5.7
-0.36117 -5.5
-0.36093 -5.3
-0.36068 -5.1
-0.36044 -4.8
-0.3602 -4.6
-0.35995 -4.3
-0.35971 -4.1
-0.35946 -3.8
-0.35922 -3.6
-0.35897 -3.3
-0.35873 -3.1
-0.35849 -2.8
-0.35824 -2.5
-0.358 -2.2
-0.35775 -1.9
-0.35751 -1.7
-0.35727 -1.4
-0.35702 -1.1
-0.35678 -0.8
-0.35653 -0.5
-0.35629 -0.2
-0.35604 0.0
-0.3558 0.4
-0.35556 0.7
-0.35531 1.0
-0.35507 1.3
-0.35482 1.6
-0.35458 1.8
-0.35434 2.1
-0.35409 2.4
-0.35385 2.7
-0.3536 3.0
-0.35336 3.3
-0.35312 3.5
-0.35287 3.8
-0.35263 4.0
-0.35238 4.3
-0.35214 4.5
-0.35189 4.8
-0.35165 5.0
-0.35141 5.3
-0.35116 5.5
-0.35092 5.7
-0.35067 5.9
-0.35043 6.1
-0.35019 6.3
-0.34994 6.5
-0.3497 6.7
-0.34945 6.8
-0.34921 7.0
-0.34896 7.1
-0.34872 7.3
-0.34848 7.4
-0.34823 7.5
-0.34799 7.6
-0.34774 7.7
-0.3475 7.8
-0.34726 7.9
-0.34701 7.9
-0.34677 8.0
-0.34652 8.1
-0.34628 8.1
-0.34604 8.1
-0.34579 8.1
-0.34555 8.1
-0.3453 8.1
-0.34506 8.1
-0.34481 8.1
-0.34457 8.0
-0.34433 8.0
-0.34408 7.9
-0.34384 7.8
-0.34359 7.7
-0.34335 7.6
-0.34311 7.5
-0.34286 7.4
-0.34262 7.3
-0.34237 7.2
-0.34213 7.0
-0.34188 6.9
-0.34164 6.7
-0.3414 6.5
-0.34115 6.3
-0.34091 6.1
-0.34066 5.9
-0.34042 5.7
-0.34018 5.5
-0.33993 5.3
-0.33969 5.0
-0.33944 4.8
-0.3392 4.6
-0.33895 4.3
-0.33871 4.0
-0.33847 3.8
-0.33822 3.5
-0.33798 3.2
-0.33773 3.0
-0.33749 2.7
-0.33725 2.4
-0.337 2.1
-0.33676 1.8
-0.33651 1.5
-0.33627 1.2
-0.33603 0.9
-0.33578 0.6
-0.33554 0.3
-0.33529 0.0
-0.33505 -0.3
-0.3348 -0.6
-0.33456 -0.9
-0.33432 -1.2
-0.33407 -1.5
-0.33383 -1.8
-0.33358 -2.1
-0.33334 -2.4
-0.3331 -2.7
-0.33285 -3.0
-0.33261 -3.3
-0.33236 -3.6
-0.33212 -3.8
-0.33187 -4.1
-0.33163 -4.4
-0.33139 -4.6
-0.33114 -4.9
-0.3309 -5.1
-0.33065 -5.3
-0.33041 -5.6
-0.33017 -5.8
-0.32992 -6.0
-0.32968 -6.2
-0.32943 -6.4
-0.32919 -6.6
-0.32895 -6.8
-0.3287 -7.0
-0.32846 -7.1
-0.32821 -7.3
-0.32797 -7.4
-0.32772 -7.5
-0.32748 -7.7
-0.32724 -7.8
-0.32699 -7.9
-0.32675 -7.9
-0.3265 -8.0
-0.32626 -8.1
-0.32602 -8.1
-0.32577 -8.2
-0.32553 -8.2
-0.32528 -8.2
-0.32504 -8.2
-0.32479 -8.2
-0.32455 -8.2
-0.32431 -8.2
-0.32406 -8.1
-0.32382 -8.1
-0.32357 -8.0
-0.32333 -8.0
-0.32309 -7.9
-0.32284 -7.8
-0.3226 -7.7
-0.32235 -7.5
-0.32211 -7.4
-0.32187 -7.3
-0.32162 -7.1
-0.32138 -7.0
-0.32113 -6.8
-0.32089 -6.6
-0.32064 -6.4
-0.3204 -6.2
-0.32016 -6.0
-0.31991 -5.8
-0.31967 -5.6
-0.31942 -5.3
-0.31918 -5.1
-0.31894 -4.8
-0.31869 -4.6
-0.31845 -4.3
-0.3182 -4.1
-0.31796 -3.8
-0.31771 -3.5
-0.31747 -3.2
-0.31723 -2.9
-0.31698 -2.6
-0.31674 -2.3
-0.31649 -2.0
-0.31625 -1.7
-0.31601 -1.4
-0.31576 -1.1
-0.31552 -0.8
-0.31527 -0.5
-0.31503 -0.2
-0.31479 0.1
-0.31454 0.5
-0.3143 0.8
-0.31405 1.1
-0.31381 1.4
-0.31356 1.7
-0.31332 2.0
-0.31308 2.3
-0.31283 2.6
-0.31259 2.9
-0.31234 3.2
-0.3121 3.5
-0.31186 3.8
-0.31161 4.1
-0.31137 4.3
-0.31112 4.6
-0.31088 4.9
-0.31063 5.1
-0.31039 5.4
-0.31015 5.6
-0.3099 5.8
-0.30966 6.1
-0.30941 6.3
-0.30917 6.5
-0.30893 6.7
-0.30868 6.9
-0.30844 7.0
-0.30819 7.2
-0.30795 7.4
-0.3077 7.5
-0.30746 7.6
-0.30722 7.8
-0.30697 7.9
-0.30673 8.0
-0.30648 8.1
-0.30624 8.1
-0.306 8.2
-0.30575 8.3
-0.30551 8.3
-0.30526 8.3
-0.30502 8.3
-0.30478 8.3
-0.30453 8.3
-0.30429 8.3
-0.30404 8.3
-0.3038 8.2
-0.30355 8.2
-0.30331 8.1
-0.30307 8.0
-0.30282 7.9
-0.30258 7.8
-0.30233 7.7
-0.30209 7.6
-0.30185 7.4
-0.3016 7.3
-0.30136 7.1
-0.30111 7.0
-0.30087 6.8
-0.30062 6.6
-0.30038 6.4
-0.30014 6.2
-0.29989 5.9
-0.29965 5.7
-0.2994 5.5
-0.29916 5.2
-0.29892 5.0
-0.29867 4.7
-0.29843 4.4
-0.29818 4.2
-0.29794 3.9
-0.2977 3.6
-0.29745 3.3
-0.29721 3.0
-0.29696 2.7
-0.29672 2.4
-0.29647 2.1
-0.29623 1.7
-0.29599 1.4
-0.29574 1.1
-0.2955 0.8
-0.29525 0.4
-0.29501 0.1
-0.29477 -0.2
-0.29452 -0.5
-0.29428 -0.9
-0.29403 -1.2
-0.29379 -1.5
-0.29354 -1.8
-0.2933 -2.1
-0.29306 -2.5
-0.29281 -2.8
-0.29257 -3.1
-0.29232 -3.4
-0.29208 -3.7
-0.29184 -4.0
-0.29159 -4.3
-0.29135 -4.5
-0.2911 -4.8
-0.29086 -5.1
-0.29062 -5.3
-0.29037 -5.6
-0.29013 -5.8
-0.28988 -6.1
-0.28964 -6.3
-0.28939 -6.5
-0.28915 -6.7
-0.28891 -6.9
-0.28866 -7.1
-0.28842 -7.3
-0.28817 -7.4
-0.28793 -7.6
-0.28769 -7.7
-0.28744 -7.9
-0.2872 -8.0
-0.28695 -8.1
-0.28671 -8.2
-0.28646 -8.3
-0.28622 -8.3
-0.28598 -8.4
-0.28573 -8.4
-0.28549 -8.5
-0.28524 -8.5
-0.285 -8.5
-0.28476 -8.5
-0.28451 -8.4
-0.28427 -8.4
-0.28402 -8.4
-0.28378 -8.3
-0.28354 -8.2
-0.28329 -8.1
-0.28305 -8.0
-0.2828 -7.9
-0.28256 -7.8
-0.28231 -7.7
-0.28207 -7.5
-0.28183 -7.3
-0.28158 -7.2
-0.28134 -7.0
-0.28109 -6.8
-0.28085 -6.6
-0.28061 -6.4
-0.28036 -6.1
-0.28012 -5.9
-0.27987 -5.7
-0.27963 -5.4
-0.27938 -5.2
-0.27914 -4.9
-0.2789 -4.6
-0.27865 -4.3
-0.27841 -4.0
-0.27816 -3.7
-0.27792 -3.4
-0.27768 -3.1
-0.27743 -2.8
-0.27719 -2.5
-0.27694 -2.1
-0.2767 -1.8
-0.27645 -1.5
-0.27621 -1.2
-0.27597 -0.8
-0.27572 -0.5
-0.27548 -0.1
-0.27523 0.2
-0.27499 0.5
-0.27475 0.9
-0.2745 1.2
-0.27426 1.5
-0.27401 1.9
-0.27377 2.2
-0.27353 2.5
-0.27328 2.9
-0.27304 3.2
-0.27279 3.5
-0.27255 3.8
-0.2723 4.1
-0.27206 4.4
-0.27182 4.7
-0.27157 5.0
-0.27133 5.2
-0.27108 5.5
-0.27084 5.8
-0.2706 6.0
-0.27035 6.3
-0.27011 6.5
-0.26986 6.7
-0.26962 6.9
-0.26937 7.1
-0.26913 7.3
-0.26889 7.5
-0.26864 7.6
-0.2684 7.8
-0.26815 7.9
-0.26791 8.1
-0.26767 8.2
-0.26742 8.3
-0.26718 8.4
-0.26693 8.4
-0.26669 8.5
-0.26645 8.5
-0.2662 8.6
-0.26596 8.6
-0.26571 8.6
-0.26547 8.6
-0.26522 8.6
-0.26498 8.5
-0.26474 8.5
-0.26449 8.4
-0.26425 8.3
-0.264 8.3
-0.26376 8.1
-0.26352 8.0
-0.26327 7.9
-0.26303 7.8
-0.26278 7.6
-0.26254 7.4
-0.26229 7.2
-0.26205 7.1
-0.26181 6.9
-0.26156 6.6
-0.26132 6.4
-0.26107 6.2
-0.26083 5.9
-0.26059 5.7
-0.26034 5.4
-0.2601 5.1
-0.25985 4.8
-0.25961 4.5
-0.25937 4.2
-0.25912 3.9
-0.25888 3.6
-0.25863 3.3
-0.25839 3.0
-0.25814 2.6
-0.2579 2.3
-0.25766 2.0
-0.25741 1.6
-0.25717 1.3
-0.25692 0.9
-0.25668 0.6
-0.25644 0.2
-0.25619 -0.1
-0.25595 -0.5
-0.2557 -0.8
-0.25546 -1.2
-0.25521 -1.5
-0.25497 -1.9
-0.25473 -2.2
-0.25448 -2.6
-0.25424 -2.9
-0.25399 -3.2
-0.25375 -3.6
-0.25351 -3.9
-0.25326 -4.2
-0.25302 -4.5
-0.25277 -4.8
-0.25253 -5.1
-0.25229 -5.4
-0.25204 -5.7
-0.2518 -5.9
-0.25155 -6.2
-0.25131 -6.4
-0.25106 -6.7
-0.25082 -6.9
-0.25058 -7.1
-0.25033 -7.3
-0.25009 -7.5
-0.24984 -7.7
-0.2496 -7.8
-0.24936 -8.0
-0.24911 -8.1
-0.24887 -8.3
-0.24862 -8.4
-0.24838 -8.5
-0.24813 -8.5
-0.24789 -8.6
-0.24765 -8.7
-0.2474 -8.7
-0.24716 -8.7
-0.24691 -8.7
-0.24667 -8.7
-0.24643 -8.7
-0.24618 -8.7
-0.24594 -8.6
-0.24569 -8.6
-0.24545 -8.5
-0.2452 -8.4
-0.24496 -8.3
-0.24472 -8.2
-0.24447 -8.0
-0.24423 -7.9
-0.24398 -7.7
-0.24374 -7.5
-0.2435 -7.4
-0.24325 -7.2
-0.24301 -6.9
-0.24276 -6.7
-0.24252 -6.5
-0.24228 -6.2
-0.24203 -6.0
-0.24179 -5.7
-0.24154 -5.4
-0.2413 -5.1
-0.24105 -4.8
-0.24081 -4.5
-0.24057 -4.2
-0.24032 -3.9
-0.24008 -3.5
-0.23983 -3.2
-0.23959 -2.9
-0.23935 -2.5
-0.2391 -2.2
-0.23886 -1.8
-0.23861 -1.4
-0.23837 -1.1
-0.23812 -0.7
-0.23788 -0.4
-0.23764 0.0
-0.23739 0.4
-0.23715 0.8
-0.2369 1.1
-0.23666 1.5
-0.23642 1.8
-0.23617 2.2
-0.23593 2.6
-0.23568 2.9
-0.23544 3.3
-0.2352 3.6
-0.23495 3.9
-0.23471 4.3
-0.23446 4.6
-0.23422 4.9
-0.23397 5.2
-0.23373 5.5
-0.23349 5.8
-0.23324 6.1
-0.233 6.3
-0.23275 6.6
-0.23251 6.8
-0.23227 7.1
-0.23202 7.3
-0.23178 7.5
-0.23153 7.7
-0.23129 7.9
-0.23104 8.0
-0.2308 8.2
-0.23056 8.3
-0.23031 8.5
-0.23007 8.6
-0.22982 8.7
-0.22958 8.7
-0.22934 8.8
-0.22909 8.8
-0.22885 8.9
-0.2286 8.9
-0.22836 8.9
-0.22812 8.9
-0.22787 8.8
-0.22763 8.8
-0.22738 8.7
-0.22714 8.7
-0.22689 8.6
-0.22665 8.5
-0.22641 8.3
-0.22616 8.2
-0.22592 8.0
-0.22567 7.9
-0.22543 7.7
-0.22519 7.5
-0.22494 7.3
-0.2247 7.0
-0.22445 6.8
-0.22421 6.6
-0.22396 6.3
-0.22372 6.0
-0.22348 5.7
-0.22323 5.4
-0.22299 5.1
-0.22274 4.8
-0.2225 4.5
-0.22226 4.2
-0.22201 3.8
-0.22177 3.5
-0.22152 3.1
-0.22128 2.8
-0.22104 2.4
-0.22079 2.0
-0.22055 1.7
-0.2203 1.3
-0.22006 0.9
-0.21981 0.5
-0.21957 0.1
-0.21933 -0.3
-0.21908 -0.6
-0.21884 -1.0
-0.21859 -1.4
-0.21835 -1.8
-0.21811 -2.2
-0.21786 -2.5
-0.21762 -2.9
-0.21737 -3.3
-0.21713 -3.6
-0.21688 -4.0
-0.21664 -4.3
-0.2164 -4.7
-0.21615 -5.0
-0.21591 -5.3
-0.21566 -5.6
-0.21542 -5.9
-0.21518 -6.2
-0.21493 -6.5
-0.21469 -6.7
-0.21444 -7.0
-0.2142 -7.2
-0.21395 -7.5
-0.21371 -7.7
-0.21347 -7.9
-0.21322 -8.1
-0.21298 -8.2
-0.21273 -8.4
-0.21249 -8.5
-0.21225 -8.7
-0.212 -8.8
-0.21176 -8.8
-0.21151 -8.9
-0.21127 -9.0
-0.21103 -9.0
-0.21078 -9.0
-0.21054 -9.1
-0.21029 -9.0
-0.21005 -9.0
-0.2098 -9.0
-0.20956 -8.9
-0.20932 -8.8
-0.20907 -8.7
-0.20883 -8.6
-0.20858 -8.5
-0.20834 -8.4
-0.2081 -8.2
-0.20785 -8.0
-0.20761 -7.8
-0.20736 -7.6
-0.20712 -7.4
-0.20687 -7.2
-0.20663 -6.9
-0.20639 -6.7
-0.20614 -6.4
-0.2059 -6.1
-0.20565 -5.8
-0.20541 -5.5
-0.20517 -5.2
-0.20492 -4.8
-0.20468 -4.5
-0.20443 -4.1
-0.20419 -3.8
-0.20395 -3.4
-0.2037 -3.0
-0.20346 -2.7
-0.20321 -2.3
-0.20297 -1.9
-0.20272 -1.5
-0.20248 -1.1
-0.20224 -0.7
-0.20199 -0.3
-0.20175 0.1
-0.2015 0.5
-0.20126 0.9
-0.20102 1.3
-0.20077 1.7
-0.20053 2.1
-0.20028 2.5
-0.20004 2.9
-0.19979 3.3
-0.19955 3.6
-0.19931 4.0
-0.19906 4.4
-0.19882 4.7
-0.19857 5.1
-0.19833 5.4
-0.19809 5.7
-0.19784 6.0
-0.1976 6.3
-0.19735 6.6
-0.19711 6.9
-0.19687 7.2
-0.19662 7.4
-0.19638 7.7
-0.19613 7.9
-0.19589 8.1
-0.19564 8.3
-0.1954 8.4
-0.19516 8.6
-0.19491 8.7
-0.19467 8.9
-0.19442 9.0
-0.19418 9.1
-0.19394 9.1
-0.19369 9.2
-0.19345 9.2
-0.1932 9.2
-0.19296 9.2
-0.19271 9.2
-0.19247 9.2
-0.19223 9.1
-0.19198 9.0
-0.19174 8.9
-0.19149 8.8
-0.19125 8.7
-0.19101 8.5
-0.19076 8.4
-0.19052 8.2
-0.19027 8.0
-0.19003 7.8
-0.18979 7.6
-0.18954 7.3
-0.1893 7.0
-0.18905 6.8
-0.18881 6.5
-0.18856 6.2
-0.18832 5.9
-0.18808 5.5
-0.18783 5.2
-0.18759 4.8
-0.18734 4.5
-0.1871 4.1
-0.18686 3.7
-0.18661 3.3
-0.18637 3.0
-0.18612 2.6
-0.18588 2.1
-0.18563 1.7
-0.18539 1.3
-0.18515 0.9
-0.1849 0.5
-0.18466 0.0
-0.18441 -0.4
-0.18417 -0.8
-0.18393 -1.2
-0.18368 -1.6
-0.18344 -2.0
-0.18319 -2.4
-0.18295 -2.9
-0.1827 -3.3
-0.18246 -3.7
-0.18222 -4.0
-0.18197 -4.4
-0.18173 -4.8
-0.18148 -5.2
-0.18124 -5.5
-0.181 -5.8
-0.18075 -6.2
-0.18051 -6.5
-0.18026 -6.8
-0.18002 -7.1
-0.17978 -7.4
-0.17953 -7.6
-0.17929 -7.9
-0.17904 -8.1
-0.1788 -8.3
-0.17855 -8.5
-0.17831 -8.7
-0.17807 -8.8
-0.17782 -9.0
-0.17758 -9.1
-0.17733 -9.2
-0.17709 -9.3
-0.17685 -9.3
-0.1766 -9.4
-0.17636 -9.4
-0.17611 -9.4
-0.17587 -9.4
-0.17562 -9.4
-0.17538 -9.3
-0.17514 -9.2
-0.17489 -9.1
-0.17465 -9.0
-0.1744 -8.9
-0.17416 -8.7
-0.17392 -8.6
-0.17367 -8.4
-0.17343 -8.2
-0.17318 -7.9
-0.17294 -7.7
-0.1727 -7.4
-0.17245 -7.2
-0.17221 -6.9
-0.17196 -6.6
-0.17172 -6.2
-0.17147 -5.9
-0.17123 -5.6
-0.17099 -5.2
-0.17074 -4.8
-0.1705 -4.4
-0.17025 -4.0
-0.17001 -3.6
-0.16977 -3.2
-0.16952 -2.8
-0.16928 -2.4
-0.16903 -2.0
-0.16879 -1.5
-0.16854 -1.1
-0.1683 -0.6
-0.16806 -0.2
-0.16781 0.2
-0.16757 0.7
-0.16732 1.1
-0.16708 1.6
-0.16684 2.0
-0.16659 2.4
-0.16635 2.9
-0.1661 3.3
-0.16586 3.7
-0.16562 4.1
-0.16537 4.5
-0.16513 4.9
-0.16488 5.3
-0.16464 5.7
-0.16439 6.0
-0.16415 6.4
-0.16391 6.7
-0.16366 7.0
-0.16342 7.3
-0.16317 7.6
-0.16293 7.9
-0.16269 8.1
-0.16244 8.4
-0.1622 8.6
-0.16195 8.8
-0.16171 8.9
-0.16146 9.1
-0.16122 9.2
-0.16098 9.4
-0.16073 9.4
-0.16049 9.5
-0.16024 9.6
-0.16 9.6
-0.15976 9.6
-0.15951 9.6
-0.15927 9.6
-0.15902 9.5
-0.15878 9.4
-0.15854 9.3
-0.15829 9.2
-0.15805 9.1
-0.1578 8.9
-0.15756 8.7
-0.15731 8.5
-0.15707 8.3
-0.15683 8.1
-0.15658 7.8
-0.15634 7.5
-0.15609 7.2
-0.15585 6.9
-0.15561 6.6
-0.15536 6.3
-0.15512 5.9
-0.15487 5.5
-0.15463 5.1
-0.15438 4.7
-0.15414 4.3
-0.1539 3.9
-0.15365 3.5
-0.15341 3.0
-0.15316 2.6
-0.15292 2.1
-0.15268 1.7
-0.15243 1.2
-0.15219 0.7
-0.15194 0.3
-0.1517 -0.2
-0.15145 -0.7
-0.15121 -1.1
-0.15097 -1.6
-0.15072 -2.1
-0.15048 -2.5
-0.15023 -3.0
-0.14999 -3.4
-0.14975 -3.9
-0.1495 -4.3
-0.14926 -4.7
-0.14901 -5.1
-0.14877 -5.5
-0.14853 -5.9
-0.14828 -6.3
-0.14804 -6.6
-0.14779 -7.0
-0.14755 -7.3
-0.1473 -7.6
-0.14706 -7.9
-0.14682 -8.2
-0.14657 -8.5
-0.14633 -8.7
-0.14608 -8.9
-0.14584 -9.1
-0.1456 -9.3
-0.14535 -9.4
-0.14511 -9.5
-0.14486 -9.7
-0.14462 -9.7
-0.14437 -9.8
-0.14413 -9.8
-0.14389 -9.8
-0.14364 -9.8
-0.1434 -9.8
-0.14315 -9.7
-0.14291 -9.7
-0.14267 -9.5
-0.14242 -9.4
-0.14218 -9.3
-0.14193 -9.1
-0.14169 -8.9
-0.14145 -8.7
-0.1412 -8.4
-0.14096 -8.2
-0.14071 -7.9
-0.14047 -7.6
-0.14022 -7.2
-0.13998 -6.9
-0.13974 -6.6
-0.13949 -6.2
-0.13925 -5.8
-0.139 -5.4
-0.13876 -5.0
-0.13852 -4.5
-0.13827 -4.1
-0.13803 -3.6
-0.13778 -3.2
-0.13754 -2.7
-0.13729 -2.2
-0.13705 -1.7
-0.13681 -1.2
-0.13656 -0.7
-0.13632 -0.2
-0.13607 0.3
-0.13583 0.8
-0.13559 1.3
-0.13534 1.7
-0.1351 2.2
-0.13485 2.7
-0.13461 3.2
-0.13437 3.7
-0.13412 4.1
-0.13388 4.6
-0.13363 5.0
-0.13339 5.5
-0.13314 5.9
-0.1329 6.3
-0.13266 6.7
-0.13241 7.1
-0.13217 7.4
-0.13192 7.7
-0.13168 8.1
-0.13144 8.4
-0.13119 8.6
-0.13095 8.9
-0.1307 9.1
-0.13046 9.3
-0.13021 9.5
-0.12997 9.7
-0.12973 9.8
-0.12948 9.9
-0.12924 10.0
-0.12899 10.1
-0.12875 10.1
-0.12851 10.1
-0.12826 10.1
-0.12802 10.0
-0.12777 9.9
-0.12753 9.9
-0.12729 9.7
-0.12704 9.6
-0.1268 9.4
-0.12655 9.2
-0.12631 9.0
-0.12606 8.7
-0.12582 8.4
-0.12558 8.2
-0.12533 7.8
-0.12509 7.5
-0.12484 7.1
-0.1246 6.8
-0.12436 6.4
-0.12411 5.9
-0.12387 5.5
-0.12362 5.1
-0.12338 4.6
-0.12313 4.1
-0.12289 3.6
-0.12265 3.1
-0.1224 2.6
-0.12216 2.1
-0.12191 1.6
-0.12167 1.1
-0.12143 0.6
-0.12118 0.0
-0.12094 -0.5
-0.12069 -1.0
-0.12045 -1.6
-0.1202 -2.1
-0.11996 -2.6
-0.11972 -3.1
-0.11947 -3.6
-0.11923 -4.1
-0.11898 -4.6
-0.11874 -5.1
-0.1185 -5.6
-0.11825 -6.0
-0.11801 -6.4
-0.11776 -6.9
-0.11752 -7.3
-0.11728 -7.6
-0.11703 -8.0
-0.11679 -8.3
-0.11654 -8.6
-0.1163 -8.9
-0.11605 -9.2
-0.11581 -9.4
-0.11557 -9.6
-0.11532 -9.8
-0.11508 -10.0
-0.11483 -10.1
-0.11459 -10.2
-0.11435 -10.3
-0.1141 -10.3
-0.11386 -10.4
-0.11361 -10.4
-0.11337 -10.3
-0.11312 -10.2
-0.11288 -10.1
-0.11264 -10.0
-0.11239 -9.9
-0.11215 -9.7
-0.1119 -9.5
-0.11166 -9.2
-0.11142 -8.9
-0.11117 -8.7
-0.11093 -8.3
-0.11068 -8.0
-0.11044 -7.6
-0.1102 -7.2
-0.10995 -6.8
-0.10971 -6.4
-0.10946 -5.9
-0.10922 -5.5
-0.10897 -5.0
-0.10873 -4.5
-0.10849 -4.0
-0.10824 -3.4
-0.108 -2.9
-0.10775 -2.3
-0.10751 -1.8
-0.10727 -1.2
-0.10702 -0.7
-0.10678 0.0
-0.10653 0.5
-0.10629 1.1
-0.10604 1.6
-0.1058 2.2
-0.10556 2.7
-0.10531 3.3
-0.10507 3.8
-0.10482 4.4
-0.10458 4.9
-0.10434 5.4
-0.10409 5.9
-0.10385 6.4
-0.1036 6.8
-0.10336 7.3
-0.10312 7.7
-0.10287 8.1
-0.10263 8.4
-0.10238 8.8
-0.10214 9.1
-0.10189 9.4
-0.10165 9.7
-0.10141 9.9
-0.10116 10.1
-0.10092 10.3
-0.10067 10.4
-0.10043 10.5
-0.10019 10.6
-0.09994 10.7
-0.0997 10.7
-0.09945 10.7
-0.09921 10.6
-0.09896 10.5
-0.09872 10.4
-0.09848 10.3
-0.09823 10.1
-0.09799 9.9
-0.09774 9.6
-0.0975 9.3
-0.09726 9.0
-0.09701 8.7
-0.09677 8.3
-0.09652 8.0
-0.09628 7.5
-0.09604 7.1
-0.09579 6.6
-0.09555 6.2
-0.0953 5.7
-0.09506 5.1
-0.09481 4.6
-0.09457 4.0
-0.09433 3.5
-0.09408 2.9
-0.09384 2.3
-0.09359 1.7
-0.09335 1.1
-0.09311 0.5
-0.09286 -0.2
-0.09262 -0.8
-0.09237 -1.4
-0.09213 -2.0
-0.09188 -2.6
-0.09164 -3.2
-0.0914 -3.8
-0.09115 -4.4
-0.09091 -4.9
-0.09066 -5.5
-0.09042 -6.0
-0.09018 -6.5
-0.08993 -7.0
-0.08969 -7.5
-0.08944 -8.0
-0.0892 -8.4
-0.08895 -8.8
-0.08871 -9.2
-0.08847 -9.5
-0.08822 -9.8
-0.08798 -10.1
-0.08773 -10.3
-0.08749 -10.5
-0.08725 -10.7
-0.087 -10.8
-0.08676 -10.9
-0.08651 -11.0
-0.08627 -11.0
-0.08603 -11.0
-0.08578 -11.0
-0.08554 -10.9
-0.08529 -10.8
-0.08505 -10.6
-0.0848 -10.4
-0.08456 -10.2
-0.08432 -9.9
-0.08407 -9.6
-0.08383 -9.3
-0.08358 -8.9
-0.08334 -8.5
-0.0831 -8.1
-0.08285 -7.6
-0.08261 -7.1
-0.08236 -6.6
-0.08212 -6.1
-0.08187 -5.5
-0.08163 -4.9
-0.08139 -4.3
-0.08114 -3.7
-0.0809 -3.1
-0.08065 -2.4
-0.08041 -1.8
-0.08017 -1.1
-0.07992 -0.4
-0.07968 0.2
-0.07943 0.9
-0.07919 1.6
-0.07895 2.2
-0.0787 2.9
-0.07846 3.5
-0.07821 4.2
-0.07797 4.8
-0.07772 5.4
-0.07748 6.0
-0.07724 6.6
-0.07699 7.1
-0.07675 7.7
-0.0765 8.2
-0.07626 8.6
-0.07602 9.1
-0.07577 9.5
-0.07553 9.8
-0.07528 10.2
-0.07504 10.5
-0.07479 10.7
-0.07455 11.0
-0.07431 11.1
-0.07406 11.3
-0.07382 11.4
-0.07357 11.4
-0.07333 11.4
-0.07309 11.4
-0.07284 11.3
-0.0726 11.2
-0.07235 11.0
-0.07211 10.8
-0.07187 10.6
-0.07162 10.3
-0.07138 10.0
-0.07113 9.6
-0.07089 9.2
-0.07064 8.8
-0.0704 8.3
-0.07016 7.8
-0.06991 7.2
-0.06967 6.7
-0.06942 6.1
-0.06918 5.4
-0.06894 4.8
-0.06869 4.1
-0.06845 3.4
-0.0682 2.7
-0.06796 2.0
-0.06771 1.3
-0.06747 0.5
-0.06723 -0.2
-0.06698 -0.9
-0.06674 -1.7
-0.06649 -2.4
-0.06625 -3.1
-0.06601 -3.8
-0.06576 -4.5
-0.06552 -5.2
-0.06527 -5.9
-0.06503 -6.5
-0.06479 -7.2
-0.06454 -7.8
-0.0643 -8.3
-0.06405 -8.8
-0.06381 -9.3
-0.06356 -9.8
-0.06332 -10.2
-0.06308 -10.6
-0.06283 -10.9
-0.06259 -11.2
-0.06234 -11.4
-0.0621 -11.6
-0.06186 -11.8
-0.06161 -11.9
-0.06137 -11.9
-0.06112 -11.9
-0.06088 -11.8
-0.06063 -11.7
-0.06039 -11.6
-0.06015 -11.4
-0.0599 -11.1
-0.05966 -10.8
-0.05941 -10.4
-0.05917 -10.0
-0.05893 -9.6
-0.05868 -9.1
-0.05844 -8.6
-0.05819 -8.0
-0.05795 -7.4
-0.0577 -6.7
-0.05746 -6.0
-0.05722 -5.3
-0.05697 -4.6
-0.05673 -3.8
-0.05648 -3.1
-0.05624 -2.3
-0.056 -1.5
-0.05575 -0.6
-0.05551 0.2
-0.05526 1.0
-0.05502 1.8
-0.05478 2.6
-0.05453 3.5
-0.05429 4.2
-0.05404 5.0
-0.0538 5.8
-0.05355 6.5
-0.05331 7.2
-0.05307 7.9
-0.05282 8.5
-0.05258 9.1
-0.05233 9.7
-0.05209 10.2
-0.05185 10.7
-0.0516 11.1
-0.05136 11.5
-0.05111 11.8
-0.05087 12.0
-0.05062 12.2
-0.05038 12.4
-0.05014 12.5
-0.04989 12.5
-0.04965 12.5
-0.0494 12.3
-0.04916 12.2
-0.04892 12.0
-0.04867 11.7
-0.04843 11.3
-0.04818 10.9
-0.04794 10.5
-0.0477 9.9
-0.04745 9.4
-0.04721 8.8
-0.04696 8.1
-0.04672 7.4
-0.04647 6.6
-0.04623 5.8
-0.04599 5.0
-0.04574 4.2
-0.0455 3.3
-0.04525 2.4
-0.04501 1.5
-0.04477 0.5
-0.04452 -0.4
-0.04428 -1.3
-0.04403 -2.3
-0.04379 -3.2
-0.04354 -4.1
-0.0433 -5.0
-0.04306 -5.9
-0.04281 -6.7
-0.04257 -7.5
-0.04232 -8.3
-0.04208 -9.0
-0.04184 -9.7
-0.04159 -10.4
-0.04135 -10.9
-0.0411 -11.5
-0.04086 -11.9
-0.04062 -12.3
-0.04037 -12.6
-0.04013 -12.9
-0.03988 -13.1
-0.03964 -13.2
-0.03939 -13.2
-0.03915 -13.2
-0.03891 -13.0
-0.03866 -12.8
-0.03842 -12.6
-0.03817 -12.2
-0.03793 -11.8
-0.03769 -11.3
-0.03744 -10.7
-0.0372 -10.1
-0.03695 -9.4
-0.03671 -8.6
-0.03646 -7.8
-0.03622 -6.9
-0.03598 -6.0
-0.03573 -5.0
-0.03549 -4.1
-0.03524 -3.0
-0.035 -2.0
-0.03476 -0.9
-0.03451 0.2
-0.03427 1.3
-0.03402 2.4
-0.03378 3.4
-0.03354 4.5
-0.03329 5.5
-0.03305 6.6
-0.0328 7.5
-0.03256 8.5
-0.03231 9.3
-0.03207 10.2
-0.03183 10.9
-0.03158 11.6
-0.03134 12.2
-0.03109 12.8
-0.03085 13.2
-0.03061 13.6
-0.03036 13.8
-0.03012 14.0
-0.02987 14.1
-0.02963 14.1
-0.02938 14.0
-0.02914 13.7
-0.0289 13.4
-0.02865 13.0
-0.02841 12.5
-0.02816 11.9
-0.02792 11.2
-0.02768 10.4
-0.02743 9.5
-0.02719 8.5
-0.02694 7.5
-0.0267 6.4
-0.02645 5.3
-0.02621 4.1
-0.02597 2.8
-0.02572 1.6
-0.02548 0.3
-0.02523 -1.0
-0.02499 -2.3
-0.02475 -3.6
-0.0245 -4.9
-0.02426 -6.2
-0.02401 -7.4
-0.02377 -8.5
-0.02353 -9.6
-0.02328 -10.7
-0.02304 -11.6
-0.02279 -12.5
-0.02255 -13.2
-0.0223 -13.9
-0.02206 -14.4
-0.02182 -14.8
-0.02157 -15.1
-0.02133 -15.3
-0.02108 -15.3
-0.02084 -15.1
-0.0206 -14.9
-0.02035 -14.5
-0.02011 -13.9
-0.01986 -13.3
-0.01962 -12.4
-0.01937 -11.5
-0.01913 -10.4
-0.01889 -9.3
-0.01864 -8.0
-0.0184 -6.6
-0.01815 -5.2
-0.01791 -3.6
-0.01767 -2.1
-0.01742 -0.5
-0.01718 1.2
-0.01693 2.8
-0.01669 4.4
-0.01645 6.1
-0.0162 7.6
-0.01596 9.1
-0.01571 10.5
-0.01547 11.8
-0.01522 13.0
-0.01498 14.1
-0.01474 15.0
-0.01449 15.7
-0.01425 16.3
-0.014 16.7
-0.01376 16.8
-0.01352 16.8
-0.01327 16.6
-0.01303 16.1
-0.01278 15.5
-0.01254 14.6
-0.01229 13.5
-0.01205 12.3
-0.01181 10.8
-0.01156 9.2
-0.01132 7.4
-0.01107 5.4
-0.01083 3.4
-0.01059 1.3
-0.01034 -0.9
-0.0101 -3.1
-0.00985 -5.2
-0.00961 -7.4
-0.00937 -9.5
-0.00912 -11.4
-0.00888 -13.2
-0.00863 -14.8
-0.00839 -16.2
-0.00814 -17.4
-0.0079 -18.2
-0.00766 -18.8
-0.00741 -19.0
-0.00717 -18.9
-0.00692 -18.4
-0.00668 -17.5
-0.00644 -16.3
-0.00619 -14.7
-0.00595 -12.8
-0.0057 -10.5
-0.00546 -8.0
-0.00521 -5.2
-0.00497 -2.3
-0.00473 0.8
-0.00448 4.0
-0.00424 7.1
-0.00399 10.1
-0.00375 13.0
-0.00351 15.6
-0.00326 17.8
-0.00302 19.6
-0.00277 20.9
-0.00253 21.5
-0.00229 21.5
-0.00204 20.8
-0.0018 19.4
-0.00155 17.3
-0.00131 14.4
-0.00106 10.9
-0.00082 6.9
-0.00058 2.4
-0.00033 -2.3
-9e-05 -7.0
0.00016 -11.5
0.0004 -15.6
0.00064 -18.8
0.00089 -21.0
0.00113 -22.1
0.00138 -21.8
0.00162 -20.2
0.00187 -17.2
0.00211 -13.2
0.00235 -8.3
0.0026 -2.9
0.00284 2.5
0.00309 7.6
0.00333 11.8
0.00357 15.0
0.00382 16.7
0.00406 17.1
0.00431 15.9
0.00455 13.5
0.0048 10.2
0.00504 6.1
0.00528 1.9
0.00553 -2.2
0.00577 -5.8
0.00602 -8.5
0.00626 -10.2
0.0065 -10.8
0.00675 -10.3
0.00699 -8.9
0.00724 -6.8
0.00748 -4.2
0.00772 -1.5
0.00797 1.1
0.00821 3.3
0.00846 5.0
0.0087 6.0
0.00895 6.3
0.00919 5.9
0.00943 5.0
0.00968 3.6
0.00992 2.1
0.01017 0.5
0.01041 -1.0
0.01065 -2.2
0.0109 -3.1
0.01114 -3.5
0.01139 -3.6
0.01163 -3.2
0.01188 -2.6
0.01212 -1.7
0.01236 -0.8
0.01261 0.1
0.01285 0.9
0.0131 1.5
0.01334 1.9
0.01358 2.1
0.01383 2.0
0.01407 1.7
0.01432 1.3
0.01456 0.8
0.0148 0.2
0.01505 -0.3
0.01529 -0.7
0.01554 -1.0
0.01578 -1.2
0.01603 -1.2
0.01627 -1.1
0.01651 -0.9
0.01676 -0.6
0.017 -0.3
0.01725 0.0
0.01749 0.3
0.01773 0.5
0.01798 0.7
0.01822 0.7
0.01847 0.7
0.01871 0.6
0.01896 0.4
0.0192 0.3
0.01944 0.0
0.01969 -0.1
0.01993 -0.3
0.02018 -0.4
0.02042 -0.4
0.02066 -0.4
0.02091 -0.4
0.02115 -0.3
0.0214 -0.2
0.02164 0.0
0.02188 0.0
0.02213 0.1
0.02237 0.2
0.02262 0.2
0.02286 0.2
0.02311 0.2
0.02335 0.2
0.02359 0.1
0.02384 0.0
0.02408 0.0
0.02433 0.0
0.02457 0.0
0.02481 -0.1
0.02506 -0.1
0.0253 -0.1
0.02555 -0.1
0.02579 -0.1
0.02604 0.0
0.02628 0.0
0.02652 0.0
0.02677 0.0
0.02701 0.0
0.02726 0.0
0.0275 0.0
0.02774 0.0
0.02799 0.0
0.02823 0.0
0.02848 0.0
0.02872 0.0
0.02896 0.0
0.02921 0.0
0.02945 0.0
0.0297 0.0
0.02994 0.0
0.03019 0.0
0.03043 0.0
0.03067 0.0
0.03092 0.0
0.03116 0.0
0.03141 0.0
0.03165 0.0
0.03189 0.0
0.03214 0.0
0.03238 0.0
0.03263 0.0
0.03287 0.0
0.03312 0.0
0.03336 0.0
0.0336 0.0
0.03385 0.0
0.03409 0.0
0.03434 0.0
0.03458 0.0
0.03482 0.0
0.03507 0.0
0.03531 0.0
0.03556 0.0
0.0358 0.0
0.03605 0.0
0.03629 0.0
0.03653 0.0
0.03678 0.0
0.03702 0.0
0.03727 0.0
0.03751 0.0
0.03775 0.0
0.038 0.0
0.03824 0.0
0.03849 0.0
0.03873 0.0
0.03897 0.0
0.03922 0.0
0.03946 0.0
0.03971 0.0
0.03995 0.0
0.0402 0.0
0.04044 0.0
0.04068 0.0
0.04093 0.0
0.04117 0.0
0.04142 0.0
0.04166 0.0
0.0419 0.0
0.04215 0.0
0.04239 0.0
0.04264 0.0
0.04288 0.0
0.04313 0.0
0.04337 0.0
0.04361 0.0
0.04386 0.0
0.0441 0.0
0.04435 0.0
0.04459 0.0
0.04483 0.0
0.04508 0.0
0.04532 0.0
0.04557 0.0
0.04581 0.0
0.04605 0.0
0.0463 0.0
0.04654 0.0
0.04679 0.0
0.04703 0.0
0.04728 0.0
0.04752 0.0
0.04776 0.0
0.04801 0.0
0.04825 0.0
0.0485 0.0
0.04874 0.0
0.04898 0.0
0.04923 0.0
0.04947 0.0
0.04972 0.0
0.04996 0.0
0.05021 0.0
0.05045 0.0
0.05069 0.0
0.05094 0.0
0.05118 0.0
0.05143 0.0
0.05167 0.0
0.05191 0.0
0.05216 0.0
0.0524 0.0
0.05265 0.0
0.05289 0.0
0.05313 0.0
0.05338 0.0
0.05362 0.0
0.05387 0.0
0.05411 0.0
0.05436 0.0
0.0546 0.0
0.05484 0.0
0.05509 0.0
0.05533 0.0
0.05558 0.0
0.05582 0.0
0.05606 0.0
0.05631 0.0
0.05655 0.0
0.0568 0.0
0.05704 0.0
0.05729 0.0
0.05753 0.0
0.05777 0.0
0.05802 0.0
0.05826 0.0
0.05851 0.0
0.05875 0.0
0.05899 0.0
0.05924 0.0
0.05948 0.0
0.05973 0.0
0.05997 0.0
0.06021 0.0
0.06046 0.0
0.0607 0.0
0.06095 0.0
0.06119 0.0
0.06144 0.0
0.06168 0.0
0.06192 0.0
0.06217 0.0
0.06241 0.0
0.06266 0.0
0.0629 0.0
0.06314 0.0
0.06339 0.0
0.06363 0.0
0.06388 0.0
0.06412 0.0
0.06437 0.0
0.06461 0.0
0.06485 0.0
0.0651 0.0
0.06534 0.0
0.06559 0.0
0.06583 0.0
0.06607 0.0
0.06632 0.0
0.06656 0.0
0.06681 0.0
0.06705 0.0
0.0673 0.0
0.06754 0.0
0.06778 0.0
0.06803 0.0
0.06827 0.0
0.06852 0.0
0.06876 0.0
0.069 0.0
0.06925 0.0
0.06949 0.0
0.06974 0.0
0.06998 0.0
0.07022 0.0
0.07047 0.0
0.07071 0.0
0.07096 0.0
0.0712 0.0
0.07145 0.0
0.07169 0.0
0.07193 0.0
0.07218 0.0
0.07242 0.0
0.07267 0.0
0.07291 0.0
0.07315 0.0
0.0734 0.0
0.07364 0.0
0.07389 0.0
0.07413 0.0
0.07438 0.0
0.07462 0.0
0.07486 0.0
0.07511 0.0
0.07535 0.0
0.0756 0.0
0.07584 0.0
0.07608 0.0
0.07633 0.0
0.07657 0.0
0.07682 0.0
0.07706 0.0
0.0773 0.0
0.07755 0.0
0.07779 0.0
0.07804 0.0
0.07828 0.0
0.07853 0.0
0.07877 0.0
0.07901 0.0
0.07926 0.0
0.0795 0.0
0.07975 0.0
0.07999 0.0
0.08023 0.0
0.08048 0.0
0.08072 0.0
0.08097 0.0
0.08121 0.0
0.08146 0.0
0.0817 0.0
0.08194 0.0
0.08219 0.0
0.08243 0.0
0.08268 0.0
0.08292 0.0
0.08316 0.0
0.08341 0.0
0.08365 0.0
0.0839 0.0
0.08414 0.0
0.08438 0.0
0.08463 0.0
0.08487 0.0
0.08512 0.0
0.08536 0.0
0.08561 0.0
0.08585 0.0
0.08609 0.0
0.08634 0.0
0.08658 0.0
0.08683 0.0
0.08707 0.0
0.08731 0.0
0.08756 0.0
0.0878 0.0
0.08805 0.0
0.08829 0.0
0.08854 0.0
0.08878 0.0
0.08902 0.0
0.08927 0.0
0.08951 0.0
0.08976 0.0
0.09 0.0
0.09024 0.0
0.09049 0.0
0.09073 0.0
0.09098 0.0
0.09122 0.0
0.09146 0.0
0.09171 0.0
0.09195 0.0
0.0922 0.0
0.09244 0.0
0.09269 0.0
0.09293 0.0
0.09317 0.0
0.09342 0.0
0.09366 0.0
0.09391 0.0
0.09415 0.0
0.09439 0.0
0.09464 0.0
0.09488 0.0
0.09513 0.0
0.09537 0.0
0.09562 0.0
0.09586 0.0
0.0961 0.0
0.09635 0.0
0.09659 0.0
0.09684 0.0
0.09708 0.0
0.09732 0.0
0.09757 0.0
0.09781 0.0
0.09806 0.0
0.0983 0.0
0.09855 0.0
0.09879 0.0
0.09903 0.0
0.09928 0.0
0.09952 0.0
0.09977 0.0
0.10001 0.0
0.10025 0.0
0.1005 0.0
0.10074 0.0
0.10099 0.0
0.10123 0.0
0.10147 0.0
0.10172 0.0
0.10196 0.0
0.10221 0.0
0.10245 0.0
0.1027 0.0
0.10294 0.0
0.10318 0.0
0.10343 0.0
0.10367 0.0
0.10392 0.0
0.10416 0.0
0.1044 0.0
0.10465 0.0
0.10489 0.0
0.10514 0.0
0.10538 0.0
0.10563 0.0
0.10587 0.0
0.10611 0.0
0.10636 0.0
0.1066 0.0
0.10685 0.0
0.10709 0.0
0.10733 0.0
0.10758 0.0
0.10782 0.0
0.10807 0.0
0.10831 0.0
0.10855 0.0
0.1088 0.0
0.10904 0.0
0.10929 0.0
0.10953 0.0
0.10978 0.0
0.11002 0.0
0.11026 0.0
0.11051 0.0
0.11075 0.0
0.111 0.0
0.11124 0.0
0.11148 0.0
0.11173 0.0
0.11197 0.0
0.11222 0.0
0.11246 0.0
0.11271 0.0
0.11295 0.0
0.11319 0.0
0.11344 0.0
0.11368 0.0
0.11393 0.0
0.11417 0.0
0.11441 0.0
0.11466 0.0
0.1149 0.0
0.11515 0.0
0.11539 0.0
0.11563 0.0
0.11588 0.0
0.11612 0.0
0.11637 0.0
0.11661 0.0
0.11686 0.0
0.1171 0.0
0.11734 0.0
0.11759 0.0
0.11783 0.0
0.11808 0.0
0.11832 0.0
0.11856 0.0
0.11881 0.0
0.11905 0.0
0.1193 0.0
0.11954 0.0
0.11979 0.0
0.12003 0.0
0.12027 0.0
0.12052 0.0
0.12076 0.0
0.12101 0.0
0.12125 0.0
0.12149 0.0
0.12174 0.0
0.12198 0.0
0.12223 0.0
0.12247 0.0
0.12271 0.0
0.12296 0.0
0.1232 0.0
0.12345 0.0
0.12369 0.0
0.12394 0.0
0.12418 0.0
0.12442 0.0
0.12467 0.0
0.12491 0.0
0.12516 0.0
0.1254 0.0
0.12564 0.0
0.12589 0.0
0.12613 0.0
0.12638 0.0
0.12662 0.0
0.12687 0.0
0.12711 0.0
0.12735 0.0
0.1276 0.0
0.12784 0.0
0.12809 0.0
0.12833 0.0
0.12857 0.0
0.12882 0.0
0.12906 0.0
0.12931 0.0
0.12955 0.0
0.1298 0.0
0.13004 0.0
0.13028 0.0
0.13053 0.0
0.13077 0.0
0.13102 0.0
0.13126 0.0
0.1315 0.0
0.13175 0.0
0.13199 0.0
0.13224 0.0
0.13248 0.0
0.13272 0.0
0.13297 0.0
0.13321 0.0
0.13346 0.0
0.1337 0.0
0.13395 0.0
0.13419 0.0
0.13443 0.0
0.13468 0.0
0.13492 0.0
0.13517 0.0
0.13541 0.0
0.13565 0.0
0.1359 0.0
0.13614 0.0
0.13639 0.0
0.13663 0.0
0.13688 0.0
0.13712 0.0
0.13736 0.0
0.13761 0.0
0.13785 0.0
0.1381 0.0
0.13834 0.0
0.13858 0.0
0.13883 0.0
0.13907 0.0
0.13932 0.0
0.13956 0.0
0.1398 0.0
0.14005 0.0
0.14029 0.0
0.14054 0.0
0.14078 0.0
0.14103 0.0
0.14127 0.0
0.14151 0.0
0.14176 0.0
0.142 0.0
0.14225 0.0
0.14249 0.0
0.14273 0.0
0.14298 0.0
0.14322 0.0
0.14347 0.0
0.14371 0.0
0.14396 0.0
0.1442 0.0
0.14444 0.0
0.14469 0.0
0.14493 0.0
0.14518 0.0
0.14542 0.0
0.14566 0.0
0.14591 0.0
0.14615 0.0
0.1464 0.0
0.14664 0.0
0.14688 0.0
0.14713 0.0
0.14737 0.0
0.14762 0.0
0.14786 0.0
0.14811 0.0
0.14835 0.0
0.14859 0.0
0.14884 0.0
0.14908 0.0
0.14933 0.0
0.14957 0.0
0.14981 0.0
0.15006 0.0
0.1503 0.0
0.15055 0.0
0.15079 0.0
0.15104 0.0
0.15128 0.0
0.15152 0.0
0.15177 0.0
0.15201 0.0
0.15226 0.0
0.1525 0.0
0.15274 0.0
0.15299 0.0
0.15323 0.0
0.15348 0.0
0.15372 0.0
0.15396 0.0
0.15421 0.0
0.15445 0.0
0.1547 0.0
0.15494 0.0
0.15519 0.0
0.15543 0.0
0.15567 0.0
0.15592 0.0
0.15616 0.0
0.15641 0.0
0.15665 0.0
0.15689 0.0
0.15714 0.0
0.15738 0.0
0.15763 0.0
0.15787 0.0
0.15812 0.0
0.15836 0.0
0.1586 0.0
0.15885 0.0
0.15909 0.0
0.15934 0.0
0.15958 0.0
0.15982 0.0
0.16007 0.0
0.16031 0.0
0.16056 0.0
0.1608 0.0
0.16105 0.0
0.16129 0.0
0.16153 0.0
0.16178 0.0
0.16202 0.0
0.16227 0.0
0.16251 0.0
0.16275 0.0
0.163 0.0
0.16324 0.0
0.16349 0.0
0.16373 0.0
0.16397 0.0
0.16422 0.0
0.16446 0.0
0.16471 0.0
0.16495 0.0
0.1652 0.0
0.16544 0.0
0.16568 0.0
0.16593 0.0
0.16617 0.0
0.16642 0.0
0.16666 0.0
0.1669 0.0
0.16715 0.0
0.16739 0.0
0.16764 0.0
0.16788 0.0
0.16813 0.0
0.16837 0.0
0.16861 0.0
0.16886 0.0
0.1691 0.0
0.16935 0.0
0.16959 0.0
0.16983 0.0
0.17008 0.0
0.17032 0.0
0.17057 0.0
0.17081 0.0
0.17105 0.0
0.1713 0.0
0.17154 0.0
0.17179 0.0
0.17203 0.0
0.17228 0.0
0.17252 0.0
0.17276 0.0
0.17301 0.0
0.17325 0.0
0.1735 0.0
0.17374 0.0
0.17398 0.0
0.17423 0.0
0.17447 0.0
0.17472 0.0
0.17496 0.0
0.17521 0.0
