t strain*1e23
-0.38074 24.2
-0.3805 24.7
-0.38026 25.1
-0.38001 25.5
-0.37977 25.9
-0.37952 26.3
-0.37928 26.6
-0.37904 26.9
-0.37879 27.2
-0.37855 27.4
-0.3783 27.6
-0.37806 27.8
-0.37782 27.9
-0.37757 28.0
-0.37733 28.1
-0.37708 28.1
-0.37684 28.1
-0.37659 28.1
-0.37635 28.0
-0.37611 27.9
-0.37586 27.8
-0.37562 27.6
-0.37537 27.4
-0.37513 27.2
-0.37489 26.9
-0.37464 26.6
-0.3744 26.3
-0.37415 25.9
-0.37391 25.5
-0.37366 25.1
-0.37342 24.6
-0.37318 24.1
-0.37293 23.6
-0.37269 23.1
-0.37244 22.5
-0.3722 21.9
-0.37196 21.2
-0.37171 20.6
-0.37147 19.9
-0.37122 19.2
-0.37098 18.5
-0.37074 17.7
-0.37049 16.9
-0.37025 16.1
-0.37 15.3
-0.36976 14.5
-0.36951 13.6
-0.36927 12.8
-0.36903 11.9
-0.36878 11.0
-0.36854 10.1
-0.36829 9.1
-0.36805 8.2
-0.36781 7.3
-0.36756 6.3
-0.36732 5.3
-0.36707 4.3
-0.36683 3.4
-0.36658 2.4
-0.36634 1.4
-0.3661 0.4
-0.36585 -0.6
-0.36561 -1.6
-0.36536 -2.6
-0.36512 -3.6
-0.36488 -4.5
-0.36463 -5.5
-0.36439 -6.5
-0.36414 -7.5
-0.3639 -8.4
-0.36366 -9.4
-0.36341 -10.3
-0.36317 -11.2
-0.36292 -12.1
-0.36268 -13.0
-0.36243 -13.9
-0.36219 -14.8
-0.36195 -15.6
-0.3617 -16.4
-0.36146 -17.2
-0.36121 -18.0
-0.36097 -18.8
-0.36073 -19.5
-0.36048 -20.2
-0.36024 -20.9
-0.35999 -21.6
-0.35975 -22.2
-0.3595 -22.9
-0.35926 -23.4
-0.35902 -24.0
-0.35877 -24.5
-0.35853 -25.0
-0.35828 -25.5
-0.35804 -25.9
-0.3578 -26.3
-0.35755 -26.7
-0.35731 -27.0
-0.35706 -27.3
-0.35682 -27.6
-0.35658 -27.8
-0.35633 -28.0
-0.35609 -28.2
-0.35584 -28.3
-0.3556 -28.4
-0.35535 -28.5
-0.35511 -28.5
-0.35487 -28.5
-0.35462 -28.4
-0.35438 -28.3
-0.35413 -28.2
-0.35389 -28.1
-0.35365 -27.9
-0.3534 -27.7
-0.35316 -27.4
-0.35291 -27.1
-0.35267 -26.8
-0.35242 -26.4
-0.35218 -26.0
-0.35194 -25.6
-0.35169 -25.1
-0.35145 -24.6
-0.3512 -24.1
-0.35096 -23.5
-0.35072 -22.9
-0.35047 -22.3
-0.35023 -21.7
-0.34998 -21.0
-0.34974 -20.3
-0.34949 -19.6
-0.34925 -18.8
-0.34901 -18.1
-0.34876 -17.3
-0.34852 -16.4
-0.34827 -15.6
-0.34803 -14.7
-0.34779 -13.9
-0.34754 -13.0
-0.3473 -12.0
-0.34705 -11.1
-0.34681 -10.2
-0.34657 -9.2
-0.34632 -8.2
-0.34608 -7.3
-0.34583 -6.3
-0.34559 -5.3
-0.34534 -4.2
-0.3451 -3.2
-0.34486 -2.2
-0.34461 -1.2
-0.34437 -0.2
-0.34412 0.9
-0.34388 1.9
-0.34364 2.9
-0.34339 3.9
-0.34315 4.9
-0.3429 6.0
-0.34266 7.0
-0.34241 8.0
-0.34217 8.9
-0.34193 9.9
-0.34168 10.9
-0.34144 11.8
-0.34119 12.8
-0.34095 13.7
-0.34071 14.6
-0.34046 15.5
-0.34022 16.3
-0.33997 17.2
-0.33973 18.0
-0.33949 18.8
-0.33924 19.6
-0.339 20.3
-0.33875 21.0
-0.33851 21.7
-0.33826 22.4
-0.33802 23.0
-0.33778 23.7
-0.33753 24.2
-0.33729 24.8
-0.33704 25.3
-0.3368 25.8
-0.33656 26.2
-0.33631 26.7
-0.33607 27.0
-0.33582 27.4
-0.33558 27.7
-0.33533 28.0
-0.33509 28.2
-0.33485 28.4
-0.3346 28.6
-0.33436 28.7
-0.33411 28.8
-0.33387 28.9
-0.33363 28.9
-0.33338 28.9
-0.33314 28.8
-0.33289 28.7
-0.33265 28.6
-0.33241 28.4
-0.33216 28.2
-0.33192 28.0
-0.33167 27.7
-0.33143 27.4
-0.33118 27.0
-0.33094 26.6
-0.3307 26.2
-0.33045 25.7
-0.33021 25.2
-0.32996 24.7
-0.32972 24.1
-0.32948 23.6
-0.32923 22.9
-0.32899 22.3
-0.32874 21.6
-0.3285 20.9
-0.32825 20.1
-0.32801 19.4
-0.32777 18.6
-0.32752 17.7
-0.32728 16.9
-0.32703 16.0
-0.32679 15.2
-0.32655 14.2
-0.3263 13.3
-0.32606 12.4
-0.32581 11.4
-0.32557 10.4
-0.32533 9.4
-0.32508 8.4
-0.32484 7.4
-0.32459 6.4
-0.32435 5.3
-0.3241 4.3
-0.32386 3.2
-0.32362 2.2
-0.32337 1.1
-0.32313 0.0
-0.32288 -1.0
-0.32264 -2.1
-0.3224 -3.1
-0.32215 -4.2
-0.32191 -5.2
-0.32166 -6.3
-0.32142 -7.3
-0.32117 -8.4
-0.32093 -9.4
-0.32069 -10.4
-0.32044 -11.4
-0.3202 -12.4
-0.31995 -13.3
-0.31971 -14.3
-0.31947 -15.2
-0.31922 -16.1
-0.31898 -17.0
-0.31873 -17.8
-0.31849 -18.7
-0.31824 -19.5
-0.318 -20.3
-0.31776 -21.1
-0.31751 -21.8
-0.31727 -22.5
-0.31702 -23.2
-0.31678 -23.8
-0.31654 -24.4
-0.31629 -25.0
-0.31605 -25.5
-0.3158 -26.1
-0.31556 -26.5
-0.31532 -27.0
-0.31507 -27.4
-0.31483 -27.8
-0.31458 -28.1
-0.31434 -28.4
-0.31409 -28.6
-0.31385 -28.8
-0.31361 -29.0
-0.31336 -29.2
-0.31312 -29.2
-0.31287 -29.3
-0.31263 -29.3
-0.31239 -29.3
-0.31214 -29.2
-0.3119 -29.1
-0.31165 -29.0
-0.31141 -28.8
-0.31116 -28.6
-0.31092 -28.3
-0.31068 -28.0
-0.31043 -27.7
-0.31019 -27.3
-0.30994 -26.9
-0.3097 -26.4
-0.30946 -25.9
-0.30921 -25.4
-0.30897 -24.8
-0.30872 -24.3
-0.30848 -23.6
-0.30824 -23.0
-0.30799 -22.3
-0.30775 -21.5
-0.3075 -20.8
-0.30726 -20.0
-0.30701 -19.2
-0.30677 -18.3
-0.30653 -17.5
-0.30628 -16.6
-0.30604 -15.7
-0.30579 -14.7
-0.30555 -13.8
-0.30531 -12.8
-0.30506 -11.8
-0.30482 -10.8
-0.30457 -9.7
-0.30433 -8.7
-0.30408 -7.6
-0.30384 -6.6
-0.3036 -5.5
-0.30335 -4.4
-0.30311 -3.3
-0.30286 -2.2
-0.30262 -1.1
-0.30238 0.0
-0.30213 1.1
-0.30189 2.2
-0.30164 3.3
-0.3014 4.4
-0.30116 5.5
-0.30091 6.6
-0.30067 7.6
-0.30042 8.7
-0.30018 9.8
-0.29993 10.8
-0.29969 11.8
-0.29945 12.9
-0.2992 13.8
-0.29896 14.8
-0.29871 15.8
-0.29847 16.7
-0.29823 17.6
-0.29798 18.5
-0.29774 19.4
-0.29749 20.2
-0.29725 21.0
-0.297 21.8
-0.29676 22.5
-0.29652 23.3
-0.29627 23.9
-0.29603 24.6
-0.29578 25.2
-0.29554 25.8
-0.2953 26.3
-0.29505 26.8
-0.29481 27.3
-0.29456 27.7
-0.29432 28.1
-0.29408 28.5
-0.29383 28.8
-0.29359 29.0
-0.29334 29.3
-0.2931 29.5
-0.29285 29.6
-0.29261 29.7
-0.29237 29.8
-0.29212 29.8
-0.29188 29.8
-0.29163 29.7
-0.29139 29.6
-0.29115 29.4
-0.2909 29.2
-0.29066 29.0
-0.29041 28.7
-0.29017 28.4
-0.28992 28.0
-0.28968 27.6
-0.28944 27.2
-0.28919 26.7
-0.28895 26.2
-0.2887 25.6
-0.28846 25.0
-0.28822 24.4
-0.28797 23.7
-0.28773 23.0
-0.28748 22.3
-0.28724 21.5
-0.28699 20.7
-0.28675 19.9
-0.28651 19.0
-0.28626 18.1
-0.28602 17.2
-0.28577 16.3
-0.28553 15.3
-0.28529 14.3
-0.28504 13.3
-0.2848 12.3
-0.28455 11.2
-0.28431 10.1
-0.28407 9.1
-0.28382 8.0
-0.28358 6.9
-0.28333 5.7
-0.28309 4.6
-0.28284 3.5
-0.2826 2.3
-0.28236 1.2
-0.28211 0.0
-0.28187 -1.1
-0.28162 -2.3
-0.28138 -3.4
-0.28114 -4.6
-0.28089 -5.7
-0.28065 -6.8
-0.2804 -7.9
-0.28016 -9.1
-0.27991 -10.1
-0.27967 -11.2
-0.27943 -12.3
-0.27918 -13.3
-0.27894 -14.4
-0.27869 -15.4
-0.27845 -16.4
-0.27821 -17.3
-0.27796 -18.3
-0.27772 -19.2
-0.27747 -20.1
-0.27723 -20.9
-0.27699 -21.7
-0.27674 -22.5
-0.2765 -23.3
-0.27625 -24.0
-0.27601 -24.7
-0.27576 -25.4
-0.27552 -26.0
-0.27528 -26.6
-0.27503 -27.1
-0.27479 -27.6
-0.27454 -28.1
-0.2743 -28.5
-0.27406 -28.8
-0.27381 -29.2
-0.27357 -29.5
-0.27332 -29.7
-0.27308 -29.9
-0.27283 -30.1
-0.27259 -30.2
-0.27235 -30.2
-0.2721 -30.3
-0.27186 -30.2
-0.27161 -30.2
-0.27137 -30.0
-0.27113 -29.9
-0.27088 -29.7
-0.27064 -29.4
-0.27039 -29.1
-0.27015 -28.8
-0.26991 -28.4
-0.26966 -28.0
-0.26942 -27.5
-0.26917 -27.0
-0.26893 -26.4
-0.26868 -25.8
-0.26844 -25.2
-0.2682 -24.5
-0.26795 -23.8
-0.26771 -23.1
-0.26746 -22.3
-0.26722 -21.5
-0.26698 -20.6
-0.26673 -19.7
-0.26649 -18.8
-0.26624 -17.9
-0.266 -16.9
-0.26575 -15.9
-0.26551 -14.9
-0.26527 -13.8
-0.26502 -12.8
-0.26478 -11.7
-0.26453 -10.6
-0.26429 -9.5
-0.26405 -8.3
-0.2638 -7.2
-0.26356 -6.0
-0.26331 -4.8
-0.26307 -3.7
-0.26283 -2.5
-0.26258 -1.3
-0.26234 0.0
-0.26209 1.1
-0.26185 2.3
-0.2616 3.5
-0.26136 4.7
-0.26112 5.9
-0.26087 7.1
-0.26063 8.2
-0.26038 9.4
-0.26014 10.5
-0.2599 11.6
-0.25965 12.7
-0.25941 13.8
-0.25916 14.9
-0.25892 15.9
-0.25867 17.0
-0.25843 18.0
-0.25819 18.9
-0.25794 19.9
-0.2577 20.8
-0.25745 21.6
-0.25721 22.5
-0.25697 23.3
-0.25672 24.1
-0.25648 24.8
-0.25623 25.5
-0.25599 26.2
-0.25574 26.8
-0.2555 27.4
-0.25526 27.9
-0.25501 28.4
-0.25477 28.8
-0.25452 29.2
-0.25428 29.6
-0.25404 29.9
-0.25379 30.2
-0.25355 30.4
-0.2533 30.5
-0.25306 30.7
-0.25282 30.7
-0.25257 30.8
-0.25233 30.7
-0.25208 30.7
-0.25184 30.5
-0.25159 30.4
-0.25135 30.1
-0.25111 29.9
-0.25086 29.6
-0.25062 29.2
-0.25037 28.8
-0.25013 28.3
-0.24989 27.8
-0.24964 27.3
-0.2494 26.7
-0.24915 26.1
-0.24891 25.4
-0.24866 24.7
-0.24842 23.9
-0.24818 23.1
-0.24793 22.3
-0.24769 21.4
-0.24744 20.5
-0.2472 19.6
-0.24696 18.6
-0.24671 17.6
-0.24647 16.6
-0.24622 15.5
-0.24598 14.5
-0.24574 13.4
-0.24549 12.2
-0.24525 11.1
-0.245 9.9
-0.24476 8.7
-0.24451 7.5
-0.24427 6.3
-0.24403 5.1
-0.24378 3.9
-0.24354 2.6
-0.24329 1.4
-0.24305 0.1
-0.24281 -1.1
-0.24256 -2.4
-0.24232 -3.6
-0.24207 -4.9
-0.24183 -6.1
-0.24158 -7.3
-0.24134 -8.5
-0.2411 -9.7
-0.24085 -10.9
-0.24061 -12.1
-0.24036 -13.2
-0.24012 -14.4
-0.23988 -15.5
-0.23963 -16.6
-0.23939 -17.6
-0.23914 -18.6
-0.2389 -19.6
-0.23866 -20.6
-0.23841 -21.5
-0.23817 -22.4
-0.23792 -23.3
-0.23768 -24.1
-0.23743 -24.9
-0.23719 -25.7
-0.23695 -26.4
-0.2367 -27.0
-0.23646 -27.6
-0.23621 -28.2
-0.23597 -28.7
-0.23573 -29.2
-0.23548 -29.7
-0.23524 -30.0
-0.23499 -30.4
-0.23475 -30.6
-0.2345 -30.9
-0.23426 -31.1
-0.23402 -31.2
-0.23377 -31.3
-0.23353 -31.3
-0.23328 -31.3
-0.23304 -31.2
-0.2328 -31.1
-0.23255 -30.9
-0.23231 -30.6
-0.23206 -30.4
-0.23182 -30.0
-0.23158 -29.6
-0.23133 -29.2
-0.23109 -28.7
-0.23084 -28.2
-0.2306 -27.6
-0.23035 -27.0
-0.23011 -26.3
-0.22987 -25.6
-0.22962 -24.8
-0.22938 -24.0
-0.22913 -23.2
-0.22889 -22.3
-0.22865 -21.3
-0.2284 -20.4
-0.22816 -19.4
-0.22791 -18.4
-0.22767 -17.3
-0.22742 -16.2
-0.22718 -15.1
-0.22694 -13.9
-0.22669 -12.8
-0.22645 -11.6
-0.2262 -10.3
-0.22596 -9.1
-0.22572 -7.9
-0.22547 -6.6
-0.22523 -5.3
-0.22498 -4.0
-0.22474 -2.7
-0.22449 -1.4
-0.22425 -0.1
-0.22401 1.2
-0.22376 2.5
-0.22352 3.8
-0.22327 5.1
-0.22303 6.4
-0.22279 7.7
-0.22254 8.9
-0.2223 10.2
-0.22205 11.4
-0.22181 12.6
-0.22157 13.8
-0.22132 15.0
-0.22108 16.2
-0.22083 17.3
-0.22059 18.4
-0.22034 19.4
-0.2201 20.5
-0.21986 21.5
-0.21961 22.4
-0.21937 23.4
-0.21912 24.2
-0.21888 25.1
-0.21864 25.9
-0.21839 26.6
-0.21815 27.3
-0.2179 28.0
-0.21766 28.6
-0.21741 29.2
-0.21717 29.7
-0.21693 30.1
-0.21668 30.5
-0.21644 30.9
-0.21619 31.2
-0.21595 31.5
-0.21571 31.6
-0.21546 31.8
-0.21522 31.9
-0.21497 31.9
-0.21473 31.9
-0.21449 31.8
-0.21424 31.6
-0.214 31.4
-0.21375 31.2
-0.21351 30.9
-0.21326 30.5
-0.21302 30.1
-0.21278 29.6
-0.21253 29.1
-0.21229 28.5
-0.21204 27.9
-0.2118 27.2
-0.21156 26.4
-0.21131 25.7
-0.21107 24.8
-0.21082 24.0
-0.21058 23.1
-0.21033 22.1
-0.21009 21.1
-0.20985 20.1
-0.2096 19.0
-0.20936 17.9
-0.20911 16.8
-0.20887 15.6
-0.20863 14.4
-0.20838 13.2
-0.20814 11.9
-0.20789 10.6
-0.20765 9.4
-0.20741 8.0
-0.20716 6.7
-0.20692 5.4
-0.20667 4.0
-0.20643 2.7
-0.20618 1.3
-0.20594 0.0
-0.2057 -1.4
-0.20545 -2.8
-0.20521 -4.2
-0.20496 -5.5
-0.20472 -6.9
-0.20448 -8.2
-0.20423 -9.6
-0.20399 -10.9
-0.20374 -12.2
-0.2035 -13.4
-0.20325 -14.7
-0.20301 -15.9
-0.20277 -17.1
-0.20252 -18.3
-0.20228 -19.4
-0.20203 -20.5
-0.20179 -21.5
-0.20155 -22.6
-0.2013 -23.5
-0.20106 -24.5
-0.20081 -25.4
-0.20057 -26.2
-0.20033 -27.0
-0.20008 -27.8
-0.19984 -28.5
-0.19959 -29.1
-0.19935 -29.7
-0.1991 -30.3
-0.19886 -30.7
-0.19862 -31.2
-0.19837 -31.5
-0.19813 -31.9
-0.19788 -32.1
-0.19764 -32.3
-0.1974 -32.4
-0.19715 -32.5
-0.19691 -32.5
-0.19666 -32.5
-0.19642 -32.4
-0.19617 -32.2
-0.19593 -32.0
-0.19569 -31.7
-0.19544 -31.3
-0.1952 -30.9
-0.19495 -30.4
-0.19471 -29.9
-0.19447 -29.3
-0.19422 -28.7
-0.19398 -28.0
-0.19373 -27.2
-0.19349 -26.4
-0.19324 -25.6
-0.193 -24.7
-0.19276 -23.7
-0.19251 -22.8
-0.19227 -21.7
-0.19202 -20.6
-0.19178 -19.5
-0.19154 -18.4
-0.19129 -17.2
-0.19105 -15.9
-0.1908 -14.7
-0.19056 -13.4
-0.19032 -12.1
-0.19007 -10.7
-0.18983 -9.4
-0.18958 -8.0
-0.18934 -6.6
-0.18909 -5.2
-0.18885 -3.7
-0.18861 -2.3
-0.18836 -0.9
-0.18812 0.6
-0.18787 2.0
-0.18763 3.5
-0.18739 4.9
-0.18714 6.3
-0.1869 7.8
-0.18665 9.2
-0.18641 10.5
-0.18616 11.9
-0.18592 13.3
-0.18568 14.6
-0.18543 15.9
-0.18519 17.1
-0.18494 18.4
-0.1847 19.6
-0.18446 20.7
-0.18421 21.9
-0.18397 22.9
-0.18372 24.0
-0.18348 25.0
-0.18324 25.9
-0.18299 26.8
-0.18275 27.6
-0.1825 28.4
-0.18226 29.2
-0.18201 29.8
-0.18177 30.5
-0.18153 31.0
-0.18128 31.5
-0.18104 31.9
-0.18079 32.3
-0.18055 32.6
-0.18031 32.9
-0.18006 33.1
-0.17982 33.2
-0.17957 33.2
-0.17933 33.2
-0.17908 33.1
-0.17884 33.0
-0.1786 32.7
-0.17835 32.5
-0.17811 32.1
-0.17786 31.7
-0.17762 31.2
-0.17738 30.7
-0.17713 30.1
-0.17689 29.4
-0.17664 28.7
-0.1764 27.9
-0.17616 27.1
-0.17591 26.2
-0.17567 25.2
-0.17542 24.2
-0.17518 23.2
-0.17493 22.1
-0.17469 20.9
-0.17445 19.8
-0.1742 18.5
-0.17396 17.3
-0.17371 15.9
-0.17347 14.6
-0.17323 13.2
-0.17298 11.8
-0.17274 10.4
-0.17249 9.0
-0.17225 7.5
-0.172 6.0
-0.17176 4.5
-0.17152 3.0
-0.17127 1.5
-0.17103 0.0
-0.17078 -1.6
-0.17054 -3.1
-0.1703 -4.6
-0.17005 -6.1
-0.16981 -7.6
-0.16956 -9.1
-0.16932 -10.6
-0.16908 -12.0
-0.16883 -13.4
-0.16859 -14.8
-0.16834 -16.2
-0.1681 -17.5
-0.16785 -18.8
-0.16761 -20.1
-0.16737 -21.3
-0.16712 -22.5
-0.16688 -23.6
-0.16663 -24.7
-0.16639 -25.8
-0.16615 -26.8
-0.1659 -27.7
-0.16566 -28.6
-0.16541 -29.4
-0.16517 -30.1
-0.16492 -30.8
-0.16468 -31.4
-0.16444 -32.0
-0.16419 -32.5
-0.16395 -32.9
-0.1637 -33.3
-0.16346 -33.5
-0.16322 -33.7
-0.16297 -33.9
-0.16273 -34.0
-0.16248 -34.0
-0.16224 -33.9
-0.16199 -33.7
-0.16175 -33.5
-0.16151 -33.2
-0.16126 -32.9
-0.16102 -32.4
-0.16077 -31.9
-0.16053 -31.3
-0.16029 -30.7
-0.16004 -30.0
-0.1598 -29.2
-0.15955 -28.4
-0.15931 -27.5
-0.15907 -26.5
-0.15882 -25.5
-0.15858 -24.4
-0.15833 -23.3
-0.15809 -22.1
-0.15784 -20.9
-0.1576 -19.6
-0.15736 -18.3
-0.15711 -16.9
-0.15687 -15.5
-0.15662 -14.1
-0.15638 -12.6
-0.15614 -11.1
-0.15589 -9.6
-0.15565 -8.0
-0.1554 -6.5
-0.15516 -4.9
-0.15491 -3.3
-0.15467 -1.7
-0.15443 0.0
-0.15418 1.6
-0.15394 3.2
-0.15369 4.8
-0.15345 6.4
-0.15321 8.0
-0.15296 9.5
-0.15272 11.1
-0.15247 12.6
-0.15223 14.1
-0.15199 15.6
-0.15174 17.0
-0.1515 18.4
-0.15125 19.8
-0.15101 21.1
-0.15076 22.4
-0.15052 23.6
-0.15028 24.8
-0.15003 25.9
-0.14979 27.0
-0.14954 28.0
-0.1493 29.0
-0.14906 29.8
-0.14881 30.6
-0.14857 31.4
-0.14832 32.1
-0.14808 32.7
-0.14783 33.2
-0.14759 33.7
-0.14735 34.0
-0.1471 34.3
-0.14686 34.6
-0.14661 34.7
-0.14637 34.8
-0.14613 34.8
-0.14588 34.7
-0.14564 34.5
-0.14539 34.3
-0.14515 33.9
-0.14491 33.5
-0.14466 33.0
-0.14442 32.5
-0.14417 31.8
-0.14393 31.1
-0.14368 30.3
-0.14344 29.5
-0.1432 28.5
-0.14295 27.5
-0.14271 26.5
-0.14246 25.4
-0.14222 24.2
-0.14198 22.9
-0.14173 21.6
-0.14149 20.3
-0.14124 18.9
-0.141 17.4
-0.14075 16.0
-0.14051 14.4
-0.14027 12.9
-0.14002 11.3
-0.13978 9.6
-0.13953 8.0
-0.13929 6.3
-0.13905 4.6
-0.1388 2.9
-0.13856 1.2
-0.13831 -0.5
-0.13807 -2.2
-0.13783 -3.9
-0.13758 -5.6
-0.13734 -7.3
-0.13709 -9.0
-0.13685 -10.7
-0.1366 -12.3
-0.13636 -13.9
-0.13612 -15.5
-0.13587 -17.0
-0.13563 -18.6
-0.13538 -20.0
-0.13514 -21.4
-0.1349 -22.8
-0.13465 -24.1
-0.13441 -25.4
-0.13416 -26.6
-0.13392 -27.7
-0.13367 -28.8
-0.13343 -29.8
-0.13319 -30.7
-0.13294 -31.6
-0.1327 -32.4
-0.13245 -33.1
-0.13221 -33.7
-0.13197 -34.2
-0.13172 -34.7
-0.13148 -35.1
-0.13123 -35.3
-0.13099 -35.5
-0.13074 -35.7
-0.1305 -35.7
-0.13026 -35.6
-0.13001 -35.5
-0.12977 -35.2
-0.12952 -34.9
-0.12928 -34.5
-0.12904 -34.0
-0.12879 -33.4
-0.12855 -32.7
-0.1283 -32.0
-0.12806 -31.2
-0.12782 -30.2
-0.12757 -29.2
-0.12733 -28.2
-0.12708 -27.0
-0.12684 -25.8
-0.12659 -24.6
-0.12635 -23.2
-0.12611 -21.8
-0.12586 -20.4
-0.12562 -18.9
-0.12537 -17.3
-0.12513 -15.7
-0.12489 -14.0
-0.12464 -12.3
-0.1244 -10.6
-0.12415 -8.9
-0.12391 -7.1
-0.12366 -5.3
-0.12342 -3.5
-0.12318 -1.7
-0.12293 0.2
-0.12269 2.0
-0.12244 3.8
-0.1222 5.7
-0.12196 7.5
-0.12171 9.3
-0.12147 11.1
-0.12122 12.8
-0.12098 14.5
-0.12074 16.2
-0.12049 17.9
-0.12025 19.5
-0.12 21.0
-0.11976 22.5
-0.11951 24.0
-0.11927 25.4
-0.11903 26.7
-0.11878 27.9
-0.11854 29.1
-0.11829 30.2
-0.11805 31.2
-0.11781 32.2
-0.11756 33.1
-0.11732 33.8
-0.11707 34.5
-0.11683 35.1
-0.11658 35.6
-0.11634 36.0
-0.1161 36.3
-0.11585 36.6
-0.11561 36.7
-0.11536 36.7
-0.11512 36.6
-0.11488 36.4
-0.11463 36.2
-0.11439 35.8
-0.11414 35.3
-0.1139 34.8
-0.11366 34.1
-0.11341 33.3
-0.11317 32.5
-0.11292 31.5
-0.11268 30.5
-0.11243 29.4
-0.11219 28.2
-0.11195 26.9
-0.1117 25.6
-0.11146 24.2
-0.11121 22.7
-0.11097 21.1
-0.11073 19.5
-0.11048 17.8
-0.11024 16.1
-0.10999 14.3
-0.10975 12.5
-0.1095 10.6
-0.10926 8.8
-0.10902 6.8
-0.10877 4.9
-0.10853 2.9
-0.10828 1.0
-0.10804 -1.0
-0.1078 -3.0
-0.10755 -4.9
-0.10731 -6.9
-0.10706 -8.9
-0.10682 -10.8
-0.10658 -12.7
-0.10633 -14.5
-0.10609 -16.4
-0.10584 -18.1
-0.1056 -19.9
-0.10535 -21.6
-0.10511 -23.2
-0.10487 -24.7
-0.10462 -26.2
-0.10438 -27.6
-0.10413 -29.0
-0.10389 -30.2
-0.10365 -31.4
-0.1034 -32.5
-0.10316 -33.5
-0.10291 -34.4
-0.10267 -35.2
-0.10242 -35.9
-0.10218 -36.5
-0.10194 -37.0
-0.10169 -37.4
-0.10145 -37.6
-0.1012 -37.8
-0.10096 -37.8
-0.10072 -37.8
-0.10047 -37.6
-0.10023 -37.3
-0.09998 -36.9
-0.09974 -36.4
-0.09949 -35.8
-0.09925 -35.1
-0.09901 -34.3
-0.09876 -33.3
-0.09852 -32.3
-0.09827 -31.2
-0.09803 -29.9
-0.09779 -28.6
-0.09754 -27.2
-0.0973 -25.7
-0.09705 -24.1
-0.09681 -22.5
-0.09657 -20.8
-0.09632 -19.0
-0.09608 -17.1
-0.09583 -15.2
-0.09559 -13.2
-0.09534 -11.2
-0.0951 -9.2
-0.09486 -7.1
-0.09461 -5.0
-0.09437 -2.9
-0.09412 -0.8
-0.09388 1.4
-0.09364 3.5
-0.09339 5.7
-0.09315 7.8
-0.0929 9.9
-0.09266 12.0
-0.09241 14.0
-0.09217 16.0
-0.09193 18.0
-0.09168 19.9
-0.09144 21.7
-0.09119 23.5
-0.09095 25.2
-0.09071 26.8
-0.09046 28.4
-0.09022 29.9
-0.08997 31.2
-0.08973 32.5
-0.08949 33.7
-0.08924 34.8
-0.089 35.7
-0.08875 36.6
-0.08851 37.3
-0.08826 37.9
-0.08802 38.4
-0.08778 38.8
-0.08753 39.0
-0.08729 39.1
-0.08704 39.1
-0.0868 39.0
-0.08656 38.7
-0.08631 38.3
-0.08607 37.8
-0.08582 37.2
-0.08558 36.4
-0.08533 35.5
-0.08509 34.5
-0.08485 33.4
-0.0846 32.1
-0.08436 30.8
-0.08411 29.3
-0.08387 27.7
-0.08363 26.1
-0.08338 24.3
-0.08314 22.5
-0.08289 20.6
-0.08265 18.6
-0.08241 16.5
-0.08216 14.4
-0.08192 12.2
-0.08167 10.0
-0.08143 7.8
-0.08118 5.5
-0.08094 3.2
-0.0807 0.8
-0.08045 -1.5
-0.08021 -3.9
-0.07996 -6.2
-0.07972 -8.5
-0.07948 -10.8
-0.07923 -13.1
-0.07899 -15.3
-0.07874 -17.5
-0.0785 -19.6
-0.07825 -21.6
-0.07801 -23.6
-0.07777 -25.5
-0.07752 -27.4
-0.07728 -29.1
-0.07703 -30.7
-0.07679 -32.2
-0.07655 -33.7
-0.0763 -35.0
-0.07606 -36.1
-0.07581 -37.2
-0.07557 -38.1
-0.07533 -38.9
-0.07508 -39.5
-0.07484 -40.0
-0.07459 -40.4
-0.07435 -40.6
-0.0741 -40.7
-0.07386 -40.6
-0.07362 -40.3
-0.07337 -40.0
-0.07313 -39.4
-0.07288 -38.8
-0.07264 -37.9
-0.0724 -37.0
-0.07215 -35.9
-0.07191 -34.6
-0.07166 -33.3
-0.07142 -31.8
-0.07117 -30.1
-0.07093 -28.4
-0.07069 -26.5
-0.07044 -24.6
-0.0702 -22.5
-0.06995 -20.4
-0.06971 -18.1
-0.06947 -15.8
-0.06922 -13.4
-0.06898 -11.0
-0.06873 -8.5
-0.06849 -6.0
-0.06824 -3.4
-0.068 -0.9
-0.06776 1.7
-0.06751 4.3
-0.06727 6.9
-0.06702 9.5
-0.06678 12.0
-0.06654 14.5
-0.06629 16.9
-0.06605 19.3
-0.0658 21.6
-0.06556 23.8
-0.06532 26.0
-0.06507 28.0
-0.06483 30.0
-0.06458 31.8
-0.06434 33.5
-0.06409 35.1
-0.06385 36.5
-0.06361 37.8
-0.06336 39.0
-0.06312 40.0
-0.06287 40.8
-0.06263 41.4
-0.06239 41.9
-0.06214 42.3
-0.0619 42.4
-0.06165 42.4
-0.06141 42.2
-0.06116 41.8
-0.06092 41.3
-0.06068 40.5
-0.06043 39.6
-0.06019 38.6
-0.05994 37.3
-0.0597 35.9
-0.05946 34.4
-0.05921 32.6
-0.05897 30.8
-0.05872 28.8
-0.05848 26.7
-0.05824 24.4
-0.05799 22.1
-0.05775 19.6
-0.0575 17.0
-0.05726 14.4
-0.05701 11.7
-0.05677 8.9
-0.05653 6.1
-0.05628 3.2
-0.05604 0.3
-0.05579 -2.6
-0.05555 -5.5
-0.05531 -8.4
-0.05506 -11.2
-0.05482 -14.0
-0.05457 -16.8
-0.05433 -19.5
-0.05408 -22.1
-0.05384 -24.6
-0.0536 -27.1
-0.05335 -29.4
-0.05311 -31.6
-0.05286 -33.6
-0.05262 -35.5
-0.05238 -37.2
-0.05213 -38.8
-0.05189 -40.2
-0.05164 -41.4
-0.0514 -42.4
-0.05116 -43.3
-0.05091 -43.9
-0.05067 -44.3
-0.05042 -44.5
-0.05018 -44.5
-0.04993 -44.3
-0.04969 -43.9
-0.04945 -43.2
-0.0492 -42.3
-0.04896 -41.3
-0.04871 -40.0
-0.04847 -38.5
-0.04823 -36.8
-0.04798 -35.0
-0.04774 -32.9
-0.04749 -30.7
-0.04725 -28.3
-0.047 -25.8
-0.04676 -23.1
-0.04652 -20.3
-0.04627 -17.4
-0.04603 -14.3
-0.04578 -11.2
-0.04554 -8.0
-0.0453 -4.8
-0.04505 -1.5
-0.04481 1.8
-0.04456 5.1
-0.04432 8.4
-0.04408 11.6
-0.04383 14.9
-0.04359 18.0
-0.04334 21.1
-0.0431 24.1
-0.04285 26.9
-0.04261 29.7
-0.04237 32.2
-0.04212 34.7
-0.04188 36.9
-0.04163 39.0
-0.04139 40.8
-0.04115 42.4
-0.0409 43.8
-0.04066 45.0
-0.04041 45.9
-0.04017 46.6
-0.03992 47.0
-0.03968 47.1
-0.03944 47.0
-0.03919 46.6
-0.03895 46.0
-0.0387 45.0
-0.03846 43.8
-0.03822 42.4
-0.03797 40.6
-0.03773 38.7
-0.03748 36.5
-0.03724 34.0
-0.03699 31.4
-0.03675 28.5
-0.03651 25.5
-0.03626 22.3
-0.03602 18.9
-0.03577 15.4
-0.03553 11.8
-0.03529 8.1
-0.03504 4.3
-0.0348 0.4
-0.03455 -3.4
-0.03431 -7.3
-0.03407 -11.1
-0.03382 -14.9
-0.03358 -18.6
-0.03333 -22.2
-0.03309 -25.7
-0.03284 -29.1
-0.0326 -32.3
-0.03236 -35.3
-0.03211 -38.1
-0.03187 -40.6
-0.03162 -42.9
-0.03138 -44.9
-0.03114 -46.6
-0.03089 -48.0
-0.03065 -49.1
-0.0304 -49.9
-0.03016 -50.3
-0.02991 -50.4
-0.02967 -50.1
-0.02943 -49.5
-0.02918 -48.5
-0.02894 -47.2
-0.02869 -45.5
-0.02845 -43.5
-0.02821 -41.1
-0.02796 -38.4
-0.02772 -35.5
-0.02747 -32.2
-0.02723 -28.7
-0.02699 -24.9
-0.02674 -20.9
-0.0265 -16.7
-0.02625 -12.4
-0.02601 -7.9
-0.02576 -3.4
-0.02552 1.3
-0.02528 5.9
-0.02503 10.6
-0.02479 15.2
-0.02454 19.7
-0.0243 24.1
-0.02406 28.3
-0.02381 32.4
-0.02357 36.2
-0.02332 39.7
-0.02308 43.0
-0.02283 45.9
-0.02259 48.4
-0.02235 50.5
-0.0221 52.3
-0.02186 53.5
-0.02161 54.4
-0.02137 54.7
-0.02113 54.5
-0.02088 53.9
-0.02064 52.8
-0.02039 51.1
-0.02015 49.0
-0.01991 46.4
-0.01966 43.3
-0.01942 39.8
-0.01917 35.8
-0.01893 31.5
-0.01868 26.8
-0.01844 21.8
-0.0182 16.5
-0.01795 11.0
-0.01771 5.3
-0.01746 -0.5
-0.01722 -6.4
-0.01698 -12.3
-0.01673 -18.1
-0.01649 -23.8
-0.01624 -29.3
-0.016 -34.5
-0.01575 -39.4
-0.01551 -44.0
-0.01527 -48.1
-0.01502 -51.7
-0.01478 -54.7
-0.01453 -57.2
-0.01429 -59.0
-0.01405 -60.1
-0.0138 -60.5
-0.01356 -60.1
-0.01331 -59.0
-0.01307 -57.1
-0.01283 -54.4
-0.01258 -51.0
-0.01234 -46.9
-0.01209 -42.1
-0.01185 -36.6
-0.0116 -30.5
-0.01136 -23.9
-0.01112 -16.9
-0.01087 -9.5
-0.01063 -1.8
-0.01038 6.0
-0.01014 13.9
-0.0099 21.7
-0.00965 29.3
-0.00941 36.6
-0.00916 43.4
-0.00892 49.7
-0.00867 55.2
-0.00843 59.9
-0.00819 63.7
-0.00794 66.4
-0.0077 67.9
-0.00745 68.2
-0.00721 67.3
-0.00697 65.0
-0.00672 61.4
-0.00648 56.5
-0.00623 50.3
-0.00599 42.9
-0.00574 34.4
-0.0055 25.0
-0.00526 14.7
-0.00501 3.8
-0.00477 -7.5
-0.00452 -18.9
-0.00428 -30.1
-0.00404 -40.9
-0.00379 -50.9
-0.00355 -59.8
-0.0033 -67.3
-0.00306 -73.1
-0.00282 -76.8
-0.00257 -78.3
-0.00233 -77.3
-0.00208 -73.7
-0.00184 -67.3
-0.00159 -58.3
-0.00135 -46.7
-0.00111 -32.8
-0.00086 -17.0
-0.00062 0.2
-0.00037 17.9
-0.00013 35.4
0.00011 51.5
0.00036 65.0
0.0006 75.1
0.00085 80.7
0.00109 81.2
0.00134 76.2
0.00158 65.9
0.00182 50.9
0.00207 32.1
0.00231 11.2
0.00256 -10.2
0.0028 -30.1
0.00304 -46.8
0.00329 -58.7
0.00353 -64.8
0.00378 -64.7
0.00402 -58.5
0.00426 -47.1
0.00451 -32.0
0.00475 -14.7
0.005 2.8
0.00524 18.6
0.00549 31.3
0.00573 39.7
0.00597 43.3
0.00622 41.9
0.00646 36.2
0.00671 27.2
0.00695 16.0
0.00719 4.2
0.00744 -7.0
0.00768 -16.2
0.00793 -22.8
0.00817 -26.0
0.00842 -26.1
0.00866 -23.1
0.0089 -17.8
0.00915 -11.0
0.00939 -3.7
0.00964 3.3
0.00988 9.2
0.01012 13.4
0.01037 15.5
0.01061 15.7
0.01086 13.9
0.0111 10.7
0.01134 6.6
0.01159 2.2
0.01183 -2.1
0.01208 -5.6
0.01232 -8.1
0.01257 -9.4
0.01281 -9.4
0.01305 -8.3
0.0133 -6.3
0.01354 -3.8
0.01379 -1.1
0.01403 1.5
0.01427 3.6
0.01452 5.1
0.01476 5.8
0.01501 5.7
0.01525 4.9
0.0155 3.7
0.01574 2.1
0.01598 0.5
0.01623 -1.1
0.01647 -2.3
0.01672 -3.2
0.01696 -3.5
0.0172 -3.4
0.01745 -2.9
0.01769 -2.1
0.01794 -1.2
0.01818 -0.2
0.01842 0.8
0.01867 1.5
0.01891 2.0
0.01916 2.2
0.0194 2.1
0.01965 1.7
0.01989 1.2
0.02013 0.6
0.02038 0.0
0.02062 -0.5
0.02087 -1.0
0.02111 -1.2
0.02135 -1.3
0.0216 -1.3
0.02184 -1.0
0.02209 -0.7
0.02233 -0.3
0.02258 0.0
0.02282 0.4
0.02306 0.6
0.02331 0.8
0.02355 0.8
0.0238 0.8
0.02404 0.6
0.02428 0.4
0.02453 0.2
0.02477 0.0
0.02502 -0.2
0.02526 -0.4
0.02551 -0.5
0.02575 -0.5
0.02599 -0.5
0.02624 -0.4
0.02648 -0.2
0.02673 0.0
0.02697 0.0
0.02721 0.2
0.02746 0.2
0.0277 0.3
0.02795 0.3
0.02819 0.3
0.02843 0.2
0.02868 0.1
0.02892 0.0
0.02917 0.0
0.02941 -0.1
0.02966 -0.2
0.0299 -0.2
0.03014 -0.2
0.03039 -0.2
0.03063 -0.1
0.03088 0.0
0.03112 0.0
0.03136 0.0
0.03161 0.0
0.03185 0.0
0.0321 0.1
0.03234 0.1
0.03259 0.0
0.03283 0.0
0.03307 0.0
0.03332 0.0
0.03356 0.0
0.03381 0.0
0.03405 0.0
0.03429 0.0
0.03454 0.0
0.03478 0.0
0.03503 0.0
0.03527 0.0
0.03551 0.0
0.03576 0.0
0.036 0.0
0.03625 0.0
0.03649 0.0
0.03674 0.0
0.03698 0.0
0.03722 0.0
0.03747 0.0
0.03771 0.0
0.03796 0.0
0.0382 0.0
0.03844 0.0
0.03869 0.0
0.03893 0.0
0.03918 0.0
0.03942 0.0
0.03967 0.0
0.03991 0.0
0.04015 0.0
0.0404 0.0
0.04064 0.0
0.04089 0.0
0.04113 0.0
0.04137 0.0
0.04162 0.0
0.04186 0.0
0.04211 0.0
0.04235 0.0
0.04259 0.0
0.04284 0.0
0.04308 0.0
0.04333 0.0
0.04357 0.0
0.04382 0.0
0.04406 0.0
0.0443 0.0
0.04455 0.0
0.04479 0.0
0.04504 0.0
0.04528 0.0
0.04552 0.0
0.04577 0.0
0.04601 0.0
0.04626 0.0
0.0465 0.0
0.04675 0.0
0.04699 0.0
0.04723 0.0
0.04748 0.0
0.04772 0.0
0.04797 0.0
0.04821 0.0
0.04845 0.0
0.0487 0.0
0.04894 0.0
0.04919 0.0
0.04943 0.0
0.04967 0.0
0.04992 0.0
0.05016 0.0
0.05041 0.0
0.05065 0.0
0.0509 0.0
0.05114 0.0
0.05138 0.0
0.05163 0.0
0.05187 0.0
0.05212 0.0
0.05236 0.0
0.0526 0.0
0.05285 0.0
0.05309 0.0
0.05334 0.0
0.05358 0.0
0.05383 0.0
0.05407 0.0
0.05431 0.0
0.05456 0.0
0.0548 0.0
0.05505 0.0
0.05529 0.0
0.05553 0.0
0.05578 0.0
0.05602 0.0
0.05627 0.0
0.05651 0.0
0.05676 0.0
0.057 0.0
0.05724 0.0
0.05749 0.0
0.05773 0.0
0.05798 0.0
0.05822 0.0
0.05846 0.0
0.05871 0.0
0.05895 0.0
0.0592 0.0
0.05944 0.0
0.05968 0.0
0.05993 0.0
0.06017 0.0
0.06042 0.0
0.06066 0.0
0.06091 0.0
0.06115 0.0
0.06139 0.0
0.06164 0.0
0.06188 0.0
0.06213 0.0
0.06237 0.0
0.06261 0.0
0.06286 0.0
0.0631 0.0
0.06335 0.0
0.06359 0.0
0.06384 0.0
0.06408 0.0
0.06432 0.0
0.06457 0.0
0.06481 0.0
0.06506 0.0
0.0653 0.0
0.06554 0.0
0.06579 0.0
0.06603 0.0
0.06628 0.0
0.06652 0.0
0.06676 0.0
0.06701 0.0
0.06725 0.0
0.0675 0.0
0.06774 0.0
0.06799 0.0
0.06823 0.0
0.06847 0.0
0.06872 0.0
0.06896 0.0
0.06921 0.0
0.06945 0.0
0.06969 0.0
0.06994 0.0
0.07018 0.0
0.07043 0.0
0.07067 0.0
0.07092 0.0
0.07116 0.0
0.0714 0.0
0.07165 0.0
0.07189 0.0
0.07214 0.0
0.07238 0.0
0.07262 0.0
0.07287 0.0
0.07311 0.0
0.07336 0.0
0.0736 0.0
0.07384 0.0
0.07409 0.0
0.07433 0.0
0.07458 0.0
0.07482 0.0
0.07507 0.0
0.07531 0.0
0.07555 0.0
0.0758 0.0
0.07604 0.0
0.07629 0.0
0.07653 0.0
0.07677 0.0
0.07702 0.0
0.07726 0.0
0.07751 0.0
0.07775 0.0
0.078 0.0
0.07824 0.0
0.07848 0.0
0.07873 0.0
0.07897 0.0
0.07922 0.0
0.07946 0.0
0.0797 0.0
0.07995 0.0
0.08019 0.0
0.08044 0.0
0.08068 0.0
0.08092 0.0
0.08117 0.0
0.08141 0.0
0.08166 0.0
0.0819 0.0
0.08215 0.0
0.08239 0.0
0.08263 0.0
0.08288 0.0
0.08312 0.0
0.08337 0.0
0.08361 0.0
0.08385 0.0
0.0841 0.0
0.08434 0.0
0.08459 0.0
0.08483 0.0
0.08508 0.0
0.08532 0.0
0.08556 0.0
0.08581 0.0
0.08605 0.0
0.0863 0.0
0.08654 0.0
0.08678 0.0
0.08703 0.0
0.08727 0.0
0.08752 0.0
0.08776 0.0
0.08801 0.0
0.08825 0.0
0.08849 0.0
0.08874 0.0
0.08898 0.0
0.08923 0.0
0.08947 0.0
0.08971 0.0
0.08996 0.0
0.0902 0.0
0.09045 0.0
0.09069 0.0
0.09093 0.0
0.09118 0.0
0.09142 0.0
0.09167 0.0
0.09191 0.0
0.09216 0.0
0.0924 0.0
0.09264 0.0
0.09289 0.0
0.09313 0.0
0.09338 0.0
0.09362 0.0
0.09386 0.0
0.09411 0.0
0.09435 0.0
0.0946 0.0
0.09484 0.0
0.09509 0.0
0.09533 0.0
0.09557 0.0
0.09582 0.0
0.09606 0.0
0.09631 0.0
0.09655 0.0
0.09679 0.0
0.09704 0.0
0.09728 0.0
0.09753 0.0
0.09777 0.0
0.09801 0.0
0.09826 0.0
0.0985 0.0
0.09875 0.0
0.09899 0.0
0.09924 0.0
0.09948 0.0
0.09972 0.0
0.09997 0.0
0.10021 0.0
0.10046 0.0
0.1007 0.0
0.10094 0.0
0.10119 0.0
0.10143 0.0
0.10168 0.0
0.10192 0.0
0.10217 0.0
0.10241 0.0
0.10265 0.0
0.1029 0.0
0.10314 0.0
0.10339 0.0
0.10363 0.0
0.10387 0.0
0.10412 0.0
0.10436 0.0
0.10461 0.0
0.10485 0.0
0.10509 0.0
0.10534 0.0
0.10558 0.0
0.10583 0.0
0.10607 0.0
0.10632 0.0
0.10656 0.0
0.1068 0.0
0.10705 0.0
0.10729 0.0
0.10754 0.0
0.10778 0.0
0.10802 0.0
0.10827 0.0
0.10851 0.0
0.10876 0.0
0.109 0.0
0.10925 0.0
0.10949 0.0
0.10973 0.0
0.10998 0.0
0.11022 0.0
0.11047 0.0
0.11071 0.0
0.11095 0.0
0.1112 0.0
0.11144 0.0
0.11169 0.0
0.11193 0.0
0.11217 0.0
0.11242 0.0
0.11266 0.0
0.11291 0.0
0.11315 0.0
0.1134 0.0
0.11364 0.0
0.11388 0.0
0.11413 0.0
0.11437 0.0
0.11462 0.0
0.11486 0.0
0.1151 0.0
0.11535 0.0
0.11559 0.0
0.11584 0.0
0.11608 0.0
0.11633 0.0
0.11657 0.0
0.11681 0.0
0.11706 0.0
0.1173 0.0
0.11755 0.0
0.11779 0.0
0.11803 0.0
0.11828 0.0
0.11852 0.0
0.11877 0.0
0.11901 0.0
0.11926 0.0
0.1195 0.0
0.11974 0.0
0.11999 0.0
0.12023 0.0
0.12048 0.0
0.12072 0.0
0.12096 0.0
0.12121 0.0
0.12145 0.0
0.1217 0.0
0.12194 0.0
0.12218 0.0
0.12243 0.0
0.12267 0.0
0.12292 0.0
0.12316 0.0
0.12341 0.0
0.12365 0.0
0.12389 0.0
0.12414 0.0
0.12438 0.0
0.12463 0.0
0.12487 0.0
0.12511 0.0
0.12536 0.0
0.1256 0.0
0.12585 0.0
0.12609 0.0
0.12634 0.0
0.12658 0.0
0.12682 0.0
0.12707 0.0
0.12731 0.0
0.12756 0.0
0.1278 0.0
0.12804 0.0
0.12829 0.0
0.12853 0.0
0.12878 0.0
0.12902 0.0
0.12926 0.0
0.12951 0.0
0.12975 0.0
0.13 0.0
0.13024 0.0
0.13049 0.0
0.13073 0.0
0.13097 0.0
0.13122 0.0
0.13146 0.0
0.13171 0.0
0.13195 0.0
0.13219 0.0
0.13244 0.0
0.13268 0.0
0.13293 0.0
0.13317 0.0
0.13342 0.0
0.13366 0.0
0.1339 0.0
0.13415 0.0
0.13439 0.0
0.13464 0.0
0.13488 0.0
0.13512 0.0
0.13537 0.0
0.13561 0.0
0.13586 0.0
0.1361 0.0
0.13634 0.0
0.13659 0.0
0.13683 0.0
0.13708 0.0
0.13732 0.0
0.13757 0.0
0.13781 0.0
0.13805 0.0
0.1383 0.0
0.13854 0.0
0.13879 0.0
0.13903 0.0
0.13927 0.0
0.13952 0.0
0.13976 0.0
0.14001 0.0
0.14025 0.0
0.1405 0.0
0.14074 0.0
0.14098 0.0
0.14123 0.0
0.14147 0.0
0.14172 0.0
0.14196 0.0
0.1422 0.0
0.14245 0.0
0.14269 0.0
0.14294 0.0
0.14318 0.0
0.14342 0.0
0.14367 0.0
0.14391 0.0
0.14416 0.0
0.1444 0.0
0.14465 0.0
0.14489 0.0
0.14513 0.0
0.14538 0.0
0.14562 0.0
0.14587 0.0
0.14611 0.0
0.14635 0.0
0.1466 0.0
0.14684 0.0
0.14709 0.0
0.14733 0.0
0.14758 0.0
0.14782 0.0
0.14806 0.0
0.14831 0.0
0.14855 0.0
0.1488 0.0
0.14904 0.0
0.14928 0.0
0.14953 0.0
0.14977 0.0
0.15002 0.0
0.15026 0.0
0.15051 0.0
0.15075 0.0
0.15099 0.0
0.15124 0.0
0.15148 0.0
0.15173 0.0
0.15197 0.0
0.15221 0.0
0.15246 0.0
0.1527 0.0
0.15295 0.0
0.15319 0.0
0.15343 0.0
0.15368 0.0
0.15392 0.0
0.15417 0.0
0.15441 0.0
0.15466 0.0
0.1549 0.0
0.15514 0.0
0.15539 0.0
0.15563 0.0
0.15588 0.0
0.15612 0.0
0.15636 0.0
0.15661 0.0
0.15685 0.0
0.1571 0.0
0.15734 0.0
0.15759 0.0
0.15783 0.0
0.15807 0.0
0.15832 0.0
0.15856 0.0
0.15881 0.0
0.15905 0.0
0.15929 0.0
0.15954 0.0
0.15978 0.0
0.16003 0.0
0.16027 0.0
0.16051 0.0
0.16076 0.0
0.161 0.0
0.16125 0.0
0.16149 0.0
0.16174 0.0
0.16198 0.0
0.16222 0.0
0.16247 0.0
0.16271 0.0
0.16296 0.0
0.1632 0.0
0.16344 0.0
0.16369 0.0
0.16393 0.0
0.16418 0.0
0.16442 0.0
0.16467 0.0
0.16491 0.0
0.16515 0.0
0.1654 0.0
0.16564 0.0
0.16589 0.0
0.16613 0.0
0.16637 0.0
0.16662 0.0
0.16686 0.0
0.16711 0.0
0.16735 0.0
0.16759 0.0
0.16784 0.0
0.16808 0.0
0.16833 0.0
0.16857 0.0
0.16882 0.0
0.16906 0.0
0.1693 0.0
0.16955 0.0
0.16979 0.0
0.17004 0.0
0.17028 0.0
0.17052 0.0
0.17077 0.0
0.17101 0.0
0.17126 0.0
0.1715 0.0
0.17175 0.0
0.17199 0.0
0.17223 0.0
0.17248 0.0
0.17272 0.0
0.17297 0.0
0.17321 0.0
0.17345 0.0
0.1737 0.0
0.17394 0.0
0.17419 0.0
0.17443 0.0
0.17467 0.0
0.17492 0.0
0.17516 0.0
0.17541 0.0
0.17565 0.0
0.1759 0.0
0.17614 0.0
0.17638 0.0
0.17663 0.0
0.17687 0.0
