t strain*1e23
-0.7557 -2.3
-0.75545 -2.3
-0.75521 -2.3
-0.75496 -2.3
-0.75472 -2.2
-0.75447 -2.2
-0.75423 -2.2
-0.75399 -2.1
-0.75374 -2.1
-0.7535 -2.0
-0.75325 -2.0
-0.75301 -1.9
-0.75277 -1.9
-0.75252 -1.8
-0.75228 -1.8
-0.75203 -1.7
-0.75179 -1.6
-0.75154 -1.6
-0.7513 -1.5
-0.75106 -1.4
-0.75081 -1.3
-0.75057 -1.3
-0.75032 -1.2
-0.75008 -1.1
-0.74984 -1.0
-0.74959 -0.9
-0.74935 -0.8
-0.7491 -0.8
-0.74886 -0.7
-0.74862 -0.6
-0.74837 -0.5
-0.74813 -0.4
-0.74788 -0.3
-0.74764 -0.2
-0.74739 -0.1
-0.74715 0.0
-0.74691 0.0
-0.74666 0.2
-0.74642 0.3
-0.74617 0.3
-0.74593 0.4
-0.74569 0.5
-0.74544 0.6
-0.7452 0.7
-0.74495 0.8
-0.74471 0.9
-0.74446 1.0
-0.74422 1.1
-0.74398 1.1
-0.74373 1.2
-0.74349 1.3
-0.74324 1.4
-0.743 1.4
-0.74276 1.5
-0.74251 1.6
-0.74227 1.7
-0.74202 1.7
-0.74178 1.8
-0.74154 1.9
-0.74129 1.9
-0.74105 2.0
-0.7408 2.0
-0.74056 2.1
-0.74031 2.1
-0.74007 2.2
-0.73983 2.2
-0.73958 2.2
-0.73934 2.3
-0.73909 2.3
-0.73885 2.3
-0.73861 2.3
-0.73836 2.4
-0.73812 2.4
-0.73787 2.4
-0.73763 2.4
-0.73738 2.4
-0.73714 2.4
-0.7369 2.4
-0.73665 2.4
-0.73641 2.4
-0.73616 2.4
-0.73592 2.4
-0.73568 2.4
-0.73543 2.3
-0.73519 2.3
-0.73494 2.3
-0.7347 2.2
-0.73446 2.2
-0.73421 2.2
-0.73397 2.1
-0.73372 2.1
-0.73348 2.0
-0.73323 2.0
-0.73299 1.9
-0.73275 1.9
-0.7325 1.8
-0.73226 1.7
-0.73201 1.7
-0.73177 1.6
-0.73153 1.5
-0.73128 1.4
-0.73104 1.4
-0.73079 1.3
-0.73055 1.2
-0.7303 1.1
-0.73006 1.0
-0.72982 1.0
-0.72957 0.9
-0.72933 0.8
-0.72908 0.7
-0.72884 0.6
-0.7286 0.5
-0.72835 0.4
-0.72811 0.3
-0.72786 0.2
-0.72762 0.1
-0.72738 0.0
-0.72713 0.0
-0.72689 -0.1
-0.72664 -0.2
-0.7264 -0.3
-0.72615 -0.4
-0.72591 -0.5
-0.72567 -0.6
-0.72542 -0.7
-0.72518 -0.8
-0.72493 -0.9
-0.72469 -1.0
-0.72445 -1.0
-0.7242 -1.1
-0.72396 -1.2
-0.72371 -1.3
-0.72347 -1.4
-0.72322 -1.5
-0.72298 -1.5
-0.72274 -1.6
-0.72249 -1.7
-0.72225 -1.7
-0.722 -1.8
-0.72176 -1.9
-0.72152 -1.9
-0.72127 -2.0
-0.72103 -2.0
-0.72078 -2.1
-0.72054 -2.1
-0.72029 -2.2
-0.72005 -2.2
-0.71981 -2.3
-0.71956 -2.3
-0.71932 -2.3
-0.71907 -2.3
-0.71883 -2.4
-0.71859 -2.4
-0.71834 -2.4
-0.7181 -2.4
-0.71785 -2.4
-0.71761 -2.4
-0.71737 -2.4
-0.71712 -2.4
-0.71688 -2.4
-0.71663 -2.4
-0.71639 -2.4
-0.71614 -2.4
-0.7159 -2.4
-0.71566 -2.3
-0.71541 -2.3
-0.71517 -2.3
-0.71492 -2.2
-0.71468 -2.2
-0.71444 -2.2
-0.71419 -2.1
-0.71395 -2.1
-0.7137 -2.0
-0.71346 -2.0
-0.71321 -1.9
-0.71297 -1.8
-0.71273 -1.8
-0.71248 -1.7
-0.71224 -1.6
-0.71199 -1.6
-0.71175 -1.5
-0.71151 -1.4
-0.71126 -1.3
-0.71102 -1.3
-0.71077 -1.2
-0.71053 -1.1
-0.71029 -1.0
-0.71004 -0.9
-0.7098 -0.8
-0.70955 -0.7
-0.70931 -0.7
-0.70906 -0.6
-0.70882 -0.5
-0.70858 -0.4
-0.70833 -0.3
-0.70809 -0.2
-0.70784 0.0
-0.7076 0.0
-0.70736 0.0
-0.70711 0.2
-0.70687 0.3
-0.70662 0.4
-0.70638 0.5
-0.70613 0.6
-0.70589 0.7
-0.70565 0.8
-0.7054 0.8
-0.70516 0.9
-0.70491 1.0
-0.70467 1.1
-0.70443 1.2
-0.70418 1.3
-0.70394 1.4
-0.70369 1.4
-0.70345 1.5
-0.70321 1.6
-0.70296 1.7
-0.70272 1.7
-0.70247 1.8
-0.70223 1.9
-0.70198 1.9
-0.70174 2.0
-0.7015 2.0
-0.70125 2.1
-0.70101 2.1
-0.70076 2.2
-0.70052 2.2
-0.70028 2.3
-0.70003 2.3
-0.69979 2.3
-0.69954 2.4
-0.6993 2.4
-0.69905 2.4
-0.69881 2.4
-0.69857 2.4
-0.69832 2.4
-0.69808 2.4
-0.69783 2.4
-0.69759 2.4
-0.69735 2.4
-0.6971 2.4
-0.69686 2.4
-0.69661 2.4
-0.69637 2.4
-0.69613 2.4
-0.69588 2.3
-0.69564 2.3
-0.69539 2.3
-0.69515 2.2
-0.6949 2.2
-0.69466 2.1
-0.69442 2.1
-0.69417 2.0
-0.69393 2.0
-0.69368 1.9
-0.69344 1.9
-0.6932 1.8
-0.69295 1.7
-0.69271 1.6
-0.69246 1.6
-0.69222 1.5
-0.69197 1.4
-0.69173 1.3
-0.69149 1.3
-0.69124 1.2
-0.691 1.1
-0.69075 1.0
-0.69051 0.9
-0.69027 0.8
-0.69002 0.7
-0.68978 0.6
-0.68953 0.5
-0.68929 0.5
-0.68904 0.4
-0.6888 0.3
-0.68856 0.2
-0.68831 0.0
-0.68807 0.0
-0.68782 -0.1
-0.68758 -0.2
-0.68734 -0.3
-0.68709 -0.4
-0.68685 -0.5
-0.6866 -0.6
-0.68636 -0.7
-0.68612 -0.8
-0.68587 -0.9
-0.68563 -1.0
-0.68538 -1.1
-0.68514 -1.2
-0.68489 -1.2
-0.68465 -1.3
-0.68441 -1.4
-0.68416 -1.5
-0.68392 -1.6
-0.68367 -1.6
-0.68343 -1.7
-0.68319 -1.8
-0.68294 -1.8
-0.6827 -1.9
-0.68245 -2.0
-0.68221 -2.0
-0.68196 -2.1
-0.68172 -2.1
-0.68148 -2.2
-0.68123 -2.2
-0.68099 -2.3
-0.68074 -2.3
-0.6805 -2.3
-0.68026 -2.4
-0.68001 -2.4
-0.67977 -2.4
-0.67952 -2.4
-0.67928 -2.4
-0.67904 -2.4
-0.67879 -2.5
-0.67855 -2.5
-0.6783 -2.5
-0.67806 -2.5
-0.67781 -2.4
-0.67757 -2.4
-0.67733 -2.4
-0.67708 -2.4
-0.67684 -2.4
-0.67659 -2.3
-0.67635 -2.3
-0.67611 -2.3
-0.67586 -2.2
-0.67562 -2.2
-0.67537 -2.2
-0.67513 -2.1
-0.67488 -2.0
-0.67464 -2.0
-0.6744 -1.9
-0.67415 -1.9
-0.67391 -1.8
-0.67366 -1.7
-0.67342 -1.7
-0.67318 -1.6
-0.67293 -1.5
-0.67269 -1.4
-0.67244 -1.4
-0.6722 -1.3
-0.67196 -1.2
-0.67171 -1.1
-0.67147 -1.0
-0.67122 -0.9
-0.67098 -0.8
-0.67073 -0.7
-0.67049 -0.6
-0.67025 -0.6
-0.67 -0.5
-0.66976 -0.4
-0.66951 -0.3
-0.66927 -0.2
-0.66903 0.0
-0.66878 0.0
-0.66854 0.1
-0.66829 0.2
-0.66805 0.3
-0.6678 0.4
-0.66756 0.5
-0.66732 0.6
-0.66707 0.7
-0.66683 0.8
-0.66658 0.9
-0.66634 1.0
-0.6661 1.1
-0.66585 1.2
-0.66561 1.3
-0.66536 1.3
-0.66512 1.4
-0.66488 1.5
-0.66463 1.6
-0.66439 1.7
-0.66414 1.7
-0.6639 1.8
-0.66365 1.9
-0.66341 1.9
-0.66317 2.0
-0.66292 2.0
-0.66268 2.1
-0.66243 2.2
-0.66219 2.2
-0.66195 2.2
-0.6617 2.3
-0.66146 2.3
-0.66121 2.4
-0.66097 2.4
-0.66072 2.4
-0.66048 2.4
-0.66024 2.4
-0.65999 2.5
-0.65975 2.5
-0.6595 2.5
-0.65926 2.5
-0.65902 2.5
-0.65877 2.5
-0.65853 2.5
-0.65828 2.4
-0.65804 2.4
-0.65779 2.4
-0.65755 2.4
-0.65731 2.3
-0.65706 2.3
-0.65682 2.3
-0.65657 2.2
-0.65633 2.2
-0.65609 2.1
-0.65584 2.1
-0.6556 2.0
-0.65535 2.0
-0.65511 1.9
-0.65487 1.8
-0.65462 1.8
-0.65438 1.7
-0.65413 1.6
-0.65389 1.6
-0.65364 1.5
-0.6534 1.4
-0.65316 1.3
-0.65291 1.2
-0.65267 1.1
-0.65242 1.0
-0.65218 1.0
-0.65194 0.9
-0.65169 0.8
-0.65145 0.7
-0.6512 0.6
-0.65096 0.5
-0.65071 0.4
-0.65047 0.3
-0.65023 0.2
-0.64998 0.0
-0.64974 0.0
-0.64949 -0.1
-0.64925 -0.2
-0.64901 -0.3
-0.64876 -0.4
-0.64852 -0.5
-0.64827 -0.6
-0.64803 -0.7
-0.64779 -0.8
-0.64754 -0.9
-0.6473 -1.0
-0.64705 -1.1
-0.64681 -1.2
-0.64656 -1.3
-0.64632 -1.3
-0.64608 -1.4
-0.64583 -1.5
-0.64559 -1.6
-0.64534 -1.7
-0.6451 -1.7
-0.64486 -1.8
-0.64461 -1.9
-0.64437 -1.9
-0.64412 -2.0
-0.64388 -2.1
-0.64363 -2.1
-0.64339 -2.2
-0.64315 -2.2
-0.6429 -2.3
-0.64266 -2.3
-0.64241 -2.3
-0.64217 -2.4
-0.64193 -2.4
-0.64168 -2.4
-0.64144 -2.4
-0.64119 -2.5
-0.64095 -2.5
-0.64071 -2.5
-0.64046 -2.5
-0.64022 -2.5
-0.63997 -2.5
-0.63973 -2.5
-0.63948 -2.5
-0.63924 -2.5
-0.639 -2.4
-0.63875 -2.4
-0.63851 -2.4
-0.63826 -2.3
-0.63802 -2.3
-0.63778 -2.3
-0.63753 -2.2
-0.63729 -2.2
-0.63704 -2.1
-0.6368 -2.1
-0.63655 -2.0
-0.63631 -2.0
-0.63607 -1.9
-0.63582 -1.8
-0.63558 -1.8
-0.63533 -1.7
-0.63509 -1.6
-0.63485 -1.5
-0.6346 -1.5
-0.63436 -1.4
-0.63411 -1.3
-0.63387 -1.2
-0.63363 -1.1
-0.63338 -1.0
-0.63314 -0.9
-0.63289 -0.8
-0.63265 -0.7
-0.6324 -0.6
-0.63216 -0.5
-0.63192 -0.4
-0.63167 -0.3
-0.63143 -0.2
-0.63118 -0.1
-0.63094 0.0
-0.6307 0.0
-0.63045 0.2
-0.63021 0.3
-0.62996 0.4
-0.62972 0.5
-0.62947 0.6
-0.62923 0.7
-0.62899 0.8
-0.62874 0.9
-0.6285 1.0
-0.62825 1.1
-0.62801 1.2
-0.62777 1.2
-0.62752 1.3
-0.62728 1.4
-0.62703 1.5
-0.62679 1.6
-0.62654 1.7
-0.6263 1.7
-0.62606 1.8
-0.62581 1.9
-0.62557 1.9
-0.62532 2.0
-0.62508 2.1
-0.62484 2.1
-0.62459 2.2
-0.62435 2.2
-0.6241 2.3
-0.62386 2.3
-0.62362 2.4
-0.62337 2.4
-0.62313 2.4
-0.62288 2.4
-0.62264 2.5
-0.62239 2.5
-0.62215 2.5
-0.62191 2.5
-0.62166 2.5
-0.62142 2.5
-0.62117 2.5
-0.62093 2.5
-0.62069 2.5
-0.62044 2.5
-0.6202 2.4
-0.61995 2.4
-0.61971 2.4
-0.61946 2.4
-0.61922 2.3
-0.61898 2.3
-0.61873 2.2
-0.61849 2.2
-0.61824 2.1
-0.618 2.1
-0.61776 2.0
-0.61751 2.0
-0.61727 1.9
-0.61702 1.8
-0.61678 1.8
-0.61654 1.7
-0.61629 1.6
-0.61605 1.5
-0.6158 1.4
-0.61556 1.4
-0.61531 1.3
-0.61507 1.2
-0.61483 1.1
-0.61458 1.0
-0.61434 0.9
-0.61409 0.8
-0.61385 0.7
-0.61361 0.6
-0.61336 0.5
-0.61312 0.4
-0.61287 0.3
-0.61263 0.2
-0.61238 0.0
-0.61214 0.0
-0.6119 -0.1
-0.61165 -0.2
-0.61141 -0.3
-0.61116 -0.4
-0.61092 -0.5
-0.61068 -0.6
-0.61043 -0.7
-0.61019 -0.8
-0.60994 -0.9
-0.6097 -1.0
-0.60946 -1.1
-0.60921 -1.2
-0.60897 -1.3
-0.60872 -1.4
-0.60848 -1.5
-0.60823 -1.6
-0.60799 -1.6
-0.60775 -1.7
-0.6075 -1.8
-0.60726 -1.9
-0.60701 -1.9
-0.60677 -2.0
-0.60653 -2.1
-0.60628 -2.1
-0.60604 -2.2
-0.60579 -2.2
-0.60555 -2.3
-0.6053 -2.3
-0.60506 -2.4
-0.60482 -2.4
-0.60457 -2.4
-0.60433 -2.4
-0.60408 -2.5
-0.60384 -2.5
-0.6036 -2.5
-0.60335 -2.5
-0.60311 -2.5
-0.60286 -2.5
-0.60262 -2.5
-0.60238 -2.5
-0.60213 -2.5
-0.60189 -2.5
-0.60164 -2.5
-0.6014 -2.4
-0.60115 -2.4
-0.60091 -2.4
-0.60067 -2.3
-0.60042 -2.3
-0.60018 -2.3
-0.59993 -2.2
-0.59969 -2.2
-0.59945 -2.1
-0.5992 -2.0
-0.59896 -2.0
-0.59871 -1.9
-0.59847 -1.8
-0.59822 -1.8
-0.59798 -1.7
-0.59774 -1.6
-0.59749 -1.5
-0.59725 -1.5
-0.597 -1.4
-0.59676 -1.3
-0.59652 -1.2
-0.59627 -1.1
-0.59603 -1.0
-0.59578 -0.9
-0.59554 -0.8
-0.59529 -0.7
-0.59505 -0.6
-0.59481 -0.5
-0.59456 -0.4
-0.59432 -0.3
-0.59407 -0.2
-0.59383 0.0
-0.59359 0.0
-0.59334 0.1
-0.5931 0.2
-0.59285 0.3
-0.59261 0.5
-0.59237 0.6
-0.59212 0.7
-0.59188 0.8
-0.59163 0.9
-0.59139 1.0
-0.59114 1.1
-0.5909 1.1
-0.59066 1.2
-0.59041 1.3
-0.59017 1.4
-0.58992 1.5
-0.58968 1.6
-0.58944 1.7
-0.58919 1.8
-0.58895 1.8
-0.5887 1.9
-0.58846 2.0
-0.58821 2.0
-0.58797 2.1
-0.58773 2.2
-0.58748 2.2
-0.58724 2.3
-0.58699 2.3
-0.58675 2.3
-0.58651 2.4
-0.58626 2.4
-0.58602 2.5
-0.58577 2.5
-0.58553 2.5
-0.58529 2.5
-0.58504 2.5
-0.5848 2.5
-0.58455 2.5
-0.58431 2.5
-0.58406 2.5
-0.58382 2.5
-0.58358 2.5
-0.58333 2.5
-0.58309 2.5
-0.58284 2.4
-0.5826 2.4
-0.58236 2.4
-0.58211 2.3
-0.58187 2.3
-0.58162 2.2
-0.58138 2.2
-0.58113 2.1
-0.58089 2.1
-0.58065 2.0
-0.5804 1.9
-0.58016 1.9
-0.57991 1.8
-0.57967 1.7
-0.57943 1.6
-0.57918 1.6
-0.57894 1.5
-0.57869 1.4
-0.57845 1.3
-0.57821 1.2
-0.57796 1.1
-0.57772 1.0
-0.57747 0.9
-0.57723 0.8
-0.57698 0.7
-0.57674 0.6
-0.5765 0.5
-0.57625 0.4
-0.57601 0.3
-0.57576 0.2
-0.57552 0.0
-0.57528 0.0
-0.57503 -0.1
-0.57479 -0.2
-0.57454 -0.3
-0.5743 -0.5
-0.57405 -0.6
-0.57381 -0.7
-0.57357 -0.8
-0.57332 -0.9
-0.57308 -1.0
-0.57283 -1.1
-0.57259 -1.2
-0.57235 -1.3
-0.5721 -1.4
-0.57186 -1.4
-0.57161 -1.5
-0.57137 -1.6
-0.57113 -1.7
-0.57088 -1.8
-0.57064 -1.9
-0.57039 -1.9
-0.57015 -2.0
-0.5699 -2.1
-0.56966 -2.1
-0.56942 -2.2
-0.56917 -2.2
-0.56893 -2.3
-0.56868 -2.3
-0.56844 -2.4
-0.5682 -2.4
-0.56795 -2.4
-0.56771 -2.5
-0.56746 -2.5
-0.56722 -2.5
-0.56697 -2.5
-0.56673 -2.6
-0.56649 -2.6
-0.56624 -2.6
-0.566 -2.6
-0.56575 -2.6
-0.56551 -2.5
-0.56527 -2.5
-0.56502 -2.5
-0.56478 -2.5
-0.56453 -2.4
-0.56429 -2.4
-0.56404 -2.4
-0.5638 -2.3
-0.56356 -2.3
-0.56331 -2.2
-0.56307 -2.2
-0.56282 -2.1
-0.56258 -2.1
-0.56234 -2.0
-0.56209 -1.9
-0.56185 -1.9
-0.5616 -1.8
-0.56136 -1.7
-0.56112 -1.6
-0.56087 -1.5
-0.56063 -1.4
-0.56038 -1.3
-0.56014 -1.3
-0.55989 -1.2
-0.55965 -1.1
-0.55941 -1.0
-0.55916 -0.9
-0.55892 -0.8
-0.55867 -0.6
-0.55843 -0.5
-0.55819 -0.4
-0.55794 -0.3
-0.5577 -0.2
-0.55745 -0.1
-0.55721 0.0
-0.55696 0.1
-0.55672 0.2
-0.55648 0.3
-0.55623 0.4
-0.55599 0.5
-0.55574 0.6
-0.5555 0.8
-0.55526 0.9
-0.55501 1.0
-0.55477 1.1
-0.55452 1.2
-0.55428 1.3
-0.55404 1.4
-0.55379 1.4
-0.55355 1.5
-0.5533 1.6
-0.55306 1.7
-0.55281 1.8
-0.55257 1.9
-0.55233 1.9
-0.55208 2.0
-0.55184 2.1
-0.55159 2.1
-0.55135 2.2
-0.55111 2.3
-0.55086 2.3
-0.55062 2.4
-0.55037 2.4
-0.55013 2.4
-0.54988 2.5
-0.54964 2.5
-0.5494 2.5
-0.54915 2.5
-0.54891 2.6
-0.54866 2.6
-0.54842 2.6
-0.54818 2.6
-0.54793 2.6
-0.54769 2.6
-0.54744 2.6
-0.5472 2.5
-0.54696 2.5
-0.54671 2.5
-0.54647 2.5
-0.54622 2.4
-0.54598 2.4
-0.54573 2.3
-0.54549 2.3
-0.54525 2.2
-0.545 2.2
-0.54476 2.1
-0.54451 2.1
-0.54427 2.0
-0.54403 1.9
-0.54378 1.8
-0.54354 1.8
-0.54329 1.7
-0.54305 1.6
-0.5428 1.5
-0.54256 1.4
-0.54232 1.3
-0.54207 1.2
-0.54183 1.1
-0.54158 1.0
-0.54134 0.9
-0.5411 0.8
-0.54085 0.7
-0.54061 0.6
-0.54036 0.5
-0.54012 0.4
-0.53988 0.3
-0.53963 0.2
-0.53939 0.0
-0.53914 0.0
-0.5389 -0.2
-0.53865 -0.3
-0.53841 -0.4
-0.53817 -0.5
-0.53792 -0.6
-0.53768 -0.7
-0.53743 -0.8
-0.53719 -0.9
-0.53695 -1.0
-0.5367 -1.1
-0.53646 -1.2
-0.53621 -1.3
-0.53597 -1.4
-0.53572 -1.5
-0.53548 -1.6
-0.53524 -1.7
-0.53499 -1.8
-0.53475 -1.9
-0.5345 -1.9
-0.53426 -2.0
-0.53402 -2.1
-0.53377 -2.1
-0.53353 -2.2
-0.53328 -2.3
-0.53304 -2.3
-0.53279 -2.4
-0.53255 -2.4
-0.53231 -2.4
-0.53206 -2.5
-0.53182 -2.5
-0.53157 -2.5
-0.53133 -2.6
-0.53109 -2.6
-0.53084 -2.6
-0.5306 -2.6
-0.53035 -2.6
-0.53011 -2.6
-0.52987 -2.6
-0.52962 -2.6
-0.52938 -2.6
-0.52913 -2.5
-0.52889 -2.5
-0.52864 -2.5
-0.5284 -2.4
-0.52816 -2.4
-0.52791 -2.4
-0.52767 -2.3
-0.52742 -2.2
-0.52718 -2.2
-0.52694 -2.1
-0.52669 -2.1
-0.52645 -2.0
-0.5262 -1.9
-0.52596 -1.8
-0.52571 -1.8
-0.52547 -1.7
-0.52523 -1.6
-0.52498 -1.5
-0.52474 -1.4
-0.52449 -1.3
-0.52425 -1.2
-0.52401 -1.1
-0.52376 -1.0
-0.52352 -0.9
-0.52327 -0.8
-0.52303 -0.7
-0.52279 -0.6
-0.52254 -0.5
-0.5223 -0.3
-0.52205 -0.2
-0.52181 -0.1
-0.52156 0.0
-0.52132 0.1
-0.52108 0.2
-0.52083 0.3
-0.52059 0.4
-0.52034 0.6
-0.5201 0.7
-0.51986 0.8
-0.51961 0.9
-0.51937 1.0
-0.51912 1.1
-0.51888 1.2
-0.51863 1.3
-0.51839 1.4
-0.51815 1.5
-0.5179 1.6
-0.51766 1.7
-0.51741 1.8
-0.51717 1.8
-0.51693 1.9
-0.51668 2.0
-0.51644 2.1
-0.51619 2.1
-0.51595 2.2
-0.51571 2.3
-0.51546 2.3
-0.51522 2.4
-0.51497 2.4
-0.51473 2.5
-0.51448 2.5
-0.51424 2.5
-0.514 2.5
-0.51375 2.6
-0.51351 2.6
-0.51326 2.6
-0.51302 2.6
-0.51278 2.6
-0.51253 2.6
-0.51229 2.6
-0.51204 2.6
-0.5118 2.6
-0.51155 2.6
-0.51131 2.5
-0.51107 2.5
-0.51082 2.5
-0.51058 2.4
-0.51033 2.4
-0.51009 2.3
-0.50985 2.3
-0.5096 2.2
-0.50936 2.1
-0.50911 2.1
-0.50887 2.0
-0.50863 1.9
-0.50838 1.9
-0.50814 1.8
-0.50789 1.7
-0.50765 1.6
-0.5074 1.5
-0.50716 1.4
-0.50692 1.3
-0.50667 1.2
-0.50643 1.1
-0.50618 1.0
-0.50594 0.9
-0.5057 0.8
-0.50545 0.7
-0.50521 0.6
-0.50496 0.4
-0.50472 0.3
-0.50447 0.2
-0.50423 0.1
-0.50399 0.0
-0.50374 -0.1
-0.5035 -0.2
-0.50325 -0.4
-0.50301 -0.5
-0.50277 -0.6
-0.50252 -0.7
-0.50228 -0.8
-0.50203 -0.9
-0.50179 -1.0
-0.50154 -1.1
-0.5013 -1.2
-0.50106 -1.3
-0.50081 -1.4
-0.50057 -1.5
-0.50032 -1.6
-0.50008 -1.7
-0.49984 -1.8
-0.49959 -1.9
-0.49935 -2.0
-0.4991 -2.0
-0.49886 -2.1
-0.49862 -2.2
-0.49837 -2.2
-0.49813 -2.3
-0.49788 -2.4
-0.49764 -2.4
-0.49739 -2.4
-0.49715 -2.5
-0.49691 -2.5
-0.49666 -2.6
-0.49642 -2.6
-0.49617 -2.6
-0.49593 -2.6
-0.49569 -2.6
-0.49544 -2.6
-0.4952 -2.6
-0.49495 -2.6
-0.49471 -2.6
-0.49446 -2.6
-0.49422 -2.6
-0.49398 -2.6
-0.49373 -2.5
-0.49349 -2.5
-0.49324 -2.5
-0.493 -2.4
-0.49276 -2.4
-0.49251 -2.3
-0.49227 -2.2
-0.49202 -2.2
-0.49178 -2.1
-0.49154 -2.0
-0.49129 -2.0
-0.49105 -1.9
-0.4908 -1.8
-0.49056 -1.7
-0.49031 -1.6
-0.49007 -1.5
-0.48983 -1.4
-0.48958 -1.3
-0.48934 -1.2
-0.48909 -1.1
-0.48885 -1.0
-0.48861 -0.9
-0.48836 -0.8
-0.48812 -0.7
-0.48787 -0.6
-0.48763 -0.5
-0.48738 -0.3
-0.48714 -0.2
-0.4869 -0.1
-0.48665 0.0
-0.48641 0.1
-0.48616 0.2
-0.48592 0.4
-0.48568 0.5
-0.48543 0.6
-0.48519 0.7
-0.48494 0.8
-0.4847 0.9
-0.48446 1.0
-0.48421 1.2
-0.48397 1.3
-0.48372 1.4
-0.48348 1.5
-0.48323 1.6
-0.48299 1.7
-0.48275 1.7
-0.4825 1.8
-0.48226 1.9
-0.48201 2.0
-0.48177 2.1
-0.48153 2.1
-0.48128 2.2
-0.48104 2.3
-0.48079 2.3
-0.48055 2.4
-0.4803 2.4
-0.48006 2.5
-0.47982 2.5
-0.47957 2.6
-0.47933 2.6
-0.47908 2.6
-0.47884 2.6
-0.4786 2.6
-0.47835 2.7
-0.47811 2.7
-0.47786 2.7
-0.47762 2.6
-0.47738 2.6
-0.47713 2.6
-0.47689 2.6
-0.47664 2.6
-0.4764 2.5
-0.47615 2.5
-0.47591 2.4
-0.47567 2.4
-0.47542 2.3
-0.47518 2.3
-0.47493 2.2
-0.47469 2.2
-0.47445 2.1
-0.4742 2.0
-0.47396 1.9
-0.47371 1.8
-0.47347 1.8
-0.47322 1.7
-0.47298 1.6
-0.47274 1.5
-0.47249 1.4
-0.47225 1.3
-0.472 1.2
-0.47176 1.1
-0.47152 0.9
-0.47127 0.8
-0.47103 0.7
-0.47078 0.6
-0.47054 0.5
-0.47029 0.4
-0.47005 0.2
-0.46981 0.1
-0.46956 0.0
-0.46932 -0.1
-0.46907 -0.2
-0.46883 -0.4
-0.46859 -0.5
-0.46834 -0.6
-0.4681 -0.7
-0.46785 -0.8
-0.46761 -0.9
-0.46737 -1.0
-0.46712 -1.2
-0.46688 -1.3
-0.46663 -1.4
-0.46639 -1.5
-0.46614 -1.6
-0.4659 -1.7
-0.46566 -1.8
-0.46541 -1.9
-0.46517 -1.9
-0.46492 -2.0
-0.46468 -2.1
-0.46444 -2.2
-0.46419 -2.2
-0.46395 -2.3
-0.4637 -2.4
-0.46346 -2.4
-0.46321 -2.5
-0.46297 -2.5
-0.46273 -2.6
-0.46248 -2.6
-0.46224 -2.6
-0.46199 -2.6
-0.46175 -2.7
-0.46151 -2.7
-0.46126 -2.7
-0.46102 -2.7
-0.46077 -2.7
-0.46053 -2.7
-0.46029 -2.7
-0.46004 -2.6
-0.4598 -2.6
-0.45955 -2.6
-0.45931 -2.5
-0.45906 -2.5
-0.45882 -2.5
-0.45858 -2.4
-0.45833 -2.3
-0.45809 -2.3
-0.45784 -2.2
-0.4576 -2.1
-0.45736 -2.1
-0.45711 -2.0
-0.45687 -1.9
-0.45662 -1.8
-0.45638 -1.7
-0.45613 -1.6
-0.45589 -1.5
-0.45565 -1.4
-0.4554 -1.3
-0.45516 -1.2
-0.45491 -1.1
-0.45467 -1.0
-0.45443 -0.9
-0.45418 -0.8
-0.45394 -0.6
-0.45369 -0.5
-0.45345 -0.4
-0.45321 -0.3
-0.45296 -0.2
-0.45272 0.0
-0.45247 0.0
-0.45223 0.2
-0.45198 0.3
-0.45174 0.4
-0.4515 0.6
-0.45125 0.7
-0.45101 0.8
-0.45076 0.9
-0.45052 1.0
-0.45028 1.2
-0.45003 1.3
-0.44979 1.4
-0.44954 1.5
-0.4493 1.6
-0.44905 1.7
-0.44881 1.8
-0.44857 1.9
-0.44832 1.9
-0.44808 2.0
-0.44783 2.1
-0.44759 2.2
-0.44735 2.3
-0.4471 2.3
-0.44686 2.4
-0.44661 2.4
-0.44637 2.5
-0.44613 2.5
-0.44588 2.6
-0.44564 2.6
-0.44539 2.6
-0.44515 2.7
-0.4449 2.7
-0.44466 2.7
-0.44442 2.7
-0.44417 2.7
-0.44393 2.7
-0.44368 2.7
-0.44344 2.7
-0.4432 2.6
-0.44295 2.6
-0.44271 2.6
-0.44246 2.5
-0.44222 2.5
-0.44197 2.5
-0.44173 2.4
-0.44149 2.3
-0.44124 2.3
-0.441 2.2
-0.44075 2.1
-0.44051 2.1
-0.44027 2.0
-0.44002 1.9
-0.43978 1.8
-0.43953 1.7
-0.43929 1.6
-0.43904 1.5
-0.4388 1.4
-0.43856 1.3
-0.43831 1.2
-0.43807 1.1
-0.43782 0.9
-0.43758 0.8
-0.43734 0.7
-0.43709 0.6
-0.43685 0.5
-0.4366 0.3
-0.43636 0.2
-0.43612 0.0
-0.43587 0.0
-0.43563 -0.2
-0.43538 -0.3
-0.43514 -0.4
-0.43489 -0.5
-0.43465 -0.7
-0.43441 -0.8
-0.43416 -0.9
-0.43392 -1.0
-0.43367 -1.1
-0.43343 -1.2
-0.43319 -1.3
-0.43294 -1.5
-0.4327 -1.6
-0.43245 -1.7
-0.43221 -1.8
-0.43196 -1.9
-0.43172 -1.9
-0.43148 -2.0
-0.43123 -2.1
-0.43099 -2.2
-0.43074 -2.3
-0.4305 -2.3
-0.43026 -2.4
-0.43001 -2.5
-0.42977 -2.5
-0.42952 -2.5
-0.42928 -2.6
-0.42904 -2.6
-0.42879 -2.7
-0.42855 -2.7
-0.4283 -2.7
-0.42806 -2.7
-0.42781 -2.7
-0.42757 -2.7
-0.42733 -2.7
-0.42708 -2.7
-0.42684 -2.7
-0.42659 -2.7
-0.42635 -2.6
-0.42611 -2.6
-0.42586 -2.6
-0.42562 -2.5
-0.42537 -2.5
-0.42513 -2.4
-0.42488 -2.4
-0.42464 -2.3
-0.4244 -2.2
-0.42415 -2.1
-0.42391 -2.1
-0.42366 -2.0
-0.42342 -1.9
-0.42318 -1.8
-0.42293 -1.7
-0.42269 -1.6
-0.42244 -1.5
-0.4222 -1.4
-0.42196 -1.3
-0.42171 -1.2
-0.42147 -1.0
-0.42122 -0.9
-0.42098 -0.8
-0.42073 -0.7
-0.42049 -0.6
-0.42025 -0.4
-0.42 -0.3
-0.41976 -0.2
-0.41951 0.0
-0.41927 0.0
-0.41903 0.2
-0.41878 0.3
-0.41854 0.5
-0.41829 0.6
-0.41805 0.7
-0.4178 0.8
-0.41756 1.0
-0.41732 1.1
-0.41707 1.2
-0.41683 1.3
-0.41658 1.4
-0.41634 1.5
-0.4161 1.6
-0.41585 1.7
-0.41561 1.8
-0.41536 1.9
-0.41512 2.0
-0.41488 2.1
-0.41463 2.2
-0.41439 2.3
-0.41414 2.3
-0.4139 2.4
-0.41365 2.5
-0.41341 2.5
-0.41317 2.6
-0.41292 2.6
-0.41268 2.6
-0.41243 2.7
-0.41219 2.7
-0.41195 2.7
-0.4117 2.7
-0.41146 2.7
-0.41121 2.7
-0.41097 2.7
-0.41072 2.7
-0.41048 2.7
-0.41024 2.7
-0.40999 2.7
-0.40975 2.6
-0.4095 2.6
-0.40926 2.5
-0.40902 2.5
-0.40877 2.4
-0.40853 2.4
-0.40828 2.3
-0.40804 2.2
-0.40779 2.2
-0.40755 2.1
-0.40731 2.0
-0.40706 1.9
-0.40682 1.8
-0.40657 1.7
-0.40633 1.6
-0.40609 1.5
-0.40584 1.4
-0.4056 1.3
-0.40535 1.1
-0.40511 1.0
-0.40487 0.9
-0.40462 0.8
-0.40438 0.7
-0.40413 0.5
-0.40389 0.4
-0.40364 0.3
-0.4034 0.1
-0.40316 0.0
-0.40291 -0.1
-0.40267 -0.3
-0.40242 -0.4
-0.40218 -0.5
-0.40194 -0.6
-0.40169 -0.8
-0.40145 -0.9
-0.4012 -1.0
-0.40096 -1.1
-0.40071 -1.3
-0.40047 -1.4
-0.40023 -1.5
-0.39998 -1.6
-0.39974 -1.7
-0.39949 -1.8
-0.39925 -1.9
-0.39901 -2.0
-0.39876 -2.1
-0.39852 -2.2
-0.39827 -2.2
-0.39803 -2.3
-0.39779 -2.4
-0.39754 -2.5
-0.3973 -2.5
-0.39705 -2.6
-0.39681 -2.6
-0.39656 -2.7
-0.39632 -2.7
-0.39608 -2.7
-0.39583 -2.7
-0.39559 -2.8
-0.39534 -2.8
-0.3951 -2.8
-0.39486 -2.8
-0.39461 -2.8
-0.39437 -2.7
-0.39412 -2.7
-0.39388 -2.7
-0.39363 -2.7
-0.39339 -2.6
-0.39315 -2.6
-0.3929 -2.5
-0.39266 -2.5
-0.39241 -2.4
-0.39217 -2.3
-0.39193 -2.3
-0.39168 -2.2
-0.39144 -2.1
-0.39119 -2.0
-0.39095 -1.9
-0.39071 -1.8
-0.39046 -1.7
-0.39022 -1.6
-0.38997 -1.5
-0.38973 -1.4
-0.38948 -1.3
-0.38924 -1.1
-0.389 -1.0
-0.38875 -0.9
-0.38851 -0.8
-0.38826 -0.6
-0.38802 -0.5
-0.38778 -0.4
-0.38753 -0.2
-0.38729 -0.1
-0.38704 0.0
-0.3868 0.2
-0.38655 0.3
-0.38631 0.4
-0.38607 0.6
-0.38582 0.7
-0.38558 0.8
-0.38533 0.9
-0.38509 1.1
-0.38485 1.2
-0.3846 1.3
-0.38436 1.4
-0.38411 1.5
-0.38387 1.6
-0.38363 1.8
-0.38338 1.9
-0.38314 2.0
-0.38289 2.1
-0.38265 2.1
-0.3824 2.2
-0.38216 2.3
-0.38192 2.4
-0.38167 2.4
-0.38143 2.5
-0.38118 2.6
-0.38094 2.6
-0.3807 2.7
-0.38045 2.7
-0.38021 2.7
-0.37996 2.8
-0.37972 2.8
-0.37947 2.8
-0.37923 2.8
-0.37899 2.8
-0.37874 2.8
-0.3785 2.8
-0.37825 2.8
-0.37801 2.7
-0.37777 2.7
-0.37752 2.7
-0.37728 2.6
-0.37703 2.6
-0.37679 2.5
-0.37654 2.4
-0.3763 2.4
-0.37606 2.3
-0.37581 2.2
-0.37557 2.1
-0.37532 2.0
-0.37508 1.9
-0.37484 1.8
-0.37459 1.7
-0.37435 1.6
-0.3741 1.5
-0.37386 1.4
-0.37362 1.3
-0.37337 1.2
-0.37313 1.0
-0.37288 0.9
-0.37264 0.8
-0.37239 0.6
-0.37215 0.5
-0.37191 0.4
-0.37166 0.2
-0.37142 0.1
-0.37117 0.0
-0.37093 -0.2
-0.37069 -0.3
-0.37044 -0.4
-0.3702 -0.6
-0.36995 -0.7
-0.36971 -0.8
-0.36946 -1.0
-0.36922 -1.1
-0.36898 -1.2
-0.36873 -1.3
-0.36849 -1.5
-0.36824 -1.6
-0.368 -1.7
-0.36776 -1.8
-0.36751 -1.9
-0.36727 -2.0
-0.36702 -2.1
-0.36678 -2.2
-0.36654 -2.3
-0.36629 -2.4
-0.36605 -2.4
-0.3658 -2.5
-0.36556 -2.6
-0.36531 -2.6
-0.36507 -2.7
-0.36483 -2.7
-0.36458 -2.7
-0.36434 -2.8
-0.36409 -2.8
-0.36385 -2.8
-0.36361 -2.8
-0.36336 -2.8
-0.36312 -2.8
-0.36287 -2.8
-0.36263 -2.8
-0.36238 -2.8
-0.36214 -2.7
-0.3619 -2.7
-0.36165 -2.7
-0.36141 -2.6
-0.36116 -2.5
-0.36092 -2.5
-0.36068 -2.4
-0.36043 -2.3
-0.36019 -2.3
-0.35994 -2.2
-0.3597 -2.1
-0.35946 -2.0
-0.35921 -1.9
-0.35897 -1.8
-0.35872 -1.7
-0.35848 -1.6
-0.35823 -1.4
-0.35799 -1.3
-0.35775 -1.2
-0.3575 -1.1
-0.35726 -0.9
-0.35701 -0.8
-0.35677 -0.7
-0.35653 -0.5
-0.35628 -0.4
-0.35604 -0.2
-0.35579 -0.1
-0.35555 0.0
-0.3553 0.2
-0.35506 0.3
-0.35482 0.5
-0.35457 0.6
-0.35433 0.7
-0.35408 0.9
-0.35384 1.0
-0.3536 1.1
-0.35335 1.3
-0.35311 1.4
-0.35286 1.5
-0.35262 1.6
-0.35238 1.7
-0.35213 1.8
-0.35189 1.9
-0.35164 2.0
-0.3514 2.1
-0.35115 2.2
-0.35091 2.3
-0.35067 2.4
-0.35042 2.5
-0.35018 2.5
-0.34993 2.6
-0.34969 2.7
-0.34945 2.7
-0.3492 2.7
-0.34896 2.8
-0.34871 2.8
-0.34847 2.8
-0.34822 2.8
-0.34798 2.8
-0.34774 2.8
-0.34749 2.8
-0.34725 2.8
-0.347 2.8
-0.34676 2.8
-0.34652 2.7
-0.34627 2.7
-0.34603 2.6
-0.34578 2.6
-0.34554 2.5
-0.34529 2.5
-0.34505 2.4
-0.34481 2.3
-0.34456 2.2
-0.34432 2.1
-0.34407 2.0
-0.34383 1.9
-0.34359 1.8
-0.34334 1.7
-0.3431 1.6
-0.34285 1.5
-0.34261 1.4
-0.34237 1.2
-0.34212 1.1
-0.34188 1.0
-0.34163 0.8
-0.34139 0.7
-0.34114 0.5
-0.3409 0.4
-0.34066 0.3
-0.34041 0.1
-0.34017 0.0
-0.33992 -0.2
-0.33968 -0.3
-0.33944 -0.5
-0.33919 -0.6
-0.33895 -0.7
-0.3387 -0.9
-0.33846 -1.0
-0.33821 -1.1
-0.33797 -1.3
-0.33773 -1.4
-0.33748 -1.5
-0.33724 -1.6
-0.33699 -1.8
-0.33675 -1.9
-0.33651 -2.0
-0.33626 -2.1
-0.33602 -2.2
-0.33577 -2.3
-0.33553 -2.4
-0.33529 -2.4
-0.33504 -2.5
-0.3348 -2.6
-0.33455 -2.6
-0.33431 -2.7
-0.33406 -2.7
-0.33382 -2.8
-0.33358 -2.8
-0.33333 -2.8
-0.33309 -2.9
-0.33284 -2.9
-0.3326 -2.9
-0.33236 -2.9
-0.33211 -2.9
-0.33187 -2.8
-0.33162 -2.8
-0.33138 -2.8
-0.33113 -2.7
-0.33089 -2.7
-0.33065 -2.6
-0.3304 -2.6
-0.33016 -2.5
-0.32991 -2.4
-0.32967 -2.4
-0.32943 -2.3
-0.32918 -2.2
-0.32894 -2.1
-0.32869 -2.0
-0.32845 -1.9
-0.32821 -1.8
-0.32796 -1.6
-0.32772 -1.5
-0.32747 -1.4
-0.32723 -1.3
-0.32698 -1.1
-0.32674 -1.0
-0.3265 -0.9
-0.32625 -0.7
-0.32601 -0.6
-0.32576 -0.4
-0.32552 -0.3
-0.32528 -0.1
-0.32503 0.0
-0.32479 0.2
-0.32454 0.3
-0.3243 0.4
-0.32405 0.6
-0.32381 0.7
-0.32357 0.9
-0.32332 1.0
-0.32308 1.2
-0.32283 1.3
-0.32259 1.4
-0.32235 1.5
-0.3221 1.7
-0.32186 1.8
-0.32161 1.9
-0.32137 2.0
-0.32113 2.1
-0.32088 2.2
-0.32064 2.3
-0.32039 2.4
-0.32015 2.5
-0.3199 2.5
-0.31966 2.6
-0.31942 2.7
-0.31917 2.7
-0.31893 2.8
-0.31868 2.8
-0.31844 2.9
-0.3182 2.9
-0.31795 2.9
-0.31771 2.9
-0.31746 2.9
-0.31722 2.9
-0.31697 2.9
-0.31673 2.9
-0.31649 2.8
-0.31624 2.8
-0.316 2.8
-0.31575 2.7
-0.31551 2.6
-0.31527 2.6
-0.31502 2.5
-0.31478 2.4
-0.31453 2.3
-0.31429 2.3
-0.31404 2.2
-0.3138 2.1
-0.31356 1.9
-0.31331 1.8
-0.31307 1.7
-0.31282 1.6
-0.31258 1.5
-0.31234 1.3
-0.31209 1.2
-0.31185 1.1
-0.3116 0.9
-0.31136 0.8
-0.31112 0.6
-0.31087 0.5
-0.31063 0.3
-0.31038 0.2
-0.31014 0.0
-0.30989 -0.1
-0.30965 -0.3
-0.30941 -0.4
-0.30916 -0.6
-0.30892 -0.7
-0.30867 -0.9
-0.30843 -1.0
-0.30819 -1.2
-0.30794 -1.3
-0.3077 -1.4
-0.30745 -1.6
-0.30721 -1.7
-0.30696 -1.8
-0.30672 -1.9
-0.30648 -2.0
-0.30623 -2.1
-0.30599 -2.2
-0.30574 -2.3
-0.3055 -2.4
-0.30526 -2.5
-0.30501 -2.6
-0.30477 -2.7
-0.30452 -2.7
-0.30428 -2.8
-0.30404 -2.8
-0.30379 -2.9
-0.30355 -2.9
-0.3033 -2.9
-0.30306 -2.9
-0.30281 -2.9
-0.30257 -2.9
-0.30233 -2.9
-0.30208 -2.9
-0.30184 -2.9
-0.30159 -2.9
-0.30135 -2.8
-0.30111 -2.8
-0.30086 -2.7
-0.30062 -2.6
-0.30037 -2.6
-0.30013 -2.5
-0.29988 -2.4
-0.29964 -2.3
-0.2994 -2.2
-0.29915 -2.1
-0.29891 -2.0
-0.29866 -1.9
-0.29842 -1.8
-0.29818 -1.7
-0.29793 -1.5
-0.29769 -1.4
-0.29744 -1.3
-0.2972 -1.1
-0.29696 -1.0
-0.29671 -0.8
-0.29647 -0.7
-0.29622 -0.5
-0.29598 -0.4
-0.29573 -0.2
-0.29549 0.0
-0.29525 0.0
-0.295 0.2
-0.29476 0.4
-0.29451 0.6
-0.29427 0.7
-0.29403 0.9
-0.29378 1.0
-0.29354 1.1
-0.29329 1.3
-0.29305 1.4
-0.2928 1.6
-0.29256 1.7
-0.29232 1.8
-0.29207 1.9
-0.29183 2.1
-0.29158 2.2
-0.29134 2.3
-0.2911 2.4
-0.29085 2.5
-0.29061 2.5
-0.29036 2.6
-0.29012 2.7
-0.28988 2.8
-0.28963 2.8
-0.28939 2.9
-0.28914 2.9
-0.2889 2.9
-0.28865 2.9
-0.28841 3.0
-0.28817 3.0
-0.28792 3.0
-0.28768 3.0
-0.28743 2.9
-0.28719 2.9
-0.28695 2.9
-0.2867 2.8
-0.28646 2.8
-0.28621 2.7
-0.28597 2.7
-0.28572 2.6
-0.28548 2.5
-0.28524 2.4
-0.28499 2.3
-0.28475 2.2
-0.2845 2.1
-0.28426 2.0
-0.28402 1.9
-0.28377 1.7
-0.28353 1.6
-0.28328 1.5
-0.28304 1.3
-0.28279 1.2
-0.28255 1.0
-0.28231 0.9
-0.28206 0.7
-0.28182 0.6
-0.28157 0.4
-0.28133 0.3
-0.28109 0.1
-0.28084 0.0
-0.2806 -0.2
-0.28035 -0.4
-0.28011 -0.5
-0.27987 -0.7
-0.27962 -0.8
-0.27938 -1.0
-0.27913 -1.1
-0.27889 -1.3
-0.27864 -1.4
-0.2784 -1.6
-0.27816 -1.7
-0.27791 -1.8
-0.27767 -2.0
-0.27742 -2.1
-0.27718 -2.2
-0.27694 -2.3
-0.27669 -2.4
-0.27645 -2.5
-0.2762 -2.6
-0.27596 -2.7
-0.27571 -2.7
-0.27547 -2.8
-0.27523 -2.8
-0.27498 -2.9
-0.27474 -2.9
-0.27449 -3.0
-0.27425 -3.0
-0.27401 -3.0
-0.27376 -3.0
-0.27352 -3.0
-0.27327 -3.0
-0.27303 -3.0
-0.27279 -2.9
-0.27254 -2.9
-0.2723 -2.8
-0.27205 -2.8
-0.27181 -2.7
-0.27156 -2.7
-0.27132 -2.6
-0.27108 -2.5
-0.27083 -2.4
-0.27059 -2.3
-0.27034 -2.2
-0.2701 -2.1
-0.26986 -1.9
-0.26961 -1.8
-0.26937 -1.7
-0.26912 -1.5
-0.26888 -1.4
-0.26863 -1.3
-0.26839 -1.1
-0.26815 -1.0
-0.2679 -0.8
-0.26766 -0.6
-0.26741 -0.5
-0.26717 -0.3
-0.26693 -0.2
-0.26668 0.0
-0.26644 0.2
-0.26619 0.3
-0.26595 0.5
-0.26571 0.7
-0.26546 0.8
-0.26522 1.0
-0.26497 1.1
-0.26473 1.3
-0.26448 1.4
-0.26424 1.6
-0.264 1.7
-0.26375 1.8
-0.26351 2.0
-0.26326 2.1
-0.26302 2.2
-0.26278 2.3
-0.26253 2.4
-0.26229 2.5
-0.26204 2.6
-0.2618 2.7
-0.26155 2.8
-0.26131 2.8
-0.26107 2.9
-0.26082 2.9
-0.26058 3.0
-0.26033 3.0
-0.26009 3.0
-0.25985 3.0
-0.2596 3.0
-0.25936 3.0
-0.25911 3.0
-0.25887 3.0
-0.25863 3.0
-0.25838 2.9
-0.25814 2.9
-0.25789 2.8
-0.25765 2.7
-0.2574 2.7
-0.25716 2.6
-0.25692 2.5
-0.25667 2.4
-0.25643 2.3
-0.25618 2.2
-0.25594 2.0
-0.2557 1.9
-0.25545 1.8
-0.25521 1.6
-0.25496 1.5
-0.25472 1.3
-0.25447 1.2
-0.25423 1.0
-0.25399 0.9
-0.25374 0.7
-0.2535 0.5
-0.25325 0.4
-0.25301 0.2
-0.25277 0.0
-0.25252 -0.1
-0.25228 -0.3
-0.25203 -0.5
-0.25179 -0.6
-0.25154 -0.8
-0.2513 -1.0
-0.25106 -1.1
-0.25081 -1.3
-0.25057 -1.4
-0.25032 -1.6
-0.25008 -1.7
-0.24984 -1.9
-0.24959 -2.0
-0.24935 -2.1
-0.2491 -2.2
-0.24886 -2.4
-0.24862 -2.5
-0.24837 -2.6
-0.24813 -2.6
-0.24788 -2.7
-0.24764 -2.8
-0.24739 -2.9
-0.24715 -2.9
-0.24691 -3.0
-0.24666 -3.0
-0.24642 -3.0
-0.24617 -3.1
-0.24593 -3.1
-0.24569 -3.1
-0.24544 -3.1
-0.2452 -3.0
-0.24495 -3.0
-0.24471 -3.0
-0.24446 -2.9
-0.24422 -2.9
-0.24398 -2.8
-0.24373 -2.7
-0.24349 -2.6
-0.24324 -2.6
-0.243 -2.5
-0.24276 -2.4
-0.24251 -2.2
-0.24227 -2.1
-0.24202 -2.0
-0.24178 -1.9
-0.24154 -1.7
-0.24129 -1.6
-0.24105 -1.4
-0.2408 -1.3
-0.24056 -1.1
-0.24031 -0.9
-0.24007 -0.8
-0.23983 -0.6
-0.23958 -0.4
-0.23934 -0.3
-0.23909 0.0
-0.23885 0.0
-0.23861 0.3
-0.23836 0.4
-0.23812 0.6
-0.23787 0.8
-0.23763 1.0
-0.23738 1.1
-0.23714 1.3
-0.2369 1.4
-0.23665 1.6
-0.23641 1.7
-0.23616 1.9
-0.23592 2.0
-0.23568 2.1
-0.23543 2.3
-0.23519 2.4
-0.23494 2.5
-0.2347 2.6
-0.23446 2.7
-0.23421 2.8
-0.23397 2.8
-0.23372 2.9
-0.23348 3.0
-0.23323 3.0
-0.23299 3.1
-0.23275 3.1
-0.2325 3.1
-0.23226 3.1
-0.23201 3.1
-0.23177 3.1
-0.23153 3.1
-0.23128 3.0
-0.23104 3.0
-0.23079 2.9
-0.23055 2.9
-0.2303 2.8
-0.23006 2.7
-0.22982 2.6
-0.22957 2.5
-0.22933 2.4
-0.22908 2.3
-0.22884 2.2
-0.2286 2.1
-0.22835 1.9
-0.22811 1.8
-0.22786 1.6
-0.22762 1.5
-0.22738 1.3
-0.22713 1.2
-0.22689 1.0
-0.22664 0.8
-0.2264 0.7
-0.22615 0.5
-0.22591 0.3
-0.22567 0.1
-0.22542 0.0
-0.22518 -0.2
-0.22493 -0.4
-0.22469 -0.6
-0.22445 -0.8
-0.2242 -0.9
-0.22396 -1.1
-0.22371 -1.3
-0.22347 -1.4
-0.22322 -1.6
-0.22298 -1.8
-0.22274 -1.9
-0.22249 -2.0
-0.22225 -2.2
-0.222 -2.3
-0.22176 -2.4
-0.22152 -2.5
-0.22127 -2.6
-0.22103 -2.7
-0.22078 -2.8
-0.22054 -2.9
-0.22029 -3.0
-0.22005 -3.0
-0.21981 -3.1
-0.21956 -3.1
-0.21932 -3.1
-0.21907 -3.1
-0.21883 -3.1
-0.21859 -3.1
-0.21834 -3.1
-0.2181 -3.1
-0.21785 -3.1
-0.21761 -3.0
-0.21737 -3.0
-0.21712 -2.9
-0.21688 -2.8
-0.21663 -2.7
-0.21639 -2.6
-0.21614 -2.5
-0.2159 -2.4
-0.21566 -2.3
-0.21541 -2.2
-0.21517 -2.0
-0.21492 -1.9
-0.21468 -1.7
-0.21444 -1.6
-0.21419 -1.4
-0.21395 -1.2
-0.2137 -1.1
-0.21346 -0.9
-0.21321 -0.7
-0.21297 -0.5
-0.21273 -0.3
-0.21248 -0.1
-0.21224 0.0
-0.21199 0.2
-0.21175 0.4
-0.21151 0.6
-0.21126 0.8
-0.21102 1.0
-0.21077 1.1
-0.21053 1.3
-0.21029 1.5
-0.21004 1.6
-0.2098 1.8
-0.20955 1.9
-0.20931 2.1
-0.20906 2.2
-0.20882 2.4
-0.20858 2.5
-0.20833 2.6
-0.20809 2.7
-0.20784 2.8
-0.2076 2.9
-0.20736 3.0
-0.20711 3.0
-0.20687 3.1
-0.20662 3.1
-0.20638 3.2
-0.20613 3.2
-0.20589 3.2
-0.20565 3.2
-0.2054 3.2
-0.20516 3.2
-0.20491 3.1
-0.20467 3.1
-0.20443 3.0
-0.20418 3.0
-0.20394 2.9
-0.20369 2.8
-0.20345 2.7
-0.20321 2.6
-0.20296 2.5
-0.20272 2.4
-0.20247 2.2
-0.20223 2.1
-0.20198 1.9
-0.20174 1.8
-0.2015 1.6
-0.20125 1.5
-0.20101 1.3
-0.20076 1.1
-0.20052 0.9
-0.20028 0.7
-0.20003 0.5
-0.19979 0.4
-0.19954 0.2
-0.1993 0.0
-0.19905 -0.2
-0.19881 -0.4
-0.19857 -0.6
-0.19832 -0.8
-0.19808 -1.0
-0.19783 -1.2
-0.19759 -1.3
-0.19735 -1.5
-0.1971 -1.7
-0.19686 -1.8
-0.19661 -2.0
-0.19637 -2.1
-0.19613 -2.3
-0.19588 -2.4
-0.19564 -2.5
-0.19539 -2.7
-0.19515 -2.8
-0.1949 -2.9
-0.19466 -2.9
-0.19442 -3.0
-0.19417 -3.1
-0.19393 -3.1
-0.19368 -3.2
-0.19344 -3.2
-0.1932 -3.2
-0.19295 -3.2
-0.19271 -3.2
-0.19246 -3.2
-0.19222 -3.2
-0.19197 -3.1
-0.19173 -3.1
-0.19149 -3.0
-0.19124 -3.0
-0.191 -2.9
-0.19075 -2.8
-0.19051 -2.7
-0.19027 -2.5
-0.19002 -2.4
-0.18978 -2.3
-0.18953 -2.1
-0.18929 -2.0
-0.18904 -1.8
-0.1888 -1.7
-0.18856 -1.5
-0.18831 -1.3
-0.18807 -1.1
-0.18782 -0.9
-0.18758 -0.8
-0.18734 -0.6
-0.18709 -0.4
-0.18685 -0.2
-0.1866 0.0
-0.18636 0.2
-0.18612 0.4
-0.18587 0.6
-0.18563 0.8
-0.18538 1.0
-0.18514 1.2
-0.18489 1.4
-0.18465 1.6
-0.18441 1.7
-0.18416 1.9
-0.18392 2.1
-0.18367 2.2
-0.18343 2.4
-0.18319 2.5
-0.18294 2.6
-0.1827 2.7
-0.18245 2.8
-0.18221 2.9
-0.18196 3.0
-0.18172 3.1
-0.18148 3.2
-0.18123 3.2
-0.18099 3.2
-0.18074 3.3
-0.1805 3.3
-0.18026 3.3
-0.18001 3.3
-0.17977 3.2
-0.17952 3.2
-0.17928 3.2
-0.17904 3.1
-0.17879 3.0
-0.17855 2.9
-0.1783 2.8
-0.17806 2.7
-0.17781 2.6
-0.17757 2.5
-0.17733 2.3
-0.17708 2.2
-0.17684 2.0
-0.17659 1.9
-0.17635 1.7
-0.17611 1.5
-0.17586 1.3
-0.17562 1.1
-0.17537 0.9
-0.17513 0.7
-0.17488 0.5
-0.17464 0.3
-0.1744 0.1
-0.17415 0.0
-0.17391 -0.3
-0.17366 -0.5
-0.17342 -0.7
-0.17318 -0.9
-0.17293 -1.1
-0.17269 -1.3
-0.17244 -1.5
-0.1722 -1.7
-0.17196 -1.8
-0.17171 -2.0
-0.17147 -2.2
-0.17122 -2.3
-0.17098 -2.5
-0.17073 -2.6
-0.17049 -2.7
-0.17025 -2.8
-0.17 -2.9
-0.16976 -3.0
-0.16951 -3.1
-0.16927 -3.2
-0.16903 -3.2
-0.16878 -3.3
-0.16854 -3.3
-0.16829 -3.3
-0.16805 -3.3
-0.1678 -3.3
-0.16756 -3.3
-0.16732 -3.3
-0.16707 -3.2
-0.16683 -3.1
-0.16658 -3.1
-0.16634 -3.0
-0.1661 -2.9
-0.16585 -2.8
-0.16561 -2.6
-0.16536 -2.5
-0.16512 -2.4
-0.16488 -2.2
-0.16463 -2.1
-0.16439 -1.9
-0.16414 -1.7
-0.1639 -1.5
-0.16365 -1.3
-0.16341 -1.1
-0.16317 -0.9
-0.16292 -0.7
-0.16268 -0.5
-0.16243 -0.3
-0.16219 0.0
-0.16195 0.1
-0.1617 0.4
-0.16146 0.6
-0.16121 0.8
-0.16097 1.0
-0.16072 1.2
-0.16048 1.4
-0.16024 1.6
-0.15999 1.8
-0.15975 2.0
-0.1595 2.1
-0.15926 2.3
-0.15902 2.5
-0.15877 2.6
-0.15853 2.7
-0.15828 2.9
-0.15804 3.0
-0.15779 3.1
-0.15755 3.2
-0.15731 3.2
-0.15706 3.3
-0.15682 3.3
-0.15657 3.4
-0.15633 3.4
-0.15609 3.4
-0.15584 3.4
-0.1556 3.4
-0.15535 3.3
-0.15511 3.3
-0.15487 3.2
-0.15462 3.1
-0.15438 3.0
-0.15413 2.9
-0.15389 2.8
-0.15364 2.7
-0.1534 2.5
-0.15316 2.4
-0.15291 2.2
-0.15267 2.0
-0.15242 1.9
-0.15218 1.7
-0.15194 1.5
-0.15169 1.3
-0.15145 1.1
-0.1512 0.8
-0.15096 0.6
-0.15071 0.4
-0.15047 0.2
-0.15023 0.0
-0.14998 -0.3
-0.14974 -0.5
-0.14949 -0.7
-0.14925 -0.9
-0.14901 -1.1
-0.14876 -1.4
-0.14852 -1.6
-0.14827 -1.8
-0.14803 -1.9
-0.14779 -2.1
-0.14754 -2.3
-0.1473 -2.5
-0.14705 -2.6
-0.14681 -2.8
-0.14656 -2.9
-0.14632 -3.0
-0.14608 -3.1
-0.14583 -3.2
-0.14559 -3.3
-0.14534 -3.3
-0.1451 -3.4
-0.14486 -3.4
-0.14461 -3.4
-0.14437 -3.4
-0.14412 -3.4
-0.14388 -3.4
-0.14363 -3.4
-0.14339 -3.3
-0.14315 -3.2
-0.1429 -3.1
-0.14266 -3.0
-0.14241 -2.9
-0.14217 -2.8
-0.14193 -2.7
-0.14168 -2.5
-0.14144 -2.3
-0.14119 -2.2
-0.14095 -2.0
-0.14071 -1.8
-0.14046 -1.6
-0.14022 -1.4
-0.13997 -1.2
-0.13973 -0.9
-0.13948 -0.7
-0.13924 -0.5
-0.139 -0.3
-0.13875 0.0
-0.13851 0.2
-0.13826 0.4
-0.13802 0.7
-0.13778 0.9
-0.13753 1.1
-0.13729 1.3
-0.13704 1.6
-0.1368 1.8
-0.13655 2.0
-0.13631 2.2
-0.13607 2.3
-0.13582 2.5
-0.13558 2.7
-0.13533 2.8
-0.13509 3.0
-0.13485 3.1
-0.1346 3.2
-0.13436 3.3
-0.13411 3.4
-0.13387 3.4
-0.13363 3.5
-0.13338 3.5
-0.13314 3.5
-0.13289 3.5
-0.13265 3.5
-0.1324 3.5
-0.13216 3.4
-0.13192 3.3
-0.13167 3.2
-0.13143 3.2
-0.13118 3.0
-0.13094 2.9
-0.1307 2.8
-0.13045 2.6
-0.13021 2.4
-0.12996 2.3
-0.12972 2.1
-0.12947 1.9
-0.12923 1.7
-0.12899 1.5
-0.12874 1.2
-0.1285 1.0
-0.12825 0.8
-0.12801 0.5
-0.12777 0.3
-0.12752 0.0
-0.12728 -0.2
-0.12703 -0.5
-0.12679 -0.7
-0.12654 -0.9
-0.1263 -1.2
-0.12606 -1.4
-0.12581 -1.6
-0.12557 -1.8
-0.12532 -2.0
-0.12508 -2.2
-0.12484 -2.4
-0.12459 -2.6
-0.12435 -2.8
-0.1241 -2.9
-0.12386 -3.1
-0.12362 -3.2
-0.12337 -3.3
-0.12313 -3.4
-0.12288 -3.4
-0.12264 -3.5
-0.12239 -3.5
-0.12215 -3.6
-0.12191 -3.6
-0.12166 -3.6
-0.12142 -3.5
-0.12117 -3.5
-0.12093 -3.4
-0.12069 -3.3
-0.12044 -3.2
-0.1202 -3.1
-0.11995 -3.0
-0.11971 -2.8
-0.11946 -2.7
-0.11922 -2.5
-0.11898 -2.3
-0.11873 -2.1
-0.11849 -1.9
-0.11824 -1.7
-0.118 -1.5
-0.11776 -1.2
-0.11751 -1.0
-0.11727 -0.7
-0.11702 -0.5
-0.11678 -0.2
-0.11654 0.0
-0.11629 0.3
-0.11605 0.5
-0.1158 0.8
-0.11556 1.0
-0.11531 1.3
-0.11507 1.5
-0.11483 1.8
-0.11458 2.0
-0.11434 2.2
-0.11409 2.4
-0.11385 2.6
-0.11361 2.8
-0.11336 2.9
-0.11312 3.1
-0.11287 3.2
-0.11263 3.3
-0.11238 3.4
-0.11214 3.5
-0.1119 3.6
-0.11165 3.6
-0.11141 3.6
-0.11116 3.6
-0.11092 3.6
-0.11068 3.6
-0.11043 3.6
-0.11019 3.5
-0.10994 3.4
-0.1097 3.3
-0.10946 3.2
-0.10921 3.0
-0.10897 2.9
-0.10872 2.7
-0.10848 2.5
-0.10823 2.3
-0.10799 2.1
-0.10775 1.9
-0.1075 1.6
-0.10726 1.4
-0.10701 1.2
-0.10677 0.9
-0.10653 0.6
-0.10628 0.4
-0.10604 0.0
-0.10579 -0.2
-0.10555 -0.4
-0.1053 -0.7
-0.10506 -1.0
-0.10482 -1.2
-0.10457 -1.5
-0.10433 -1.7
-0.10408 -2.0
-0.10384 -2.2
-0.1036 -2.4
-0.10335 -2.6
-0.10311 -2.8
-0.10286 -3.0
-0.10262 -3.1
-0.10238 -3.3
-0.10213 -3.4
-0.10189 -3.5
-0.10164 -3.6
-0.1014 -3.7
-0.10115 -3.7
-0.10091 -3.7
-0.10067 -3.7
-0.10042 -3.7
-0.10018 -3.7
-0.09993 -3.6
-0.09969 -3.5
-0.09945 -3.4
-0.0992 -3.3
-0.09896 -3.2
-0.09871 -3.0
-0.09847 -2.8
-0.09822 -2.7
-0.09798 -2.4
-0.09774 -2.2
-0.09749 -2.0
-0.09725 -1.8
-0.097 -1.5
-0.09676 -1.2
-0.09652 -1.0
-0.09627 -0.7
-0.09603 -0.4
-0.09578 -0.1
-0.09554 0.2
-0.09529 0.5
-0.09505 0.7
-0.09481 1.0
-0.09456 1.3
-0.09432 1.6
-0.09407 1.8
-0.09383 2.1
-0.09359 2.3
-0.09334 2.5
-0.0931 2.7
-0.09285 2.9
-0.09261 3.1
-0.09237 3.3
-0.09212 3.4
-0.09188 3.5
-0.09163 3.6
-0.09139 3.7
-0.09114 3.8
-0.0909 3.8
-0.09066 3.8
-0.09041 3.8
-0.09017 3.8
-0.08992 3.7
-0.08968 3.6
-0.08944 3.5
-0.08919 3.4
-0.08895 3.3
-0.0887 3.1
-0.08846 2.9
-0.08821 2.7
-0.08797 2.5
-0.08773 2.3
-0.08748 2.0
-0.08724 1.8
-0.08699 1.5
-0.08675 1.2
-0.08651 0.9
-0.08626 0.6
-0.08602 0.3
-0.08577 0.0
-0.08553 -0.3
-0.08529 -0.6
-0.08504 -0.9
-0.0848 -1.2
-0.08455 -1.5
-0.08431 -1.7
-0.08406 -2.0
-0.08382 -2.3
-0.08358 -2.5
-0.08333 -2.7
-0.08309 -3.0
-0.08284 -3.1
-0.0826 -3.3
-0.08236 -3.5
-0.08211 -3.6
-0.08187 -3.7
-0.08162 -3.8
-0.08138 -3.9
-0.08113 -3.9
-0.08089 -3.9
-0.08065 -3.9
-0.0804 -3.9
-0.08016 -3.8
-0.07991 -3.7
-0.07967 -3.6
-0.07943 -3.5
-0.07918 -3.3
-0.07894 -3.1
-0.07869 -2.9
-0.07845 -2.7
-0.07821 -2.4
-0.07796 -2.2
-0.07772 -1.9
-0.07747 -1.6
-0.07723 -1.3
-0.07698 -1.0
-0.07674 -0.7
-0.0765 -0.4
-0.07625 0.0
-0.07601 0.2
-0.07576 0.6
-0.07552 0.9
-0.07528 1.2
-0.07503 1.5
-0.07479 1.8
-0.07454 2.1
-0.0743 2.4
-0.07405 2.6
-0.07381 2.9
-0.07357 3.1
-0.07332 3.3
-0.07308 3.5
-0.07283 3.6
-0.07259 3.8
-0.07235 3.9
-0.0721 3.9
-0.07186 4.0
-0.07161 4.0
-0.07137 4.0
-0.07113 4.0
-0.07088 3.9
-0.07064 3.8
-0.07039 3.7
-0.07015 3.6
-0.0699 3.4
-0.06966 3.2
-0.06942 3.0
-0.06917 2.8
-0.06893 2.5
-0.06868 2.2
-0.06844 1.9
-0.0682 1.6
-0.06795 1.3
-0.06771 1.0
-0.06746 0.6
-0.06722 0.3
-0.06697 0.0
-0.06673 -0.4
-0.06649 -0.7
-0.06624 -1.1
-0.066 -1.4
-0.06575 -1.7
-0.06551 -2.0
-0.06527 -2.3
-0.06502 -2.6
-0.06478 -2.9
-0.06453 -3.1
-0.06429 -3.4
-0.06404 -3.5
-0.0638 -3.7
-0.06356 -3.9
-0.06331 -4.0
-0.06307 -4.1
-0.06282 -4.1
-0.06258 -4.1
-0.06234 -4.1
-0.06209 -4.1
-0.06185 -4.0
-0.0616 -3.9
-0.06136 -3.8
-0.06112 -3.6
-0.06087 -3.4
-0.06063 -3.2
-0.06038 -3.0
-0.06014 -2.7
-0.05989 -2.4
-0.05965 -2.1
-0.05941 -1.8
-0.05916 -1.4
-0.05892 -1.1
-0.05867 -0.7
-0.05843 -0.3
-0.05819 0.0
-0.05794 0.4
-0.0577 0.8
-0.05745 1.2
-0.05721 1.5
-0.05696 1.9
-0.05672 2.2
-0.05648 2.5
-0.05623 2.8
-0.05599 3.1
-0.05574 3.3
-0.0555 3.6
-0.05526 3.8
-0.05501 3.9
-0.05477 4.1
-0.05452 4.2
-0.05428 4.2
-0.05404 4.3
-0.05379 4.3
-0.05355 4.2
-0.0533 4.1
-0.05306 4.0
-0.05281 3.9
-0.05257 3.7
-0.05233 3.5
-0.05208 3.3
-0.05184 3.0
-0.05159 2.7
-0.05135 2.4
-0.05111 2.0
-0.05086 1.7
-0.05062 1.3
-0.05037 0.9
-0.05013 0.5
-0.04988 0.0
-0.04964 -0.3
-0.0494 -0.7
-0.04915 -1.1
-0.04891 -1.5
-0.04866 -1.9
-0.04842 -2.3
-0.04818 -2.6
-0.04793 -2.9
-0.04769 -3.2
-0.04744 -3.5
-0.0472 -3.8
-0.04696 -4.0
-0.04671 -4.1
-0.04647 -4.3
-0.04622 -4.4
-0.04598 -4.4
-0.04573 -4.4
-0.04549 -4.4
-0.04525 -4.3
-0.045 -4.2
-0.04476 -4.1
-0.04451 -3.9
-0.04427 -3.7
-0.04403 -3.4
-0.04378 -3.1
-0.04354 -2.8
-0.04329 -2.4
-0.04305 -2.0
-0.0428 -1.6
-0.04256 -1.2
-0.04232 -0.8
-0.04207 -0.3
-0.04183 0.1
-0.04158 0.6
-0.04134 1.0
-0.0411 1.5
-0.04085 1.9
-0.04061 2.3
-0.04036 2.7
-0.04012 3.0
-0.03988 3.4
-0.03963 3.7
-0.03939 3.9
-0.03914 4.2
-0.0389 4.3
-0.03865 4.5
-0.03841 4.6
-0.03817 4.6
-0.03792 4.6
-0.03768 4.6
-0.03743 4.5
-0.03719 4.3
-0.03695 4.1
-0.0367 3.9
-0.03646 3.6
-0.03621 3.2
-0.03597 2.9
-0.03572 2.5
-0.03548 2.1
-0.03524 1.6
-0.03499 1.1
-0.03475 0.6
-0.0345 0.1
-0.03426 -0.4
-0.03402 -0.9
-0.03377 -1.4
-0.03353 -1.8
-0.03328 -2.3
-0.03304 -2.7
-0.03279 -3.1
-0.03255 -3.5
-0.03231 -3.9
-0.03206 -4.2
-0.03182 -4.4
-0.03157 -4.6
-0.03133 -4.7
-0.03109 -4.8
-0.03084 -4.8
-0.0306 -4.8
-0.03035 -4.7
-0.03011 -4.6
-0.02987 -4.4
-0.02962 -4.1
-0.02938 -3.8
-0.02913 -3.4
-0.02889 -3.0
-0.02864 -2.5
-0.0284 -2.1
-0.02816 -1.5
-0.02791 -1.0
-0.02767 -0.4
-0.02742 0.1
-0.02718 0.7
-0.02694 1.3
-0.02669 1.8
-0.02645 2.4
-0.0262 2.9
-0.02596 3.3
-0.02571 3.8
-0.02547 4.1
-0.02523 4.5
-0.02498 4.7
-0.02474 4.9
-0.02449 5.1
-0.02425 5.1
-0.02401 5.1
-0.02376 5.0
-0.02352 4.9
-0.02327 4.6
-0.02303 4.3
-0.02279 3.9
-0.02254 3.5
-0.0223 3.0
-0.02205 2.5
-0.02181 1.9
-0.02156 1.3
-0.02132 0.6
-0.02108 0.0
-0.02083 -0.7
-0.02059 -1.4
-0.02034 -2.0
-0.0201 -2.6
-0.01986 -3.2
-0.01961 -3.8
-0.01937 -4.2
-0.01912 -4.6
-0.01888 -5.0
-0.01863 -5.2
-0.01839 -5.4
-0.01815 -5.5
-0.0179 -5.5
-0.01766 -5.3
-0.01741 -5.1
-0.01717 -4.8
-0.01693 -4.4
-0.01668 -3.9
-0.01644 -3.3
-0.01619 -2.7
-0.01595 -2.0
-0.01571 -1.3
-0.01546 -0.5
-0.01522 0.3
-0.01497 1.1
-0.01473 1.9
-0.01448 2.7
-0.01424 3.4
-0.014 4.1
-0.01375 4.7
-0.01351 5.1
-0.01326 5.5
-0.01302 5.8
-0.01278 5.9
-0.01253 5.9
-0.01229 5.8
-0.01204 5.6
-0.0118 5.2
-0.01155 4.6
-0.01131 4.0
-0.01107 3.2
-0.01082 2.4
-0.01058 1.4
-0.01033 0.4
-0.01009 -0.6
-0.00985 -1.6
-0.0096 -2.6
-0.00936 -3.5
-0.00911 -4.4
-0.00887 -5.2
-0.00863 -5.8
-0.00838 -6.2
-0.00814 -6.5
-0.00789 -6.6
-0.00765 -6.5
-0.0074 -6.1
-0.00716 -5.6
-0.00692 -4.8
-0.00667 -3.9
-0.00643 -2.8
-0.00618 -1.5
-0.00594 -0.2
-0.0057 1.2
-0.00545 2.6
-0.00521 3.9
-0.00496 5.1
-0.00472 6.1
-0.00447 6.8
-0.00423 7.3
-0.00399 7.5
-0.00374 7.3
-0.0035 6.7
-0.00325 5.7
-0.00301 4.4
-0.00277 2.8
-0.00252 0.9
-0.00228 -1.1
-0.00203 -3.1
-0.00179 -4.9
-0.00154 -6.5
-0.0013 -7.7
-0.00106 -8.3
-0.00081 -8.3
-0.00057 -7.5
-0.00032 -5.9
-8e-05 -3.7
0.00016 -1.0
0.00041 1.9
0.00065 4.6
0.0009 6.7
0.00114 7.9
0.00138 8.0
0.00163 6.8
0.00187 4.5
0.00212 1.7
0.00236 -1.3
0.00261 -3.8
0.00285 -5.4
0.00309 -5.8
0.00334 -5.1
0.00358 -3.6
0.00383 -1.5
0.00407 0.6
0.00431 2.3
0.00456 3.3
0.0048 3.5
0.00505 2.9
0.00529 1.8
0.00554 0.5
0.00578 -0.7
0.00602 -1.6
0.00627 -2.0
0.00651 -1.9
0.00676 -1.4
0.007 -0.7
0.00724 0.0
0.00749 0.7
0.00773 1.1
0.00798 1.1
0.00822 0.9
0.00846 0.6
0.00871 0.1
0.00895 -0.3
0.0092 -0.5
0.00944 -0.6
0.00969 -0.6
0.00993 -0.4
0.01017 -0.2
0.01042 0.0
0.01066 0.3
0.01091 0.4
0.01115 0.4
0.01139 0.3
0.01164 0.1
0.01188 0.0
0.01213 -0.1
0.01237 -0.2
0.01262 -0.2
0.01286 -0.2
0.0131 -0.1
0.01335 0.0
0.01359 0.0
0.01384 0.1
0.01408 0.1
0.01432 0.1
0.01457 0.0
0.01481 0.0
0.01506 0.0
0.0153 0.0
0.01554 0.0
0.01579 0.0
0.01603 0.0
0.01628 0.0
0.01652 0.0
0.01677 0.0
0.01701 0.0
0.01725 0.0
0.0175 0.0
0.01774 0.0
0.01799 0.0
0.01823 0.0
0.01847 0.0
0.01872 0.0
0.01896 0.0
0.01921 0.0
0.01945 0.0
0.0197 0.0
0.01994 0.0
0.02018 0.0
0.02043 0.0
0.02067 0.0
0.02092 0.0
0.02116 0.0
0.0214 0.0
0.02165 0.0
0.02189 0.0
0.02214 0.0
0.02238 0.0
0.02262 0.0
0.02287 0.0
0.02311 0.0
0.02336 0.0
0.0236 0.0
0.02385 0.0
0.02409 0.0
0.02433 0.0
0.02458 0.0
0.02482 0.0
0.02507 0.0
0.02531 0.0
0.02555 0.0
0.0258 0.0
0.02604 0.0
0.02629 0.0
0.02653 0.0
0.02678 0.0
0.02702 0.0
0.02726 0.0
0.02751 0.0
0.02775 0.0
0.028 0.0
0.02824 0.0
0.02848 0.0
0.02873 0.0
0.02897 0.0
0.02922 0.0
0.02946 0.0
0.02971 0.0
0.02995 0.0
0.03019 0.0
0.03044 0.0
0.03068 0.0
0.03093 0.0
0.03117 0.0
0.03141 0.0
0.03166 0.0
0.0319 0.0
0.03215 0.0
0.03239 0.0
0.03263 0.0
0.03288 0.0
0.03312 0.0
0.03337 0.0
0.03361 0.0
0.03386 0.0
0.0341 0.0
0.03434 0.0
0.03459 0.0
0.03483 0.0
0.03508 0.0
0.03532 0.0
0.03556 0.0
0.03581 0.0
0.03605 0.0
0.0363 0.0
0.03654 0.0
0.03679 0.0
0.03703 0.0
0.03727 0.0
0.03752 0.0
0.03776 0.0
0.03801 0.0
0.03825 0.0
0.03849 0.0
0.03874 0.0
0.03898 0.0
0.03923 0.0
0.03947 0.0
0.03971 0.0
0.03996 0.0
0.0402 0.0
0.04045 0.0
0.04069 0.0
0.04094 0.0
0.04118 0.0
0.04142 0.0
0.04167 0.0
0.04191 0.0
0.04216 0.0
0.0424 0.0
0.04264 0.0
0.04289 0.0
0.04313 0.0
0.04338 0.0
0.04362 0.0
0.04387 0.0
0.04411 0.0
0.04435 0.0
0.0446 0.0
0.04484 0.0
0.04509 0.0
0.04533 0.0
0.04557 0.0
0.04582 0.0
0.04606 0.0
0.04631 0.0
0.04655 0.0
0.04679 0.0
0.04704 0.0
0.04728 0.0
0.04753 0.0
0.04777 0.0
0.04802 0.0
0.04826 0.0
0.0485 0.0
0.04875 0.0
0.04899 0.0
0.04924 0.0
0.04948 0.0
0.04972 0.0
0.04997 0.0
0.05021 0.0
0.05046 0.0
0.0507 0.0
0.05095 0.0
0.05119 0.0
0.05143 0.0
0.05168 0.0
0.05192 0.0
0.05217 0.0
0.05241 0.0
0.05265 0.0
0.0529 0.0
0.05314 0.0
0.05339 0.0
0.05363 0.0
0.05387 0.0
0.05412 0.0
0.05436 0.0
0.05461 0.0
0.05485 0.0
0.0551 0.0
0.05534 0.0
0.05558 0.0
0.05583 0.0
0.05607 0.0
0.05632 0.0
0.05656 0.0
0.0568 0.0
0.05705 0.0
0.05729 0.0
0.05754 0.0
0.05778 0.0
0.05803 0.0
0.05827 0.0
0.05851 0.0
0.05876 0.0
0.059 0.0
0.05925 0.0
0.05949 0.0
0.05973 0.0
0.05998 0.0
0.06022 0.0
0.06047 0.0
0.06071 0.0
0.06096 0.0
0.0612 0.0
0.06144 0.0
0.06169 0.0
0.06193 0.0
0.06218 0.0
0.06242 0.0
0.06266 0.0
0.06291 0.0
0.06315 0.0
0.0634 0.0
0.06364 0.0
0.06388 0.0
0.06413 0.0
0.06437 0.0
0.06462 0.0
0.06486 0.0
0.06511 0.0
0.06535 0.0
0.06559 0.0
0.06584 0.0
0.06608 0.0
0.06633 0.0
0.06657 0.0
0.06681 0.0
0.06706 0.0
0.0673 0.0
0.06755 0.0
0.06779 0.0
0.06804 0.0
0.06828 0.0
0.06852 0.0
0.06877 0.0
0.06901 0.0
0.06926 0.0
0.0695 0.0
0.06974 0.0
0.06999 0.0
0.07023 0.0
0.07048 0.0
0.07072 0.0
0.07096 0.0
0.07121 0.0
0.07145 0.0
0.0717 0.0
0.07194 0.0
0.07219 0.0
0.07243 0.0
0.07267 0.0
0.07292 0.0
0.07316 0.0
0.07341 0.0
0.07365 0.0
0.07389 0.0
0.07414 0.0
0.07438 0.0
0.07463 0.0
0.07487 0.0
0.07512 0.0
0.07536 0.0
0.0756 0.0
0.07585 0.0
0.07609 0.0
0.07634 0.0
0.07658 0.0
0.07682 0.0
0.07707 0.0
0.07731 0.0
0.07756 0.0
0.0778 0.0
0.07804 0.0
0.07829 0.0
0.07853 0.0
0.07878 0.0
0.07902 0.0
0.07927 0.0
0.07951 0.0
0.07975 0.0
0.08 0.0
0.08024 0.0
0.08049 0.0
0.08073 0.0
0.08097 0.0
0.08122 0.0
0.08146 0.0
0.08171 0.0
0.08195 0.0
0.0822 0.0
0.08244 0.0
0.08268 0.0
0.08293 0.0
0.08317 0.0
0.08342 0.0
0.08366 0.0
0.0839 0.0
0.08415 0.0
0.08439 0.0
0.08464 0.0
0.08488 0.0
0.08512 0.0
0.08537 0.0
0.08561 0.0
0.08586 0.0
0.0861 0.0
0.08635 0.0
0.08659 0.0
0.08683 0.0
0.08708 0.0
0.08732 0.0
0.08757 0.0
0.08781 0.0
0.08805 0.0
0.0883 0.0
0.08854 0.0
0.08879 0.0
0.08903 0.0
0.08928 0.0
0.08952 0.0
0.08976 0.0
0.09001 0.0
0.09025 0.0
0.0905 0.0
0.09074 0.0
0.09098 0.0
0.09123 0.0
0.09147 0.0
0.09172 0.0
0.09196 0.0
0.09221 0.0
0.09245 0.0
0.09269 0.0
0.09294 0.0
0.09318 0.0
0.09343 0.0
0.09367 0.0
0.09391 0.0
0.09416 0.0
0.0944 0.0
0.09465 0.0
0.09489 0.0
0.09513 0.0
0.09538 0.0
0.09562 0.0
0.09587 0.0
0.09611 0.0
0.09636 0.0
0.0966 0.0
0.09684 0.0
0.09709 0.0
0.09733 0.0
0.09758 0.0
0.09782 0.0
0.09806 0.0
0.09831 0.0
0.09855 0.0
0.0988 0.0
0.09904 0.0
0.09929 0.0
0.09953 0.0
0.09977 0.0
0.10002 0.0
0.10026 0.0
0.10051 0.0
0.10075 0.0
0.10099 0.0
0.10124 0.0
0.10148 0.0
0.10173 0.0
0.10197 0.0
0.10221 0.0
0.10246 0.0
0.1027 0.0
0.10295 0.0
0.10319 0.0
0.10344 0.0
0.10368 0.0
0.10392 0.0
0.10417 0.0
0.10441 0.0
0.10466 0.0
0.1049 0.0
0.10514 0.0
0.10539 0.0
0.10563 0.0
0.10588 0.0
0.10612 0.0
0.10637 0.0
0.10661 0.0
0.10685 0.0
0.1071 0.0
0.10734 0.0
0.10759 0.0
0.10783 0.0
0.10807 0.0
0.10832 0.0
0.10856 0.0
0.10881 0.0
0.10905 0.0
0.10929 0.0
0.10954 0.0
0.10978 0.0
0.11003 0.0
0.11027 0.0
0.11052 0.0
0.11076 0.0
0.111 0.0
0.11125 0.0
0.11149 0.0
0.11174 0.0
0.11198 0.0
0.11222 0.0
0.11247 0.0
0.11271 0.0
0.11296 0.0
0.1132 0.0
0.11345 0.0
