t strain*1e23
-0.43602 -3.3
-0.43577 -2.7
-0.43553 -2.1
-0.43528 -1.5
-0.43504 -0.9
-0.4348 -0.3
-0.43455 0.3
-0.43431 0.9
-0.43406 1.5
-0.43382 2.1
-0.43357 2.7
-0.43333 3.3
-0.43309 3.9
-0.43284 4.5
-0.4326 5.1
-0.43235 5.6
-0.43211 6.2
-0.43187 6.8
-0.43162 7.3
-0.43138 7.9
-0.43113 8.4
-0.43089 8.9
-0.43064 9.5
-0.4304 10.0
-0.43016 10.4
-0.42991 10.9
-0.42967 11.4
-0.42942 11.9
-0.42918 12.3
-0.42894 12.7
-0.42869 13.1
-0.42845 13.5
-0.4282 13.9
-0.42796 14.3
-0.42772 14.6
-0.42747 14.9
-0.42723 15.2
-0.42698 15.5
-0.42674 15.8
-0.42649 16.0
-0.42625 16.3
-0.42601 16.5
-0.42576 16.7
-0.42552 16.8
-0.42527 17.0
-0.42503 17.1
-0.42479 17.2
-0.42454 17.3
-0.4243 17.4
-0.42405 17.4
-0.42381 17.4
-0.42356 17.4
-0.42332 17.4
-0.42308 17.4
-0.42283 17.3
-0.42259 17.2
-0.42234 17.1
-0.4221 17.0
-0.42186 16.8
-0.42161 16.6
-0.42137 16.5
-0.42112 16.2
-0.42088 16.0
-0.42064 15.8
-0.42039 15.5
-0.42015 15.2
-0.4199 14.9
-0.41966 14.5
-0.41941 14.2
-0.41917 13.8
-0.41893 13.5
-0.41868 13.1
-0.41844 12.6
-0.41819 12.2
-0.41795 11.8
-0.41771 11.3
-0.41746 10.8
-0.41722 10.3
-0.41697 9.8
-0.41673 9.3
-0.41648 8.8
-0.41624 8.2
-0.416 7.7
-0.41575 7.1
-0.41551 6.5
-0.41526 6.0
-0.41502 5.4
-0.41478 4.8
-0.41453 4.2
-0.41429 3.6
-0.41404 3.0
-0.4138 2.4
-0.41356 1.7
-0.41331 1.1
-0.41307 0.5
-0.41282 -0.1
-0.41258 -0.7
-0.41233 -1.4
-0.41209 -2.0
-0.41185 -2.6
-0.4116 -3.2
-0.41136 -3.8
-0.41111 -4.4
-0.41087 -5.0
-0.41063 -5.6
-0.41038 -6.2
-0.41014 -6.8
-0.40989 -7.4
-0.40965 -7.9
-0.4094 -8.5
-0.40916 -9.0
-0.40892 -9.6
-0.40867 -10.1
-0.40843 -10.6
-0.40818 -11.1
-0.40794 -11.6
-0.4077 -12.0
-0.40745 -12.5
-0.40721 -12.9
-0.40696 -13.3
-0.40672 -13.7
-0.40648 -14.1
-0.40623 -14.5
-0.40599 -14.8
-0.40574 -15.2
-0.4055 -15.5
-0.40525 -15.8
-0.40501 -16.0
-0.40477 -16.3
-0.40452 -16.5
-0.40428 -16.7
-0.40403 -16.9
-0.40379 -17.1
-0.40355 -17.2
-0.4033 -17.4
-0.40306 -17.5
-0.40281 -17.5
-0.40257 -17.6
-0.40232 -17.6
-0.40208 -17.6
-0.40184 -17.6
-0.40159 -17.6
-0.40135 -17.5
-0.4011 -17.5
-0.40086 -17.3
-0.40062 -17.2
-0.40037 -17.1
-0.40013 -16.9
-0.39988 -16.7
-0.39964 -16.5
-0.39939 -16.3
-0.39915 -16.0
-0.39891 -15.7
-0.39866 -15.4
-0.39842 -15.1
-0.39817 -14.8
-0.39793 -14.4
-0.39769 -14.1
-0.39744 -13.7
-0.3972 -13.3
-0.39695 -12.8
-0.39671 -12.4
-0.39647 -11.9
-0.39622 -11.4
-0.39598 -11.0
-0.39573 -10.4
-0.39549 -9.9
-0.39524 -9.4
-0.395 -8.8
-0.39476 -8.3
-0.39451 -7.7
-0.39427 -7.1
-0.39402 -6.6
-0.39378 -6.0
-0.39354 -5.4
-0.39329 -4.7
-0.39305 -4.1
-0.3928 -3.5
-0.39256 -2.9
-0.39231 -2.2
-0.39207 -1.6
-0.39183 -1.0
-0.39158 -0.3
-0.39134 0.3
-0.39109 1.0
-0.39085 1.6
-0.39061 2.2
-0.39036 2.9
-0.39012 3.5
-0.38987 4.1
-0.38963 4.8
-0.38939 5.4
-0.38914 6.0
-0.3889 6.6
-0.38865 7.2
-0.38841 7.8
-0.38816 8.4
-0.38792 8.9
-0.38768 9.5
-0.38743 10.0
-0.38719 10.5
-0.38694 11.1
-0.3867 11.6
-0.38646 12.0
-0.38621 12.5
-0.38597 13.0
-0.38572 13.4
-0.38548 13.8
-0.38523 14.2
-0.38499 14.6
-0.38475 15.0
-0.3845 15.3
-0.38426 15.6
-0.38401 15.9
-0.38377 16.2
-0.38353 16.5
-0.38328 16.7
-0.38304 16.9
-0.38279 17.1
-0.38255 17.3
-0.38231 17.5
-0.38206 17.6
-0.38182 17.7
-0.38157 17.8
-0.38133 17.8
-0.38108 17.8
-0.38084 17.9
-0.3806 17.8
-0.38035 17.8
-0.38011 17.7
-0.37986 17.6
-0.37962 17.5
-0.37938 17.4
-0.37913 17.2
-0.37889 17.1
-0.37864 16.9
-0.3784 16.6
-0.37815 16.4
-0.37791 16.1
-0.37767 15.8
-0.37742 15.5
-0.37718 15.2
-0.37693 14.8
-0.37669 14.4
-0.37645 14.1
-0.3762 13.6
-0.37596 13.2
-0.37571 12.8
-0.37547 12.3
-0.37523 11.8
-0.37498 11.3
-0.37474 10.8
-0.37449 10.3
-0.37425 9.7
-0.374 9.2
-0.37376 8.6
-0.37352 8.0
-0.37327 7.4
-0.37303 6.8
-0.37278 6.2
-0.37254 5.6
-0.3723 4.9
-0.37205 4.3
-0.37181 3.7
-0.37156 3.0
-0.37132 2.3
-0.37107 1.7
-0.37083 1.0
-0.37059 0.4
-0.37034 -0.3
-0.3701 -1.0
-0.36985 -1.6
-0.36961 -2.3
-0.36937 -2.9
-0.36912 -3.6
-0.36888 -4.2
-0.36863 -4.9
-0.36839 -5.5
-0.36814 -6.1
-0.3679 -6.8
-0.36766 -7.4
-0.36741 -8.0
-0.36717 -8.6
-0.36692 -9.1
-0.36668 -9.7
-0.36644 -10.3
-0.36619 -10.8
-0.36595 -11.3
-0.3657 -11.8
-0.36546 -12.3
-0.36522 -12.8
-0.36497 -13.3
-0.36473 -13.7
-0.36448 -14.2
-0.36424 -14.6
-0.36399 -14.9
-0.36375 -15.3
-0.36351 -15.7
-0.36326 -16.0
-0.36302 -16.3
-0.36277 -16.6
-0.36253 -16.8
-0.36229 -17.1
-0.36204 -17.3
-0.3618 -17.5
-0.36155 -17.6
-0.36131 -17.8
-0.36106 -17.9
-0.36082 -18.0
-0.36058 -18.0
-0.36033 -18.1
-0.36009 -18.1
-0.35984 -18.1
-0.3596 -18.0
-0.35936 -18.0
-0.35911 -17.9
-0.35887 -17.8
-0.35862 -17.6
-0.35838 -17.5
-0.35814 -17.3
-0.35789 -17.1
-0.35765 -16.9
-0.3574 -16.6
-0.35716 -16.3
-0.35691 -16.0
-0.35667 -15.7
-0.35643 -15.4
-0.35618 -15.0
-0.35594 -14.6
-0.35569 -14.2
-0.35545 -13.8
-0.35521 -13.3
-0.35496 -12.9
-0.35472 -12.4
-0.35447 -11.9
-0.35423 -11.3
-0.35398 -10.8
-0.35374 -10.3
-0.3535 -9.7
-0.35325 -9.1
-0.35301 -8.5
-0.35276 -7.9
-0.35252 -7.3
-0.35228 -6.7
-0.35203 -6.0
-0.35179 -5.4
-0.35154 -4.7
-0.3513 -4.1
-0.35106 -3.4
-0.35081 -2.7
-0.35057 -2.1
-0.35032 -1.4
-0.35008 -0.7
-0.34983 0.0
-0.34959 0.7
-0.34935 1.4
-0.3491 2.0
-0.34886 2.7
-0.34861 3.4
-0.34837 4.1
-0.34813 4.7
-0.34788 5.4
-0.34764 6.0
-0.34739 6.7
-0.34715 7.3
-0.3469 7.9
-0.34666 8.6
-0.34642 9.2
-0.34617 9.7
-0.34593 10.3
-0.34568 10.9
-0.34544 11.4
-0.3452 12.0
-0.34495 12.5
-0.34471 13.0
-0.34446 13.4
-0.34422 13.9
-0.34398 14.3
-0.34373 14.8
-0.34349 15.2
-0.34324 15.5
-0.343 15.9
-0.34275 16.2
-0.34251 16.5
-0.34227 16.8
-0.34202 17.1
-0.34178 17.3
-0.34153 17.5
-0.34129 17.7
-0.34105 17.9
-0.3408 18.0
-0.34056 18.1
-0.34031 18.2
-0.34007 18.3
-0.33982 18.3
-0.33958 18.3
-0.33934 18.3
-0.33909 18.2
-0.33885 18.2
-0.3386 18.1
-0.33836 17.9
-0.33812 17.8
-0.33787 17.6
-0.33763 17.4
-0.33738 17.2
-0.33714 16.9
-0.33689 16.7
-0.33665 16.4
-0.33641 16.0
-0.33616 15.7
-0.33592 15.3
-0.33567 14.9
-0.33543 14.5
-0.33519 14.1
-0.33494 13.6
-0.3347 13.1
-0.33445 12.6
-0.33421 12.1
-0.33397 11.6
-0.33372 11.0
-0.33348 10.5
-0.33323 9.9
-0.33299 9.3
-0.33274 8.7
-0.3325 8.1
-0.33226 7.4
-0.33201 6.8
-0.33177 6.1
-0.33152 5.4
-0.33128 4.8
-0.33104 4.1
-0.33079 3.4
-0.33055 2.7
-0.3303 2.0
-0.33006 1.3
-0.32981 0.6
-0.32957 -0.1
-0.32933 -0.8
-0.32908 -1.5
-0.32884 -2.2
-0.32859 -2.9
-0.32835 -3.6
-0.32811 -4.3
-0.32786 -5.0
-0.32762 -5.7
-0.32737 -6.4
-0.32713 -7.0
-0.32689 -7.7
-0.32664 -8.3
-0.3264 -8.9
-0.32615 -9.6
-0.32591 -10.2
-0.32566 -10.7
-0.32542 -11.3
-0.32518 -11.9
-0.32493 -12.4
-0.32469 -12.9
-0.32444 -13.4
-0.3242 -13.9
-0.32396 -14.4
-0.32371 -14.8
-0.32347 -15.2
-0.32322 -15.6
-0.32298 -16.0
-0.32273 -16.4
-0.32249 -16.7
-0.32225 -17.0
-0.322 -17.3
-0.32176 -17.5
-0.32151 -17.7
-0.32127 -17.9
-0.32103 -18.1
-0.32078 -18.2
-0.32054 -18.4
-0.32029 -18.5
-0.32005 -18.5
-0.31981 -18.6
-0.31956 -18.6
-0.31932 -18.5
-0.31907 -18.5
-0.31883 -18.4
-0.31858 -18.3
-0.31834 -18.2
-0.3181 -18.0
-0.31785 -17.8
-0.31761 -17.6
-0.31736 -17.4
-0.31712 -17.1
-0.31688 -16.8
-0.31663 -16.5
-0.31639 -16.2
-0.31614 -15.8
-0.3159 -15.4
-0.31565 -15.0
-0.31541 -14.5
-0.31517 -14.1
-0.31492 -13.6
-0.31468 -13.1
-0.31443 -12.6
-0.31419 -12.0
-0.31395 -11.5
-0.3137 -10.9
-0.31346 -10.3
-0.31321 -9.7
-0.31297 -9.1
-0.31273 -8.4
-0.31248 -7.8
-0.31224 -7.1
-0.31199 -6.4
-0.31175 -5.7
-0.3115 -5.0
-0.31126 -4.3
-0.31102 -3.6
-0.31077 -2.9
-0.31053 -2.2
-0.31028 -1.5
-0.31004 -0.7
-0.3098 0.0
-0.30955 0.7
-0.30931 1.5
-0.30906 2.2
-0.30882 2.9
-0.30857 3.6
-0.30833 4.4
-0.30809 5.1
-0.30784 5.8
-0.3076 6.5
-0.30735 7.2
-0.30711 7.8
-0.30687 8.5
-0.30662 9.1
-0.30638 9.8
-0.30613 10.4
-0.30589 11.0
-0.30564 11.6
-0.3054 12.2
-0.30516 12.7
-0.30491 13.3
-0.30467 13.8
-0.30442 14.3
-0.30418 14.7
-0.30394 15.2
-0.30369 15.6
-0.30345 16.0
-0.3032 16.4
-0.30296 16.7
-0.30272 17.1
-0.30247 17.4
-0.30223 17.6
-0.30198 17.9
-0.30174 18.1
-0.30149 18.3
-0.30125 18.5
-0.30101 18.6
-0.30076 18.7
-0.30052 18.8
-0.30027 18.8
-0.30003 18.8
-0.29979 18.8
-0.29954 18.8
-0.2993 18.7
-0.29905 18.6
-0.29881 18.5
-0.29856 18.3
-0.29832 18.1
-0.29808 17.9
-0.29783 17.6
-0.29759 17.4
-0.29734 17.1
-0.2971 16.7
-0.29686 16.4
-0.29661 16.0
-0.29637 15.6
-0.29612 15.2
-0.29588 14.7
-0.29564 14.2
-0.29539 13.7
-0.29515 13.2
-0.2949 12.7
-0.29466 12.1
-0.29441 11.5
-0.29417 10.9
-0.29393 10.3
-0.29368 9.6
-0.29344 9.0
-0.29319 8.3
-0.29295 7.6
-0.29271 6.9
-0.29246 6.2
-0.29222 5.5
-0.29197 4.8
-0.29173 4.1
-0.29148 3.3
-0.29124 2.6
-0.291 1.8
-0.29075 1.1
-0.29051 0.3
-0.29026 -0.5
-0.29002 -1.2
-0.28978 -2.0
-0.28953 -2.7
-0.28929 -3.5
-0.28904 -4.2
-0.2888 -5.0
-0.28856 -5.7
-0.28831 -6.4
-0.28807 -7.1
-0.28782 -7.8
-0.28758 -8.5
-0.28733 -9.2
-0.28709 -9.9
-0.28685 -10.5
-0.2866 -11.1
-0.28636 -11.7
-0.28611 -12.3
-0.28587 -12.9
-0.28563 -13.5
-0.28538 -14.0
-0.28514 -14.5
-0.28489 -15.0
-0.28465 -15.5
-0.2844 -15.9
-0.28416 -16.3
-0.28392 -16.7
-0.28367 -17.1
-0.28343 -17.4
-0.28318 -17.7
-0.28294 -18.0
-0.2827 -18.2
-0.28245 -18.4
-0.28221 -18.6
-0.28196 -18.8
-0.28172 -18.9
-0.28148 -19.0
-0.28123 -19.1
-0.28099 -19.1
-0.28074 -19.1
-0.2805 -19.1
-0.28025 -19.0
-0.28001 -18.9
-0.27977 -18.8
-0.27952 -18.6
-0.27928 -18.5
-0.27903 -18.2
-0.27879 -18.0
-0.27855 -17.7
-0.2783 -17.4
-0.27806 -17.1
-0.27781 -16.7
-0.27757 -16.3
-0.27732 -15.9
-0.27708 -15.5
-0.27684 -15.0
-0.27659 -14.5
-0.27635 -14.0
-0.2761 -13.5
-0.27586 -12.9
-0.27562 -12.3
-0.27537 -11.7
-0.27513 -11.1
-0.27488 -10.4
-0.27464 -9.8
-0.27439 -9.1
-0.27415 -8.4
-0.27391 -7.7
-0.27366 -6.9
-0.27342 -6.2
-0.27317 -5.5
-0.27293 -4.7
-0.27269 -3.9
-0.27244 -3.2
-0.2722 -2.4
-0.27195 -1.6
-0.27171 -0.8
-0.27147 0.0
-0.27122 0.8
-0.27098 1.5
-0.27073 2.3
-0.27049 3.1
-0.27024 3.9
-0.27 4.7
-0.26976 5.4
-0.26951 6.2
-0.26927 6.9
-0.26902 7.7
-0.26878 8.4
-0.26854 9.1
-0.26829 9.8
-0.26805 10.5
-0.2678 11.1
-0.26756 11.8
-0.26731 12.4
-0.26707 13.0
-0.26683 13.6
-0.26658 14.1
-0.26634 14.7
-0.26609 15.2
-0.26585 15.7
-0.26561 16.1
-0.26536 16.5
-0.26512 16.9
-0.26487 17.3
-0.26463 17.7
-0.26439 18.0
-0.26414 18.3
-0.2639 18.5
-0.26365 18.7
-0.26341 18.9
-0.26316 19.1
-0.26292 19.2
-0.26268 19.3
-0.26243 19.4
-0.26219 19.4
-0.26194 19.4
-0.2617 19.4
-0.26146 19.3
-0.26121 19.2
-0.26097 19.0
-0.26072 18.9
-0.26048 18.7
-0.26023 18.4
-0.25999 18.2
-0.25975 17.9
-0.2595 17.5
-0.25926 17.2
-0.25901 16.8
-0.25877 16.4
-0.25853 15.9
-0.25828 15.4
-0.25804 14.9
-0.25779 14.4
-0.25755 13.8
-0.25731 13.3
-0.25706 12.7
-0.25682 12.0
-0.25657 11.4
-0.25633 10.7
-0.25608 10.0
-0.25584 9.3
-0.2556 8.6
-0.25535 7.9
-0.25511 7.1
-0.25486 6.3
-0.25462 5.6
-0.25438 4.8
-0.25413 4.0
-0.25389 3.2
-0.25364 2.4
-0.2534 1.6
-0.25315 0.7
-0.25291 0.0
-0.25267 -0.9
-0.25242 -1.7
-0.25218 -2.5
-0.25193 -3.4
-0.25169 -4.2
-0.25145 -5.0
-0.2512 -5.8
-0.25096 -6.5
-0.25071 -7.3
-0.25047 -8.1
-0.25023 -8.8
-0.24998 -9.5
-0.24974 -10.3
-0.24949 -11.0
-0.24925 -11.6
-0.249 -12.3
-0.24876 -12.9
-0.24852 -13.5
-0.24827 -14.1
-0.24803 -14.7
-0.24778 -15.2
-0.24754 -15.8
-0.2473 -16.2
-0.24705 -16.7
-0.24681 -17.1
-0.24656 -17.5
-0.24632 -17.9
-0.24607 -18.2
-0.24583 -18.5
-0.24559 -18.8
-0.24534 -19.0
-0.2451 -19.2
-0.24485 -19.4
-0.24461 -19.5
-0.24437 -19.6
-0.24412 -19.7
-0.24388 -19.7
-0.24363 -19.7
-0.24339 -19.7
-0.24314 -19.6
-0.2429 -19.5
-0.24266 -19.3
-0.24241 -19.1
-0.24217 -18.9
-0.24192 -18.7
-0.24168 -18.4
-0.24144 -18.1
-0.24119 -17.7
-0.24095 -17.3
-0.2407 -16.9
-0.24046 -16.4
-0.24022 -16.0
-0.23997 -15.5
-0.23973 -14.9
-0.23948 -14.4
-0.23924 -13.8
-0.23899 -13.1
-0.23875 -12.5
-0.23851 -11.8
-0.23826 -11.1
-0.23802 -10.4
-0.23777 -9.7
-0.23753 -9.0
-0.23729 -8.2
-0.23704 -7.4
-0.2368 -6.6
-0.23655 -5.8
-0.23631 -5.0
-0.23606 -4.2
-0.23582 -3.3
-0.23558 -2.5
-0.23533 -1.6
-0.23509 -0.8
-0.23484 0.0
-0.2346 0.9
-0.23436 1.8
-0.23411 2.6
-0.23387 3.5
-0.23362 4.3
-0.23338 5.1
-0.23314 6.0
-0.23289 6.8
-0.23265 7.6
-0.2324 8.4
-0.23216 9.1
-0.23191 9.9
-0.23167 10.6
-0.23143 11.4
-0.23118 12.1
-0.23094 12.7
-0.23069 13.4
-0.23045 14.0
-0.23021 14.6
-0.22996 15.2
-0.22972 15.8
-0.22947 16.3
-0.22923 16.8
-0.22898 17.2
-0.22874 17.7
-0.2285 18.1
-0.22825 18.4
-0.22801 18.7
-0.22776 19.0
-0.22752 19.3
-0.22728 19.5
-0.22703 19.7
-0.22679 19.8
-0.22654 19.9
-0.2263 20.0
-0.22606 20.1
-0.22581 20.0
-0.22557 20.0
-0.22532 19.9
-0.22508 19.8
-0.22483 19.6
-0.22459 19.5
-0.22435 19.2
-0.2241 19.0
-0.22386 18.7
-0.22361 18.3
-0.22337 17.9
-0.22313 17.5
-0.22288 17.1
-0.22264 16.6
-0.22239 16.1
-0.22215 15.6
-0.2219 15.0
-0.22166 14.4
-0.22142 13.8
-0.22117 13.1
-0.22093 12.4
-0.22068 11.7
-0.22044 11.0
-0.2202 10.2
-0.21995 9.5
-0.21971 8.7
-0.21946 7.9
-0.21922 7.1
-0.21898 6.2
-0.21873 5.4
-0.21849 4.5
-0.21824 3.6
-0.218 2.8
-0.21775 1.9
-0.21751 1.0
-0.21727 0.0
-0.21702 -0.8
-0.21678 -1.7
-0.21653 -2.6
-0.21629 -3.5
-0.21605 -4.3
-0.2158 -5.2
-0.21556 -6.1
-0.21531 -6.9
-0.21507 -7.8
-0.21482 -8.6
-0.21458 -9.4
-0.21434 -10.2
-0.21409 -11.0
-0.21385 -11.7
-0.2136 -12.4
-0.21336 -13.1
-0.21312 -13.8
-0.21287 -14.5
-0.21263 -15.1
-0.21238 -15.7
-0.21214 -16.2
-0.21189 -16.8
-0.21165 -17.3
-0.21141 -17.7
-0.21116 -18.2
-0.21092 -18.6
-0.21067 -18.9
-0.21043 -19.3
-0.21019 -19.5
-0.20994 -19.8
-0.2097 -20.0
-0.20945 -20.2
-0.20921 -20.3
-0.20897 -20.4
-0.20872 -20.4
-0.20848 -20.4
-0.20823 -20.4
-0.20799 -20.3
-0.20774 -20.2
-0.2075 -20.0
-0.20726 -19.8
-0.20701 -19.6
-0.20677 -19.3
-0.20652 -19.0
-0.20628 -18.6
-0.20604 -18.2
-0.20579 -17.8
-0.20555 -17.3
-0.2053 -16.8
-0.20506 -16.3
-0.20481 -15.7
-0.20457 -15.1
-0.20433 -14.5
-0.20408 -13.8
-0.20384 -13.1
-0.20359 -12.4
-0.20335 -11.7
-0.20311 -10.9
-0.20286 -10.1
-0.20262 -9.3
-0.20237 -8.4
-0.20213 -7.6
-0.20189 -6.7
-0.20164 -5.8
-0.2014 -4.9
-0.20115 -4.0
-0.20091 -3.1
-0.20066 -2.2
-0.20042 -1.3
-0.20018 -0.3
-0.19993 0.6
-0.19969 1.5
-0.19944 2.5
-0.1992 3.4
-0.19896 4.3
-0.19871 5.2
-0.19847 6.1
-0.19822 7.0
-0.19798 7.9
-0.19773 8.8
-0.19749 9.6
-0.19725 10.4
-0.197 11.2
-0.19676 12.0
-0.19651 12.8
-0.19627 13.5
-0.19603 14.2
-0.19578 14.9
-0.19554 15.5
-0.19529 16.2
-0.19505 16.7
-0.19481 17.3
-0.19456 17.8
-0.19432 18.3
-0.19407 18.7
-0.19383 19.1
-0.19358 19.5
-0.19334 19.8
-0.1931 20.1
-0.19285 20.3
-0.19261 20.5
-0.19236 20.6
-0.19212 20.7
-0.19188 20.8
-0.19163 20.8
-0.19139 20.8
-0.19114 20.7
-0.1909 20.6
-0.19065 20.4
-0.19041 20.2
-0.19017 20.0
-0.18992 19.7
-0.18968 19.4
-0.18943 19.0
-0.18919 18.6
-0.18895 18.1
-0.1887 17.6
-0.18846 17.1
-0.18821 16.5
-0.18797 15.9
-0.18773 15.3
-0.18748 14.6
-0.18724 13.9
-0.18699 13.2
-0.18675 12.4
-0.1865 11.6
-0.18626 10.8
-0.18602 10.0
-0.18577 9.1
-0.18553 8.2
-0.18528 7.3
-0.18504 6.4
-0.1848 5.4
-0.18455 4.5
-0.18431 3.5
-0.18406 2.6
-0.18382 1.6
-0.18357 0.6
-0.18333 -0.4
-0.18309 -1.3
-0.18284 -2.3
-0.1826 -3.3
-0.18235 -4.3
-0.18211 -5.2
-0.18187 -6.2
-0.18162 -7.1
-0.18138 -8.0
-0.18113 -8.9
-0.18089 -9.8
-0.18064 -10.7
-0.1804 -11.5
-0.18016 -12.4
-0.17991 -13.2
-0.17967 -13.9
-0.17942 -14.7
-0.17918 -15.4
-0.17894 -16.0
-0.17869 -16.7
-0.17845 -17.3
-0.1782 -17.8
-0.17796 -18.4
-0.17772 -18.8
-0.17747 -19.3
-0.17723 -19.7
-0.17698 -20.0
-0.17674 -20.3
-0.17649 -20.6
-0.17625 -20.8
-0.17601 -21.0
-0.17576 -21.1
-0.17552 -21.2
-0.17527 -21.2
-0.17503 -21.2
-0.17479 -21.1
-0.17454 -21.0
-0.1743 -20.9
-0.17405 -20.7
-0.17381 -20.4
-0.17356 -20.1
-0.17332 -19.8
-0.17308 -19.4
-0.17283 -18.9
-0.17259 -18.5
-0.17234 -17.9
-0.1721 -17.4
-0.17186 -16.8
-0.17161 -16.1
-0.17137 -15.4
-0.17112 -14.7
-0.17088 -14.0
-0.17064 -13.2
-0.17039 -12.4
-0.17015 -11.5
-0.1699 -10.7
-0.16966 -9.8
-0.16941 -8.8
-0.16917 -7.9
-0.16893 -6.9
-0.16868 -6.0
-0.16844 -5.0
-0.16819 -4.0
-0.16795 -2.9
-0.16771 -1.9
-0.16746 -0.9
-0.16722 0.1
-0.16697 1.2
-0.16673 2.2
-0.16648 3.2
-0.16624 4.3
-0.166 5.3
-0.16575 6.3
-0.16551 7.3
-0.16526 8.2
-0.16502 9.2
-0.16478 10.1
-0.16453 11.0
-0.16429 11.9
-0.16404 12.8
-0.1638 13.6
-0.16356 14.4
-0.16331 15.2
-0.16307 15.9
-0.16282 16.6
-0.16258 17.3
-0.16233 17.9
-0.16209 18.5
-0.16185 19.0
-0.1616 19.5
-0.16136 19.9
-0.16111 20.3
-0.16087 20.7
-0.16063 21.0
-0.16038 21.2
-0.16014 21.4
-0.15989 21.5
-0.15965 21.6
-0.1594 21.7
-0.15916 21.7
-0.15892 21.6
-0.15867 21.5
-0.15843 21.3
-0.15818 21.1
-0.15794 20.9
-0.1577 20.5
-0.15745 20.2
-0.15721 19.8
-0.15696 19.3
-0.15672 18.8
-0.15648 18.2
-0.15623 17.6
-0.15599 17.0
-0.15574 16.3
-0.1555 15.5
-0.15525 14.8
-0.15501 14.0
-0.15477 13.1
-0.15452 12.3
-0.15428 11.3
-0.15403 10.4
-0.15379 9.5
-0.15355 8.5
-0.1533 7.5
-0.15306 6.4
-0.15281 5.4
-0.15257 4.3
-0.15232 3.3
-0.15208 2.2
-0.15184 1.1
-0.15159 0.0
-0.15135 -1.1
-0.1511 -2.2
-0.15086 -3.3
-0.15062 -4.4
-0.15037 -5.4
-0.15013 -6.5
-0.14988 -7.5
-0.14964 -8.6
-0.14939 -9.6
-0.14915 -10.5
-0.14891 -11.5
-0.14866 -12.4
-0.14842 -13.3
-0.14817 -14.2
-0.14793 -15.0
-0.14769 -15.8
-0.14744 -16.6
-0.1472 -17.3
-0.14695 -18.0
-0.14671 -18.6
-0.14647 -19.2
-0.14622 -19.7
-0.14598 -20.2
-0.14573 -20.7
-0.14549 -21.0
-0.14524 -21.4
-0.145 -21.6
-0.14476 -21.9
-0.14451 -22.0
-0.14427 -22.1
-0.14402 -22.2
-0.14378 -22.2
-0.14354 -22.1
-0.14329 -22.0
-0.14305 -21.8
-0.1428 -21.6
-0.14256 -21.3
-0.14231 -21.0
-0.14207 -20.6
-0.14183 -20.1
-0.14158 -19.6
-0.14134 -19.0
-0.14109 -18.4
-0.14085 -17.8
-0.14061 -17.1
-0.14036 -16.3
-0.14012 -15.5
-0.13987 -14.7
-0.13963 -13.8
-0.13939 -12.9
-0.13914 -12.0
-0.1389 -11.0
-0.13865 -10.0
-0.13841 -8.9
-0.13816 -7.9
-0.13792 -6.8
-0.13768 -5.7
-0.13743 -4.6
-0.13719 -3.4
-0.13694 -2.3
-0.1367 -1.1
-0.13646 0.0
-0.13621 1.2
-0.13597 2.3
-0.13572 3.5
-0.13548 4.6
-0.13523 5.8
-0.13499 6.9
-0.13475 8.0
-0.1345 9.1
-0.13426 10.1
-0.13401 11.2
-0.13377 12.2
-0.13353 13.2
-0.13328 14.1
-0.13304 15.0
-0.13279 15.9
-0.13255 16.7
-0.13231 17.5
-0.13206 18.2
-0.13182 18.9
-0.13157 19.5
-0.13133 20.1
-0.13108 20.6
-0.13084 21.1
-0.1306 21.5
-0.13035 21.9
-0.13011 22.2
-0.12986 22.4
-0.12962 22.6
-0.12938 22.7
-0.12913 22.7
-0.12889 22.7
-0.12864 22.6
-0.1284 22.5
-0.12815 22.3
-0.12791 22.0
-0.12767 21.7
-0.12742 21.3
-0.12718 20.9
-0.12693 20.4
-0.12669 19.8
-0.12645 19.2
-0.1262 18.5
-0.12596 17.8
-0.12571 17.0
-0.12547 16.2
-0.12523 15.3
-0.12498 14.4
-0.12474 13.4
-0.12449 12.4
-0.12425 11.4
-0.124 10.3
-0.12376 9.2
-0.12352 8.1
-0.12327 6.9
-0.12303 5.7
-0.12278 4.5
-0.12254 3.3
-0.1223 2.1
-0.12205 0.9
-0.12181 -0.3
-0.12156 -1.6
-0.12132 -2.8
-0.12107 -4.0
-0.12083 -5.3
-0.12059 -6.5
-0.12034 -7.6
-0.1201 -8.8
-0.11985 -10.0
-0.11961 -11.1
-0.11937 -12.2
-0.11912 -13.2
-0.11888 -14.2
-0.11863 -15.2
-0.11839 -16.1
-0.11814 -17.0
-0.1179 -17.9
-0.11766 -18.6
-0.11741 -19.4
-0.11717 -20.1
-0.11692 -20.7
-0.11668 -21.2
-0.11644 -21.7
-0.11619 -22.2
-0.11595 -22.5
-0.1157 -22.8
-0.11546 -23.1
-0.11522 -23.2
-0.11497 -23.3
-0.11473 -23.3
-0.11448 -23.3
-0.11424 -23.2
-0.11399 -23.0
-0.11375 -22.8
-0.11351 -22.4
-0.11326 -22.0
-0.11302 -21.6
-0.11277 -21.1
-0.11253 -20.5
-0.11229 -19.8
-0.11204 -19.1
-0.1118 -18.3
-0.11155 -17.5
-0.11131 -16.6
-0.11106 -15.7
-0.11082 -14.7
-0.11058 -13.7
-0.11033 -12.6
-0.11009 -11.5
-0.10984 -10.3
-0.1096 -9.1
-0.10936 -7.9
-0.10911 -6.7
-0.10887 -5.4
-0.10862 -4.1
-0.10838 -2.8
-0.10814 -1.5
-0.10789 -0.2
-0.10765 1.1
-0.1074 2.5
-0.10716 3.8
-0.10691 5.1
-0.10667 6.4
-0.10643 7.7
-0.10618 8.9
-0.10594 10.1
-0.10569 11.3
-0.10545 12.5
-0.10521 13.6
-0.10496 14.7
-0.10472 15.8
-0.10447 16.8
-0.10423 17.7
-0.10398 18.6
-0.10374 19.4
-0.1035 20.2
-0.10325 20.9
-0.10301 21.5
-0.10276 22.1
-0.10252 22.6
-0.10228 23.0
-0.10203 23.4
-0.10179 23.7
-0.10154 23.9
-0.1013 24.0
-0.10106 24.0
-0.10081 24.0
-0.10057 23.9
-0.10032 23.7
-0.10008 23.4
-0.09983 23.1
-0.09959 22.7
-0.09935 22.2
-0.0991 21.6
-0.09886 21.0
-0.09861 20.3
-0.09837 19.5
-0.09813 18.6
-0.09788 17.7
-0.09764 16.7
-0.09739 15.7
-0.09715 14.6
-0.0969 13.5
-0.09666 12.3
-0.09642 11.1
-0.09617 9.8
-0.09593 8.5
-0.09568 7.2
-0.09544 5.8
-0.0952 4.4
-0.09495 3.0
-0.09471 1.6
-0.09446 0.2
-0.09422 -1.3
-0.09398 -2.7
-0.09373 -4.1
-0.09349 -5.5
-0.09324 -6.9
-0.093 -8.3
-0.09275 -9.6
-0.09251 -10.9
-0.09227 -12.2
-0.09202 -13.5
-0.09178 -14.7
-0.09153 -15.8
-0.09129 -16.9
-0.09105 -17.9
-0.0908 -18.9
-0.09056 -19.8
-0.09031 -20.7
-0.09007 -21.5
-0.08982 -22.2
-0.08958 -22.8
-0.08934 -23.3
-0.08909 -23.8
-0.08885 -24.2
-0.0886 -24.5
-0.08836 -24.7
-0.08812 -24.8
-0.08787 -24.8
-0.08763 -24.8
-0.08738 -24.6
-0.08714 -24.4
-0.08689 -24.0
-0.08665 -23.6
-0.08641 -23.1
-0.08616 -22.5
-0.08592 -21.9
-0.08567 -21.1
-0.08543 -20.3
-0.08519 -19.4
-0.08494 -18.4
-0.0847 -17.3
-0.08445 -16.2
-0.08421 -15.1
-0.08397 -13.8
-0.08372 -12.5
-0.08348 -11.2
-0.08323 -9.8
-0.08299 -8.4
-0.08274 -6.9
-0.0825 -5.4
-0.08226 -3.9
-0.08201 -2.4
-0.08177 -0.8
-0.08152 0.7
-0.08128 2.3
-0.08104 3.8
-0.08079 5.4
-0.08055 6.9
-0.0803 8.4
-0.08006 9.8
-0.07981 11.3
-0.07957 12.7
-0.07933 14.0
-0.07908 15.3
-0.07884 16.6
-0.07859 17.7
-0.07835 18.9
-0.07811 19.9
-0.07786 20.9
-0.07762 21.8
-0.07737 22.6
-0.07713 23.3
-0.07689 23.9
-0.07664 24.5
-0.0764 24.9
-0.07615 25.3
-0.07591 25.5
-0.07566 25.7
-0.07542 25.7
-0.07518 25.6
-0.07493 25.5
-0.07469 25.2
-0.07444 24.9
-0.0742 24.4
-0.07396 23.8
-0.07371 23.2
-0.07347 22.4
-0.07322 21.5
-0.07298 20.6
-0.07273 19.6
-0.07249 18.5
-0.07225 17.3
-0.072 16.0
-0.07176 14.7
-0.07151 13.3
-0.07127 11.8
-0.07103 10.3
-0.07078 8.7
-0.07054 7.1
-0.07029 5.5
-0.07005 3.8
-0.06981 2.2
-0.06956 0.5
-0.06932 -1.2
-0.06907 -2.9
-0.06883 -4.6
-0.06858 -6.3
-0.06834 -8.0
-0.0681 -9.6
-0.06785 -11.2
-0.06761 -12.7
-0.06736 -14.2
-0.06712 -15.7
-0.06688 -17.1
-0.06663 -18.4
-0.06639 -19.6
-0.06614 -20.8
-0.0659 -21.8
-0.06565 -22.8
-0.06541 -23.7
-0.06517 -24.4
-0.06492 -25.1
-0.06468 -25.7
-0.06443 -26.1
-0.06419 -26.4
-0.06395 -26.6
-0.0637 -26.7
-0.06346 -26.7
-0.06321 -26.6
-0.06297 -26.3
-0.06273 -25.9
-0.06248 -25.4
-0.06224 -24.8
-0.06199 -24.0
-0.06175 -23.2
-0.0615 -22.2
-0.06126 -21.2
-0.06102 -20.0
-0.06077 -18.7
-0.06053 -17.4
-0.06028 -16.0
-0.06004 -14.4
-0.0598 -12.8
-0.05955 -11.2
-0.05931 -9.5
-0.05906 -7.7
-0.05882 -5.9
-0.05857 -4.1
-0.05833 -2.2
-0.05809 -0.3
-0.05784 1.6
-0.0576 3.5
-0.05735 5.4
-0.05711 7.2
-0.05687 9.0
-0.05662 10.8
-0.05638 12.6
-0.05613 14.3
-0.05589 15.9
-0.05564 17.5
-0.0554 18.9
-0.05516 20.3
-0.05491 21.6
-0.05467 22.8
-0.05442 23.9
-0.05418 24.9
-0.05394 25.7
-0.05369 26.4
-0.05345 27.0
-0.0532 27.4
-0.05296 27.8
-0.05272 27.9
-0.05247 28.0
-0.05223 27.8
-0.05198 27.6
-0.05174 27.2
-0.05149 26.6
-0.05125 25.9
-0.05101 25.1
-0.05076 24.2
-0.05052 23.1
-0.05027 21.9
-0.05003 20.5
-0.04979 19.1
-0.04954 17.5
-0.0493 15.8
-0.04905 14.1
-0.04881 12.3
-0.04856 10.3
-0.04832 8.4
-0.04808 6.3
-0.04783 4.3
-0.04759 2.2
-0.04734 0.0
-0.0471 -2.1
-0.04686 -4.2
-0.04661 -6.3
-0.04637 -8.4
-0.04612 -10.5
-0.04588 -12.5
-0.04564 -14.4
-0.04539 -16.3
-0.04515 -18.1
-0.0449 -19.7
-0.04466 -21.3
-0.04441 -22.8
-0.04417 -24.1
-0.04393 -25.3
-0.04368 -26.4
-0.04344 -27.3
-0.04319 -28.1
-0.04295 -28.7
-0.04271 -29.1
-0.04246 -29.4
-0.04222 -29.4
-0.04197 -29.4
-0.04173 -29.1
-0.04148 -28.6
-0.04124 -28.0
-0.041 -27.2
-0.04075 -26.2
-0.04051 -25.1
-0.04026 -23.8
-0.04002 -22.4
-0.03978 -20.8
-0.03953 -19.0
-0.03929 -17.2
-0.03904 -15.2
-0.0388 -13.1
-0.03856 -10.9
-0.03831 -8.7
-0.03807 -6.3
-0.03782 -3.9
-0.03758 -1.5
-0.03733 0.9
-0.03709 3.4
-0.03685 5.8
-0.0366 8.3
-0.03636 10.6
-0.03611 13.0
-0.03587 15.2
-0.03563 17.4
-0.03538 19.4
-0.03514 21.3
-0.03489 23.1
-0.03465 24.8
-0.0344 26.3
-0.03416 27.6
-0.03392 28.7
-0.03367 29.7
-0.03343 30.4
-0.03318 30.9
-0.03294 31.2
-0.0327 31.3
-0.03245 31.1
-0.03221 30.8
-0.03196 30.2
-0.03172 29.3
-0.03148 28.3
-0.03123 27.0
-0.03099 25.6
-0.03074 23.9
-0.0305 22.0
-0.03025 20.0
-0.03001 17.8
-0.02977 15.4
-0.02952 12.9
-0.02928 10.3
-0.02903 7.6
-0.02879 4.8
-0.02855 1.9
-0.0283 -1.0
-0.02806 -3.9
-0.02781 -6.8
-0.02757 -9.6
-0.02732 -12.4
-0.02708 -15.1
-0.02684 -17.8
-0.02659 -20.2
-0.02635 -22.6
-0.0261 -24.7
-0.02586 -26.7
-0.02562 -28.5
-0.02537 -30.0
-0.02513 -31.3
-0.02488 -32.3
-0.02464 -33.0
-0.02439 -33.5
-0.02415 -33.7
-0.02391 -33.5
-0.02366 -33.1
-0.02342 -32.3
-0.02317 -31.3
-0.02293 -29.9
-0.02269 -28.2
-0.02244 -26.3
-0.0222 -24.1
-0.02195 -21.7
-0.02171 -19.0
-0.02147 -16.1
-0.02122 -13.0
-0.02098 -9.8
-0.02073 -6.4
-0.02049 -2.9
-0.02024 0.6
-0.02 4.1
-0.01976 7.7
-0.01951 11.2
-0.01927 14.6
-0.01902 17.9
-0.01878 21.1
-0.01854 24.1
-0.01829 26.8
-0.01805 29.3
-0.0178 31.4
-0.01756 33.2
-0.01731 34.7
-0.01707 35.8
-0.01683 36.5
-0.01658 36.8
-0.01634 36.6
-0.01609 36.0
-0.01585 35.0
-0.01561 33.5
-0.01536 31.6
-0.01512 29.2
-0.01487 26.5
-0.01463 23.3
-0.01439 19.8
-0.01414 16.1
-0.0139 12.0
-0.01365 7.7
-0.01341 3.3
-0.01316 -1.2
-0.01292 -5.8
-0.01268 -10.4
-0.01243 -14.9
-0.01219 -19.3
-0.01194 -23.4
-0.0117 -27.3
-0.01146 -30.8
-0.01121 -33.9
-0.01097 -36.5
-0.01072 -38.5
-0.01048 -40.0
-0.01023 -40.9
-0.00999 -41.0
-0.00975 -40.5
-0.0095 -39.2
-0.00926 -37.3
-0.00901 -34.6
-0.00877 -31.2
-0.00853 -27.2
-0.00828 -22.6
-0.00804 -17.5
-0.00779 -11.9
-0.00755 -5.9
-0.00731 0.3
-0.00706 6.7
-0.00682 13.0
-0.00657 19.3
-0.00633 25.2
-0.00608 30.7
-0.00584 35.6
-0.0056 39.8
-0.00535 43.1
-0.00511 45.4
-0.00486 46.6
-0.00462 46.6
-0.00438 45.3
-0.00413 42.6
-0.00389 38.7
-0.00364 33.4
-0.0034 27.0
-0.00315 19.5
-0.00291 11.0
-0.00267 2.0
-0.00242 -7.5
-0.00218 -17.0
-0.00193 -26.2
-0.00169 -34.7
-0.00145 -42.0
-0.0012 -47.7
-0.00096 -51.5
-0.00071 -52.8
-0.00047 -51.4
-0.00023 -47.1
2e-05 -39.9
0.00026 -30.0
0.00051 -18.0
0.00075 -4.4
0.001 9.6
0.00124 22.9
0.00148 34.5
0.00173 43.2
0.00197 48.1
0.00222 48.7
0.00246 44.8
0.0027 36.9
0.00295 25.6
0.00319 12.3
0.00344 -1.5
0.00368 -14.5
0.00393 -25.1
0.00417 -32.3
0.00441 -35.4
0.00466 -34.4
0.0049 -29.6
0.00515 -21.8
0.00539 -12.1
0.00563 -2.0
0.00588 7.5
0.00612 15.1
0.00637 20.2
0.00661 22.3
0.00686 21.4
0.0071 18.0
0.00734 12.7
0.00759 6.3
0.00783 -0.1
0.00808 -5.8
0.00832 -10.2
0.00856 -12.7
0.00881 -13.3
0.00905 -12.1
0.0093 -9.5
0.00954 -5.9
0.00978 -2.0
0.01003 1.8
0.01027 4.9
0.01052 7.0
0.01076 7.9
0.01101 7.7
0.01125 6.5
0.01149 4.5
0.01174 2.2
0.01198 -0.2
0.01223 -2.2
0.01247 -3.8
0.01271 -4.6
0.01296 -4.7
0.0132 -4.2
0.01345 -3.2
0.01369 -1.9
0.01394 -0.4
0.01418 0.9
0.01442 2.0
0.01467 2.6
0.01491 2.9
0.01516 2.7
0.0154 2.2
0.01564 1.4
0.01589 0.6
0.01613 -0.3
0.01638 -1.0
0.01662 -1.5
0.01686 -1.7
0.01711 -1.7
0.01735 -1.5
0.0176 -1.0
0.01784 -0.5
0.01809 0.0
0.01833 0.5
0.01857 0.8
0.01882 1.0
0.01906 1.1
0.01931 1.0
0.01955 0.7
0.01979 0.4
0.02004 0.1
0.02028 -0.2
0.02053 -0.4
0.02077 -0.6
0.02102 -0.6
0.02126 -0.6
0.0215 -0.5
0.02175 -0.3
0.02199 -0.1
0.02224 0.0
0.02248 0.2
0.02272 0.3
0.02297 0.4
0.02321 0.4
0.02346 0.3
0.0237 0.2
0.02394 0.1
0.02419 0.0
0.02443 0.0
0.02468 -0.2
0.02492 -0.2
0.02517 -0.2
0.02541 -0.2
0.02565 -0.2
0.0259 -0.1
0.02614 0.0
0.02639 0.0
0.02663 0.0
0.02687 0.1
0.02712 0.1
0.02736 0.1
0.02761 0.1
0.02785 0.0
0.0281 0.0
0.02834 0.0
0.02858 0.0
0.02883 0.0
0.02907 0.0
0.02932 0.0
0.02956 0.0
0.0298 0.0
0.03005 0.0
0.03029 0.0
0.03054 0.0
0.03078 0.0
0.03102 0.0
0.03127 0.0
0.03151 0.0
0.03176 0.0
0.032 0.0
0.03225 0.0
0.03249 0.0
0.03273 0.0
0.03298 0.0
0.03322 0.0
0.03347 0.0
0.03371 0.0
0.03395 0.0
0.0342 0.0
0.03444 0.0
0.03469 0.0
0.03493 0.0
0.03518 0.0
0.03542 0.0
0.03566 0.0
0.03591 0.0
0.03615 0.0
0.0364 0.0
0.03664 0.0
0.03688 0.0
0.03713 0.0
0.03737 0.0
0.03762 0.0
0.03786 0.0
0.03811 0.0
0.03835 0.0
0.03859 0.0
0.03884 0.0
0.03908 0.0
0.03933 0.0
0.03957 0.0
0.03981 0.0
0.04006 0.0
0.0403 0.0
0.04055 0.0
0.04079 0.0
0.04103 0.0
0.04128 0.0
0.04152 0.0
0.04177 0.0
0.04201 0.0
0.04226 0.0
0.0425 0.0
0.04274 0.0
0.04299 0.0
0.04323 0.0
0.04348 0.0
0.04372 0.0
0.04396 0.0
0.04421 0.0
0.04445 0.0
0.0447 0.0
0.04494 0.0
0.04519 0.0
0.04543 0.0
0.04567 0.0
0.04592 0.0
0.04616 0.0
0.04641 0.0
0.04665 0.0
0.04689 0.0
0.04714 0.0
0.04738 0.0
0.04763 0.0
0.04787 0.0
0.04811 0.0
0.04836 0.0
0.0486 0.0
0.04885 0.0
0.04909 0.0
0.04934 0.0
0.04958 0.0
0.04982 0.0
0.05007 0.0
0.05031 0.0
0.05056 0.0
0.0508 0.0
0.05104 0.0
0.05129 0.0
0.05153 0.0
0.05178 0.0
0.05202 0.0
0.05227 0.0
0.05251 0.0
0.05275 0.0
0.053 0.0
0.05324 0.0
0.05349 0.0
0.05373 0.0
0.05397 0.0
0.05422 0.0
0.05446 0.0
0.05471 0.0
0.05495 0.0
0.05519 0.0
0.05544 0.0
0.05568 0.0
0.05593 0.0
0.05617 0.0
0.05642 0.0
0.05666 0.0
0.0569 0.0
0.05715 0.0
0.05739 0.0
0.05764 0.0
0.05788 0.0
0.05812 0.0
0.05837 0.0
0.05861 0.0
0.05886 0.0
0.0591 0.0
0.05935 0.0
0.05959 0.0
0.05983 0.0
0.06008 0.0
0.06032 0.0
0.06057 0.0
0.06081 0.0
0.06105 0.0
0.0613 0.0
0.06154 0.0
0.06179 0.0
0.06203 0.0
0.06227 0.0
0.06252 0.0
0.06276 0.0
0.06301 0.0
0.06325 0.0
0.0635 0.0
0.06374 0.0
0.06398 0.0
0.06423 0.0
0.06447 0.0
0.06472 0.0
0.06496 0.0
0.0652 0.0
0.06545 0.0
0.06569 0.0
0.06594 0.0
0.06618 0.0
0.06643 0.0
0.06667 0.0
0.06691 0.0
0.06716 0.0
0.0674 0.0
0.06765 0.0
0.06789 0.0
0.06813 0.0
0.06838 0.0
0.06862 0.0
0.06887 0.0
0.06911 0.0
0.06936 0.0
0.0696 0.0
0.06984 0.0
0.07009 0.0
0.07033 0.0
0.07058 0.0
0.07082 0.0
0.07106 0.0
0.07131 0.0
0.07155 0.0
0.0718 0.0
0.07204 0.0
0.07228 0.0
0.07253 0.0
0.07277 0.0
0.07302 0.0
0.07326 0.0
0.07351 0.0
0.07375 0.0
0.07399 0.0
0.07424 0.0
0.07448 0.0
0.07473 0.0
0.07497 0.0
0.07521 0.0
0.07546 0.0
0.0757 0.0
0.07595 0.0
0.07619 0.0
0.07644 0.0
0.07668 0.0
0.07692 0.0
0.07717 0.0
0.07741 0.0
0.07766 0.0
0.0779 0.0
0.07814 0.0
0.07839 0.0
0.07863 0.0
0.07888 0.0
0.07912 0.0
0.07936 0.0
0.07961 0.0
0.07985 0.0
0.0801 0.0
0.08034 0.0
0.08059 0.0
0.08083 0.0
0.08107 0.0
0.08132 0.0
0.08156 0.0
0.08181 0.0
0.08205 0.0
0.08229 0.0
0.08254 0.0
0.08278 0.0
0.08303 0.0
0.08327 0.0
0.08352 0.0
0.08376 0.0
0.084 0.0
0.08425 0.0
0.08449 0.0
0.08474 0.0
0.08498 0.0
0.08522 0.0
0.08547 0.0
0.08571 0.0
0.08596 0.0
0.0862 0.0
0.08644 0.0
0.08669 0.0
0.08693 0.0
0.08718 0.0
0.08742 0.0
0.08767 0.0
0.08791 0.0
0.08815 0.0
0.0884 0.0
0.08864 0.0
0.08889 0.0
0.08913 0.0
0.08937 0.0
0.08962 0.0
0.08986 0.0
0.09011 0.0
0.09035 0.0
0.0906 0.0
0.09084 0.0
0.09108 0.0
0.09133 0.0
0.09157 0.0
0.09182 0.0
0.09206 0.0
0.0923 0.0
0.09255 0.0
0.09279 0.0
0.09304 0.0
0.09328 0.0
0.09352 0.0
0.09377 0.0
0.09401 0.0
0.09426 0.0
0.0945 0.0
0.09475 0.0
0.09499 0.0
0.09523 0.0
0.09548 0.0
0.09572 0.0
0.09597 0.0
0.09621 0.0
0.09645 0.0
0.0967 0.0
0.09694 0.0
0.09719 0.0
0.09743 0.0
0.09768 0.0
0.09792 0.0
0.09816 0.0
0.09841 0.0
0.09865 0.0
0.0989 0.0
0.09914 0.0
0.09938 0.0
0.09963 0.0
0.09987 0.0
0.10012 0.0
0.10036 0.0
0.10061 0.0
0.10085 0.0
0.10109 0.0
0.10134 0.0
0.10158 0.0
0.10183 0.0
0.10207 0.0
0.10231 0.0
0.10256 0.0
0.1028 0.0
0.10305 0.0
0.10329 0.0
0.10353 0.0
0.10378 0.0
0.10402 0.0
0.10427 0.0
0.10451 0.0
0.10476 0.0
0.105 0.0
0.10524 0.0
0.10549 0.0
0.10573 0.0
0.10598 0.0
0.10622 0.0
0.10646 0.0
0.10671 0.0
0.10695 0.0
0.1072 0.0
0.10744 0.0
0.10769 0.0
0.10793 0.0
0.10817 0.0
0.10842 0.0
0.10866 0.0
0.10891 0.0
0.10915 0.0
0.10939 0.0
0.10964 0.0
0.10988 0.0
0.11013 0.0
0.11037 0.0
0.11061 0.0
0.11086 0.0
0.1111 0.0
0.11135 0.0
0.11159 0.0
0.11184 0.0
0.11208 0.0
0.11232 0.0
0.11257 0.0
0.11281 0.0
0.11306 0.0
0.1133 0.0
0.11354 0.0
0.11379 0.0
0.11403 0.0
0.11428 0.0
0.11452 0.0
0.11477 0.0
0.11501 0.0
0.11525 0.0
0.1155 0.0
0.11574 0.0
0.11599 0.0
0.11623 0.0
0.11647 0.0
0.11672 0.0
0.11696 0.0
0.11721 0.0
0.11745 0.0
0.11769 0.0
0.11794 0.0
0.11818 0.0
0.11843 0.0
0.11867 0.0
0.11892 0.0
0.11916 0.0
0.1194 0.0
0.11965 0.0
0.11989 0.0
0.12014 0.0
0.12038 0.0
0.12062 0.0
0.12087 0.0
0.12111 0.0
0.12136 0.0
0.1216 0.0
0.12185 0.0
0.12209 0.0
0.12233 0.0
0.12258 0.0
0.12282 0.0
0.12307 0.0
0.12331 0.0
0.12355 0.0
0.1238 0.0
0.12404 0.0
0.12429 0.0
0.12453 0.0
0.12477 0.0
0.12502 0.0
0.12526 0.0
0.12551 0.0
0.12575 0.0
0.126 0.0
0.12624 0.0
0.12648 0.0
0.12673 0.0
0.12697 0.0
0.12722 0.0
0.12746 0.0
0.1277 0.0
0.12795 0.0
0.12819 0.0
0.12844 0.0
0.12868 0.0
0.12893 0.0
0.12917 0.0
0.12941 0.0
0.12966 0.0
0.1299 0.0
0.13015 0.0
0.13039 0.0
0.13063 0.0
0.13088 0.0
0.13112 0.0
0.13137 0.0
0.13161 0.0
0.13186 0.0
0.1321 0.0
0.13234 0.0
0.13259 0.0
0.13283 0.0
0.13308 0.0
0.13332 0.0
0.13356 0.0
0.13381 0.0
0.13405 0.0
0.1343 0.0
0.13454 0.0
0.13478 0.0
0.13503 0.0
0.13527 0.0
0.13552 0.0
0.13576 0.0
0.13601 0.0
0.13625 0.0
0.13649 0.0
0.13674 0.0
0.13698 0.0
0.13723 0.0
0.13747 0.0
0.13771 0.0
0.13796 0.0
0.1382 0.0
0.13845 0.0
0.13869 0.0
0.13894 0.0
0.13918 0.0
0.13942 0.0
0.13967 0.0
0.13991 0.0
0.14016 0.0
0.1404 0.0
0.14064 0.0
0.14089 0.0
0.14113 0.0
0.14138 0.0
0.14162 0.0
0.14186 0.0
0.14211 0.0
0.14235 0.0
0.1426 0.0
0.14284 0.0
0.14309 0.0
0.14333 0.0
0.14357 0.0
0.14382 0.0
0.14406 0.0
0.14431 0.0
0.14455 0.0
0.14479 0.0
0.14504 0.0
0.14528 0.0
0.14553 0.0
0.14577 0.0
0.14602 0.0
0.14626 0.0
0.1465 0.0
0.14675 0.0
0.14699 0.0
0.14724 0.0
0.14748 0.0
0.14772 0.0
0.14797 0.0
0.14821 0.0
0.14846 0.0
0.1487 0.0
0.14894 0.0
0.14919 0.0
0.14943 0.0
0.14968 0.0
0.14992 0.0
0.15017 0.0
0.15041 0.0
0.15065 0.0
0.1509 0.0
0.15114 0.0
0.15139 0.0
0.15163 0.0
0.15187 0.0
0.15212 0.0
0.15236 0.0
0.15261 0.0
0.15285 0.0
0.1531 0.0
0.15334 0.0
0.15358 0.0
0.15383 0.0
0.15407 0.0
0.15432 0.0
0.15456 0.0
0.1548 0.0
0.15505 0.0
0.15529 0.0
0.15554 0.0
0.15578 0.0
0.15602 0.0
0.15627 0.0
0.15651 0.0
0.15676 0.0
0.157 0.0
0.15725 0.0
0.15749 0.0
0.15773 0.0
0.15798 0.0
0.15822 0.0
0.15847 0.0
0.15871 0.0
0.15895 0.0
0.1592 0.0
0.15944 0.0
0.15969 0.0
0.15993 0.0
0.16018 0.0
0.16042 0.0
0.16066 0.0
0.16091 0.0
0.16115 0.0
0.1614 0.0
0.16164 0.0
0.16188 0.0
0.16213 0.0
0.16237 0.0
0.16262 0.0
0.16286 0.0
0.16311 0.0
0.16335 0.0
0.16359 0.0
0.16384 0.0
0.16408 0.0
