t strain*1e23
-0.58186 -3.5
-0.58162 -3.5
-0.58138 -3.4
-0.58113 -3.4
-0.58089 -3.3
-0.58064 -3.3
-0.5804 -3.2
-0.58015 -3.2
-0.57991 -3.1
-0.57967 -3.0
-0.57942 -2.9
-0.57918 -2.9
-0.57893 -2.8
-0.57869 -2.7
-0.57845 -2.6
-0.5782 -2.5
-0.57796 -2.4
-0.57771 -2.3
-0.57747 -2.2
-0.57722 -2.0
-0.57698 -1.9
-0.57674 -1.8
-0.57649 -1.7
-0.57625 -1.6
-0.576 -1.4
-0.57576 -1.3
-0.57552 -1.2
-0.57527 -1.0
-0.57503 -0.9
-0.57478 -0.8
-0.57454 -0.6
-0.5743 -0.5
-0.57405 -0.4
-0.57381 -0.2
-0.57356 0.0
-0.57332 0.0
-0.57307 0.2
-0.57283 0.4
-0.57259 0.5
-0.57234 0.6
-0.5721 0.8
-0.57185 0.9
-0.57161 1.0
-0.57137 1.2
-0.57112 1.3
-0.57088 1.4
-0.57063 1.6
-0.57039 1.7
-0.57014 1.8
-0.5699 1.9
-0.56966 2.1
-0.56941 2.2
-0.56917 2.3
-0.56892 2.4
-0.56868 2.5
-0.56844 2.6
-0.56819 2.7
-0.56795 2.8
-0.5677 2.9
-0.56746 3.0
-0.56721 3.0
-0.56697 3.1
-0.56673 3.2
-0.56648 3.3
-0.56624 3.3
-0.56599 3.4
-0.56575 3.4
-0.56551 3.5
-0.56526 3.5
-0.56502 3.6
-0.56477 3.6
-0.56453 3.6
-0.56429 3.6
-0.56404 3.6
-0.5638 3.7
-0.56355 3.7
-0.56331 3.7
-0.56306 3.6
-0.56282 3.6
-0.56258 3.6
-0.56233 3.6
-0.56209 3.6
-0.56184 3.5
-0.5616 3.5
-0.56136 3.4
-0.56111 3.4
-0.56087 3.3
-0.56062 3.3
-0.56038 3.2
-0.56013 3.1
-0.55989 3.1
-0.55965 3.0
-0.5594 2.9
-0.55916 2.8
-0.55891 2.7
-0.55867 2.6
-0.55843 2.5
-0.55818 2.4
-0.55794 2.3
-0.55769 2.2
-0.55745 2.1
-0.55721 2.0
-0.55696 1.8
-0.55672 1.7
-0.55647 1.6
-0.55623 1.5
-0.55598 1.3
-0.55574 1.2
-0.5555 1.1
-0.55525 0.9
-0.55501 0.8
-0.55476 0.6
-0.55452 0.5
-0.55428 0.4
-0.55403 0.2
-0.55379 0.0
-0.55354 0.0
-0.5533 -0.2
-0.55305 -0.4
-0.55281 -0.5
-0.55257 -0.6
-0.55232 -0.8
-0.55208 -0.9
-0.55183 -1.1
-0.55159 -1.2
-0.55135 -1.3
-0.5511 -1.5
-0.55086 -1.6
-0.55061 -1.7
-0.55037 -1.8
-0.55013 -2.0
-0.54988 -2.1
-0.54964 -2.2
-0.54939 -2.3
-0.54915 -2.4
-0.5489 -2.5
-0.54866 -2.6
-0.54842 -2.7
-0.54817 -2.8
-0.54793 -2.9
-0.54768 -3.0
-0.54744 -3.1
-0.5472 -3.2
-0.54695 -3.2
-0.54671 -3.3
-0.54646 -3.4
-0.54622 -3.4
-0.54597 -3.5
-0.54573 -3.5
-0.54549 -3.6
-0.54524 -3.6
-0.545 -3.6
-0.54475 -3.6
-0.54451 -3.7
-0.54427 -3.7
-0.54402 -3.7
-0.54378 -3.7
-0.54353 -3.7
-0.54329 -3.7
-0.54305 -3.7
-0.5428 -3.6
-0.54256 -3.6
-0.54231 -3.6
-0.54207 -3.5
-0.54182 -3.5
-0.54158 -3.4
-0.54134 -3.4
-0.54109 -3.3
-0.54085 -3.3
-0.5406 -3.2
-0.54036 -3.1
-0.54012 -3.0
-0.53987 -3.0
-0.53963 -2.9
-0.53938 -2.8
-0.53914 -2.7
-0.53889 -2.6
-0.53865 -2.5
-0.53841 -2.4
-0.53816 -2.3
-0.53792 -2.1
-0.53767 -2.0
-0.53743 -1.9
-0.53719 -1.8
-0.53694 -1.6
-0.5367 -1.5
-0.53645 -1.4
-0.53621 -1.2
-0.53596 -1.1
-0.53572 -1.0
-0.53548 -0.8
-0.53523 -0.7
-0.53499 -0.5
-0.53474 -0.4
-0.5345 -0.2
-0.53426 0.0
-0.53401 0.0
-0.53377 0.2
-0.53352 0.3
-0.53328 0.5
-0.53304 0.6
-0.53279 0.8
-0.53255 0.9
-0.5323 1.1
-0.53206 1.2
-0.53181 1.3
-0.53157 1.5
-0.53133 1.6
-0.53108 1.7
-0.53084 1.9
-0.53059 2.0
-0.53035 2.1
-0.53011 2.2
-0.52986 2.3
-0.52962 2.5
-0.52937 2.6
-0.52913 2.7
-0.52888 2.8
-0.52864 2.9
-0.5284 3.0
-0.52815 3.0
-0.52791 3.1
-0.52766 3.2
-0.52742 3.3
-0.52718 3.3
-0.52693 3.4
-0.52669 3.5
-0.52644 3.5
-0.5262 3.6
-0.52596 3.6
-0.52571 3.6
-0.52547 3.7
-0.52522 3.7
-0.52498 3.7
-0.52473 3.7
-0.52449 3.7
-0.52425 3.7
-0.524 3.7
-0.52376 3.7
-0.52351 3.7
-0.52327 3.7
-0.52303 3.6
-0.52278 3.6
-0.52254 3.5
-0.52229 3.5
-0.52205 3.4
-0.5218 3.4
-0.52156 3.3
-0.52132 3.3
-0.52107 3.2
-0.52083 3.1
-0.52058 3.0
-0.52034 2.9
-0.5201 2.8
-0.51985 2.7
-0.51961 2.6
-0.51936 2.5
-0.51912 2.4
-0.51888 2.3
-0.51863 2.2
-0.51839 2.1
-0.51814 2.0
-0.5179 1.8
-0.51765 1.7
-0.51741 1.6
-0.51717 1.4
-0.51692 1.3
-0.51668 1.2
-0.51643 1.0
-0.51619 0.9
-0.51595 0.7
-0.5157 0.6
-0.51546 0.4
-0.51521 0.3
-0.51497 0.1
-0.51472 0.0
-0.51448 -0.2
-0.51424 -0.3
-0.51399 -0.5
-0.51375 -0.6
-0.5135 -0.8
-0.51326 -0.9
-0.51302 -1.0
-0.51277 -1.2
-0.51253 -1.3
-0.51228 -1.5
-0.51204 -1.6
-0.5118 -1.7
-0.51155 -1.9
-0.51131 -2.0
-0.51106 -2.1
-0.51082 -2.2
-0.51057 -2.4
-0.51033 -2.5
-0.51009 -2.6
-0.50984 -2.7
-0.5096 -2.8
-0.50935 -2.9
-0.50911 -3.0
-0.50887 -3.1
-0.50862 -3.2
-0.50838 -3.2
-0.50813 -3.3
-0.50789 -3.4
-0.50764 -3.4
-0.5074 -3.5
-0.50716 -3.5
-0.50691 -3.6
-0.50667 -3.6
-0.50642 -3.7
-0.50618 -3.7
-0.50594 -3.7
-0.50569 -3.7
-0.50545 -3.7
-0.5052 -3.7
-0.50496 -3.7
-0.50471 -3.7
-0.50447 -3.7
-0.50423 -3.7
-0.50398 -3.7
-0.50374 -3.6
-0.50349 -3.6
-0.50325 -3.6
-0.50301 -3.5
-0.50276 -3.5
-0.50252 -3.4
-0.50227 -3.3
-0.50203 -3.3
-0.50179 -3.2
-0.50154 -3.1
-0.5013 -3.0
-0.50105 -2.9
-0.50081 -2.8
-0.50056 -2.7
-0.50032 -2.6
-0.50008 -2.5
-0.49983 -2.4
-0.49959 -2.3
-0.49934 -2.2
-0.4991 -2.0
-0.49886 -1.9
-0.49861 -1.8
-0.49837 -1.6
-0.49812 -1.5
-0.49788 -1.4
-0.49763 -1.2
-0.49739 -1.1
-0.49715 -0.9
-0.4969 -0.8
-0.49666 -0.6
-0.49641 -0.5
-0.49617 -0.3
-0.49593 -0.2
-0.49568 0.0
-0.49544 0.1
-0.49519 0.3
-0.49495 0.4
-0.49471 0.6
-0.49446 0.7
-0.49422 0.9
-0.49397 1.0
-0.49373 1.2
-0.49348 1.3
-0.49324 1.5
-0.493 1.6
-0.49275 1.7
-0.49251 1.9
-0.49226 2.0
-0.49202 2.1
-0.49178 2.3
-0.49153 2.4
-0.49129 2.5
-0.49104 2.6
-0.4908 2.7
-0.49055 2.8
-0.49031 2.9
-0.49007 3.0
-0.48982 3.1
-0.48958 3.2
-0.48933 3.3
-0.48909 3.3
-0.48885 3.4
-0.4886 3.5
-0.48836 3.5
-0.48811 3.6
-0.48787 3.6
-0.48763 3.7
-0.48738 3.7
-0.48714 3.7
-0.48689 3.7
-0.48665 3.8
-0.4864 3.8
-0.48616 3.8
-0.48592 3.8
-0.48567 3.8
-0.48543 3.7
-0.48518 3.7
-0.48494 3.7
-0.4847 3.7
-0.48445 3.6
-0.48421 3.6
-0.48396 3.5
-0.48372 3.5
-0.48347 3.4
-0.48323 3.3
-0.48299 3.3
-0.48274 3.2
-0.4825 3.1
-0.48225 3.0
-0.48201 2.9
-0.48177 2.8
-0.48152 2.7
-0.48128 2.6
-0.48103 2.5
-0.48079 2.4
-0.48055 2.2
-0.4803 2.1
-0.48006 2.0
-0.47981 1.8
-0.47957 1.7
-0.47932 1.6
-0.47908 1.4
-0.47884 1.3
-0.47859 1.1
-0.47835 1.0
-0.4781 0.8
-0.47786 0.7
-0.47762 0.5
-0.47737 0.4
-0.47713 0.2
-0.47688 0.0
-0.47664 0.0
-0.47639 -0.2
-0.47615 -0.4
-0.47591 -0.6
-0.47566 -0.7
-0.47542 -0.9
-0.47517 -1.0
-0.47493 -1.2
-0.47469 -1.3
-0.47444 -1.5
-0.4742 -1.6
-0.47395 -1.7
-0.47371 -1.9
-0.47346 -2.0
-0.47322 -2.1
-0.47298 -2.3
-0.47273 -2.4
-0.47249 -2.5
-0.47224 -2.6
-0.472 -2.7
-0.47176 -2.8
-0.47151 -2.9
-0.47127 -3.0
-0.47102 -3.1
-0.47078 -3.2
-0.47054 -3.3
-0.47029 -3.4
-0.47005 -3.4
-0.4698 -3.5
-0.46956 -3.6
-0.46931 -3.6
-0.46907 -3.7
-0.46883 -3.7
-0.46858 -3.7
-0.46834 -3.8
-0.46809 -3.8
-0.46785 -3.8
-0.46761 -3.8
-0.46736 -3.8
-0.46712 -3.8
-0.46687 -3.8
-0.46663 -3.8
-0.46638 -3.7
-0.46614 -3.7
-0.4659 -3.7
-0.46565 -3.6
-0.46541 -3.6
-0.46516 -3.5
-0.46492 -3.5
-0.46468 -3.4
-0.46443 -3.3
-0.46419 -3.3
-0.46394 -3.2
-0.4637 -3.1
-0.46346 -3.0
-0.46321 -2.9
-0.46297 -2.8
-0.46272 -2.7
-0.46248 -2.6
-0.46223 -2.4
-0.46199 -2.3
-0.46175 -2.2
-0.4615 -2.1
-0.46126 -1.9
-0.46101 -1.8
-0.46077 -1.6
-0.46053 -1.5
-0.46028 -1.3
-0.46004 -1.2
-0.45979 -1.0
-0.45955 -0.9
-0.4593 -0.7
-0.45906 -0.6
-0.45882 -0.4
-0.45857 -0.3
-0.45833 -0.1
-0.45808 0.0
-0.45784 0.2
-0.4576 0.4
-0.45735 0.5
-0.45711 0.7
-0.45686 0.8
-0.45662 1.0
-0.45638 1.1
-0.45613 1.3
-0.45589 1.4
-0.45564 1.6
-0.4554 1.7
-0.45515 1.9
-0.45491 2.0
-0.45467 2.1
-0.45442 2.3
-0.45418 2.4
-0.45393 2.5
-0.45369 2.6
-0.45345 2.7
-0.4532 2.9
-0.45296 3.0
-0.45271 3.1
-0.45247 3.2
-0.45222 3.2
-0.45198 3.3
-0.45174 3.4
-0.45149 3.5
-0.45125 3.5
-0.451 3.6
-0.45076 3.6
-0.45052 3.7
-0.45027 3.7
-0.45003 3.8
-0.44978 3.8
-0.44954 3.8
-0.4493 3.8
-0.44905 3.8
-0.44881 3.8
-0.44856 3.8
-0.44832 3.8
-0.44807 3.8
-0.44783 3.8
-0.44759 3.7
-0.44734 3.7
-0.4471 3.7
-0.44685 3.6
-0.44661 3.5
-0.44637 3.5
-0.44612 3.4
-0.44588 3.3
-0.44563 3.2
-0.44539 3.2
-0.44514 3.1
-0.4449 3.0
-0.44466 2.9
-0.44441 2.8
-0.44417 2.6
-0.44392 2.5
-0.44368 2.4
-0.44344 2.3
-0.44319 2.1
-0.44295 2.0
-0.4427 1.9
-0.44246 1.7
-0.44221 1.6
-0.44197 1.4
-0.44173 1.3
-0.44148 1.1
-0.44124 1.0
-0.44099 0.8
-0.44075 0.6
-0.44051 0.5
-0.44026 0.3
-0.44002 0.2
-0.43977 0.0
-0.43953 -0.2
-0.43929 -0.3
-0.43904 -0.5
-0.4388 -0.6
-0.43855 -0.8
-0.43831 -1.0
-0.43806 -1.1
-0.43782 -1.3
-0.43758 -1.4
-0.43733 -1.6
-0.43709 -1.7
-0.43684 -1.9
-0.4366 -2.0
-0.43636 -2.1
-0.43611 -2.3
-0.43587 -2.4
-0.43562 -2.5
-0.43538 -2.6
-0.43513 -2.8
-0.43489 -2.9
-0.43465 -3.0
-0.4344 -3.1
-0.43416 -3.2
-0.43391 -3.3
-0.43367 -3.4
-0.43343 -3.4
-0.43318 -3.5
-0.43294 -3.6
-0.43269 -3.6
-0.43245 -3.7
-0.43221 -3.7
-0.43196 -3.8
-0.43172 -3.8
-0.43147 -3.8
-0.43123 -3.8
-0.43098 -3.9
-0.43074 -3.9
-0.4305 -3.9
-0.43025 -3.9
-0.43001 -3.8
-0.42976 -3.8
-0.42952 -3.8
-0.42928 -3.8
-0.42903 -3.7
-0.42879 -3.7
-0.42854 -3.6
-0.4283 -3.6
-0.42805 -3.5
-0.42781 -3.4
-0.42757 -3.3
-0.42732 -3.2
-0.42708 -3.2
-0.42683 -3.1
-0.42659 -3.0
-0.42635 -2.8
-0.4261 -2.7
-0.42586 -2.6
-0.42561 -2.5
-0.42537 -2.4
-0.42513 -2.2
-0.42488 -2.1
-0.42464 -2.0
-0.42439 -1.8
-0.42415 -1.7
-0.4239 -1.5
-0.42366 -1.4
-0.42342 -1.2
-0.42317 -1.0
-0.42293 -0.9
-0.42268 -0.7
-0.42244 -0.6
-0.4222 -0.4
-0.42195 -0.2
-0.42171 0.0
-0.42146 0.1
-0.42122 0.3
-0.42097 0.4
-0.42073 0.6
-0.42049 0.8
-0.42024 0.9
-0.42 1.1
-0.41975 1.2
-0.41951 1.4
-0.41927 1.5
-0.41902 1.7
-0.41878 1.8
-0.41853 2.0
-0.41829 2.1
-0.41805 2.3
-0.4178 2.4
-0.41756 2.5
-0.41731 2.7
-0.41707 2.8
-0.41682 2.9
-0.41658 3.0
-0.41634 3.1
-0.41609 3.2
-0.41585 3.3
-0.4156 3.4
-0.41536 3.5
-0.41512 3.5
-0.41487 3.6
-0.41463 3.7
-0.41438 3.7
-0.41414 3.8
-0.41389 3.8
-0.41365 3.8
-0.41341 3.9
-0.41316 3.9
-0.41292 3.9
-0.41267 3.9
-0.41243 3.9
-0.41219 3.9
-0.41194 3.9
-0.4117 3.9
-0.41145 3.8
-0.41121 3.8
-0.41096 3.7
-0.41072 3.7
-0.41048 3.6
-0.41023 3.6
-0.40999 3.5
-0.40974 3.4
-0.4095 3.3
-0.40926 3.2
-0.40901 3.1
-0.40877 3.0
-0.40852 2.9
-0.40828 2.8
-0.40804 2.7
-0.40779 2.6
-0.40755 2.5
-0.4073 2.3
-0.40706 2.2
-0.40681 2.0
-0.40657 1.9
-0.40633 1.7
-0.40608 1.6
-0.40584 1.4
-0.40559 1.3
-0.40535 1.1
-0.40511 1.0
-0.40486 0.8
-0.40462 0.6
-0.40437 0.5
-0.40413 0.3
-0.40388 0.1
-0.40364 0.0
-0.4034 -0.2
-0.40315 -0.4
-0.40291 -0.6
-0.40266 -0.7
-0.40242 -0.9
-0.40218 -1.0
-0.40193 -1.2
-0.40169 -1.4
-0.40144 -1.5
-0.4012 -1.7
-0.40096 -1.8
-0.40071 -2.0
-0.40047 -2.1
-0.40022 -2.3
-0.39998 -2.4
-0.39973 -2.5
-0.39949 -2.7
-0.39925 -2.8
-0.399 -2.9
-0.39876 -3.0
-0.39851 -3.1
-0.39827 -3.2
-0.39803 -3.3
-0.39778 -3.4
-0.39754 -3.5
-0.39729 -3.6
-0.39705 -3.6
-0.3968 -3.7
-0.39656 -3.8
-0.39632 -3.8
-0.39607 -3.8
-0.39583 -3.9
-0.39558 -3.9
-0.39534 -3.9
-0.3951 -3.9
-0.39485 -3.9
-0.39461 -3.9
-0.39436 -3.9
-0.39412 -3.9
-0.39388 -3.9
-0.39363 -3.9
-0.39339 -3.8
-0.39314 -3.8
-0.3929 -3.7
-0.39265 -3.6
-0.39241 -3.6
-0.39217 -3.5
-0.39192 -3.4
-0.39168 -3.3
-0.39143 -3.2
-0.39119 -3.1
-0.39095 -3.0
-0.3907 -2.9
-0.39046 -2.8
-0.39021 -2.7
-0.38997 -2.5
-0.38972 -2.4
-0.38948 -2.3
-0.38924 -2.1
-0.38899 -2.0
-0.38875 -1.8
-0.3885 -1.7
-0.38826 -1.5
-0.38802 -1.4
-0.38777 -1.2
-0.38753 -1.0
-0.38728 -0.9
-0.38704 -0.7
-0.3868 -0.5
-0.38655 -0.4
-0.38631 -0.2
-0.38606 0.0
-0.38582 0.2
-0.38557 0.3
-0.38533 0.5
-0.38509 0.7
-0.38484 0.9
-0.3846 1.0
-0.38435 1.2
-0.38411 1.4
-0.38387 1.5
-0.38362 1.7
-0.38338 1.8
-0.38313 2.0
-0.38289 2.1
-0.38264 2.3
-0.3824 2.4
-0.38216 2.6
-0.38191 2.7
-0.38167 2.8
-0.38142 2.9
-0.38118 3.0
-0.38094 3.2
-0.38069 3.3
-0.38045 3.4
-0.3802 3.4
-0.37996 3.5
-0.37971 3.6
-0.37947 3.7
-0.37923 3.7
-0.37898 3.8
-0.37874 3.8
-0.37849 3.9
-0.37825 3.9
-0.37801 3.9
-0.37776 4.0
-0.37752 4.0
-0.37727 4.0
-0.37703 4.0
-0.37679 4.0
-0.37654 3.9
-0.3763 3.9
-0.37605 3.9
-0.37581 3.8
-0.37556 3.8
-0.37532 3.7
-0.37508 3.7
-0.37483 3.6
-0.37459 3.5
-0.37434 3.4
-0.3741 3.3
-0.37386 3.2
-0.37361 3.1
-0.37337 3.0
-0.37312 2.9
-0.37288 2.8
-0.37263 2.6
-0.37239 2.5
-0.37215 2.4
-0.3719 2.2
-0.37166 2.1
-0.37141 1.9
-0.37117 1.8
-0.37093 1.6
-0.37068 1.4
-0.37044 1.3
-0.37019 1.1
-0.36995 0.9
-0.36971 0.8
-0.36946 0.6
-0.36922 0.4
-0.36897 0.2
-0.36873 0.0
-0.36848 -0.1
-0.36824 -0.3
-0.368 -0.5
-0.36775 -0.7
-0.36751 -0.8
-0.36726 -1.0
-0.36702 -1.2
-0.36678 -1.3
-0.36653 -1.5
-0.36629 -1.7
-0.36604 -1.8
-0.3658 -2.0
-0.36555 -2.1
-0.36531 -2.3
-0.36507 -2.4
-0.36482 -2.6
-0.36458 -2.7
-0.36433 -2.8
-0.36409 -3.0
-0.36385 -3.1
-0.3636 -3.2
-0.36336 -3.3
-0.36311 -3.4
-0.36287 -3.5
-0.36263 -3.6
-0.36238 -3.7
-0.36214 -3.7
-0.36189 -3.8
-0.36165 -3.8
-0.3614 -3.9
-0.36116 -3.9
-0.36092 -4.0
-0.36067 -4.0
-0.36043 -4.0
-0.36018 -4.0
-0.35994 -4.0
-0.3597 -4.0
-0.35945 -4.0
-0.35921 -4.0
-0.35896 -3.9
-0.35872 -3.9
-0.35847 -3.9
-0.35823 -3.8
-0.35799 -3.7
-0.35774 -3.7
-0.3575 -3.6
-0.35725 -3.5
-0.35701 -3.4
-0.35677 -3.3
-0.35652 -3.2
-0.35628 -3.1
-0.35603 -3.0
-0.35579 -2.9
-0.35555 -2.7
-0.3553 -2.6
-0.35506 -2.4
-0.35481 -2.3
-0.35457 -2.2
-0.35432 -2.0
-0.35408 -1.8
-0.35384 -1.7
-0.35359 -1.5
-0.35335 -1.3
-0.3531 -1.2
-0.35286 -1.0
-0.35262 -0.8
-0.35237 -0.6
-0.35213 -0.5
-0.35188 -0.3
-0.35164 0.0
-0.35139 0.0
-0.35115 0.3
-0.35091 0.5
-0.35066 0.6
-0.35042 0.8
-0.35017 1.0
-0.34993 1.2
-0.34969 1.3
-0.34944 1.5
-0.3492 1.7
-0.34895 1.8
-0.34871 2.0
-0.34846 2.2
-0.34822 2.3
-0.34798 2.5
-0.34773 2.6
-0.34749 2.7
-0.34724 2.9
-0.347 3.0
-0.34676 3.1
-0.34651 3.2
-0.34627 3.3
-0.34602 3.4
-0.34578 3.5
-0.34554 3.6
-0.34529 3.7
-0.34505 3.8
-0.3448 3.8
-0.34456 3.9
-0.34431 3.9
-0.34407 4.0
-0.34383 4.0
-0.34358 4.0
-0.34334 4.1
-0.34309 4.1
-0.34285 4.1
-0.34261 4.0
-0.34236 4.0
-0.34212 4.0
-0.34187 4.0
-0.34163 3.9
-0.34138 3.9
-0.34114 3.8
-0.3409 3.7
-0.34065 3.7
-0.34041 3.6
-0.34016 3.5
-0.33992 3.4
-0.33968 3.3
-0.33943 3.2
-0.33919 3.1
-0.33894 2.9
-0.3387 2.8
-0.33846 2.7
-0.33821 2.5
-0.33797 2.4
-0.33772 2.2
-0.33748 2.1
-0.33723 1.9
-0.33699 1.7
-0.33675 1.6
-0.3365 1.4
-0.33626 1.2
-0.33601 1.0
-0.33577 0.9
-0.33553 0.7
-0.33528 0.5
-0.33504 0.3
-0.33479 0.1
-0.33455 0.0
-0.3343 -0.3
-0.33406 -0.4
-0.33382 -0.6
-0.33357 -0.8
-0.33333 -1.0
-0.33308 -1.2
-0.33284 -1.3
-0.3326 -1.5
-0.33235 -1.7
-0.33211 -1.9
-0.33186 -2.0
-0.33162 -2.2
-0.33138 -2.3
-0.33113 -2.5
-0.33089 -2.6
-0.33064 -2.8
-0.3304 -2.9
-0.33015 -3.1
-0.32991 -3.2
-0.32967 -3.3
-0.32942 -3.4
-0.32918 -3.5
-0.32893 -3.6
-0.32869 -3.7
-0.32845 -3.8
-0.3282 -3.8
-0.32796 -3.9
-0.32771 -3.9
-0.32747 -4.0
-0.32722 -4.0
-0.32698 -4.1
-0.32674 -4.1
-0.32649 -4.1
-0.32625 -4.1
-0.326 -4.1
-0.32576 -4.1
-0.32552 -4.1
-0.32527 -4.0
-0.32503 -4.0
-0.32478 -3.9
-0.32454 -3.9
-0.3243 -3.8
-0.32405 -3.7
-0.32381 -3.7
-0.32356 -3.6
-0.32332 -3.5
-0.32307 -3.4
-0.32283 -3.3
-0.32259 -3.1
-0.32234 -3.0
-0.3221 -2.9
-0.32185 -2.7
-0.32161 -2.6
-0.32137 -2.4
-0.32112 -2.3
-0.32088 -2.1
-0.32063 -2.0
-0.32039 -1.8
-0.32014 -1.6
-0.3199 -1.4
-0.31966 -1.3
-0.31941 -1.1
-0.31917 -0.9
-0.31892 -0.7
-0.31868 -0.5
-0.31844 -0.3
-0.31819 -0.1
-0.31795 0.0
-0.3177 0.2
-0.31746 0.4
-0.31721 0.6
-0.31697 0.8
-0.31673 1.0
-0.31648 1.2
-0.31624 1.4
-0.31599 1.6
-0.31575 1.7
-0.31551 1.9
-0.31526 2.1
-0.31502 2.2
-0.31477 2.4
-0.31453 2.5
-0.31429 2.7
-0.31404 2.8
-0.3138 3.0
-0.31355 3.1
-0.31331 3.2
-0.31306 3.4
-0.31282 3.5
-0.31258 3.6
-0.31233 3.7
-0.31209 3.7
-0.31184 3.8
-0.3116 3.9
-0.31136 4.0
-0.31111 4.0
-0.31087 4.1
-0.31062 4.1
-0.31038 4.1
-0.31013 4.1
-0.30989 4.1
-0.30965 4.1
-0.3094 4.1
-0.30916 4.1
-0.30891 4.1
-0.30867 4.0
-0.30843 4.0
-0.30818 3.9
-0.30794 3.9
-0.30769 3.8
-0.30745 3.7
-0.30721 3.6
-0.30696 3.5
-0.30672 3.4
-0.30647 3.3
-0.30623 3.2
-0.30598 3.1
-0.30574 2.9
-0.3055 2.8
-0.30525 2.7
-0.30501 2.5
-0.30476 2.3
-0.30452 2.2
-0.30428 2.0
-0.30403 1.8
-0.30379 1.7
-0.30354 1.5
-0.3033 1.3
-0.30305 1.1
-0.30281 0.9
-0.30257 0.7
-0.30232 0.5
-0.30208 0.3
-0.30183 0.1
-0.30159 0.0
-0.30135 -0.3
-0.3011 -0.5
-0.30086 -0.6
-0.30061 -0.8
-0.30037 -1.0
-0.30013 -1.2
-0.29988 -1.4
-0.29964 -1.6
-0.29939 -1.8
-0.29915 -2.0
-0.2989 -2.1
-0.29866 -2.3
-0.29842 -2.5
-0.29817 -2.6
-0.29793 -2.8
-0.29768 -2.9
-0.29744 -3.1
-0.2972 -3.2
-0.29695 -3.3
-0.29671 -3.4
-0.29646 -3.5
-0.29622 -3.6
-0.29597 -3.7
-0.29573 -3.8
-0.29549 -3.9
-0.29524 -4.0
-0.295 -4.0
-0.29475 -4.1
-0.29451 -4.1
-0.29427 -4.2
-0.29402 -4.2
-0.29378 -4.2
-0.29353 -4.2
-0.29329 -4.2
-0.29305 -4.2
-0.2928 -4.1
-0.29256 -4.1
-0.29231 -4.1
-0.29207 -4.0
-0.29182 -3.9
-0.29158 -3.9
-0.29134 -3.8
-0.29109 -3.7
-0.29085 -3.6
-0.2906 -3.5
-0.29036 -3.4
-0.29012 -3.3
-0.28987 -3.1
-0.28963 -3.0
-0.28938 -2.9
-0.28914 -2.7
-0.28889 -2.5
-0.28865 -2.4
-0.28841 -2.2
-0.28816 -2.0
-0.28792 -1.9
-0.28767 -1.7
-0.28743 -1.5
-0.28719 -1.3
-0.28694 -1.1
-0.2867 -0.9
-0.28645 -0.7
-0.28621 -0.5
-0.28596 -0.3
-0.28572 -0.1
-0.28548 0.0
-0.28523 0.3
-0.28499 0.5
-0.28474 0.7
-0.2845 0.9
-0.28426 1.1
-0.28401 1.3
-0.28377 1.5
-0.28352 1.7
-0.28328 1.9
-0.28304 2.0
-0.28279 2.2
-0.28255 2.4
-0.2823 2.6
-0.28206 2.7
-0.28181 2.9
-0.28157 3.0
-0.28133 3.2
-0.28108 3.3
-0.28084 3.4
-0.28059 3.5
-0.28035 3.6
-0.28011 3.7
-0.27986 3.8
-0.27962 3.9
-0.27937 4.0
-0.27913 4.1
-0.27888 4.1
-0.27864 4.2
-0.2784 4.2
-0.27815 4.2
-0.27791 4.2
-0.27766 4.2
-0.27742 4.2
-0.27718 4.2
-0.27693 4.2
-0.27669 4.2
-0.27644 4.1
-0.2762 4.1
-0.27596 4.0
-0.27571 3.9
-0.27547 3.8
-0.27522 3.8
-0.27498 3.7
-0.27473 3.5
-0.27449 3.4
-0.27425 3.3
-0.274 3.2
-0.27376 3.0
-0.27351 2.9
-0.27327 2.7
-0.27303 2.6
-0.27278 2.4
-0.27254 2.2
-0.27229 2.0
-0.27205 1.9
-0.2718 1.7
-0.27156 1.5
-0.27132 1.3
-0.27107 1.1
-0.27083 0.9
-0.27058 0.7
-0.27034 0.5
-0.2701 0.3
-0.26985 0.0
-0.26961 -0.2
-0.26936 -0.4
-0.26912 -0.6
-0.26888 -0.8
-0.26863 -1.0
-0.26839 -1.2
-0.26814 -1.4
-0.2679 -1.6
-0.26765 -1.8
-0.26741 -2.0
-0.26717 -2.2
-0.26692 -2.3
-0.26668 -2.5
-0.26643 -2.7
-0.26619 -2.8
-0.26595 -3.0
-0.2657 -3.1
-0.26546 -3.3
-0.26521 -3.4
-0.26497 -3.5
-0.26472 -3.7
-0.26448 -3.8
-0.26424 -3.9
-0.26399 -3.9
-0.26375 -4.0
-0.2635 -4.1
-0.26326 -4.2
-0.26302 -4.2
-0.26277 -4.2
-0.26253 -4.3
-0.26228 -4.3
-0.26204 -4.3
-0.2618 -4.3
-0.26155 -4.3
-0.26131 -4.3
-0.26106 -4.2
-0.26082 -4.2
-0.26057 -4.1
-0.26033 -4.1
-0.26009 -4.0
-0.25984 -3.9
-0.2596 -3.8
-0.25935 -3.7
-0.25911 -3.6
-0.25887 -3.5
-0.25862 -3.3
-0.25838 -3.2
-0.25813 -3.0
-0.25789 -2.9
-0.25764 -2.7
-0.2574 -2.6
-0.25716 -2.4
-0.25691 -2.2
-0.25667 -2.0
-0.25642 -1.8
-0.25618 -1.6
-0.25594 -1.4
-0.25569 -1.2
-0.25545 -1.0
-0.2552 -0.8
-0.25496 -0.6
-0.25471 -0.4
-0.25447 -0.2
-0.25423 0.0
-0.25398 0.3
-0.25374 0.5
-0.25349 0.7
-0.25325 0.9
-0.25301 1.1
-0.25276 1.3
-0.25252 1.5
-0.25227 1.7
-0.25203 1.9
-0.25179 2.1
-0.25154 2.3
-0.2513 2.5
-0.25105 2.7
-0.25081 2.8
-0.25056 3.0
-0.25032 3.1
-0.25008 3.3
-0.24983 3.4
-0.24959 3.6
-0.24934 3.7
-0.2491 3.8
-0.24886 3.9
-0.24861 4.0
-0.24837 4.1
-0.24812 4.1
-0.24788 4.2
-0.24763 4.3
-0.24739 4.3
-0.24715 4.3
-0.2469 4.3
-0.24666 4.3
-0.24641 4.3
-0.24617 4.3
-0.24593 4.3
-0.24568 4.3
-0.24544 4.2
-0.24519 4.2
-0.24495 4.1
-0.24471 4.0
-0.24446 3.9
-0.24422 3.8
-0.24397 3.7
-0.24373 3.6
-0.24348 3.5
-0.24324 3.3
-0.243 3.2
-0.24275 3.0
-0.24251 2.9
-0.24226 2.7
-0.24202 2.5
-0.24178 2.3
-0.24153 2.1
-0.24129 1.9
-0.24104 1.7
-0.2408 1.5
-0.24055 1.3
-0.24031 1.1
-0.24007 0.9
-0.23982 0.7
-0.23958 0.5
-0.23933 0.2
-0.23909 0.0
-0.23885 -0.2
-0.2386 -0.4
-0.23836 -0.6
-0.23811 -0.9
-0.23787 -1.1
-0.23763 -1.3
-0.23738 -1.5
-0.23714 -1.7
-0.23689 -1.9
-0.23665 -2.1
-0.2364 -2.3
-0.23616 -2.5
-0.23592 -2.7
-0.23567 -2.9
-0.23543 -3.0
-0.23518 -3.2
-0.23494 -3.3
-0.2347 -3.5
-0.23445 -3.6
-0.23421 -3.7
-0.23396 -3.8
-0.23372 -4.0
-0.23347 -4.0
-0.23323 -4.1
-0.23299 -4.2
-0.23274 -4.3
-0.2325 -4.3
-0.23225 -4.4
-0.23201 -4.4
-0.23177 -4.4
-0.23152 -4.4
-0.23128 -4.4
-0.23103 -4.4
-0.23079 -4.3
-0.23055 -4.3
-0.2303 -4.3
-0.23006 -4.2
-0.22981 -4.1
-0.22957 -4.0
-0.22932 -3.9
-0.22908 -3.8
-0.22884 -3.7
-0.22859 -3.6
-0.22835 -3.4
-0.2281 -3.3
-0.22786 -3.1
-0.22762 -3.0
-0.22737 -2.8
-0.22713 -2.6
-0.22688 -2.4
-0.22664 -2.2
-0.22639 -2.0
-0.22615 -1.8
-0.22591 -1.6
-0.22566 -1.4
-0.22542 -1.2
-0.22517 -1.0
-0.22493 -0.7
-0.22469 -0.5
-0.22444 -0.3
-0.2242 0.0
-0.22395 0.2
-0.22371 0.4
-0.22346 0.6
-0.22322 0.9
-0.22298 1.1
-0.22273 1.3
-0.22249 1.5
-0.22224 1.7
-0.222 2.0
-0.22176 2.2
-0.22151 2.4
-0.22127 2.6
-0.22102 2.7
-0.22078 2.9
-0.22054 3.1
-0.22029 3.3
-0.22005 3.4
-0.2198 3.6
-0.21956 3.7
-0.21931 3.8
-0.21907 3.9
-0.21883 4.0
-0.21858 4.1
-0.21834 4.2
-0.21809 4.3
-0.21785 4.3
-0.21761 4.4
-0.21736 4.4
-0.21712 4.5
-0.21687 4.5
-0.21663 4.5
-0.21638 4.4
-0.21614 4.4
-0.2159 4.4
-0.21565 4.3
-0.21541 4.3
-0.21516 4.2
-0.21492 4.1
-0.21468 4.0
-0.21443 3.9
-0.21419 3.8
-0.21394 3.7
-0.2137 3.5
-0.21346 3.4
-0.21321 3.2
-0.21297 3.0
-0.21272 2.9
-0.21248 2.7
-0.21223 2.5
-0.21199 2.3
-0.21175 2.1
-0.2115 1.9
-0.21126 1.7
-0.21101 1.4
-0.21077 1.2
-0.21053 1.0
-0.21028 0.7
-0.21004 0.5
-0.20979 0.3
-0.20955 0.0
-0.2093 -0.2
-0.20906 -0.4
-0.20882 -0.7
-0.20857 -0.9
-0.20833 -1.2
-0.20808 -1.4
-0.20784 -1.6
-0.2076 -1.8
-0.20735 -2.0
-0.20711 -2.3
-0.20686 -2.5
-0.20662 -2.7
-0.20638 -2.9
-0.20613 -3.0
-0.20589 -3.2
-0.20564 -3.4
-0.2054 -3.5
-0.20515 -3.7
-0.20491 -3.8
-0.20467 -3.9
-0.20442 -4.1
-0.20418 -4.2
-0.20393 -4.2
-0.20369 -4.3
-0.20345 -4.4
-0.2032 -4.4
-0.20296 -4.5
-0.20271 -4.5
-0.20247 -4.5
-0.20222 -4.5
-0.20198 -4.5
-0.20174 -4.5
-0.20149 -4.5
-0.20125 -4.4
-0.201 -4.3
-0.20076 -4.3
-0.20052 -4.2
-0.20027 -4.1
-0.20003 -4.0
-0.19978 -3.8
-0.19954 -3.7
-0.1993 -3.6
-0.19905 -3.4
-0.19881 -3.2
-0.19856 -3.1
-0.19832 -2.9
-0.19807 -2.7
-0.19783 -2.5
-0.19759 -2.3
-0.19734 -2.1
-0.1971 -1.8
-0.19685 -1.6
-0.19661 -1.4
-0.19637 -1.2
-0.19612 -0.9
-0.19588 -0.7
-0.19563 -0.4
-0.19539 -0.2
-0.19514 0.0
-0.1949 0.3
-0.19466 0.6
-0.19441 0.8
-0.19417 1.0
-0.19392 1.3
-0.19368 1.5
-0.19344 1.8
-0.19319 2.0
-0.19295 2.2
-0.1927 2.4
-0.19246 2.6
-0.19221 2.8
-0.19197 3.0
-0.19173 3.2
-0.19148 3.4
-0.19124 3.5
-0.19099 3.7
-0.19075 3.8
-0.19051 4.0
-0.19026 4.1
-0.19002 4.2
-0.18977 4.3
-0.18953 4.4
-0.18929 4.4
-0.18904 4.5
-0.1888 4.5
-0.18855 4.6
-0.18831 4.6
-0.18806 4.6
-0.18782 4.6
-0.18758 4.6
-0.18733 4.5
-0.18709 4.5
-0.18684 4.4
-0.1866 4.3
-0.18636 4.2
-0.18611 4.1
-0.18587 4.0
-0.18562 3.9
-0.18538 3.7
-0.18513 3.6
-0.18489 3.4
-0.18465 3.2
-0.1844 3.0
-0.18416 2.9
-0.18391 2.6
-0.18367 2.4
-0.18343 2.2
-0.18318 2.0
-0.18294 1.8
-0.18269 1.5
-0.18245 1.3
-0.18221 1.0
-0.18196 0.8
-0.18172 0.5
-0.18147 0.3
-0.18123 0.0
-0.18098 -0.2
-0.18074 -0.5
-0.1805 -0.8
-0.18025 -1.0
-0.18001 -1.3
-0.17976 -1.5
-0.17952 -1.8
-0.17928 -2.0
-0.17903 -2.2
-0.17879 -2.4
-0.17854 -2.7
-0.1783 -2.9
-0.17805 -3.1
-0.17781 -3.3
-0.17757 -3.4
-0.17732 -3.6
-0.17708 -3.8
-0.17683 -3.9
-0.17659 -4.1
-0.17635 -4.2
-0.1761 -4.3
-0.17586 -4.4
-0.17561 -4.5
-0.17537 -4.5
-0.17513 -4.6
-0.17488 -4.6
-0.17464 -4.7
-0.17439 -4.7
-0.17415 -4.7
-0.1739 -4.6
-0.17366 -4.6
-0.17342 -4.6
-0.17317 -4.5
-0.17293 -4.4
-0.17268 -4.3
-0.17244 -4.2
-0.1722 -4.1
-0.17195 -4.0
-0.17171 -3.8
-0.17146 -3.7
-0.17122 -3.5
-0.17097 -3.3
-0.17073 -3.2
-0.17049 -3.0
-0.17024 -2.7
-0.17 -2.5
-0.16975 -2.3
-0.16951 -2.1
-0.16927 -1.8
-0.16902 -1.6
-0.16878 -1.3
-0.16853 -1.1
-0.16829 -0.8
-0.16805 -0.5
-0.1678 -0.3
-0.16756 0.0
-0.16731 0.3
-0.16707 0.5
-0.16682 0.8
-0.16658 1.1
-0.16634 1.3
-0.16609 1.6
-0.16585 1.8
-0.1656 2.1
-0.16536 2.3
-0.16512 2.5
-0.16487 2.8
-0.16463 3.0
-0.16438 3.2
-0.16414 3.4
-0.16389 3.6
-0.16365 3.7
-0.16341 3.9
-0.16316 4.0
-0.16292 4.2
-0.16267 4.3
-0.16243 4.4
-0.16219 4.5
-0.16194 4.6
-0.1617 4.6
-0.16145 4.7
-0.16121 4.7
-0.16096 4.7
-0.16072 4.7
-0.16048 4.7
-0.16023 4.7
-0.15999 4.7
-0.15974 4.6
-0.1595 4.5
-0.15926 4.4
-0.15901 4.3
-0.15877 4.2
-0.15852 4.1
-0.15828 3.9
-0.15804 3.8
-0.15779 3.6
-0.15755 3.4
-0.1573 3.2
-0.15706 3.0
-0.15681 2.8
-0.15657 2.5
-0.15633 2.3
-0.15608 2.0
-0.15584 1.8
-0.15559 1.5
-0.15535 1.3
-0.15511 1.0
-0.15486 0.7
-0.15462 0.4
-0.15437 0.2
-0.15413 -0.1
-0.15388 -0.4
-0.15364 -0.7
-0.1534 -0.9
-0.15315 -1.2
-0.15291 -1.5
-0.15266 -1.7
-0.15242 -2.0
-0.15218 -2.3
-0.15193 -2.5
-0.15169 -2.7
-0.15144 -3.0
-0.1512 -3.2
-0.15096 -3.4
-0.15071 -3.6
-0.15047 -3.8
-0.15022 -3.9
-0.14998 -4.1
-0.14973 -4.2
-0.14949 -4.4
-0.14925 -4.5
-0.149 -4.6
-0.14876 -4.7
-0.14851 -4.7
-0.14827 -4.8
-0.14803 -4.8
-0.14778 -4.8
-0.14754 -4.8
-0.14729 -4.8
-0.14705 -4.8
-0.1468 -4.7
-0.14656 -4.7
-0.14632 -4.6
-0.14607 -4.5
-0.14583 -4.4
-0.14558 -4.2
-0.14534 -4.1
-0.1451 -3.9
-0.14485 -3.7
-0.14461 -3.6
-0.14436 -3.4
-0.14412 -3.1
-0.14388 -2.9
-0.14363 -2.7
-0.14339 -2.4
-0.14314 -2.2
-0.1429 -1.9
-0.14265 -1.7
-0.14241 -1.4
-0.14217 -1.1
-0.14192 -0.8
-0.14168 -0.5
-0.14143 -0.2
-0.14119 0.0
-0.14095 0.3
-0.1407 0.6
-0.14046 0.9
-0.14021 1.2
-0.13997 1.5
-0.13972 1.8
-0.13948 2.0
-0.13924 2.3
-0.13899 2.6
-0.13875 2.8
-0.1385 3.0
-0.13826 3.3
-0.13802 3.5
-0.13777 3.7
-0.13753 3.9
-0.13728 4.1
-0.13704 4.2
-0.1368 4.4
-0.13655 4.5
-0.13631 4.6
-0.13606 4.7
-0.13582 4.8
-0.13557 4.8
-0.13533 4.9
-0.13509 4.9
-0.13484 4.9
-0.1346 4.9
-0.13435 4.9
-0.13411 4.8
-0.13387 4.8
-0.13362 4.7
-0.13338 4.6
-0.13313 4.5
-0.13289 4.3
-0.13264 4.2
-0.1324 4.0
-0.13216 3.8
-0.13191 3.7
-0.13167 3.4
-0.13142 3.2
-0.13118 3.0
-0.13094 2.7
-0.13069 2.5
-0.13045 2.2
-0.1302 1.9
-0.12996 1.7
-0.12971 1.4
-0.12947 1.1
-0.12923 0.8
-0.12898 0.5
-0.12874 0.2
-0.12849 -0.1
-0.12825 -0.4
-0.12801 -0.8
-0.12776 -1.1
-0.12752 -1.4
-0.12727 -1.6
-0.12703 -1.9
-0.12679 -2.2
-0.12654 -2.5
-0.1263 -2.8
-0.12605 -3.0
-0.12581 -3.2
-0.12556 -3.5
-0.12532 -3.7
-0.12508 -3.9
-0.12483 -4.1
-0.12459 -4.3
-0.12434 -4.4
-0.1241 -4.6
-0.12386 -4.7
-0.12361 -4.8
-0.12337 -4.9
-0.12312 -4.9
-0.12288 -5.0
-0.12263 -5.0
-0.12239 -5.0
-0.12215 -5.0
-0.1219 -5.0
-0.12166 -4.9
-0.12141 -4.9
-0.12117 -4.8
-0.12093 -4.7
-0.12068 -4.5
-0.12044 -4.4
-0.12019 -4.2
-0.11995 -4.1
-0.11971 -3.9
-0.11946 -3.6
-0.11922 -3.4
-0.11897 -3.2
-0.11873 -2.9
-0.11848 -2.7
-0.11824 -2.4
-0.118 -2.1
-0.11775 -1.8
-0.11751 -1.5
-0.11726 -1.2
-0.11702 -0.9
-0.11678 -0.6
-0.11653 -0.2
-0.11629 0.0
-0.11604 0.4
-0.1158 0.7
-0.11555 1.0
-0.11531 1.4
-0.11507 1.7
-0.11482 2.0
-0.11458 2.3
-0.11433 2.6
-0.11409 2.8
-0.11385 3.1
-0.1136 3.4
-0.11336 3.6
-0.11311 3.8
-0.11287 4.0
-0.11263 4.2
-0.11238 4.4
-0.11214 4.6
-0.11189 4.7
-0.11165 4.8
-0.1114 4.9
-0.11116 5.0
-0.11092 5.1
-0.11067 5.1
-0.11043 5.1
-0.11018 5.1
-0.10994 5.1
-0.1097 5.1
-0.10945 5.0
-0.10921 4.9
-0.10896 4.8
-0.10872 4.7
-0.10847 4.5
-0.10823 4.4
-0.10799 4.2
-0.10774 4.0
-0.1075 3.7
-0.10725 3.5
-0.10701 3.2
-0.10677 3.0
-0.10652 2.7
-0.10628 2.4
-0.10603 2.1
-0.10579 1.8
-0.10555 1.5
-0.1053 1.1
-0.10506 0.8
-0.10481 0.5
-0.10457 0.1
-0.10432 -0.2
-0.10408 -0.5
-0.10384 -0.9
-0.10359 -1.2
-0.10335 -1.6
-0.1031 -1.9
-0.10286 -2.2
-0.10262 -2.5
-0.10237 -2.8
-0.10213 -3.1
-0.10188 -3.4
-0.10164 -3.6
-0.10139 -3.9
-0.10115 -4.1
-0.10091 -4.3
-0.10066 -4.5
-0.10042 -4.7
-0.10017 -4.8
-0.09993 -4.9
-0.09969 -5.0
-0.09944 -5.1
-0.0992 -5.2
-0.09895 -5.2
-0.09871 -5.3
-0.09846 -5.2
-0.09822 -5.2
-0.09798 -5.2
-0.09773 -5.1
-0.09749 -5.0
-0.09724 -4.9
-0.097 -4.7
-0.09676 -4.5
-0.09651 -4.4
-0.09627 -4.2
-0.09602 -3.9
-0.09578 -3.7
-0.09554 -3.4
-0.09529 -3.1
-0.09505 -2.8
-0.0948 -2.5
-0.09456 -2.2
-0.09431 -1.9
-0.09407 -1.6
-0.09383 -1.2
-0.09358 -0.9
-0.09334 -0.5
-0.09309 -0.1
-0.09285 0.2
-0.09261 0.6
-0.09236 0.9
-0.09212 1.3
-0.09187 1.7
-0.09163 2.0
-0.09138 2.3
-0.09114 2.7
-0.0909 3.0
-0.09065 3.3
-0.09041 3.6
-0.09016 3.8
-0.08992 4.1
-0.08968 4.3
-0.08943 4.5
-0.08919 4.7
-0.08894 4.9
-0.0887 5.0
-0.08846 5.1
-0.08821 5.2
-0.08797 5.3
-0.08772 5.4
-0.08748 5.4
-0.08723 5.4
-0.08699 5.4
-0.08675 5.3
-0.0865 5.2
-0.08626 5.1
-0.08601 5.0
-0.08577 4.8
-0.08553 4.6
-0.08528 4.4
-0.08504 4.2
-0.08479 4.0
-0.08455 3.7
-0.0843 3.4
-0.08406 3.1
-0.08382 2.8
-0.08357 2.5
-0.08333 2.1
-0.08308 1.8
-0.08284 1.4
-0.0826 1.0
-0.08235 0.6
-0.08211 0.2
-0.08186 -0.1
-0.08162 -0.5
-0.08138 -0.9
-0.08113 -1.3
-0.08089 -1.7
-0.08064 -2.0
-0.0804 -2.4
-0.08015 -2.7
-0.07991 -3.1
-0.07967 -3.4
-0.07942 -3.7
-0.07918 -4.0
-0.07893 -4.2
-0.07869 -4.5
-0.07845 -4.7
-0.0782 -4.9
-0.07796 -5.1
-0.07771 -5.2
-0.07747 -5.3
-0.07722 -5.4
-0.07698 -5.5
-0.07674 -5.5
-0.07649 -5.5
-0.07625 -5.5
-0.076 -5.5
-0.07576 -5.4
-0.07552 -5.3
-0.07527 -5.1
-0.07503 -5.0
-0.07478 -4.8
-0.07454 -4.6
-0.0743 -4.3
-0.07405 -4.1
-0.07381 -3.8
-0.07356 -3.5
-0.07332 -3.1
-0.07307 -2.8
-0.07283 -2.4
-0.07259 -2.1
-0.07234 -1.7
-0.0721 -1.3
-0.07185 -0.9
-0.07161 -0.5
-0.07137 0.0
-0.07112 0.4
-0.07088 0.8
-0.07063 1.2
-0.07039 1.6
-0.07014 2.0
-0.0699 2.4
-0.06966 2.8
-0.06941 3.1
-0.06917 3.5
-0.06892 3.8
-0.06868 4.1
-0.06844 4.4
-0.06819 4.6
-0.06795 4.9
-0.0677 5.1
-0.06746 5.3
-0.06721 5.4
-0.06697 5.5
-0.06673 5.6
-0.06648 5.7
-0.06624 5.7
-0.06599 5.7
-0.06575 5.7
-0.06551 5.6
-0.06526 5.5
-0.06502 5.3
-0.06477 5.2
-0.06453 5.0
-0.06429 4.7
-0.06404 4.5
-0.0638 4.2
-0.06355 3.9
-0.06331 3.6
-0.06306 3.2
-0.06282 2.8
-0.06258 2.4
-0.06233 2.0
-0.06209 1.6
-0.06184 1.2
-0.0616 0.7
-0.06136 0.3
-0.06111 -0.2
-0.06087 -0.6
-0.06062 -1.1
-0.06038 -1.5
-0.06013 -1.9
-0.05989 -2.4
-0.05965 -2.8
-0.0594 -3.2
-0.05916 -3.5
-0.05891 -3.9
-0.05867 -4.2
-0.05843 -4.5
-0.05818 -4.8
-0.05794 -5.1
-0.05769 -5.3
-0.05745 -5.5
-0.05721 -5.6
-0.05696 -5.8
-0.05672 -5.8
-0.05647 -5.9
-0.05623 -5.9
-0.05598 -5.9
-0.05574 -5.8
-0.0555 -5.7
-0.05525 -5.6
-0.05501 -5.4
-0.05476 -5.2
-0.05452 -5.0
-0.05428 -4.7
-0.05403 -4.4
-0.05379 -4.0
-0.05354 -3.7
-0.0533 -3.3
-0.05305 -2.9
-0.05281 -2.4
-0.05257 -2.0
-0.05232 -1.5
-0.05208 -1.0
-0.05183 -0.6
-0.05159 0.0
-0.05135 0.4
-0.0511 0.9
-0.05086 1.4
-0.05061 1.9
-0.05037 2.3
-0.05013 2.8
-0.04988 3.2
-0.04964 3.7
-0.04939 4.0
-0.04915 4.4
-0.0489 4.8
-0.04866 5.1
-0.04842 5.3
-0.04817 5.6
-0.04793 5.8
-0.04768 5.9
-0.04744 6.0
-0.0472 6.1
-0.04695 6.1
-0.04671 6.1
-0.04646 6.1
-0.04622 6.0
-0.04597 5.8
-0.04573 5.7
-0.04549 5.4
-0.04524 5.2
-0.045 4.9
-0.04475 4.5
-0.04451 4.1
-0.04427 3.7
-0.04402 3.3
-0.04378 2.8
-0.04353 2.3
-0.04329 1.8
-0.04305 1.3
-0.0428 0.8
-0.04256 0.2
-0.04231 -0.3
-0.04207 -0.9
-0.04182 -1.4
-0.04158 -1.9
-0.04134 -2.4
-0.04109 -3.0
-0.04085 -3.4
-0.0406 -3.9
-0.04036 -4.3
-0.04012 -4.7
-0.03987 -5.1
-0.03963 -5.4
-0.03938 -5.7
-0.03914 -5.9
-0.03889 -6.1
-0.03865 -6.3
-0.03841 -6.4
-0.03816 -6.4
-0.03792 -6.4
-0.03767 -6.4
-0.03743 -6.3
-0.03719 -6.1
-0.03694 -5.9
-0.0367 -5.6
-0.03645 -5.3
-0.03621 -4.9
-0.03596 -4.5
-0.03572 -4.1
-0.03548 -3.6
-0.03523 -3.1
-0.03499 -2.6
-0.03474 -2.0
-0.0345 -1.4
-0.03426 -0.8
-0.03401 -0.2
-0.03377 0.4
-0.03352 1.0
-0.03328 1.6
-0.03304 2.2
-0.03279 2.8
-0.03255 3.4
-0.0323 3.9
-0.03206 4.4
-0.03181 4.9
-0.03157 5.3
-0.03133 5.7
-0.03108 6.0
-0.03084 6.3
-0.03059 6.5
-0.03035 6.7
-0.03011 6.8
-0.02986 6.8
-0.02962 6.8
-0.02937 6.7
-0.02913 6.5
-0.02888 6.3
-0.02864 6.0
-0.0284 5.6
-0.02815 5.2
-0.02791 4.8
-0.02766 4.3
-0.02742 3.7
-0.02718 3.1
-0.02693 2.5
-0.02669 1.8
-0.02644 1.1
-0.0262 0.4
-0.02596 -0.3
-0.02571 -1.0
-0.02547 -1.7
-0.02522 -2.4
-0.02498 -3.1
-0.02473 -3.8
-0.02449 -4.4
-0.02425 -4.9
-0.024 -5.5
-0.02376 -5.9
-0.02351 -6.3
-0.02327 -6.7
-0.02303 -6.9
-0.02278 -7.1
-0.02254 -7.2
-0.02229 -7.2
-0.02205 -7.2
-0.0218 -7.1
-0.02156 -6.8
-0.02132 -6.5
-0.02107 -6.1
-0.02083 -5.7
-0.02058 -5.1
-0.02034 -4.5
-0.0201 -3.9
-0.01985 -3.1
-0.01961 -2.4
-0.01936 -1.6
-0.01912 -0.7
-0.01888 0.1
-0.01863 1.0
-0.01839 1.8
-0.01814 2.7
-0.0179 3.5
-0.01765 4.3
-0.01741 5.0
-0.01717 5.6
-0.01692 6.2
-0.01668 6.8
-0.01643 7.2
-0.01619 7.5
-0.01595 7.7
-0.0157 7.9
-0.01546 7.9
-0.01521 7.7
-0.01497 7.5
-0.01472 7.2
-0.01448 6.7
-0.01424 6.1
-0.01399 5.4
-0.01375 4.7
-0.0135 3.8
-0.01326 2.9
-0.01302 1.9
-0.01277 0.8
-0.01253 -0.2
-0.01228 -1.3
-0.01204 -2.4
-0.0118 -3.4
-0.01155 -4.4
-0.01131 -5.4
-0.01106 -6.2
-0.01082 -7.0
-0.01057 -7.6
-0.01033 -8.1
-0.01009 -8.5
-0.00984 -8.7
-0.0096 -8.7
-0.00935 -8.5
-0.00911 -8.2
-0.00887 -7.7
-0.00862 -7.0
-0.00838 -6.1
-0.00813 -5.1
-0.00789 -4.0
-0.00764 -2.7
-0.0074 -1.3
-0.00716 0.0
-0.00691 1.6
-0.00667 3.0
-0.00642 4.4
-0.00618 5.7
-0.00594 6.9
-0.00569 8.0
-0.00545 8.8
-0.0052 9.4
-0.00496 9.8
-0.00471 9.8
-0.00447 9.5
-0.00423 9.0
-0.00398 8.1
-0.00374 6.9
-0.00349 5.4
-0.00325 3.7
-0.00301 1.8
-0.00276 -0.2
-0.00252 -2.3
-0.00227 -4.3
-0.00203 -6.2
-0.00179 -7.9
-0.00154 -9.3
-0.0013 -10.3
-0.00105 -10.8
-0.00081 -10.7
-0.00056 -10.1
-0.00032 -8.9
-8e-05 -7.1
0.00017 -4.8
0.00041 -2.1
0.00066 0.7
0.0009 3.5
0.00114 6.1
0.00139 8.2
0.00163 9.6
0.00188 10.2
0.00212 9.8
0.00237 8.6
0.00261 6.7
0.00285 4.2
0.0031 1.4
0.00334 -1.3
0.00359 -3.7
0.00383 -5.5
0.00407 -6.7
0.00432 -7.0
0.00456 -6.5
0.00481 -5.3
0.00505 -3.7
0.00529 -1.9
0.00554 0.0
0.00578 1.7
0.00603 2.9
0.00627 3.7
0.00652 4.0
0.00676 3.7
0.007 3.1
0.00725 2.1
0.00749 1.1
0.00774 0.0
0.00798 -1.0
0.00822 -1.7
0.00847 -2.1
0.00871 -2.2
0.00896 -2.0
0.0092 -1.6
0.00945 -1.0
0.00969 -0.4
0.00993 0.1
0.01018 0.6
0.01042 1.0
0.01067 1.2
0.01091 1.2
0.01115 1.0
0.0114 0.8
0.01164 0.5
0.01189 0.1
0.01213 -0.2
0.01237 -0.4
0.01262 -0.6
0.01286 -0.6
0.01311 -0.6
0.01335 -0.5
0.0136 -0.4
0.01384 -0.2
0.01408 0.0
0.01433 0.1
0.01457 0.3
0.01482 0.3
0.01506 0.4
0.0153 0.3
0.01555 0.3
0.01579 0.2
0.01604 0.0
0.01628 0.0
0.01653 -0.1
0.01677 -0.2
0.01701 -0.2
0.01726 -0.2
0.0175 -0.2
0.01775 -0.1
0.01799 0.0
0.01823 0.0
0.01848 0.0
0.01872 0.0
0.01897 0.0
0.01921 0.1
0.01945 0.1
0.0197 0.0
0.01994 0.0
0.02019 0.0
0.02043 0.0
0.02068 0.0
0.02092 0.0
0.02116 0.0
0.02141 0.0
0.02165 0.0
0.0219 0.0
0.02214 0.0
0.02238 0.0
0.02263 0.0
0.02287 0.0
0.02312 0.0
0.02336 0.0
0.02361 0.0
0.02385 0.0
0.02409 0.0
0.02434 0.0
0.02458 0.0
0.02483 0.0
0.02507 0.0
0.02531 0.0
0.02556 0.0
0.0258 0.0
0.02605 0.0
0.02629 0.0
0.02654 0.0
0.02678 0.0
0.02702 0.0
0.02727 0.0
0.02751 0.0
0.02776 0.0
0.028 0.0
0.02824 0.0
0.02849 0.0
0.02873 0.0
0.02898 0.0
0.02922 0.0
0.02946 0.0
0.02971 0.0
0.02995 0.0
0.0302 0.0
0.03044 0.0
0.03069 0.0
0.03093 0.0
0.03117 0.0
0.03142 0.0
0.03166 0.0
0.03191 0.0
0.03215 0.0
0.03239 0.0
0.03264 0.0
0.03288 0.0
0.03313 0.0
0.03337 0.0
0.03362 0.0
0.03386 0.0
0.0341 0.0
0.03435 0.0
0.03459 0.0
0.03484 0.0
0.03508 0.0
0.03532 0.0
0.03557 0.0
0.03581 0.0
0.03606 0.0
0.0363 0.0
0.03654 0.0
0.03679 0.0
0.03703 0.0
0.03728 0.0
0.03752 0.0
0.03777 0.0
0.03801 0.0
0.03825 0.0
0.0385 0.0
0.03874 0.0
0.03899 0.0
0.03923 0.0
0.03947 0.0
0.03972 0.0
0.03996 0.0
0.04021 0.0
0.04045 0.0
0.0407 0.0
0.04094 0.0
0.04118 0.0
0.04143 0.0
0.04167 0.0
0.04192 0.0
0.04216 0.0
0.0424 0.0
0.04265 0.0
0.04289 0.0
0.04314 0.0
0.04338 0.0
0.04362 0.0
0.04387 0.0
0.04411 0.0
0.04436 0.0
0.0446 0.0
0.04485 0.0
0.04509 0.0
0.04533 0.0
0.04558 0.0
0.04582 0.0
0.04607 0.0
0.04631 0.0
0.04655 0.0
0.0468 0.0
0.04704 0.0
0.04729 0.0
0.04753 0.0
0.04778 0.0
0.04802 0.0
0.04826 0.0
0.04851 0.0
0.04875 0.0
0.049 0.0
0.04924 0.0
0.04948 0.0
0.04973 0.0
0.04997 0.0
0.05022 0.0
0.05046 0.0
0.0507 0.0
0.05095 0.0
0.05119 0.0
0.05144 0.0
0.05168 0.0
0.05193 0.0
0.05217 0.0
0.05241 0.0
0.05266 0.0
0.0529 0.0
0.05315 0.0
0.05339 0.0
0.05363 0.0
0.05388 0.0
0.05412 0.0
0.05437 0.0
0.05461 0.0
0.05486 0.0
0.0551 0.0
0.05534 0.0
0.05559 0.0
0.05583 0.0
0.05608 0.0
0.05632 0.0
0.05656 0.0
0.05681 0.0
0.05705 0.0
0.0573 0.0
0.05754 0.0
0.05779 0.0
0.05803 0.0
0.05827 0.0
0.05852 0.0
0.05876 0.0
0.05901 0.0
0.05925 0.0
0.05949 0.0
0.05974 0.0
0.05998 0.0
0.06023 0.0
0.06047 0.0
0.06071 0.0
0.06096 0.0
0.0612 0.0
0.06145 0.0
0.06169 0.0
0.06194 0.0
0.06218 0.0
0.06242 0.0
0.06267 0.0
0.06291 0.0
0.06316 0.0
0.0634 0.0
0.06364 0.0
0.06389 0.0
0.06413 0.0
0.06438 0.0
0.06462 0.0
0.06487 0.0
0.06511 0.0
0.06535 0.0
0.0656 0.0
0.06584 0.0
0.06609 0.0
0.06633 0.0
0.06657 0.0
0.06682 0.0
0.06706 0.0
0.06731 0.0
0.06755 0.0
0.06779 0.0
0.06804 0.0
0.06828 0.0
0.06853 0.0
0.06877 0.0
0.06902 0.0
0.06926 0.0
0.0695 0.0
0.06975 0.0
0.06999 0.0
0.07024 0.0
0.07048 0.0
0.07072 0.0
0.07097 0.0
0.07121 0.0
0.07146 0.0
0.0717 0.0
0.07195 0.0
0.07219 0.0
0.07243 0.0
0.07268 0.0
0.07292 0.0
0.07317 0.0
0.07341 0.0
0.07365 0.0
0.0739 0.0
0.07414 0.0
0.07439 0.0
0.07463 0.0
0.07487 0.0
0.07512 0.0
0.07536 0.0
0.07561 0.0
0.07585 0.0
0.0761 0.0
0.07634 0.0
0.07658 0.0
0.07683 0.0
0.07707 0.0
0.07732 0.0
0.07756 0.0
0.0778 0.0
0.07805 0.0
0.07829 0.0
0.07854 0.0
0.07878 0.0
0.07903 0.0
0.07927 0.0
0.07951 0.0
0.07976 0.0
0.08 0.0
0.08025 0.0
0.08049 0.0
0.08073 0.0
0.08098 0.0
0.08122 0.0
0.08147 0.0
0.08171 0.0
0.08195 0.0
0.0822 0.0
0.08244 0.0
0.08269 0.0
0.08293 0.0
0.08318 0.0
0.08342 0.0
0.08366 0.0
0.08391 0.0
0.08415 0.0
0.0844 0.0
0.08464 0.0
0.08488 0.0
0.08513 0.0
0.08537 0.0
0.08562 0.0
0.08586 0.0
0.08611 0.0
0.08635 0.0
0.08659 0.0
0.08684 0.0
0.08708 0.0
0.08733 0.0
0.08757 0.0
0.08781 0.0
0.08806 0.0
0.0883 0.0
0.08855 0.0
0.08879 0.0
0.08904 0.0
0.08928 0.0
0.08952 0.0
0.08977 0.0
0.09001 0.0
0.09026 0.0
0.0905 0.0
0.09074 0.0
0.09099 0.0
0.09123 0.0
0.09148 0.0
0.09172 0.0
0.09196 0.0
0.09221 0.0
0.09245 0.0
0.0927 0.0
0.09294 0.0
0.09319 0.0
0.09343 0.0
0.09367 0.0
0.09392 0.0
0.09416 0.0
0.09441 0.0
0.09465 0.0
0.09489 0.0
0.09514 0.0
0.09538 0.0
0.09563 0.0
0.09587 0.0
0.09612 0.0
0.09636 0.0
0.0966 0.0
0.09685 0.0
0.09709 0.0
0.09734 0.0
0.09758 0.0
0.09782 0.0
0.09807 0.0
0.09831 0.0
0.09856 0.0
0.0988 0.0
0.09904 0.0
0.09929 0.0
0.09953 0.0
0.09978 0.0
0.10002 0.0
0.10027 0.0
0.10051 0.0
0.10075 0.0
0.101 0.0
0.10124 0.0
0.10149 0.0
0.10173 0.0
0.10197 0.0
0.10222 0.0
0.10246 0.0
0.10271 0.0
0.10295 0.0
0.1032 0.0
0.10344 0.0
0.10368 0.0
0.10393 0.0
0.10417 0.0
0.10442 0.0
0.10466 0.0
0.1049 0.0
0.10515 0.0
0.10539 0.0
0.10564 0.0
0.10588 0.0
0.10612 0.0
0.10637 0.0
0.10661 0.0
0.10686 0.0
0.1071 0.0
0.10735 0.0
0.10759 0.0
0.10783 0.0
0.10808 0.0
0.10832 0.0
0.10857 0.0
0.10881 0.0
0.10905 0.0
0.1093 0.0
0.10954 0.0
0.10979 0.0
0.11003 0.0
0.11028 0.0
0.11052 0.0
0.11076 0.0
0.11101 0.0
0.11125 0.0
0.1115 0.0
0.11174 0.0
0.11198 0.0
0.11223 0.0
0.11247 0.0
0.11272 0.0
0.11296 0.0
0.1132 0.0
0.11345 0.0
0.11369 0.0
0.11394 0.0
0.11418 0.0
0.11443 0.0
0.11467 0.0
0.11491 0.0
0.11516 0.0
0.1154 0.0
0.11565 0.0
0.11589 0.0
0.11613 0.0
0.11638 0.0
0.11662 0.0
0.11687 0.0
0.11711 0.0
0.11736 0.0
0.1176 0.0
0.11784 0.0
0.11809 0.0
0.11833 0.0
0.11858 0.0
0.11882 0.0
0.11906 0.0
0.11931 0.0
0.11955 0.0
0.1198 0.0
0.12004 0.0
0.12029 0.0
0.12053 0.0
0.12077 0.0
0.12102 0.0
0.12126 0.0
0.12151 0.0
0.12175 0.0
0.12199 0.0
0.12224 0.0
0.12248 0.0
0.12273 0.0
0.12297 0.0
0.12321 0.0
0.12346 0.0
0.1237 0.0
0.12395 0.0
0.12419 0.0
0.12444 0.0
0.12468 0.0
0.12492 0.0
0.12517 0.0
0.12541 0.0
0.12566 0.0
0.1259 0.0
0.12614 0.0
0.12639 0.0
0.12663 0.0
0.12688 0.0
0.12712 0.0
0.12737 0.0
0.12761 0.0
0.12785 0.0
0.1281 0.0
0.12834 0.0
0.12859 0.0
0.12883 0.0
0.12907 0.0
0.12932 0.0
0.12956 0.0
0.12981 0.0
0.13005 0.0
0.13029 0.0
0.13054 0.0
0.13078 0.0
0.13103 0.0
0.13127 0.0
0.13152 0.0
0.13176 0.0
0.132 0.0
0.13225 0.0
0.13249 0.0
0.13274 0.0
0.13298 0.0
0.13322 0.0
0.13347 0.0
0.13371 0.0
0.13396 0.0
0.1342 0.0
0.13445 0.0
0.13469 0.0
0.13493 0.0
0.13518 0.0
0.13542 0.0
0.13567 0.0
0.13591 0.0
0.13615 0.0
0.1364 0.0
0.13664 0.0
0.13689 0.0
0.13713 0.0
0.13737 0.0
0.13762 0.0
0.13786 0.0
0.13811 0.0
0.13835 0.0
0.1386 0.0
0.13884 0.0
0.13908 0.0
0.13933 0.0
0.13957 0.0
0.13982 0.0
0.14006 0.0
0.1403 0.0
0.14055 0.0
0.14079 0.0
0.14104 0.0
0.14128 0.0
0.14153 0.0
0.14177 0.0
0.14201 0.0
0.14226 0.0
