t strain*1e23
-0.4777 -22.3
-0.47746 -22.0
-0.47721 -21.8
-0.47697 -21.5
-0.47673 -21.2
-0.47648 -20.8
-0.47624 -20.4
-0.47599 -20.0
-0.47575 -19.6
-0.47551 -19.1
-0.47526 -18.6
-0.47502 -18.1
-0.47477 -17.5
-0.47453 -17.0
-0.47429 -16.4
-0.47404 -15.7
-0.4738 -15.1
-0.47355 -14.4
-0.47331 -13.7
-0.47306 -13.0
-0.47282 -12.2
-0.47258 -11.5
-0.47233 -10.7
-0.47209 -9.9
-0.47184 -9.1
-0.4716 -8.3
-0.47136 -7.5
-0.47111 -6.6
-0.47087 -5.8
-0.47062 -4.9
-0.47038 -4.0
-0.47013 -3.2
-0.46989 -2.3
-0.46965 -1.4
-0.4694 -0.5
-0.46916 0.4
-0.46891 1.3
-0.46867 2.1
-0.46843 3.0
-0.46818 3.9
-0.46794 4.8
-0.46769 5.7
-0.46745 6.5
-0.46721 7.4
-0.46696 8.2
-0.46672 9.0
-0.46647 9.8
-0.46623 10.6
-0.46598 11.4
-0.46574 12.2
-0.4655 12.9
-0.46525 13.7
-0.46501 14.4
-0.46476 15.1
-0.46452 15.7
-0.46428 16.4
-0.46403 17.0
-0.46379 17.6
-0.46354 18.2
-0.4633 18.7
-0.46305 19.2
-0.46281 19.7
-0.46257 20.2
-0.46232 20.6
-0.46208 21.0
-0.46183 21.3
-0.46159 21.7
-0.46135 22.0
-0.4611 22.2
-0.46086 22.5
-0.46061 22.7
-0.46037 22.8
-0.46012 22.9
-0.45988 23.0
-0.45964 23.1
-0.45939 23.1
-0.45915 23.1
-0.4589 23.1
-0.45866 23.0
-0.45842 22.9
-0.45817 22.7
-0.45793 22.5
-0.45768 22.3
-0.45744 22.1
-0.4572 21.8
-0.45695 21.5
-0.45671 21.1
-0.45646 20.7
-0.45622 20.3
-0.45597 19.9
-0.45573 19.4
-0.45549 18.9
-0.45524 18.3
-0.455 17.8
-0.45475 17.2
-0.45451 16.6
-0.45427 15.9
-0.45402 15.3
-0.45378 14.6
-0.45353 13.9
-0.45329 13.1
-0.45304 12.4
-0.4528 11.6
-0.45256 10.8
-0.45231 10.0
-0.45207 9.2
-0.45182 8.3
-0.45158 7.5
-0.45134 6.6
-0.45109 5.7
-0.45085 4.8
-0.4506 4.0
-0.45036 3.1
-0.45012 2.2
-0.44987 1.2
-0.44963 0.3
-0.44938 -0.6
-0.44914 -1.5
-0.44889 -2.4
-0.44865 -3.3
-0.44841 -4.2
-0.44816 -5.1
-0.44792 -6.0
-0.44767 -6.8
-0.44743 -7.7
-0.44719 -8.6
-0.44694 -9.4
-0.4467 -10.2
-0.44645 -11.1
-0.44621 -11.8
-0.44596 -12.6
-0.44572 -13.4
-0.44548 -14.1
-0.44523 -14.8
-0.44499 -15.5
-0.44474 -16.2
-0.4445 -16.9
-0.44426 -17.5
-0.44401 -18.1
-0.44377 -18.6
-0.44352 -19.2
-0.44328 -19.7
-0.44304 -20.2
-0.44279 -20.6
-0.44255 -21.0
-0.4423 -21.4
-0.44206 -21.8
-0.44181 -22.1
-0.44157 -22.4
-0.44133 -22.6
-0.44108 -22.8
-0.44084 -23.0
-0.44059 -23.1
-0.44035 -23.2
-0.44011 -23.3
-0.43986 -23.3
-0.43962 -23.3
-0.43937 -23.3
-0.43913 -23.2
-0.43888 -23.1
-0.43864 -23.0
-0.4384 -22.8
-0.43815 -22.6
-0.43791 -22.3
-0.43766 -22.0
-0.43742 -21.7
-0.43718 -21.3
-0.43693 -20.9
-0.43669 -20.5
-0.43644 -20.1
-0.4362 -19.6
-0.43596 -19.0
-0.43571 -18.5
-0.43547 -17.9
-0.43522 -17.3
-0.43498 -16.7
-0.43473 -16.0
-0.43449 -15.3
-0.43425 -14.6
-0.434 -13.9
-0.43376 -13.1
-0.43351 -12.4
-0.43327 -11.6
-0.43303 -10.7
-0.43278 -9.9
-0.43254 -9.1
-0.43229 -8.2
-0.43205 -7.3
-0.4318 -6.4
-0.43156 -5.5
-0.43132 -4.6
-0.43107 -3.7
-0.43083 -2.8
-0.43058 -1.9
-0.43034 -0.9
-0.4301 0.0
-0.42985 0.9
-0.42961 1.9
-0.42936 2.8
-0.42912 3.7
-0.42887 4.6
-0.42863 5.5
-0.42839 6.4
-0.42814 7.3
-0.4279 8.2
-0.42765 9.1
-0.42741 10.0
-0.42717 10.8
-0.42692 11.6
-0.42668 12.4
-0.42643 13.2
-0.42619 14.0
-0.42595 14.7
-0.4257 15.4
-0.42546 16.1
-0.42521 16.8
-0.42497 17.5
-0.42472 18.1
-0.42448 18.7
-0.42424 19.2
-0.42399 19.7
-0.42375 20.2
-0.4235 20.7
-0.42326 21.1
-0.42302 21.5
-0.42277 21.9
-0.42253 22.2
-0.42228 22.5
-0.42204 22.8
-0.42179 23.0
-0.42155 23.2
-0.42131 23.3
-0.42106 23.5
-0.42082 23.5
-0.42057 23.6
-0.42033 23.6
-0.42009 23.5
-0.41984 23.4
-0.4196 23.3
-0.41935 23.2
-0.41911 23.0
-0.41887 22.8
-0.41862 22.5
-0.41838 22.2
-0.41813 21.9
-0.41789 21.5
-0.41764 21.1
-0.4174 20.6
-0.41716 20.2
-0.41691 19.7
-0.41667 19.1
-0.41642 18.6
-0.41618 18.0
-0.41594 17.3
-0.41569 16.7
-0.41545 16.0
-0.4152 15.3
-0.41496 14.5
-0.41471 13.8
-0.41447 13.0
-0.41423 12.2
-0.41398 11.4
-0.41374 10.5
-0.41349 9.7
-0.41325 8.8
-0.41301 7.9
-0.41276 7.0
-0.41252 6.1
-0.41227 5.1
-0.41203 4.2
-0.41179 3.3
-0.41154 2.3
-0.4113 1.4
-0.41105 0.4
-0.41081 -0.5
-0.41056 -1.5
-0.41032 -2.5
-0.41008 -3.4
-0.40983 -4.4
-0.40959 -5.3
-0.40934 -6.2
-0.4091 -7.1
-0.40886 -8.1
-0.40861 -8.9
-0.40837 -9.8
-0.40812 -10.7
-0.40788 -11.5
-0.40763 -12.4
-0.40739 -13.2
-0.40715 -14.0
-0.4069 -14.8
-0.40666 -15.5
-0.40641 -16.2
-0.40617 -16.9
-0.40593 -17.6
-0.40568 -18.2
-0.40544 -18.8
-0.40519 -19.4
-0.40495 -19.9
-0.40471 -20.4
-0.40446 -20.9
-0.40422 -21.4
-0.40397 -21.8
-0.40373 -22.2
-0.40348 -22.5
-0.40324 -22.8
-0.403 -23.1
-0.40275 -23.3
-0.40251 -23.5
-0.40226 -23.6
-0.40202 -23.7
-0.40178 -23.8
-0.40153 -23.8
-0.40129 -23.8
-0.40104 -23.8
-0.4008 -23.7
-0.40055 -23.5
-0.40031 -23.4
-0.40007 -23.2
-0.39982 -22.9
-0.39958 -22.6
-0.39933 -22.3
-0.39909 -22.0
-0.39885 -21.6
-0.3986 -21.1
-0.39836 -20.7
-0.39811 -20.2
-0.39787 -19.6
-0.39762 -19.1
-0.39738 -18.5
-0.39714 -17.8
-0.39689 -17.2
-0.39665 -16.5
-0.3964 -15.8
-0.39616 -15.0
-0.39592 -14.3
-0.39567 -13.5
-0.39543 -12.7
-0.39518 -11.8
-0.39494 -11.0
-0.3947 -10.1
-0.39445 -9.2
-0.39421 -8.3
-0.39396 -7.3
-0.39372 -6.4
-0.39347 -5.5
-0.39323 -4.5
-0.39299 -3.5
-0.39274 -2.6
-0.3925 -1.6
-0.39225 -0.6
-0.39201 0.4
-0.39177 1.4
-0.39152 2.3
-0.39128 3.3
-0.39103 4.3
-0.39079 5.3
-0.39054 6.2
-0.3903 7.2
-0.39006 8.1
-0.38981 9.0
-0.38957 9.9
-0.38932 10.8
-0.38908 11.7
-0.38884 12.6
-0.38859 13.4
-0.38835 14.2
-0.3881 15.0
-0.38786 15.7
-0.38762 16.5
-0.38737 17.2
-0.38713 17.9
-0.38688 18.5
-0.38664 19.1
-0.38639 19.7
-0.38615 20.3
-0.38591 20.8
-0.38566 21.3
-0.38542 21.7
-0.38517 22.1
-0.38493 22.5
-0.38469 22.8
-0.38444 23.1
-0.3842 23.4
-0.38395 23.6
-0.38371 23.8
-0.38346 23.9
-0.38322 24.0
-0.38298 24.1
-0.38273 24.1
-0.38249 24.1
-0.38224 24.0
-0.382 23.9
-0.38176 23.7
-0.38151 23.5
-0.38127 23.3
-0.38102 23.0
-0.38078 22.7
-0.38054 22.4
-0.38029 22.0
-0.38005 21.5
-0.3798 21.1
-0.37956 20.6
-0.37931 20.0
-0.37907 19.5
-0.37883 18.8
-0.37858 18.2
-0.37834 17.5
-0.37809 16.8
-0.37785 16.1
-0.37761 15.3
-0.37736 14.6
-0.37712 13.7
-0.37687 12.9
-0.37663 12.0
-0.37638 11.2
-0.37614 10.3
-0.3759 9.3
-0.37565 8.4
-0.37541 7.5
-0.37516 6.5
-0.37492 5.5
-0.37468 4.5
-0.37443 3.5
-0.37419 2.5
-0.37394 1.5
-0.3737 0.5
-0.37346 -0.5
-0.37321 -1.5
-0.37297 -2.5
-0.37272 -3.5
-0.37248 -4.5
-0.37223 -5.5
-0.37199 -6.5
-0.37175 -7.5
-0.3715 -8.4
-0.37126 -9.4
-0.37101 -10.3
-0.37077 -11.2
-0.37053 -12.1
-0.37028 -13.0
-0.37004 -13.8
-0.36979 -14.6
-0.36955 -15.4
-0.3693 -16.2
-0.36906 -17.0
-0.36882 -17.7
-0.36857 -18.4
-0.36833 -19.0
-0.36808 -19.6
-0.36784 -20.2
-0.3676 -20.8
-0.36735 -21.3
-0.36711 -21.8
-0.36686 -22.2
-0.36662 -22.6
-0.36637 -23.0
-0.36613 -23.3
-0.36589 -23.6
-0.36564 -23.8
-0.3654 -24.0
-0.36515 -24.1
-0.36491 -24.3
-0.36467 -24.3
-0.36442 -24.4
-0.36418 -24.3
-0.36393 -24.3
-0.36369 -24.2
-0.36345 -24.0
-0.3632 -23.8
-0.36296 -23.6
-0.36271 -23.3
-0.36247 -23.0
-0.36222 -22.7
-0.36198 -22.3
-0.36174 -21.8
-0.36149 -21.3
-0.36125 -20.8
-0.361 -20.3
-0.36076 -19.7
-0.36052 -19.1
-0.36027 -18.4
-0.36003 -17.7
-0.35978 -17.0
-0.35954 -16.2
-0.35929 -15.5
-0.35905 -14.6
-0.35881 -13.8
-0.35856 -12.9
-0.35832 -12.1
-0.35807 -11.1
-0.35783 -10.2
-0.35759 -9.3
-0.35734 -8.3
-0.3571 -7.3
-0.35685 -6.3
-0.35661 -5.3
-0.35637 -4.3
-0.35612 -3.3
-0.35588 -2.2
-0.35563 -1.2
-0.35539 -0.2
-0.35514 0.9
-0.3549 1.9
-0.35466 2.9
-0.35441 4.0
-0.35417 5.0
-0.35392 6.0
-0.35368 7.0
-0.35344 8.0
-0.35319 9.0
-0.35295 10.0
-0.3527 10.9
-0.35246 11.8
-0.35221 12.7
-0.35197 13.6
-0.35173 14.5
-0.35148 15.3
-0.35124 16.1
-0.35099 16.9
-0.35075 17.6
-0.35051 18.4
-0.35026 19.0
-0.35002 19.7
-0.34977 20.3
-0.34953 20.9
-0.34929 21.4
-0.34904 21.9
-0.3488 22.4
-0.34855 22.8
-0.34831 23.2
-0.34806 23.5
-0.34782 23.8
-0.34758 24.0
-0.34733 24.2
-0.34709 24.4
-0.34684 24.5
-0.3466 24.6
-0.34636 24.6
-0.34611 24.6
-0.34587 24.5
-0.34562 24.4
-0.34538 24.3
-0.34513 24.1
-0.34489 23.8
-0.34465 23.6
-0.3444 23.2
-0.34416 22.9
-0.34391 22.4
-0.34367 22.0
-0.34343 21.5
-0.34318 20.9
-0.34294 20.4
-0.34269 19.8
-0.34245 19.1
-0.34221 18.4
-0.34196 17.7
-0.34172 16.9
-0.34147 16.2
-0.34123 15.3
-0.34098 14.5
-0.34074 13.6
-0.3405 12.7
-0.34025 11.8
-0.34001 10.9
-0.33976 9.9
-0.33952 8.9
-0.33928 7.9
-0.33903 6.9
-0.33879 5.9
-0.33854 4.8
-0.3383 3.8
-0.33805 2.7
-0.33781 1.7
-0.33757 0.6
-0.33732 -0.5
-0.33708 -1.6
-0.33683 -2.6
-0.33659 -3.7
-0.33635 -4.7
-0.3361 -5.8
-0.33586 -6.8
-0.33561 -7.8
-0.33537 -8.9
-0.33512 -9.9
-0.33488 -10.8
-0.33464 -11.8
-0.33439 -12.7
-0.33415 -13.6
-0.3339 -14.5
-0.33366 -15.4
-0.33342 -16.2
-0.33317 -17.0
-0.33293 -17.8
-0.33268 -18.5
-0.33244 -19.2
-0.3322 -19.9
-0.33195 -20.5
-0.33171 -21.1
-0.33146 -21.7
-0.33122 -22.2
-0.33097 -22.7
-0.33073 -23.1
-0.33049 -23.5
-0.33024 -23.8
-0.33 -24.1
-0.32975 -24.4
-0.32951 -24.6
-0.32927 -24.7
-0.32902 -24.8
-0.32878 -24.9
-0.32853 -24.9
-0.32829 -24.9
-0.32804 -24.8
-0.3278 -24.7
-0.32756 -24.5
-0.32731 -24.3
-0.32707 -24.0
-0.32682 -23.7
-0.32658 -23.4
-0.32634 -23.0
-0.32609 -22.5
-0.32585 -22.0
-0.3256 -21.5
-0.32536 -20.9
-0.32512 -20.3
-0.32487 -19.6
-0.32463 -19.0
-0.32438 -18.2
-0.32414 -17.5
-0.32389 -16.7
-0.32365 -15.8
-0.32341 -15.0
-0.32316 -14.1
-0.32292 -13.2
-0.32267 -12.2
-0.32243 -11.3
-0.32219 -10.3
-0.32194 -9.3
-0.3217 -8.3
-0.32145 -7.2
-0.32121 -6.2
-0.32096 -5.1
-0.32072 -4.0
-0.32048 -2.9
-0.32023 -1.8
-0.31999 -0.7
-0.31974 0.4
-0.3195 1.5
-0.31926 2.6
-0.31901 3.7
-0.31877 4.8
-0.31852 5.8
-0.31828 6.9
-0.31804 8.0
-0.31779 9.0
-0.31755 10.0
-0.3173 11.0
-0.31706 12.0
-0.31681 13.0
-0.31657 13.9
-0.31633 14.8
-0.31608 15.7
-0.31584 16.6
-0.31559 17.4
-0.31535 18.2
-0.31511 18.9
-0.31486 19.7
-0.31462 20.3
-0.31437 21.0
-0.31413 21.6
-0.31388 22.1
-0.31364 22.6
-0.3134 23.1
-0.31315 23.5
-0.31291 23.9
-0.31266 24.2
-0.31242 24.5
-0.31218 24.8
-0.31193 24.9
-0.31169 25.1
-0.31144 25.2
-0.3112 25.2
-0.31096 25.2
-0.31071 25.1
-0.31047 25.0
-0.31022 24.9
-0.30998 24.7
-0.30973 24.4
-0.30949 24.1
-0.30925 23.8
-0.309 23.4
-0.30876 22.9
-0.30851 22.4
-0.30827 21.9
-0.30803 21.3
-0.30778 20.7
-0.30754 20.0
-0.30729 19.3
-0.30705 18.6
-0.3068 17.8
-0.30656 17.0
-0.30632 16.1
-0.30607 15.2
-0.30583 14.3
-0.30558 13.4
-0.30534 12.4
-0.3051 11.4
-0.30485 10.4
-0.30461 9.3
-0.30436 8.3
-0.30412 7.2
-0.30387 6.1
-0.30363 5.0
-0.30339 3.9
-0.30314 2.8
-0.3029 1.6
-0.30265 0.5
-0.30241 -0.7
-0.30217 -1.8
-0.30192 -2.9
-0.30168 -4.1
-0.30143 -5.2
-0.30119 -6.3
-0.30095 -7.4
-0.3007 -8.5
-0.30046 -9.5
-0.30021 -10.6
-0.29997 -11.6
-0.29972 -12.6
-0.29948 -13.6
-0.29924 -14.6
-0.29899 -15.5
-0.29875 -16.4
-0.2985 -17.2
-0.29826 -18.1
-0.29802 -18.9
-0.29777 -19.6
-0.29753 -20.3
-0.29728 -21.0
-0.29704 -21.6
-0.29679 -22.2
-0.29655 -22.8
-0.29631 -23.3
-0.29606 -23.7
-0.29582 -24.1
-0.29557 -24.5
-0.29533 -24.8
-0.29509 -25.0
-0.29484 -25.2
-0.2946 -25.4
-0.29435 -25.5
-0.29411 -25.5
-0.29387 -25.5
-0.29362 -25.5
-0.29338 -25.4
-0.29313 -25.2
-0.29289 -25.0
-0.29264 -24.7
-0.2924 -24.4
-0.29216 -24.0
-0.29191 -23.6
-0.29167 -23.2
-0.29142 -22.6
-0.29118 -22.1
-0.29094 -21.5
-0.29069 -20.8
-0.29045 -20.1
-0.2902 -19.4
-0.28996 -18.6
-0.28971 -17.8
-0.28947 -16.9
-0.28923 -16.1
-0.28898 -15.1
-0.28874 -14.2
-0.28849 -13.2
-0.28825 -12.2
-0.28801 -11.1
-0.28776 -10.1
-0.28752 -9.0
-0.28727 -7.9
-0.28703 -6.8
-0.28679 -5.6
-0.28654 -4.5
-0.2863 -3.3
-0.28605 -2.2
-0.28581 -1.0
-0.28556 0.2
-0.28532 1.4
-0.28508 2.5
-0.28483 3.7
-0.28459 4.9
-0.28434 6.0
-0.2841 7.2
-0.28386 8.3
-0.28361 9.4
-0.28337 10.5
-0.28312 11.6
-0.28288 12.6
-0.28263 13.6
-0.28239 14.6
-0.28215 15.6
-0.2819 16.5
-0.28166 17.4
-0.28141 18.3
-0.28117 19.1
-0.28093 19.9
-0.28068 20.6
-0.28044 21.3
-0.28019 22.0
-0.27995 22.6
-0.27971 23.1
-0.27946 23.6
-0.27922 24.1
-0.27897 24.5
-0.27873 24.9
-0.27848 25.2
-0.27824 25.4
-0.278 25.6
-0.27775 25.8
-0.27751 25.9
-0.27726 25.9
-0.27702 25.9
-0.27678 25.8
-0.27653 25.7
-0.27629 25.5
-0.27604 25.2
-0.2758 24.9
-0.27555 24.6
-0.27531 24.2
-0.27507 23.7
-0.27482 23.2
-0.27458 22.7
-0.27433 22.1
-0.27409 21.4
-0.27385 20.7
-0.2736 20.0
-0.27336 19.2
-0.27311 18.4
-0.27287 17.5
-0.27262 16.6
-0.27238 15.6
-0.27214 14.7
-0.27189 13.6
-0.27165 12.6
-0.2714 11.5
-0.27116 10.4
-0.27092 9.3
-0.27067 8.2
-0.27043 7.0
-0.27018 5.9
-0.26994 4.7
-0.2697 3.5
-0.26945 2.3
-0.26921 1.0
-0.26896 -0.2
-0.26872 -1.4
-0.26847 -2.6
-0.26823 -3.8
-0.26799 -5.0
-0.26774 -6.2
-0.2675 -7.4
-0.26725 -8.5
-0.26701 -9.7
-0.26677 -10.8
-0.26652 -11.9
-0.26628 -13.0
-0.26603 -14.0
-0.26579 -15.1
-0.26554 -16.0
-0.2653 -17.0
-0.26506 -17.9
-0.26481 -18.8
-0.26457 -19.6
-0.26432 -20.4
-0.26408 -21.2
-0.26384 -21.9
-0.26359 -22.5
-0.26335 -23.1
-0.2631 -23.7
-0.26286 -24.2
-0.26262 -24.6
-0.26237 -25.0
-0.26213 -25.4
-0.26188 -25.7
-0.26164 -25.9
-0.26139 -26.1
-0.26115 -26.2
-0.26091 -26.2
-0.26066 -26.2
-0.26042 -26.2
-0.26017 -26.1
-0.25993 -25.9
-0.25969 -25.6
-0.25944 -25.3
-0.2592 -25.0
-0.25895 -24.6
-0.25871 -24.1
-0.25846 -23.6
-0.25822 -23.0
-0.25798 -22.4
-0.25773 -21.8
-0.25749 -21.0
-0.25724 -20.3
-0.257 -19.5
-0.25676 -18.6
-0.25651 -17.7
-0.25627 -16.8
-0.25602 -15.8
-0.25578 -14.8
-0.25554 -13.7
-0.25529 -12.6
-0.25505 -11.5
-0.2548 -10.4
-0.25456 -9.2
-0.25431 -8.0
-0.25407 -6.8
-0.25383 -5.6
-0.25358 -4.4
-0.25334 -3.1
-0.25309 -1.9
-0.25285 -0.6
-0.25261 0.6
-0.25236 1.9
-0.25212 3.1
-0.25187 4.4
-0.25163 5.6
-0.25138 6.9
-0.25114 8.1
-0.2509 9.3
-0.25065 10.4
-0.25041 11.6
-0.25016 12.7
-0.24992 13.8
-0.24968 14.9
-0.24943 15.9
-0.24919 16.9
-0.24894 17.9
-0.2487 18.8
-0.24846 19.7
-0.24821 20.5
-0.24797 21.3
-0.24772 22.0
-0.24748 22.7
-0.24723 23.4
-0.24699 23.9
-0.24675 24.5
-0.2465 24.9
-0.24626 25.4
-0.24601 25.7
-0.24577 26.0
-0.24553 26.3
-0.24528 26.4
-0.24504 26.5
-0.24479 26.6
-0.24455 26.6
-0.2443 26.5
-0.24406 26.4
-0.24382 26.2
-0.24357 26.0
-0.24333 25.6
-0.24308 25.3
-0.24284 24.8
-0.2426 24.3
-0.24235 23.8
-0.24211 23.2
-0.24186 22.5
-0.24162 21.8
-0.24137 21.1
-0.24113 20.2
-0.24089 19.4
-0.24064 18.5
-0.2404 17.5
-0.24015 16.5
-0.23991 15.5
-0.23967 14.4
-0.23942 13.3
-0.23918 12.2
-0.23893 11.0
-0.23869 9.8
-0.23845 8.6
-0.2382 7.4
-0.23796 6.1
-0.23771 4.8
-0.23747 3.6
-0.23722 2.3
-0.23698 1.0
-0.23674 -0.3
-0.23649 -1.6
-0.23625 -2.9
-0.236 -4.2
-0.23576 -5.5
-0.23552 -6.8
-0.23527 -8.1
-0.23503 -9.3
-0.23478 -10.5
-0.23454 -11.7
-0.23429 -12.9
-0.23405 -14.0
-0.23381 -15.1
-0.23356 -16.2
-0.23332 -17.2
-0.23307 -18.2
-0.23283 -19.2
-0.23259 -20.1
-0.23234 -20.9
-0.2321 -21.8
-0.23185 -22.5
-0.23161 -23.2
-0.23137 -23.9
-0.23112 -24.5
-0.23088 -25.0
-0.23063 -25.5
-0.23039 -25.9
-0.23014 -26.2
-0.2299 -26.5
-0.22966 -26.7
-0.22941 -26.9
-0.22917 -27.0
-0.22892 -27.0
-0.22868 -27.0
-0.22844 -26.9
-0.22819 -26.7
-0.22795 -26.5
-0.2277 -26.2
-0.22746 -25.8
-0.22721 -25.4
-0.22697 -24.9
-0.22673 -24.3
-0.22648 -23.7
-0.22624 -23.1
-0.22599 -22.3
-0.22575 -21.6
-0.22551 -20.7
-0.22526 -19.8
-0.22502 -18.9
-0.22477 -17.9
-0.22453 -16.9
-0.22429 -15.8
-0.22404 -14.7
-0.2238 -13.6
-0.22355 -12.4
-0.22331 -11.2
-0.22306 -9.9
-0.22282 -8.7
-0.22258 -7.4
-0.22233 -6.1
-0.22209 -4.8
-0.22184 -3.4
-0.2216 -2.1
-0.22136 -0.7
-0.22111 0.6
-0.22087 2.0
-0.22062 3.3
-0.22038 4.7
-0.22013 6.0
-0.21989 7.3
-0.21965 8.6
-0.2194 9.9
-0.21916 11.2
-0.21891 12.4
-0.21867 13.6
-0.21843 14.8
-0.21818 15.9
-0.21794 17.0
-0.21769 18.1
-0.21745 19.1
-0.21721 20.0
-0.21696 20.9
-0.21672 21.8
-0.21647 22.6
-0.21623 23.4
-0.21598 24.0
-0.21574 24.7
-0.2155 25.2
-0.21525 25.8
-0.21501 26.2
-0.21476 26.6
-0.21452 26.9
-0.21428 27.1
-0.21403 27.3
-0.21379 27.4
-0.21354 27.4
-0.2133 27.4
-0.21305 27.3
-0.21281 27.1
-0.21257 26.9
-0.21232 26.6
-0.21208 26.2
-0.21183 25.7
-0.21159 25.2
-0.21135 24.6
-0.2111 24.0
-0.21086 23.3
-0.21061 22.5
-0.21037 21.7
-0.21012 20.8
-0.20988 19.9
-0.20964 18.9
-0.20939 17.8
-0.20915 16.8
-0.2089 15.6
-0.20866 14.5
-0.20842 13.3
-0.20817 12.0
-0.20793 10.7
-0.20768 9.4
-0.20744 8.1
-0.2072 6.7
-0.20695 5.4
-0.20671 4.0
-0.20646 2.6
-0.20622 1.2
-0.20597 -0.2
-0.20573 -1.6
-0.20549 -3.0
-0.20524 -4.4
-0.205 -5.8
-0.20475 -7.2
-0.20451 -8.6
-0.20427 -9.9
-0.20402 -11.2
-0.20378 -12.5
-0.20353 -13.8
-0.20329 -15.0
-0.20304 -16.2
-0.2028 -17.3
-0.20256 -18.4
-0.20231 -19.5
-0.20207 -20.5
-0.20182 -21.4
-0.20158 -22.3
-0.20134 -23.1
-0.20109 -23.9
-0.20085 -24.6
-0.2006 -25.2
-0.20036 -25.8
-0.20012 -26.3
-0.19987 -26.8
-0.19963 -27.1
-0.19938 -27.4
-0.19914 -27.6
-0.19889 -27.8
-0.19865 -27.9
-0.19841 -27.9
-0.19816 -27.8
-0.19792 -27.7
-0.19767 -27.4
-0.19743 -27.1
-0.19719 -26.8
-0.19694 -26.3
-0.1967 -25.8
-0.19645 -25.2
-0.19621 -24.6
-0.19596 -23.9
-0.19572 -23.1
-0.19548 -22.2
-0.19523 -21.3
-0.19499 -20.4
-0.19474 -19.3
-0.1945 -18.3
-0.19426 -17.2
-0.19401 -16.0
-0.19377 -14.8
-0.19352 -13.5
-0.19328 -12.2
-0.19304 -10.9
-0.19279 -9.5
-0.19255 -8.1
-0.1923 -6.7
-0.19206 -5.3
-0.19181 -3.8
-0.19157 -2.4
-0.19133 -0.9
-0.19108 0.6
-0.19084 2.0
-0.19059 3.5
-0.19035 5.0
-0.19011 6.4
-0.18986 7.9
-0.18962 9.3
-0.18937 10.6
-0.18913 12.0
-0.18888 13.3
-0.18864 14.6
-0.1884 15.9
-0.18815 17.1
-0.18791 18.3
-0.18766 19.4
-0.18742 20.4
-0.18718 21.4
-0.18693 22.4
-0.18669 23.3
-0.18644 24.1
-0.1862 24.8
-0.18596 25.5
-0.18571 26.2
-0.18547 26.7
-0.18522 27.2
-0.18498 27.6
-0.18473 27.9
-0.18449 28.1
-0.18425 28.3
-0.184 28.4
-0.18376 28.4
-0.18351 28.3
-0.18327 28.1
-0.18303 27.9
-0.18278 27.6
-0.18254 27.2
-0.18229 26.7
-0.18205 26.2
-0.1818 25.5
-0.18156 24.8
-0.18132 24.1
-0.18107 23.2
-0.18083 22.3
-0.18058 21.4
-0.18034 20.3
-0.1801 19.2
-0.17985 18.1
-0.17961 16.9
-0.17936 15.7
-0.17912 14.4
-0.17887 13.0
-0.17863 11.6
-0.17839 10.2
-0.17814 8.8
-0.1779 7.3
-0.17765 5.8
-0.17741 4.3
-0.17717 2.8
-0.17692 1.3
-0.17668 -0.3
-0.17643 -1.8
-0.17619 -3.3
-0.17595 -4.9
-0.1757 -6.4
-0.17546 -7.9
-0.17521 -9.4
-0.17497 -10.8
-0.17472 -12.2
-0.17448 -13.6
-0.17424 -15.0
-0.17399 -16.3
-0.17375 -17.5
-0.1735 -18.7
-0.17326 -19.9
-0.17302 -21.0
-0.17277 -22.0
-0.17253 -23.0
-0.17228 -23.9
-0.17204 -24.8
-0.17179 -25.5
-0.17155 -26.2
-0.17131 -26.8
-0.17106 -27.4
-0.17082 -27.8
-0.17057 -28.2
-0.17033 -28.5
-0.17009 -28.7
-0.16984 -28.8
-0.1696 -28.9
-0.16935 -28.8
-0.16911 -28.7
-0.16887 -28.5
-0.16862 -28.2
-0.16838 -27.8
-0.16813 -27.3
-0.16789 -26.8
-0.16764 -26.1
-0.1674 -25.4
-0.16716 -24.6
-0.16691 -23.8
-0.16667 -22.8
-0.16642 -21.8
-0.16618 -20.7
-0.16594 -19.6
-0.16569 -18.4
-0.16545 -17.2
-0.1652 -15.8
-0.16496 -14.5
-0.16471 -13.1
-0.16447 -11.6
-0.16423 -10.2
-0.16398 -8.6
-0.16374 -7.1
-0.16349 -5.5
-0.16325 -3.9
-0.16301 -2.3
-0.16276 -0.7
-0.16252 0.9
-0.16227 2.5
-0.16203 4.1
-0.16179 5.7
-0.16154 7.3
-0.1613 8.8
-0.16105 10.4
-0.16081 11.9
-0.16056 13.3
-0.16032 14.8
-0.16008 16.1
-0.15983 17.5
-0.15959 18.8
-0.15934 20.0
-0.1591 21.2
-0.15886 22.3
-0.15861 23.3
-0.15837 24.3
-0.15812 25.1
-0.15788 26.0
-0.15763 26.7
-0.15739 27.3
-0.15715 27.9
-0.1569 28.4
-0.15666 28.8
-0.15641 29.1
-0.15617 29.3
-0.15593 29.4
-0.15568 29.4
-0.15544 29.4
-0.15519 29.2
-0.15495 29.0
-0.15471 28.6
-0.15446 28.2
-0.15422 27.7
-0.15397 27.0
-0.15373 26.3
-0.15348 25.6
-0.15324 24.7
-0.153 23.7
-0.15275 22.7
-0.15251 21.6
-0.15226 20.5
-0.15202 19.2
-0.15178 17.9
-0.15153 16.6
-0.15129 15.2
-0.15104 13.7
-0.1508 12.2
-0.15055 10.7
-0.15031 9.1
-0.15007 7.5
-0.14982 5.8
-0.14958 4.2
-0.14933 2.5
-0.14909 0.8
-0.14885 -0.9
-0.1486 -2.6
-0.14836 -4.3
-0.14811 -6.0
-0.14787 -7.6
-0.14762 -9.2
-0.14738 -10.8
-0.14714 -12.4
-0.14689 -14.0
-0.14665 -15.4
-0.1464 -16.9
-0.14616 -18.3
-0.14592 -19.6
-0.14567 -20.9
-0.14543 -22.1
-0.14518 -23.2
-0.14494 -24.3
-0.1447 -25.2
-0.14445 -26.1
-0.14421 -26.9
-0.14396 -27.6
-0.14372 -28.3
-0.14347 -28.8
-0.14323 -29.3
-0.14299 -29.6
-0.14274 -29.8
-0.1425 -30.0
-0.14225 -30.0
-0.14201 -30.0
-0.14177 -29.8
-0.14152 -29.6
-0.14128 -29.2
-0.14103 -28.8
-0.14079 -28.2
-0.14054 -27.6
-0.1403 -26.8
-0.14006 -26.0
-0.13981 -25.1
-0.13957 -24.1
-0.13932 -23.0
-0.13908 -21.8
-0.13884 -20.6
-0.13859 -19.2
-0.13835 -17.9
-0.1381 -16.4
-0.13786 -14.9
-0.13762 -13.4
-0.13737 -11.8
-0.13713 -10.1
-0.13688 -8.4
-0.13664 -6.7
-0.13639 -5.0
-0.13615 -3.2
-0.13591 -1.4
-0.13566 0.4
-0.13542 2.1
-0.13517 3.9
-0.13493 5.7
-0.13469 7.4
-0.13444 9.2
-0.1342 10.9
-0.13395 12.5
-0.13371 14.1
-0.13346 15.7
-0.13322 17.2
-0.13298 18.7
-0.13273 20.1
-0.13249 21.4
-0.13224 22.7
-0.132 23.9
-0.13176 25.0
-0.13151 26.0
-0.13127 26.9
-0.13102 27.7
-0.13078 28.5
-0.13054 29.1
-0.13029 29.6
-0.13005 30.1
-0.1298 30.4
-0.12956 30.6
-0.12931 30.7
-0.12907 30.7
-0.12883 30.6
-0.12858 30.3
-0.12834 30.0
-0.12809 29.6
-0.12785 29.0
-0.12761 28.3
-0.12736 27.6
-0.12712 26.7
-0.12687 25.8
-0.12663 24.7
-0.12638 23.6
-0.12614 22.4
-0.1259 21.0
-0.12565 19.6
-0.12541 18.2
-0.12516 16.7
-0.12492 15.1
-0.12468 13.4
-0.12443 11.7
-0.12419 9.9
-0.12394 8.2
-0.1237 6.3
-0.12346 4.5
-0.12321 2.6
-0.12297 0.7
-0.12272 -1.2
-0.12248 -3.0
-0.12223 -4.9
-0.12199 -6.8
-0.12175 -8.6
-0.1215 -10.4
-0.12126 -12.2
-0.12101 -13.9
-0.12077 -15.6
-0.12053 -17.2
-0.12028 -18.8
-0.12004 -20.3
-0.11979 -21.7
-0.11955 -23.1
-0.1193 -24.3
-0.11906 -25.5
-0.11882 -26.6
-0.11857 -27.6
-0.11833 -28.4
-0.11808 -29.2
-0.11784 -29.9
-0.1176 -30.4
-0.11735 -30.8
-0.11711 -31.1
-0.11686 -31.3
-0.11662 -31.4
-0.11637 -31.4
-0.11613 -31.2
-0.11589 -30.9
-0.11564 -30.5
-0.1154 -30.0
-0.11515 -29.4
-0.11491 -28.6
-0.11467 -27.7
-0.11442 -26.8
-0.11418 -25.7
-0.11393 -24.5
-0.11369 -23.2
-0.11345 -21.9
-0.1132 -20.4
-0.11296 -18.9
-0.11271 -17.2
-0.11247 -15.6
-0.11222 -13.8
-0.11198 -12.0
-0.11174 -10.1
-0.11149 -8.2
-0.11125 -6.3
-0.111 -4.3
-0.11076 -2.3
-0.11052 -0.3
-0.11027 1.7
-0.11003 3.7
-0.10978 5.6
-0.10954 7.6
-0.10929 9.6
-0.10905 11.5
-0.10881 13.3
-0.10856 15.2
-0.10832 16.9
-0.10807 18.6
-0.10783 20.2
-0.10759 21.8
-0.10734 23.2
-0.1071 24.6
-0.10685 25.9
-0.10661 27.0
-0.10637 28.1
-0.10612 29.0
-0.10588 29.9
-0.10563 30.6
-0.10539 31.2
-0.10514 31.6
-0.1049 31.9
-0.10466 32.1
-0.10441 32.2
-0.10417 32.1
-0.10392 31.9
-0.10368 31.6
-0.10344 31.1
-0.10319 30.6
-0.10295 29.8
-0.1027 29.0
-0.10246 28.0
-0.10221 26.9
-0.10197 25.7
-0.10173 24.4
-0.10148 23.0
-0.10124 21.5
-0.10099 19.9
-0.10075 18.2
-0.10051 16.4
-0.10026 14.5
-0.10002 12.6
-0.09977 10.6
-0.09953 8.6
-0.09929 6.5
-0.09904 4.5
-0.0988 2.3
-0.09855 0.2
-0.09831 -1.9
-0.09806 -4.1
-0.09782 -6.2
-0.09758 -8.3
-0.09733 -10.4
-0.09709 -12.4
-0.09684 -14.4
-0.0966 -16.3
-0.09636 -18.1
-0.09611 -19.9
-0.09587 -21.6
-0.09562 -23.2
-0.09538 -24.7
-0.09513 -26.1
-0.09489 -27.4
-0.09465 -28.6
-0.0944 -29.6
-0.09416 -30.5
-0.09391 -31.3
-0.09367 -31.9
-0.09343 -32.4
-0.09318 -32.8
-0.09294 -33.0
-0.09269 -33.1
-0.09245 -33.0
-0.09221 -32.8
-0.09196 -32.4
-0.09172 -31.9
-0.09147 -31.2
-0.09123 -30.4
-0.09098 -29.5
-0.09074 -28.4
-0.0905 -27.2
-0.09025 -25.8
-0.09001 -24.4
-0.08976 -22.8
-0.08952 -21.1
-0.08928 -19.3
-0.08903 -17.4
-0.08879 -15.5
-0.08854 -13.5
-0.0883 -11.4
-0.08805 -9.2
-0.08781 -7.0
-0.08757 -4.7
-0.08732 -2.5
-0.08708 -0.2
-0.08683 2.1
-0.08659 4.4
-0.08635 6.7
-0.0861 8.9
-0.08586 11.1
-0.08561 13.3
-0.08537 15.4
-0.08512 17.4
-0.08488 19.4
-0.08464 21.3
-0.08439 23.0
-0.08415 24.7
-0.0839 26.3
-0.08366 27.7
-0.08342 29.0
-0.08317 30.2
-0.08293 31.2
-0.08268 32.1
-0.08244 32.8
-0.0822 33.3
-0.08195 33.8
-0.08171 34.0
-0.08146 34.1
-0.08122 34.0
-0.08097 33.7
-0.08073 33.3
-0.08049 32.7
-0.08024 32.0
-0.08 31.1
-0.07975 30.0
-0.07951 28.8
-0.07927 27.4
-0.07902 25.9
-0.07878 24.3
-0.07853 22.5
-0.07829 20.6
-0.07804 18.7
-0.0778 16.6
-0.07756 14.4
-0.07731 12.2
-0.07707 9.8
-0.07682 7.5
-0.07658 5.1
-0.07634 2.6
-0.07609 0.1
-0.07585 -2.3
-0.0756 -4.8
-0.07536 -7.3
-0.07512 -9.7
-0.07487 -12.1
-0.07463 -14.4
-0.07438 -16.6
-0.07414 -18.8
-0.07389 -20.9
-0.07365 -22.9
-0.07341 -24.7
-0.07316 -26.5
-0.07292 -28.1
-0.07267 -29.5
-0.07243 -30.8
-0.07219 -32.0
-0.07194 -33.0
-0.0717 -33.8
-0.07145 -34.4
-0.07121 -34.8
-0.07096 -35.1
-0.07072 -35.2
-0.07048 -35.1
-0.07023 -34.8
-0.06999 -34.3
-0.06974 -33.6
-0.0695 -32.7
-0.06926 -31.7
-0.06901 -30.5
-0.06877 -29.1
-0.06852 -27.5
-0.06828 -25.8
-0.06804 -24.0
-0.06779 -22.0
-0.06755 -19.9
-0.0673 -17.6
-0.06706 -15.3
-0.06681 -12.8
-0.06657 -10.3
-0.06633 -7.7
-0.06608 -5.1
-0.06584 -2.5
-0.06559 0.2
-0.06535 2.9
-0.06511 5.6
-0.06486 8.3
-0.06462 10.9
-0.06437 13.5
-0.06413 16.0
-0.06388 18.4
-0.06364 20.7
-0.0634 22.9
-0.06315 25.0
-0.06291 26.9
-0.06266 28.7
-0.06242 30.3
-0.06218 31.8
-0.06193 33.1
-0.06169 34.1
-0.06144 35.0
-0.0612 35.7
-0.06096 36.2
-0.06071 36.4
-0.06047 36.5
-0.06022 36.3
-0.05998 35.9
-0.05973 35.3
-0.05949 34.4
-0.05925 33.4
-0.059 32.1
-0.05876 30.7
-0.05851 29.0
-0.05827 27.2
-0.05803 25.2
-0.05778 23.0
-0.05754 20.7
-0.05729 18.3
-0.05705 15.7
-0.0568 13.0
-0.05656 10.3
-0.05632 7.4
-0.05607 4.5
-0.05583 1.6
-0.05558 -1.4
-0.05534 -4.3
-0.0551 -7.3
-0.05485 -10.2
-0.05461 -13.0
-0.05436 -15.8
-0.05412 -18.5
-0.05387 -21.1
-0.05363 -23.5
-0.05339 -25.8
-0.05314 -28.0
-0.0529 -30.0
-0.05265 -31.7
-0.05241 -33.3
-0.05217 -34.7
-0.05192 -35.8
-0.05168 -36.7
-0.05143 -37.4
-0.05119 -37.8
-0.05095 -38.0
-0.0507 -37.9
-0.05046 -37.5
-0.05021 -36.9
-0.04997 -36.1
-0.04972 -34.9
-0.04948 -33.6
-0.04924 -32.0
-0.04899 -30.2
-0.04875 -28.1
-0.0485 -25.9
-0.04826 -23.5
-0.04802 -20.9
-0.04777 -18.1
-0.04753 -15.2
-0.04728 -12.2
-0.04704 -9.0
-0.04679 -5.8
-0.04655 -2.6
-0.04631 0.7
-0.04606 4.0
-0.04582 7.3
-0.04557 10.5
-0.04533 13.7
-0.04509 16.8
-0.04484 19.8
-0.0446 22.7
-0.04435 25.4
-0.04411 27.9
-0.04387 30.2
-0.04362 32.3
-0.04338 34.2
-0.04313 35.8
-0.04289 37.2
-0.04264 38.3
-0.0424 39.1
-0.04216 39.6
-0.04191 39.8
-0.04167 39.6
-0.04142 39.2
-0.04118 38.5
-0.04094 37.5
-0.04069 36.1
-0.04045 34.5
-0.0402 32.6
-0.03996 30.4
-0.03971 28.0
-0.03947 25.3
-0.03923 22.4
-0.03898 19.4
-0.03874 16.1
-0.03849 12.7
-0.03825 9.2
-0.03801 5.5
-0.03776 1.9
-0.03752 -1.9
-0.03727 -5.6
-0.03703 -9.3
-0.03679 -12.9
-0.03654 -16.5
-0.0363 -19.9
-0.03605 -23.2
-0.03581 -26.3
-0.03556 -29.2
-0.03532 -31.9
-0.03508 -34.2
-0.03483 -36.3
-0.03459 -38.1
-0.03434 -39.6
-0.0341 -40.7
-0.03386 -41.5
-0.03361 -41.9
-0.03337 -41.9
-0.03312 -41.5
-0.03288 -40.8
-0.03263 -39.6
-0.03239 -38.1
-0.03215 -36.3
-0.0319 -34.0
-0.03166 -31.5
-0.03141 -28.6
-0.03117 -25.5
-0.03093 -22.0
-0.03068 -18.4
-0.03044 -14.5
-0.03019 -10.5
-0.02995 -6.3
-0.02971 -2.1
-0.02946 2.2
-0.02922 6.5
-0.02897 10.8
-0.02873 15.0
-0.02848 19.1
-0.02824 23.0
-0.028 26.7
-0.02775 30.1
-0.02751 33.3
-0.02726 36.1
-0.02702 38.6
-0.02678 40.7
-0.02653 42.4
-0.02629 43.6
-0.02604 44.3
-0.0258 44.6
-0.02555 44.4
-0.02531 43.7
-0.02507 42.5
-0.02482 40.9
-0.02458 38.7
-0.02433 36.1
-0.02409 33.1
-0.02385 29.6
-0.0236 25.8
-0.02336 21.6
-0.02311 17.2
-0.02287 12.5
-0.02262 7.6
-0.02238 2.6
-0.02214 -2.5
-0.02189 -7.7
-0.02165 -12.7
-0.0214 -17.7
-0.02116 -22.5
-0.02092 -27.0
-0.02067 -31.3
-0.02043 -35.2
-0.02018 -38.6
-0.01994 -41.6
-0.0197 -44.1
-0.01945 -46.0
-0.01921 -47.3
-0.01896 -48.0
-0.01872 -48.0
-0.01847 -47.4
-0.01823 -46.1
-0.01799 -44.1
-0.01774 -41.5
-0.0175 -38.2
-0.01725 -34.4
-0.01701 -29.9
-0.01677 -25.0
-0.01652 -19.7
-0.01628 -14.0
-0.01603 -8.0
-0.01579 -1.8
-0.01554 4.6
-0.0153 10.9
-0.01506 17.1
-0.01481 23.1
-0.01457 28.9
-0.01432 34.2
-0.01408 39.1
-0.01384 43.3
-0.01359 46.8
-0.01335 49.6
-0.0131 51.5
-0.01286 52.6
-0.01262 52.7
-0.01237 51.8
-0.01213 49.9
-0.01188 47.0
-0.01164 43.2
-0.01139 38.4
-0.01115 32.8
-0.01091 26.5
-0.01066 19.5
-0.01042 11.9
-0.01017 3.9
-0.00993 -4.3
-0.00969 -12.5
-0.00944 -20.7
-0.0092 -28.5
-0.00895 -35.8
-0.00871 -42.5
-0.00846 -48.2
-0.00822 -52.9
-0.00798 -56.4
-0.00773 -58.4
-0.00749 -59.0
-0.00724 -58.1
-0.007 -55.4
-0.00676 -51.2
-0.00651 -45.4
-0.00627 -38.1
-0.00602 -29.4
-0.00578 -19.6
-0.00554 -8.9
-0.00529 2.4
-0.00505 14.0
-0.0048 25.4
-0.00456 36.3
-0.00431 46.2
-0.00407 54.7
-0.00383 61.3
-0.00358 65.7
-0.00334 67.4
-0.00309 66.3
-0.00285 62.1
-0.00261 54.9
-0.00236 44.7
-0.00212 31.8
-0.00187 16.6
-0.00163 -0.2
-0.00138 -17.7
-0.00114 -34.9
-0.0009 -50.5
-0.00065 -63.4
-0.00041 -72.0
-0.00016 -75.1
8e-05 -71.7
0.00032 -61.5
0.00057 -45.1
0.00081 -23.6
0.00106 0.7
0.0013 24.9
0.00154 45.8
0.00179 60.4
0.00203 66.6
0.00228 63.3
0.00252 51.2
0.00277 32.2
0.00301 9.6
0.00325 -12.8
0.0035 -31.3
0.00374 -43.2
0.00399 -46.9
0.00423 -42.4
0.00447 -31.2
0.00472 -16.0
0.00496 0.3
0.00521 14.6
0.00545 24.6
0.0057 28.9
0.00594 27.5
0.00618 21.2
0.00643 11.9
0.00667 1.6
0.00692 -7.6
0.00716 -14.2
0.0074 -17.2
0.00765 -16.5
0.00789 -12.8
0.00814 -7.2
0.00838 -0.9
0.00863 4.7
0.00887 8.6
0.00911 10.3
0.00936 9.8
0.0096 7.5
0.00985 4.0
0.01009 0.2
0.01033 -3.1
0.01058 -5.3
0.01082 -6.2
0.01107 -5.8
0.01131 -4.3
0.01155 -2.2
0.0118 0.1
0.01204 2.1
0.01229 3.3
0.01253 3.8
0.01278 3.4
0.01302 2.5
0.01326 1.1
0.01351 -0.2
0.01375 -1.4
0.014 -2.1
0.01424 -2.3
0.01448 -2.0
0.01473 -1.4
0.01497 -0.6
0.01522 0.2
0.01546 0.9
0.01571 1.3
0.01595 1.4
0.01619 1.2
0.01644 0.8
0.01668 0.3
0.01693 -0.2
0.01717 -0.6
0.01741 -0.8
0.01766 -0.8
0.0179 -0.7
0.01815 -0.4
0.01839 -0.1
0.01863 0.2
0.01888 0.4
0.01912 0.5
0.01937 0.5
0.01961 0.4
0.01986 0.2
0.0201 0.0
0.02034 -0.1
0.02059 -0.2
0.02083 -0.3
0.02108 -0.3
0.02132 -0.2
0.02156 -0.1
0.02181 0.0
0.02205 0.0
0.0223 0.2
0.02254 0.2
0.02279 0.2
0.02303 0.1
0.02327 0.0
0.02352 0.0
0.02376 0.0
0.02401 0.0
0.02425 -0.1
0.02449 -0.1
0.02474 0.0
0.02498 0.0
0.02523 0.0
0.02547 0.0
0.02571 0.0
0.02596 0.0
0.0262 0.0
0.02645 0.0
0.02669 0.0
0.02694 0.0
0.02718 0.0
0.02742 0.0
0.02767 0.0
0.02791 0.0
0.02816 0.0
0.0284 0.0
0.02864 0.0
0.02889 0.0
0.02913 0.0
0.02938 0.0
0.02962 0.0
0.02987 0.0
0.03011 0.0
0.03035 0.0
0.0306 0.0
0.03084 0.0
0.03109 0.0
0.03133 0.0
0.03157 0.0
0.03182 0.0
0.03206 0.0
0.03231 0.0
0.03255 0.0
0.03279 0.0
0.03304 0.0
0.03328 0.0
0.03353 0.0
0.03377 0.0
0.03402 0.0
0.03426 0.0
0.0345 0.0
0.03475 0.0
0.03499 0.0
0.03524 0.0
0.03548 0.0
0.03572 0.0
0.03597 0.0
0.03621 0.0
0.03646 0.0
0.0367 0.0
0.03695 0.0
0.03719 0.0
0.03743 0.0
0.03768 0.0
0.03792 0.0
0.03817 0.0
0.03841 0.0
0.03865 0.0
0.0389 0.0
0.03914 0.0
0.03939 0.0
0.03963 0.0
0.03988 0.0
0.04012 0.0
0.04036 0.0
0.04061 0.0
0.04085 0.0
0.0411 0.0
0.04134 0.0
0.04158 0.0
0.04183 0.0
0.04207 0.0
0.04232 0.0
0.04256 0.0
0.0428 0.0
0.04305 0.0
0.04329 0.0
0.04354 0.0
0.04378 0.0
0.04403 0.0
0.04427 0.0
0.04451 0.0
0.04476 0.0
0.045 0.0
0.04525 0.0
0.04549 0.0
0.04573 0.0
0.04598 0.0
0.04622 0.0
0.04647 0.0
0.04671 0.0
0.04696 0.0
0.0472 0.0
0.04744 0.0
0.04769 0.0
0.04793 0.0
0.04818 0.0
0.04842 0.0
0.04866 0.0
0.04891 0.0
0.04915 0.0
0.0494 0.0
0.04964 0.0
0.04988 0.0
0.05013 0.0
0.05037 0.0
0.05062 0.0
0.05086 0.0
0.05111 0.0
0.05135 0.0
0.05159 0.0
0.05184 0.0
0.05208 0.0
0.05233 0.0
0.05257 0.0
0.05281 0.0
0.05306 0.0
0.0533 0.0
0.05355 0.0
0.05379 0.0
0.05404 0.0
0.05428 0.0
0.05452 0.0
0.05477 0.0
0.05501 0.0
0.05526 0.0
0.0555 0.0
0.05574 0.0
0.05599 0.0
0.05623 0.0
0.05648 0.0
0.05672 0.0
0.05696 0.0
0.05721 0.0
0.05745 0.0
0.0577 0.0
0.05794 0.0
0.05819 0.0
0.05843 0.0
0.05867 0.0
0.05892 0.0
0.05916 0.0
0.05941 0.0
0.05965 0.0
0.05989 0.0
0.06014 0.0
0.06038 0.0
0.06063 0.0
0.06087 0.0
0.06112 0.0
0.06136 0.0
0.0616 0.0
0.06185 0.0
0.06209 0.0
0.06234 0.0
0.06258 0.0
0.06282 0.0
0.06307 0.0
0.06331 0.0
0.06356 0.0
0.0638 0.0
0.06404 0.0
0.06429 0.0
0.06453 0.0
0.06478 0.0
0.06502 0.0
0.06527 0.0
0.06551 0.0
0.06575 0.0
0.066 0.0
0.06624 0.0
0.06649 0.0
0.06673 0.0
0.06697 0.0
0.06722 0.0
0.06746 0.0
0.06771 0.0
0.06795 0.0
0.0682 0.0
0.06844 0.0
0.06868 0.0
0.06893 0.0
0.06917 0.0
0.06942 0.0
0.06966 0.0
0.0699 0.0
0.07015 0.0
0.07039 0.0
0.07064 0.0
0.07088 0.0
0.07113 0.0
0.07137 0.0
0.07161 0.0
0.07186 0.0
0.0721 0.0
0.07235 0.0
0.07259 0.0
0.07283 0.0
0.07308 0.0
0.07332 0.0
0.07357 0.0
0.07381 0.0
0.07405 0.0
0.0743 0.0
0.07454 0.0
0.07479 0.0
0.07503 0.0
0.07528 0.0
0.07552 0.0
0.07576 0.0
0.07601 0.0
0.07625 0.0
0.0765 0.0
0.07674 0.0
0.07698 0.0
0.07723 0.0
0.07747 0.0
0.07772 0.0
0.07796 0.0
0.07821 0.0
0.07845 0.0
0.07869 0.0
0.07894 0.0
0.07918 0.0
0.07943 0.0
0.07967 0.0
0.07991 0.0
0.08016 0.0
0.0804 0.0
0.08065 0.0
0.08089 0.0
0.08113 0.0
0.08138 0.0
0.08162 0.0
0.08187 0.0
0.08211 0.0
0.08236 0.0
0.0826 0.0
0.08284 0.0
0.08309 0.0
0.08333 0.0
0.08358 0.0
0.08382 0.0
0.08406 0.0
0.08431 0.0
0.08455 0.0
0.0848 0.0
0.08504 0.0
0.08529 0.0
0.08553 0.0
0.08577 0.0
0.08602 0.0
0.08626 0.0
0.08651 0.0
0.08675 0.0
0.08699 0.0
0.08724 0.0
0.08748 0.0
0.08773 0.0
0.08797 0.0
0.08821 0.0
0.08846 0.0
0.0887 0.0
0.08895 0.0
0.08919 0.0
0.08944 0.0
0.08968 0.0
0.08992 0.0
0.09017 0.0
0.09041 0.0
0.09066 0.0
0.0909 0.0
0.09114 0.0
0.09139 0.0
0.09163 0.0
0.09188 0.0
0.09212 0.0
0.09237 0.0
0.09261 0.0
0.09285 0.0
0.0931 0.0
0.09334 0.0
0.09359 0.0
0.09383 0.0
0.09407 0.0
0.09432 0.0
0.09456 0.0
0.09481 0.0
0.09505 0.0
0.09529 0.0
0.09554 0.0
0.09578 0.0
0.09603 0.0
0.09627 0.0
0.09652 0.0
0.09676 0.0
0.097 0.0
0.09725 0.0
0.09749 0.0
0.09774 0.0
0.09798 0.0
0.09822 0.0
0.09847 0.0
0.09871 0.0
0.09896 0.0
0.0992 0.0
0.09945 0.0
0.09969 0.0
0.09993 0.0
0.10018 0.0
0.10042 0.0
0.10067 0.0
0.10091 0.0
0.10115 0.0
0.1014 0.0
0.10164 0.0
0.10189 0.0
0.10213 0.0
0.10238 0.0
0.10262 0.0
0.10286 0.0
0.10311 0.0
0.10335 0.0
0.1036 0.0
0.10384 0.0
0.10408 0.0
0.10433 0.0
0.10457 0.0
0.10482 0.0
0.10506 0.0
0.1053 0.0
0.10555 0.0
0.10579 0.0
0.10604 0.0
0.10628 0.0
0.10653 0.0
0.10677 0.0
0.10701 0.0
0.10726 0.0
0.1075 0.0
0.10775 0.0
0.10799 0.0
0.10823 0.0
0.10848 0.0
0.10872 0.0
0.10897 0.0
0.10921 0.0
0.10946 0.0
0.1097 0.0
0.10994 0.0
0.11019 0.0
0.11043 0.0
0.11068 0.0
0.11092 0.0
0.11116 0.0
0.11141 0.0
0.11165 0.0
0.1119 0.0
0.11214 0.0
0.11238 0.0
0.11263 0.0
0.11287 0.0
0.11312 0.0
0.11336 0.0
0.11361 0.0
0.11385 0.0
0.11409 0.0
0.11434 0.0
0.11458 0.0
0.11483 0.0
0.11507 0.0
0.11531 0.0
0.11556 0.0
0.1158 0.0
0.11605 0.0
0.11629 0.0
0.11654 0.0
0.11678 0.0
0.11702 0.0
0.11727 0.0
0.11751 0.0
0.11776 0.0
0.118 0.0
0.11824 0.0
0.11849 0.0
0.11873 0.0
0.11898 0.0
0.11922 0.0
0.11946 0.0
0.11971 0.0
0.11995 0.0
0.1202 0.0
0.12044 0.0
0.12069 0.0
0.12093 0.0
0.12117 0.0
0.12142 0.0
0.12166 0.0
0.12191 0.0
0.12215 0.0
0.12239 0.0
0.12264 0.0
0.12288 0.0
0.12313 0.0
0.12337 0.0
0.12362 0.0
0.12386 0.0
0.1241 0.0
0.12435 0.0
0.12459 0.0
0.12484 0.0
0.12508 0.0
0.12532 0.0
0.12557 0.0
0.12581 0.0
0.12606 0.0
0.1263 0.0
0.12654 0.0
0.12679 0.0
0.12703 0.0
0.12728 0.0
0.12752 0.0
0.12777 0.0
0.12801 0.0
0.12825 0.0
0.1285 0.0
0.12874 0.0
0.12899 0.0
0.12923 0.0
0.12947 0.0
0.12972 0.0
0.12996 0.0
0.13021 0.0
0.13045 0.0
0.1307 0.0
0.13094 0.0
0.13118 0.0
0.13143 0.0
0.13167 0.0
0.13192 0.0
0.13216 0.0
0.1324 0.0
0.13265 0.0
0.13289 0.0
0.13314 0.0
0.13338 0.0
0.13363 0.0
0.13387 0.0
0.13411 0.0
0.13436 0.0
0.1346 0.0
0.13485 0.0
0.13509 0.0
