t strain*1e23
-0.42412 -18.9
-0.42388 -18.7
-0.42363 -18.5
-0.42339 -18.3
-0.42315 -18.0
-0.4229 -17.7
-0.42266 -17.3
-0.42241 -17.0
-0.42217 -16.6
-0.42192 -16.2
-0.42168 -15.8
-0.42144 -15.3
-0.42119 -14.8
-0.42095 -14.3
-0.4207 -13.8
-0.42046 -13.3
-0.42022 -12.7
-0.41997 -12.1
-0.41973 -11.5
-0.41948 -10.9
-0.41924 -10.3
-0.41899 -9.6
-0.41875 -9.0
-0.41851 -8.3
-0.41826 -7.6
-0.41802 -6.9
-0.41777 -6.2
-0.41753 -5.5
-0.41729 -4.8
-0.41704 -4.0
-0.4168 -3.3
-0.41655 -2.5
-0.41631 -1.8
-0.41607 -1.0
-0.41582 -0.3
-0.41558 0.5
-0.41533 1.2
-0.41509 2.0
-0.41484 2.8
-0.4146 3.5
-0.41436 4.2
-0.41411 5.0
-0.41387 5.7
-0.41362 6.4
-0.41338 7.2
-0.41314 7.9
-0.41289 8.5
-0.41265 9.2
-0.4124 9.9
-0.41216 10.5
-0.41191 11.2
-0.41167 11.8
-0.41143 12.4
-0.41118 13.0
-0.41094 13.5
-0.41069 14.1
-0.41045 14.6
-0.41021 15.1
-0.40996 15.6
-0.40972 16.1
-0.40947 16.5
-0.40923 16.9
-0.40899 17.3
-0.40874 17.6
-0.4085 18.0
-0.40825 18.3
-0.40801 18.5
-0.40776 18.8
-0.40752 19.0
-0.40728 19.2
-0.40703 19.3
-0.40679 19.5
-0.40654 19.6
-0.4063 19.7
-0.40606 19.7
-0.40581 19.7
-0.40557 19.7
-0.40532 19.6
-0.40508 19.6
-0.40483 19.5
-0.40459 19.3
-0.40435 19.2
-0.4041 19.0
-0.40386 18.7
-0.40361 18.5
-0.40337 18.2
-0.40313 17.9
-0.40288 17.6
-0.40264 17.2
-0.40239 16.8
-0.40215 16.4
-0.40191 16.0
-0.40166 15.5
-0.40142 15.0
-0.40117 14.5
-0.40093 14.0
-0.40068 13.4
-0.40044 12.8
-0.4002 12.2
-0.39995 11.6
-0.39971 11.0
-0.39946 10.3
-0.39922 9.7
-0.39898 9.0
-0.39873 8.3
-0.39849 7.6
-0.39824 6.9
-0.398 6.1
-0.39775 5.4
-0.39751 4.6
-0.39727 3.9
-0.39702 3.1
-0.39678 2.3
-0.39653 1.6
-0.39629 0.8
-0.39605 0.0
-0.3958 -0.8
-0.39556 -1.5
-0.39531 -2.3
-0.39507 -3.1
-0.39482 -3.9
-0.39458 -4.6
-0.39434 -5.4
-0.39409 -6.1
-0.39385 -6.9
-0.3936 -7.6
-0.39336 -8.3
-0.39312 -9.0
-0.39287 -9.7
-0.39263 -10.4
-0.39238 -11.0
-0.39214 -11.7
-0.3919 -12.3
-0.39165 -12.9
-0.39141 -13.5
-0.39116 -14.1
-0.39092 -14.6
-0.39067 -15.1
-0.39043 -15.6
-0.39019 -16.1
-0.38994 -16.6
-0.3897 -17.0
-0.38945 -17.4
-0.38921 -17.7
-0.38897 -18.1
-0.38872 -18.4
-0.38848 -18.7
-0.38823 -18.9
-0.38799 -19.2
-0.38774 -19.4
-0.3875 -19.5
-0.38726 -19.7
-0.38701 -19.8
-0.38677 -19.9
-0.38652 -19.9
-0.38628 -19.9
-0.38604 -19.9
-0.38579 -19.9
-0.38555 -19.8
-0.3853 -19.7
-0.38506 -19.5
-0.38482 -19.4
-0.38457 -19.1
-0.38433 -18.9
-0.38408 -18.7
-0.38384 -18.4
-0.38359 -18.0
-0.38335 -17.7
-0.38311 -17.3
-0.38286 -16.9
-0.38262 -16.5
-0.38237 -16.0
-0.38213 -15.5
-0.38189 -15.0
-0.38164 -14.5
-0.3814 -13.9
-0.38115 -13.3
-0.38091 -12.7
-0.38066 -12.1
-0.38042 -11.5
-0.38018 -10.8
-0.37993 -10.2
-0.37969 -9.5
-0.37944 -8.8
-0.3792 -8.0
-0.37896 -7.3
-0.37871 -6.5
-0.37847 -5.8
-0.37822 -5.0
-0.37798 -4.2
-0.37774 -3.5
-0.37749 -2.7
-0.37725 -1.9
-0.377 -1.1
-0.37676 -0.3
-0.37651 0.5
-0.37627 1.3
-0.37603 2.1
-0.37578 2.9
-0.37554 3.7
-0.37529 4.5
-0.37505 5.3
-0.37481 6.0
-0.37456 6.8
-0.37432 7.5
-0.37407 8.3
-0.37383 9.0
-0.37358 9.7
-0.37334 10.4
-0.3731 11.1
-0.37285 11.8
-0.37261 12.4
-0.37236 13.0
-0.37212 13.6
-0.37188 14.2
-0.37163 14.8
-0.37139 15.3
-0.37114 15.8
-0.3709 16.3
-0.37066 16.8
-0.37041 17.2
-0.37017 17.6
-0.36992 18.0
-0.36968 18.3
-0.36943 18.7
-0.36919 18.9
-0.36895 19.2
-0.3687 19.4
-0.36846 19.6
-0.36821 19.8
-0.36797 19.9
-0.36773 20.0
-0.36748 20.1
-0.36724 20.1
-0.36699 20.1
-0.36675 20.1
-0.3665 20.1
-0.36626 20.0
-0.36602 19.8
-0.36577 19.7
-0.36553 19.5
-0.36528 19.3
-0.36504 19.0
-0.3648 18.7
-0.36455 18.4
-0.36431 18.1
-0.36406 17.7
-0.36382 17.3
-0.36357 16.8
-0.36333 16.4
-0.36309 15.9
-0.36284 15.4
-0.3626 14.8
-0.36235 14.3
-0.36211 13.7
-0.36187 13.1
-0.36162 12.4
-0.36138 11.8
-0.36113 11.1
-0.36089 10.4
-0.36065 9.7
-0.3604 9.0
-0.36016 8.3
-0.35991 7.5
-0.35967 6.7
-0.35942 5.9
-0.35918 5.2
-0.35894 4.4
-0.35869 3.6
-0.35845 2.7
-0.3582 1.9
-0.35796 1.1
-0.35772 0.3
-0.35747 -0.5
-0.35723 -1.4
-0.35698 -2.2
-0.35674 -3.0
-0.35649 -3.8
-0.35625 -4.6
-0.35601 -5.4
-0.35576 -6.2
-0.35552 -7.0
-0.35527 -7.8
-0.35503 -8.5
-0.35479 -9.3
-0.35454 -10.0
-0.3543 -10.7
-0.35405 -11.4
-0.35381 -12.1
-0.35357 -12.8
-0.35332 -13.4
-0.35308 -14.0
-0.35283 -14.6
-0.35259 -15.2
-0.35234 -15.7
-0.3521 -16.2
-0.35186 -16.7
-0.35161 -17.2
-0.35137 -17.6
-0.35112 -18.0
-0.35088 -18.4
-0.35064 -18.7
-0.35039 -19.0
-0.35015 -19.3
-0.3499 -19.6
-0.34966 -19.8
-0.34941 -20.0
-0.34917 -20.1
-0.34893 -20.2
-0.34868 -20.3
-0.34844 -20.4
-0.34819 -20.4
-0.34795 -20.4
-0.34771 -20.3
-0.34746 -20.2
-0.34722 -20.1
-0.34697 -19.9
-0.34673 -19.8
-0.34649 -19.5
-0.34624 -19.3
-0.346 -19.0
-0.34575 -18.7
-0.34551 -18.3
-0.34526 -17.9
-0.34502 -17.5
-0.34478 -17.1
-0.34453 -16.6
-0.34429 -16.1
-0.34404 -15.6
-0.3438 -15.0
-0.34356 -14.4
-0.34331 -13.8
-0.34307 -13.2
-0.34282 -12.5
-0.34258 -11.8
-0.34233 -11.1
-0.34209 -10.4
-0.34185 -9.7
-0.3416 -8.9
-0.34136 -8.2
-0.34111 -7.4
-0.34087 -6.6
-0.34063 -5.8
-0.34038 -5.0
-0.34014 -4.1
-0.33989 -3.3
-0.33965 -2.5
-0.33941 -1.6
-0.33916 -0.8
-0.33892 0.0
-0.33867 0.9
-0.33843 1.8
-0.33818 2.6
-0.33794 3.5
-0.3377 4.3
-0.33745 5.1
-0.33721 5.9
-0.33696 6.8
-0.33672 7.6
-0.33648 8.3
-0.33623 9.1
-0.33599 9.9
-0.33574 10.6
-0.3355 11.3
-0.33525 12.1
-0.33501 12.7
-0.33477 13.4
-0.33452 14.0
-0.33428 14.7
-0.33403 15.2
-0.33379 15.8
-0.33355 16.4
-0.3333 16.9
-0.33306 17.3
-0.33281 17.8
-0.33257 18.2
-0.33232 18.6
-0.33208 19.0
-0.33184 19.3
-0.33159 19.6
-0.33135 19.8
-0.3311 20.1
-0.33086 20.2
-0.33062 20.4
-0.33037 20.5
-0.33013 20.6
-0.32988 20.6
-0.32964 20.7
-0.3294 20.6
-0.32915 20.6
-0.32891 20.5
-0.32866 20.3
-0.32842 20.2
-0.32817 20.0
-0.32793 19.7
-0.32769 19.4
-0.32744 19.1
-0.3272 18.8
-0.32695 18.4
-0.32671 18.0
-0.32647 17.5
-0.32622 17.1
-0.32598 16.6
-0.32573 16.0
-0.32549 15.5
-0.32524 14.9
-0.325 14.3
-0.32476 13.6
-0.32451 13.0
-0.32427 12.3
-0.32402 11.6
-0.32378 10.8
-0.32354 10.1
-0.32329 9.3
-0.32305 8.5
-0.3228 7.7
-0.32256 6.9
-0.32232 6.1
-0.32207 5.2
-0.32183 4.4
-0.32158 3.5
-0.32134 2.7
-0.32109 1.8
-0.32085 0.9
-0.32061 0.0
-0.32036 -0.8
-0.32012 -1.7
-0.31987 -2.6
-0.31963 -3.5
-0.31939 -4.3
-0.31914 -5.2
-0.3189 -6.0
-0.31865 -6.9
-0.31841 -7.7
-0.31816 -8.5
-0.31792 -9.3
-0.31768 -10.1
-0.31743 -10.9
-0.31719 -11.6
-0.31694 -12.3
-0.3167 -13.0
-0.31646 -13.7
-0.31621 -14.4
-0.31597 -15.0
-0.31572 -15.6
-0.31548 -16.2
-0.31524 -16.7
-0.31499 -17.2
-0.31475 -17.7
-0.3145 -18.2
-0.31426 -18.6
-0.31401 -19.0
-0.31377 -19.4
-0.31353 -19.7
-0.31328 -20.0
-0.31304 -20.2
-0.31279 -20.4
-0.31255 -20.6
-0.31231 -20.7
-0.31206 -20.8
-0.31182 -20.9
-0.31157 -20.9
-0.31133 -20.9
-0.31108 -20.9
-0.31084 -20.8
-0.3106 -20.6
-0.31035 -20.5
-0.31011 -20.3
-0.30986 -20.0
-0.30962 -19.8
-0.30938 -19.4
-0.30913 -19.1
-0.30889 -18.7
-0.30864 -18.3
-0.3084 -17.8
-0.30816 -17.4
-0.30791 -16.8
-0.30767 -16.3
-0.30742 -15.7
-0.30718 -15.1
-0.30693 -14.5
-0.30669 -13.8
-0.30645 -13.1
-0.3062 -12.4
-0.30596 -11.7
-0.30571 -10.9
-0.30547 -10.1
-0.30523 -9.3
-0.30498 -8.5
-0.30474 -7.7
-0.30449 -6.9
-0.30425 -6.0
-0.304 -5.1
-0.30376 -4.2
-0.30352 -3.4
-0.30327 -2.5
-0.30303 -1.6
-0.30278 -0.6
-0.30254 0.3
-0.3023 1.2
-0.30205 2.1
-0.30181 3.0
-0.30156 3.9
-0.30132 4.8
-0.30107 5.6
-0.30083 6.5
-0.30059 7.4
-0.30034 8.2
-0.3001 9.0
-0.29985 9.9
-0.29961 10.7
-0.29937 11.4
-0.29912 12.2
-0.29888 12.9
-0.29863 13.6
-0.29839 14.3
-0.29815 15.0
-0.2979 15.6
-0.29766 16.2
-0.29741 16.8
-0.29717 17.3
-0.29692 17.9
-0.29668 18.3
-0.29644 18.8
-0.29619 19.2
-0.29595 19.6
-0.2957 19.9
-0.29546 20.2
-0.29522 20.4
-0.29497 20.7
-0.29473 20.9
-0.29448 21.0
-0.29424 21.1
-0.29399 21.2
-0.29375 21.2
-0.29351 21.2
-0.29326 21.1
-0.29302 21.0
-0.29277 20.9
-0.29253 20.7
-0.29229 20.5
-0.29204 20.2
-0.2918 20.0
-0.29155 19.6
-0.29131 19.3
-0.29107 18.8
-0.29082 18.4
-0.29058 17.9
-0.29033 17.4
-0.29009 16.9
-0.28984 16.3
-0.2896 15.7
-0.28936 15.1
-0.28911 14.4
-0.28887 13.7
-0.28862 13.0
-0.28838 12.2
-0.28814 11.4
-0.28789 10.7
-0.28765 9.8
-0.2874 9.0
-0.28716 8.2
-0.28691 7.3
-0.28667 6.4
-0.28643 5.5
-0.28618 4.6
-0.28594 3.7
-0.28569 2.8
-0.28545 1.8
-0.28521 0.9
-0.28496 0.0
-0.28472 -1.0
-0.28447 -1.9
-0.28423 -2.8
-0.28399 -3.8
-0.28374 -4.7
-0.2835 -5.6
-0.28325 -6.5
-0.28301 -7.4
-0.28276 -8.3
-0.28252 -9.1
-0.28228 -10.0
-0.28203 -10.8
-0.28179 -11.6
-0.28154 -12.4
-0.2813 -13.2
-0.28106 -13.9
-0.28081 -14.6
-0.28057 -15.3
-0.28032 -15.9
-0.28008 -16.5
-0.27983 -17.1
-0.27959 -17.7
-0.27935 -18.2
-0.2791 -18.7
-0.27886 -19.1
-0.27861 -19.6
-0.27837 -19.9
-0.27813 -20.3
-0.27788 -20.6
-0.27764 -20.8
-0.27739 -21.0
-0.27715 -21.2
-0.27691 -21.3
-0.27666 -21.4
-0.27642 -21.5
-0.27617 -21.5
-0.27593 -21.4
-0.27568 -21.4
-0.27544 -21.2
-0.2752 -21.1
-0.27495 -20.9
-0.27471 -20.6
-0.27446 -20.3
-0.27422 -20.0
-0.27398 -19.6
-0.27373 -19.2
-0.27349 -18.8
-0.27324 -18.3
-0.273 -17.8
-0.27275 -17.2
-0.27251 -16.6
-0.27227 -16.0
-0.27202 -15.4
-0.27178 -14.7
-0.27153 -14.0
-0.27129 -13.2
-0.27105 -12.4
-0.2708 -11.6
-0.27056 -10.8
-0.27031 -10.0
-0.27007 -9.1
-0.26982 -8.2
-0.26958 -7.3
-0.26934 -6.4
-0.26909 -5.5
-0.26885 -4.6
-0.2686 -3.6
-0.26836 -2.6
-0.26812 -1.7
-0.26787 -0.7
-0.26763 0.3
-0.26738 1.2
-0.26714 2.2
-0.2669 3.2
-0.26665 4.1
-0.26641 5.1
-0.26616 6.0
-0.26592 6.9
-0.26567 7.9
-0.26543 8.8
-0.26519 9.6
-0.26494 10.5
-0.2647 11.4
-0.26445 12.2
-0.26421 13.0
-0.26397 13.8
-0.26372 14.5
-0.26348 15.2
-0.26323 15.9
-0.26299 16.6
-0.26274 17.2
-0.2625 17.8
-0.26226 18.3
-0.26201 18.8
-0.26177 19.3
-0.26152 19.7
-0.26128 20.1
-0.26104 20.5
-0.26079 20.8
-0.26055 21.1
-0.2603 21.3
-0.26006 21.5
-0.25982 21.6
-0.25957 21.7
-0.25933 21.8
-0.25908 21.8
-0.25884 21.7
-0.25859 21.7
-0.25835 21.5
-0.25811 21.4
-0.25786 21.1
-0.25762 20.9
-0.25737 20.6
-0.25713 20.2
-0.25689 19.9
-0.25664 19.4
-0.2564 19.0
-0.25615 18.4
-0.25591 17.9
-0.25566 17.3
-0.25542 16.7
-0.25518 16.0
-0.25493 15.3
-0.25469 14.6
-0.25444 13.9
-0.2542 13.1
-0.25396 12.3
-0.25371 11.4
-0.25347 10.6
-0.25322 9.7
-0.25298 8.8
-0.25274 7.8
-0.25249 6.9
-0.25225 5.9
-0.252 5.0
-0.25176 4.0
-0.25151 3.0
-0.25127 2.0
-0.25103 1.0
-0.25078 0.0
-0.25054 -1.0
-0.25029 -2.0
-0.25005 -3.0
-0.24981 -4.0
-0.24956 -5.0
-0.24932 -6.0
-0.24907 -7.0
-0.24883 -7.9
-0.24858 -8.9
-0.24834 -9.8
-0.2481 -10.7
-0.24785 -11.5
-0.24761 -12.4
-0.24736 -13.2
-0.24712 -14.0
-0.24688 -14.8
-0.24663 -15.5
-0.24639 -16.2
-0.24614 -16.9
-0.2459 -17.6
-0.24566 -18.2
-0.24541 -18.7
-0.24517 -19.2
-0.24492 -19.7
-0.24468 -20.2
-0.24443 -20.6
-0.24419 -20.9
-0.24395 -21.2
-0.2437 -21.5
-0.24346 -21.7
-0.24321 -21.9
-0.24297 -22.0
-0.24273 -22.1
-0.24248 -22.1
-0.24224 -22.1
-0.24199 -22.0
-0.24175 -21.9
-0.2415 -21.8
-0.24126 -21.6
-0.24102 -21.3
-0.24077 -21.0
-0.24053 -20.7
-0.24028 -20.3
-0.24004 -19.8
-0.2398 -19.4
-0.23955 -18.8
-0.23931 -18.3
-0.23906 -17.7
-0.23882 -17.0
-0.23857 -16.3
-0.23833 -15.6
-0.23809 -14.9
-0.23784 -14.1
-0.2376 -13.3
-0.23735 -12.4
-0.23711 -11.6
-0.23687 -10.7
-0.23662 -9.7
-0.23638 -8.8
-0.23613 -7.8
-0.23589 -6.8
-0.23565 -5.9
-0.2354 -4.8
-0.23516 -3.8
-0.23491 -2.8
-0.23467 -1.7
-0.23442 -0.7
-0.23418 0.3
-0.23394 1.4
-0.23369 2.4
-0.23345 3.5
-0.2332 4.5
-0.23296 5.5
-0.23272 6.6
-0.23247 7.6
-0.23223 8.5
-0.23198 9.5
-0.23174 10.4
-0.23149 11.4
-0.23125 12.3
-0.23101 13.1
-0.23076 14.0
-0.23052 14.8
-0.23027 15.6
-0.23003 16.3
-0.22979 17.0
-0.22954 17.7
-0.2293 18.3
-0.22905 18.9
-0.22881 19.5
-0.22857 20.0
-0.22832 20.5
-0.22808 20.9
-0.22783 21.2
-0.22759 21.6
-0.22734 21.8
-0.2271 22.1
-0.22686 22.2
-0.22661 22.4
-0.22637 22.4
-0.22612 22.5
-0.22588 22.5
-0.22564 22.4
-0.22539 22.2
-0.22515 22.1
-0.2249 21.8
-0.22466 21.6
-0.22441 21.2
-0.22417 20.9
-0.22393 20.4
-0.22368 20.0
-0.22344 19.5
-0.22319 18.9
-0.22295 18.3
-0.22271 17.7
-0.22246 17.0
-0.22222 16.2
-0.22197 15.5
-0.22173 14.7
-0.22149 13.8
-0.22124 13.0
-0.221 12.1
-0.22075 11.1
-0.22051 10.2
-0.22026 9.2
-0.22002 8.2
-0.21978 7.2
-0.21953 6.2
-0.21929 5.1
-0.21904 4.1
-0.2188 3.0
-0.21856 1.9
-0.21831 0.8
-0.21807 -0.3
-0.21782 -1.4
-0.21758 -2.5
-0.21733 -3.5
-0.21709 -4.6
-0.21685 -5.7
-0.2166 -6.7
-0.21636 -7.8
-0.21611 -8.8
-0.21587 -9.8
-0.21563 -10.8
-0.21538 -11.7
-0.21514 -12.7
-0.21489 -13.6
-0.21465 -14.4
-0.21441 -15.3
-0.21416 -16.1
-0.21392 -16.8
-0.21367 -17.6
-0.21343 -18.3
-0.21318 -18.9
-0.21294 -19.5
-0.2127 -20.1
-0.21245 -20.6
-0.21221 -21.0
-0.21196 -21.4
-0.21172 -21.8
-0.21148 -22.1
-0.21123 -22.4
-0.21099 -22.6
-0.21074 -22.7
-0.2105 -22.8
-0.21025 -22.8
-0.21001 -22.8
-0.20977 -22.8
-0.20952 -22.6
-0.20928 -22.5
-0.20903 -22.2
-0.20879 -22.0
-0.20855 -21.6
-0.2083 -21.2
-0.20806 -20.8
-0.20781 -20.3
-0.20757 -19.8
-0.20732 -19.2
-0.20708 -18.6
-0.20684 -17.9
-0.20659 -17.2
-0.20635 -16.4
-0.2061 -15.6
-0.20586 -14.8
-0.20562 -13.9
-0.20537 -13.0
-0.20513 -12.0
-0.20488 -11.1
-0.20464 -10.1
-0.2044 -9.0
-0.20415 -8.0
-0.20391 -6.9
-0.20366 -5.8
-0.20342 -4.7
-0.20317 -3.6
-0.20293 -2.5
-0.20269 -1.4
-0.20244 -0.2
-0.2022 0.9
-0.20195 2.0
-0.20171 3.2
-0.20147 4.3
-0.20122 5.4
-0.20098 6.5
-0.20073 7.6
-0.20049 8.7
-0.20024 9.7
-0.2 10.8
-0.19976 11.8
-0.19951 12.7
-0.19927 13.7
-0.19902 14.6
-0.19878 15.5
-0.19854 16.3
-0.19829 17.1
-0.19805 17.9
-0.1978 18.6
-0.19756 19.3
-0.19732 19.9
-0.19707 20.4
-0.19683 21.0
-0.19658 21.4
-0.19634 21.9
-0.19609 22.2
-0.19585 22.5
-0.19561 22.8
-0.19536 23.0
-0.19512 23.1
-0.19487 23.2
-0.19463 23.2
-0.19439 23.2
-0.19414 23.1
-0.1939 23.0
-0.19365 22.8
-0.19341 22.5
-0.19316 22.2
-0.19292 21.8
-0.19268 21.4
-0.19243 20.9
-0.19219 20.3
-0.19194 19.7
-0.1917 19.1
-0.19146 18.4
-0.19121 17.7
-0.19097 16.9
-0.19072 16.1
-0.19048 15.2
-0.19024 14.3
-0.18999 13.3
-0.18975 12.4
-0.1895 11.3
-0.18926 10.3
-0.18901 9.2
-0.18877 8.1
-0.18853 7.0
-0.18828 5.9
-0.18804 4.7
-0.18779 3.6
-0.18755 2.4
-0.18731 1.2
-0.18706 0.0
-0.18682 -1.2
-0.18657 -2.4
-0.18633 -3.5
-0.18608 -4.7
-0.18584 -5.9
-0.1856 -7.0
-0.18535 -8.1
-0.18511 -9.3
-0.18486 -10.4
-0.18462 -11.4
-0.18438 -12.4
-0.18413 -13.5
-0.18389 -14.4
-0.18364 -15.4
-0.1834 -16.3
-0.18316 -17.1
-0.18291 -17.9
-0.18267 -18.7
-0.18242 -19.4
-0.18218 -20.1
-0.18193 -20.7
-0.18169 -21.2
-0.18145 -21.7
-0.1812 -22.2
-0.18096 -22.6
-0.18071 -22.9
-0.18047 -23.2
-0.18023 -23.4
-0.17998 -23.5
-0.17974 -23.6
-0.17949 -23.7
-0.17925 -23.6
-0.179 -23.5
-0.17876 -23.4
-0.17852 -23.1
-0.17827 -22.9
-0.17803 -22.5
-0.17778 -22.1
-0.17754 -21.6
-0.1773 -21.1
-0.17705 -20.5
-0.17681 -19.9
-0.17656 -19.2
-0.17632 -18.5
-0.17607 -17.7
-0.17583 -16.8
-0.17559 -16.0
-0.17534 -15.0
-0.1751 -14.1
-0.17485 -13.0
-0.17461 -12.0
-0.17437 -10.9
-0.17412 -9.8
-0.17388 -8.7
-0.17363 -7.5
-0.17339 -6.3
-0.17315 -5.1
-0.1729 -3.9
-0.17266 -2.7
-0.17241 -1.4
-0.17217 -0.2
-0.17192 1.1
-0.17168 2.3
-0.17144 3.5
-0.17119 4.8
-0.17095 6.0
-0.1707 7.2
-0.17046 8.4
-0.17022 9.5
-0.16997 10.7
-0.16973 11.8
-0.16948 12.9
-0.16924 13.9
-0.16899 14.9
-0.16875 15.9
-0.16851 16.8
-0.16826 17.7
-0.16802 18.5
-0.16777 19.3
-0.16753 20.0
-0.16729 20.7
-0.16704 21.3
-0.1668 21.9
-0.16655 22.4
-0.16631 22.8
-0.16607 23.2
-0.16582 23.5
-0.16558 23.8
-0.16533 24.0
-0.16509 24.1
-0.16484 24.1
-0.1646 24.1
-0.16436 24.0
-0.16411 23.9
-0.16387 23.6
-0.16362 23.3
-0.16338 23.0
-0.16314 22.6
-0.16289 22.1
-0.16265 21.5
-0.1624 20.9
-0.16216 20.3
-0.16191 19.5
-0.16167 18.7
-0.16143 17.9
-0.16118 17.0
-0.16094 16.1
-0.16069 15.1
-0.16045 14.1
-0.16021 13.0
-0.15996 11.9
-0.15972 10.7
-0.15947 9.6
-0.15923 8.3
-0.15899 7.1
-0.15874 5.9
-0.1585 4.6
-0.15825 3.3
-0.15801 2.0
-0.15776 0.7
-0.15752 -0.6
-0.15728 -1.9
-0.15703 -3.2
-0.15679 -4.5
-0.15654 -5.8
-0.1563 -7.1
-0.15606 -8.3
-0.15581 -9.5
-0.15557 -10.8
-0.15532 -11.9
-0.15508 -13.1
-0.15483 -14.2
-0.15459 -15.2
-0.15435 -16.2
-0.1541 -17.2
-0.15386 -18.1
-0.15361 -19.0
-0.15337 -19.8
-0.15313 -20.6
-0.15288 -21.3
-0.15264 -21.9
-0.15239 -22.5
-0.15215 -23.0
-0.15191 -23.5
-0.15166 -23.8
-0.15142 -24.1
-0.15117 -24.4
-0.15093 -24.5
-0.15068 -24.6
-0.15044 -24.6
-0.1502 -24.6
-0.14995 -24.4
-0.14971 -24.2
-0.14946 -23.9
-0.14922 -23.6
-0.14898 -23.2
-0.14873 -22.7
-0.14849 -22.1
-0.14824 -21.5
-0.148 -20.8
-0.14775 -20.0
-0.14751 -19.2
-0.14727 -18.3
-0.14702 -17.4
-0.14678 -16.4
-0.14653 -15.4
-0.14629 -14.3
-0.14605 -13.1
-0.1458 -12.0
-0.14556 -10.8
-0.14531 -9.5
-0.14507 -8.2
-0.14482 -6.9
-0.14458 -5.6
-0.14434 -4.3
-0.14409 -2.9
-0.14385 -1.5
-0.1436 -0.1
-0.14336 1.2
-0.14312 2.6
-0.14287 4.0
-0.14263 5.3
-0.14238 6.7
-0.14214 8.0
-0.1419 9.3
-0.14165 10.6
-0.14141 11.9
-0.14116 13.1
-0.14092 14.2
-0.14067 15.4
-0.14043 16.5
-0.14019 17.5
-0.13994 18.5
-0.1397 19.4
-0.13945 20.3
-0.13921 21.1
-0.13897 21.8
-0.13872 22.5
-0.13848 23.1
-0.13823 23.6
-0.13799 24.0
-0.13774 24.4
-0.1375 24.7
-0.13726 25.0
-0.13701 25.1
-0.13677 25.2
-0.13652 25.2
-0.13628 25.1
-0.13604 24.9
-0.13579 24.6
-0.13555 24.3
-0.1353 23.9
-0.13506 23.4
-0.13482 22.8
-0.13457 22.2
-0.13433 21.5
-0.13408 20.7
-0.13384 19.8
-0.13359 18.9
-0.13335 18.0
-0.13311 16.9
-0.13286 15.8
-0.13262 14.7
-0.13237 13.5
-0.13213 12.2
-0.13189 11.0
-0.13164 9.6
-0.1314 8.3
-0.13115 6.9
-0.13091 5.5
-0.13066 4.1
-0.13042 2.6
-0.13018 1.2
-0.12993 -0.3
-0.12969 -1.7
-0.12944 -3.2
-0.1292 -4.6
-0.12896 -6.1
-0.12871 -7.5
-0.12847 -8.9
-0.12822 -10.3
-0.12798 -11.6
-0.12774 -12.9
-0.12749 -14.2
-0.12725 -15.4
-0.127 -16.5
-0.12676 -17.6
-0.12651 -18.7
-0.12627 -19.7
-0.12603 -20.6
-0.12578 -21.5
-0.12554 -22.3
-0.12529 -23.0
-0.12505 -23.6
-0.12481 -24.2
-0.12456 -24.6
-0.12432 -25.0
-0.12407 -25.3
-0.12383 -25.6
-0.12358 -25.7
-0.12334 -25.8
-0.1231 -25.7
-0.12285 -25.6
-0.12261 -25.4
-0.12236 -25.1
-0.12212 -24.7
-0.12188 -24.2
-0.12163 -23.7
-0.12139 -23.0
-0.12114 -22.3
-0.1209 -21.5
-0.12066 -20.6
-0.12041 -19.7
-0.12017 -18.7
-0.11992 -17.6
-0.11968 -16.4
-0.11943 -15.2
-0.11919 -14.0
-0.11895 -12.7
-0.1187 -11.3
-0.11846 -9.9
-0.11821 -8.5
-0.11797 -7.0
-0.11773 -5.5
-0.11748 -4.0
-0.11724 -2.5
-0.11699 -0.9
-0.11675 0.6
-0.1165 2.2
-0.11626 3.7
-0.11602 5.3
-0.11577 6.8
-0.11553 8.3
-0.11528 9.7
-0.11504 11.2
-0.1148 12.6
-0.11455 13.9
-0.11431 15.3
-0.11406 16.5
-0.11382 17.7
-0.11357 18.9
-0.11333 19.9
-0.11309 20.9
-0.11284 21.9
-0.1126 22.7
-0.11235 23.5
-0.11211 24.2
-0.11187 24.8
-0.11162 25.3
-0.11138 25.7
-0.11113 26.0
-0.11089 26.2
-0.11065 26.4
-0.1104 26.4
-0.11016 26.4
-0.10991 26.2
-0.10967 25.9
-0.10942 25.6
-0.10918 25.1
-0.10894 24.6
-0.10869 24.0
-0.10845 23.3
-0.1082 22.4
-0.10796 21.5
-0.10772 20.6
-0.10747 19.5
-0.10723 18.4
-0.10698 17.2
-0.10674 15.9
-0.10649 14.6
-0.10625 13.2
-0.10601 11.8
-0.10576 10.3
-0.10552 8.7
-0.10527 7.2
-0.10503 5.6
-0.10479 4.0
-0.10454 2.3
-0.1043 0.7
-0.10405 -1.0
-0.10381 -2.6
-0.10357 -4.3
-0.10332 -5.9
-0.10308 -7.5
-0.10283 -9.1
-0.10259 -10.7
-0.10234 -12.2
-0.1021 -13.7
-0.10186 -15.1
-0.10161 -16.5
-0.10137 -17.8
-0.10112 -19.0
-0.10088 -20.2
-0.10064 -21.3
-0.10039 -22.3
-0.10015 -23.2
-0.0999 -24.0
-0.09966 -24.8
-0.09941 -25.4
-0.09917 -26.0
-0.09893 -26.4
-0.09868 -26.7
-0.09844 -27.0
-0.09819 -27.1
-0.09795 -27.1
-0.09771 -27.0
-0.09746 -26.8
-0.09722 -26.5
-0.09697 -26.1
-0.09673 -25.6
-0.09649 -25.0
-0.09624 -24.3
-0.096 -23.4
-0.09575 -22.5
-0.09551 -21.5
-0.09526 -20.4
-0.09502 -19.2
-0.09478 -18.0
-0.09453 -16.6
-0.09429 -15.2
-0.09404 -13.7
-0.0938 -12.2
-0.09356 -10.6
-0.09331 -9.0
-0.09307 -7.3
-0.09282 -5.6
-0.09258 -3.8
-0.09233 -2.1
-0.09209 -0.3
-0.09185 1.5
-0.0916 3.3
-0.09136 5.0
-0.09111 6.8
-0.09087 8.5
-0.09063 10.2
-0.09038 11.8
-0.09014 13.4
-0.08989 15.0
-0.08965 16.5
-0.08941 17.9
-0.08916 19.3
-0.08892 20.5
-0.08867 21.7
-0.08843 22.8
-0.08818 23.8
-0.08794 24.7
-0.0877 25.5
-0.08745 26.2
-0.08721 26.8
-0.08696 27.3
-0.08672 27.6
-0.08648 27.8
-0.08623 27.9
-0.08599 27.9
-0.08574 27.8
-0.0855 27.5
-0.08525 27.2
-0.08501 26.7
-0.08477 26.0
-0.08452 25.3
-0.08428 24.5
-0.08403 23.5
-0.08379 22.4
-0.08355 21.3
-0.0833 20.0
-0.08306 18.7
-0.08281 17.2
-0.08257 15.7
-0.08232 14.1
-0.08208 12.4
-0.08184 10.7
-0.08159 8.9
-0.08135 7.1
-0.0811 5.3
-0.08086 3.4
-0.08062 1.5
-0.08037 -0.5
-0.08013 -2.4
-0.07988 -4.3
-0.07964 -6.2
-0.0794 -8.1
-0.07915 -9.9
-0.07891 -11.7
-0.07866 -13.5
-0.07842 -15.1
-0.07817 -16.8
-0.07793 -18.3
-0.07769 -19.8
-0.07744 -21.2
-0.0772 -22.5
-0.07695 -23.7
-0.07671 -24.7
-0.07647 -25.7
-0.07622 -26.5
-0.07598 -27.3
-0.07573 -27.8
-0.07549 -28.3
-0.07524 -28.6
-0.075 -28.8
-0.07476 -28.9
-0.07451 -28.8
-0.07427 -28.6
-0.07402 -28.2
-0.07378 -27.7
-0.07354 -27.1
-0.07329 -26.3
-0.07305 -25.4
-0.0728 -24.4
-0.07256 -23.2
-0.07232 -21.9
-0.07207 -20.6
-0.07183 -19.1
-0.07158 -17.5
-0.07134 -15.8
-0.07109 -14.1
-0.07085 -12.2
-0.07061 -10.3
-0.07036 -8.4
-0.07012 -6.4
-0.06987 -4.3
-0.06963 -2.3
-0.06939 -0.2
-0.06914 1.9
-0.0689 4.0
-0.06865 6.1
-0.06841 8.1
-0.06816 10.1
-0.06792 12.1
-0.06768 14.0
-0.06743 15.8
-0.06719 17.6
-0.06694 19.3
-0.0667 20.9
-0.06646 22.4
-0.06621 23.7
-0.06597 25.0
-0.06572 26.1
-0.06548 27.1
-0.06524 27.9
-0.06499 28.7
-0.06475 29.2
-0.0645 29.6
-0.06426 29.9
-0.06401 29.9
-0.06377 29.9
-0.06353 29.6
-0.06328 29.2
-0.06304 28.7
-0.06279 28.0
-0.06255 27.1
-0.06231 26.1
-0.06206 24.9
-0.06182 23.6
-0.06157 22.2
-0.06133 20.6
-0.06108 18.9
-0.06084 17.2
-0.0606 15.3
-0.06035 13.3
-0.06011 11.2
-0.05986 9.1
-0.05962 6.9
-0.05938 4.6
-0.05913 2.4
-0.05889 0.0
-0.05864 -2.2
-0.0584 -4.5
-0.05816 -6.8
-0.05791 -9.0
-0.05767 -11.2
-0.05742 -13.4
-0.05718 -15.5
-0.05693 -17.5
-0.05669 -19.4
-0.05645 -21.2
-0.0562 -22.8
-0.05596 -24.4
-0.05571 -25.8
-0.05547 -27.1
-0.05523 -28.2
-0.05498 -29.1
-0.05474 -29.9
-0.05449 -30.5
-0.05425 -30.9
-0.054 -31.1
-0.05376 -31.2
-0.05352 -31.0
-0.05327 -30.7
-0.05303 -30.2
-0.05278 -29.5
-0.05254 -28.6
-0.0523 -27.5
-0.05205 -26.3
-0.05181 -24.9
-0.05156 -23.3
-0.05132 -21.6
-0.05107 -19.7
-0.05083 -17.7
-0.05059 -15.6
-0.05034 -13.4
-0.0501 -11.1
-0.04985 -8.7
-0.04961 -6.2
-0.04937 -3.7
-0.04912 -1.2
-0.04888 1.4
-0.04863 4.0
-0.04839 6.5
-0.04815 9.0
-0.0479 11.5
-0.04766 13.9
-0.04741 16.2
-0.04717 18.4
-0.04692 20.6
-0.04668 22.5
-0.04644 24.4
-0.04619 26.1
-0.04595 27.6
-0.0457 28.9
-0.04546 30.1
-0.04522 31.0
-0.04497 31.7
-0.04473 32.3
-0.04448 32.6
-0.04424 32.6
-0.04399 32.5
-0.04375 32.1
-0.04351 31.5
-0.04326 30.7
-0.04302 29.6
-0.04277 28.4
-0.04253 26.9
-0.04229 25.2
-0.04204 23.4
-0.0418 21.3
-0.04155 19.1
-0.04131 16.8
-0.04107 14.3
-0.04082 11.7
-0.04058 9.0
-0.04033 6.2
-0.04009 3.4
-0.03984 0.5
-0.0396 -2.4
-0.03936 -5.3
-0.03911 -8.2
-0.03887 -11.0
-0.03862 -13.7
-0.03838 -16.4
-0.03814 -19.0
-0.03789 -21.4
-0.03765 -23.7
-0.0374 -25.7
-0.03716 -27.7
-0.03691 -29.4
-0.03667 -30.8
-0.03643 -32.1
-0.03618 -33.1
-0.03594 -33.8
-0.03569 -34.2
-0.03545 -34.4
-0.03521 -34.3
-0.03496 -34.0
-0.03472 -33.3
-0.03447 -32.4
-0.03423 -31.2
-0.03399 -29.7
-0.03374 -27.9
-0.0335 -26.0
-0.03325 -23.7
-0.03301 -21.3
-0.03276 -18.7
-0.03252 -15.9
-0.03228 -12.9
-0.03203 -9.8
-0.03179 -6.6
-0.03154 -3.3
-0.0313 0.0
-0.03106 3.3
-0.03081 6.7
-0.03057 10.0
-0.03032 13.2
-0.03008 16.4
-0.02983 19.4
-0.02959 22.2
-0.02935 24.9
-0.0291 27.4
-0.02886 29.6
-0.02861 31.5
-0.02837 33.2
-0.02813 34.5
-0.02788 35.6
-0.02764 36.3
-0.02739 36.6
-0.02715 36.6
-0.02691 36.2
-0.02666 35.5
-0.02642 34.4
-0.02617 33.0
-0.02593 31.2
-0.02568 29.0
-0.02544 26.6
-0.0252 23.8
-0.02495 20.8
-0.02471 17.6
-0.02446 14.1
-0.02422 10.4
-0.02398 6.6
-0.02373 2.7
-0.02349 -1.2
-0.02324 -5.2
-0.023 -9.2
-0.02275 -13.1
-0.02251 -16.9
-0.02227 -20.5
-0.02202 -23.9
-0.02178 -27.1
-0.02153 -30.0
-0.02129 -32.6
-0.02105 -34.8
-0.0208 -36.6
-0.02056 -38.0
-0.02031 -39.0
-0.02007 -39.5
-0.01982 -39.5
-0.01958 -39.0
-0.01934 -38.0
-0.01909 -36.5
-0.01885 -34.5
-0.0186 -32.1
-0.01836 -29.2
-0.01812 -25.9
-0.01787 -22.2
-0.01763 -18.2
-0.01738 -13.9
-0.01714 -9.3
-0.0169 -4.6
-0.01665 0.3
-0.01641 5.2
-0.01616 10.2
-0.01592 15.0
-0.01567 19.7
-0.01543 24.1
-0.01519 28.2
-0.01494 32.0
-0.0147 35.3
-0.01445 38.1
-0.01421 40.4
-0.01397 42.0
-0.01372 43.0
-0.01348 43.3
-0.01323 42.9
-0.01299 41.8
-0.01274 39.9
-0.0125 37.3
-0.01226 34.0
-0.01201 30.0
-0.01177 25.5
-0.01152 20.4
-0.01128 14.8
-0.01104 8.8
-0.01079 2.6
-0.01055 -3.8
-0.0103 -10.2
-0.01006 -16.6
-0.00982 -22.7
-0.00957 -28.5
-0.00933 -33.8
-0.00908 -38.4
-0.00884 -42.3
-0.00859 -45.3
-0.00835 -47.4
-0.00811 -48.4
-0.00786 -48.3
-0.00762 -46.9
-0.00737 -44.4
-0.00713 -40.7
-0.00689 -35.8
-0.00664 -29.9
-0.0064 -23.0
-0.00615 -15.2
-0.00591 -6.9
-0.00566 2.0
-0.00542 11.0
-0.00518 19.9
-0.00493 28.4
-0.00469 36.3
-0.00444 43.2
-0.0042 48.8
-0.00396 52.8
-0.00371 55.0
-0.00347 55.2
-0.00322 53.2
-0.00298 48.9
-0.00274 42.4
-0.00249 33.7
-0.00225 23.2
-0.002 11.0
-0.00176 -2.2
-0.00151 -15.8
-0.00127 -29.2
-0.00103 -41.4
-0.00078 -51.5
-0.00054 -58.7
-0.00029 -61.9
-5e-05 -60.4
0.00019 -53.8
0.00044 -42.3
0.00068 -26.5
0.00093 -7.9
0.00117 11.7
0.00142 29.9
0.00166 44.4
0.0019 53.2
0.00215 55.0
0.00239 49.7
0.00264 37.9
0.00288 21.6
0.00312 3.3
0.00337 -14.1
0.00361 -28.1
0.00386 -36.6
0.0041 -38.7
0.00434 -34.7
0.00459 -25.5
0.00483 -13.3
0.00508 -0.2
0.00532 11.4
0.00557 19.8
0.00581 23.8
0.00605 23.4
0.0063 19.1
0.00654 12.0
0.00679 3.8
0.00703 -4.1
0.00727 -10.2
0.00752 -13.8
0.00776 -14.5
0.00801 -12.5
0.00825 -8.6
0.0085 -3.6
0.00874 1.3
0.00898 5.4
0.00923 8.0
0.00947 8.8
0.00972 7.9
0.00996 5.7
0.0102 2.7
0.01045 -0.3
0.01069 -2.9
0.01094 -4.7
0.01118 -5.3
0.01143 -4.9
0.01167 -3.7
0.01191 -1.9
0.01216 0.0
0.0124 1.6
0.01265 2.7
0.01289 3.2
0.01313 3.1
0.01338 2.4
0.01362 1.3
0.01387 0.2
0.01411 -0.9
0.01435 -1.6
0.0146 -2.0
0.01484 -1.9
0.01509 -1.5
0.01533 -0.9
0.01558 -0.2
0.01582 0.4
0.01606 0.9
0.01631 1.2
0.01655 1.2
0.0168 1.0
0.01704 0.6
0.01728 0.2
0.01753 -0.2
0.01777 -0.5
0.01802 -0.7
0.01826 -0.7
0.01851 -0.6
0.01875 -0.4
0.01899 -0.1
0.01924 0.1
0.01948 0.3
0.01973 0.4
0.01997 0.5
0.02021 0.4
0.02046 0.3
0.0207 0.1
0.02095 0.0
0.02119 -0.2
0.02143 -0.3
0.02168 -0.3
0.02192 -0.3
0.02217 -0.2
0.02241 0.0
0.02266 0.0
0.0229 0.0
0.02314 0.2
0.02339 0.2
0.02363 0.2
0.02388 0.1
0.02412 0.0
0.02436 0.0
0.02461 0.0
0.02485 0.0
0.0251 -0.1
0.02534 0.0
0.02559 0.0
0.02583 0.0
0.02607 0.0
0.02632 0.0
0.02656 0.0
0.02681 0.0
0.02705 0.0
0.02729 0.0
0.02754 0.0
0.02778 0.0
0.02803 0.0
0.02827 0.0
0.02851 0.0
0.02876 0.0
0.029 0.0
0.02925 0.0
0.02949 0.0
0.02974 0.0
0.02998 0.0
0.03022 0.0
0.03047 0.0
0.03071 0.0
0.03096 0.0
0.0312 0.0
0.03144 0.0
0.03169 0.0
0.03193 0.0
0.03218 0.0
0.03242 0.0
0.03267 0.0
0.03291 0.0
0.03315 0.0
0.0334 0.0
0.03364 0.0
0.03389 0.0
0.03413 0.0
0.03437 0.0
0.03462 0.0
0.03486 0.0
0.03511 0.0
0.03535 0.0
0.03559 0.0
0.03584 0.0
0.03608 0.0
0.03633 0.0
0.03657 0.0
0.03682 0.0
0.03706 0.0
0.0373 0.0
0.03755 0.0
0.03779 0.0
0.03804 0.0
0.03828 0.0
0.03852 0.0
0.03877 0.0
0.03901 0.0
0.03926 0.0
0.0395 0.0
0.03975 0.0
0.03999 0.0
0.04023 0.0
0.04048 0.0
0.04072 0.0
0.04097 0.0
0.04121 0.0
0.04145 0.0
0.0417 0.0
0.04194 0.0
0.04219 0.0
0.04243 0.0
0.04268 0.0
0.04292 0.0
0.04316 0.0
0.04341 0.0
0.04365 0.0
0.0439 0.0
0.04414 0.0
0.04438 0.0
0.04463 0.0
0.04487 0.0
0.04512 0.0
0.04536 0.0
0.0456 0.0
0.04585 0.0
0.04609 0.0
0.04634 0.0
0.04658 0.0
0.04683 0.0
0.04707 0.0
0.04731 0.0
0.04756 0.0
0.0478 0.0
0.04805 0.0
0.04829 0.0
0.04853 0.0
0.04878 0.0
0.04902 0.0
0.04927 0.0
0.04951 0.0
0.04976 0.0
0.05 0.0
0.05024 0.0
0.05049 0.0
0.05073 0.0
0.05098 0.0
0.05122 0.0
0.05146 0.0
0.05171 0.0
0.05195 0.0
0.0522 0.0
0.05244 0.0
0.05268 0.0
0.05293 0.0
0.05317 0.0
0.05342 0.0
0.05366 0.0
0.05391 0.0
0.05415 0.0
0.05439 0.0
0.05464 0.0
0.05488 0.0
0.05513 0.0
0.05537 0.0
0.05561 0.0
0.05586 0.0
0.0561 0.0
0.05635 0.0
0.05659 0.0
0.05684 0.0
0.05708 0.0
0.05732 0.0
0.05757 0.0
0.05781 0.0
0.05806 0.0
0.0583 0.0
0.05854 0.0
0.05879 0.0
0.05903 0.0
0.05928 0.0
0.05952 0.0
0.05976 0.0
0.06001 0.0
0.06025 0.0
0.0605 0.0
0.06074 0.0
0.06099 0.0
0.06123 0.0
0.06147 0.0
0.06172 0.0
0.06196 0.0
0.06221 0.0
0.06245 0.0
0.06269 0.0
0.06294 0.0
0.06318 0.0
0.06343 0.0
0.06367 0.0
0.06392 0.0
0.06416 0.0
0.0644 0.0
0.06465 0.0
0.06489 0.0
0.06514 0.0
0.06538 0.0
0.06562 0.0
0.06587 0.0
0.06611 0.0
0.06636 0.0
0.0666 0.0
0.06684 0.0
0.06709 0.0
0.06733 0.0
0.06758 0.0
0.06782 0.0
0.06807 0.0
0.06831 0.0
0.06855 0.0
0.0688 0.0
0.06904 0.0
0.06929 0.0
0.06953 0.0
0.06977 0.0
0.07002 0.0
0.07026 0.0
0.07051 0.0
0.07075 0.0
0.071 0.0
0.07124 0.0
0.07148 0.0
0.07173 0.0
0.07197 0.0
0.07222 0.0
0.07246 0.0
0.0727 0.0
0.07295 0.0
0.07319 0.0
0.07344 0.0
0.07368 0.0
0.07393 0.0
0.07417 0.0
0.07441 0.0
0.07466 0.0
0.0749 0.0
0.07515 0.0
0.07539 0.0
0.07563 0.0
0.07588 0.0
0.07612 0.0
0.07637 0.0
0.07661 0.0
0.07685 0.0
0.0771 0.0
0.07734 0.0
0.07759 0.0
0.07783 0.0
0.07808 0.0
0.07832 0.0
0.07856 0.0
0.07881 0.0
0.07905 0.0
0.0793 0.0
0.07954 0.0
0.07978 0.0
0.08003 0.0
0.08027 0.0
0.08052 0.0
0.08076 0.0
0.08101 0.0
0.08125 0.0
0.08149 0.0
0.08174 0.0
0.08198 0.0
0.08223 0.0
0.08247 0.0
0.08271 0.0
0.08296 0.0
0.0832 0.0
0.08345 0.0
0.08369 0.0
0.08393 0.0
0.08418 0.0
0.08442 0.0
0.08467 0.0
0.08491 0.0
0.08516 0.0
0.0854 0.0
0.08564 0.0
0.08589 0.0
0.08613 0.0
0.08638 0.0
0.08662 0.0
0.08686 0.0
0.08711 0.0
0.08735 0.0
0.0876 0.0
0.08784 0.0
0.08809 0.0
0.08833 0.0
0.08857 0.0
0.08882 0.0
0.08906 0.0
0.08931 0.0
0.08955 0.0
0.08979 0.0
0.09004 0.0
0.09028 0.0
0.09053 0.0
0.09077 0.0
0.09101 0.0
0.09126 0.0
0.0915 0.0
0.09175 0.0
0.09199 0.0
0.09224 0.0
0.09248 0.0
0.09272 0.0
0.09297 0.0
0.09321 0.0
0.09346 0.0
0.0937 0.0
0.09394 0.0
0.09419 0.0
0.09443 0.0
0.09468 0.0
0.09492 0.0
0.09517 0.0
0.09541 0.0
0.09565 0.0
0.0959 0.0
0.09614 0.0
0.09639 0.0
0.09663 0.0
0.09687 0.0
0.09712 0.0
0.09736 0.0
0.09761 0.0
0.09785 0.0
0.09809 0.0
0.09834 0.0
0.09858 0.0
0.09883 0.0
0.09907 0.0
0.09932 0.0
0.09956 0.0
0.0998 0.0
0.10005 0.0
0.10029 0.0
0.10054 0.0
0.10078 0.0
0.10102 0.0
0.10127 0.0
0.10151 0.0
0.10176 0.0
0.102 0.0
0.10225 0.0
0.10249 0.0
0.10273 0.0
0.10298 0.0
0.10322 0.0
0.10347 0.0
0.10371 0.0
0.10395 0.0
0.1042 0.0
0.10444 0.0
0.10469 0.0
0.10493 0.0
0.10518 0.0
0.10542 0.0
0.10566 0.0
0.10591 0.0
0.10615 0.0
0.1064 0.0
0.10664 0.0
0.10688 0.0
0.10713 0.0
0.10737 0.0
0.10762 0.0
0.10786 0.0
0.1081 0.0
0.10835 0.0
0.10859 0.0
0.10884 0.0
0.10908 0.0
0.10933 0.0
0.10957 0.0
0.10981 0.0
0.11006 0.0
0.1103 0.0
0.11055 0.0
0.11079 0.0
0.11103 0.0
0.11128 0.0
0.11152 0.0
0.11177 0.0
0.11201 0.0
0.11226 0.0
0.1125 0.0
0.11274 0.0
0.11299 0.0
0.11323 0.0
0.11348 0.0
0.11372 0.0
0.11396 0.0
0.11421 0.0
0.11445 0.0
0.1147 0.0
0.11494 0.0
0.11518 0.0
0.11543 0.0
0.11567 0.0
0.11592 0.0
0.11616 0.0
0.11641 0.0
0.11665 0.0
0.11689 0.0
0.11714 0.0
0.11738 0.0
0.11763 0.0
0.11787 0.0
0.11811 0.0
0.11836 0.0
0.1186 0.0
0.11885 0.0
0.11909 0.0
0.11934 0.0
0.11958 0.0
0.11982 0.0
0.12007 0.0
0.12031 0.0
0.12056 0.0
0.1208 0.0
0.12104 0.0
0.12129 0.0
0.12153 0.0
0.12178 0.0
0.12202 0.0
0.12226 0.0
0.12251 0.0
0.12275 0.0
0.123 0.0
0.12324 0.0
0.12349 0.0
0.12373 0.0
0.12397 0.0
0.12422 0.0
0.12446 0.0
0.12471 0.0
0.12495 0.0
0.12519 0.0
0.12544 0.0
0.12568 0.0
0.12593 0.0
0.12617 0.0
0.12642 0.0
0.12666 0.0
0.1269 0.0
0.12715 0.0
0.12739 0.0
0.12764 0.0
0.12788 0.0
0.12812 0.0
0.12837 0.0
0.12861 0.0
0.12886 0.0
0.1291 0.0
0.12934 0.0
0.12959 0.0
0.12983 0.0
0.13008 0.0
0.13032 0.0
0.13057 0.0
0.13081 0.0
0.13105 0.0
0.1313 0.0
0.13154 0.0
0.13179 0.0
0.13203 0.0
0.13227 0.0
0.13252 0.0
0.13276 0.0
0.13301 0.0
0.13325 0.0
0.1335 0.0
0.13374 0.0
0.13398 0.0
0.13423 0.0
0.13447 0.0
0.13472 0.0
0.13496 0.0
0.1352 0.0
0.13545 0.0
0.13569 0.0
0.13594 0.0
0.13618 0.0
0.13643 0.0
0.13667 0.0
0.13691 0.0
0.13716 0.0
0.1374 0.0
0.13765 0.0
0.13789 0.0
0.13813 0.0
0.13838 0.0
0.13862 0.0
0.13887 0.0
0.13911 0.0
0.13935 0.0
0.1396 0.0
0.13984 0.0
0.14009 0.0
0.14033 0.0
0.14058 0.0
0.14082 0.0
0.14106 0.0
0.14131 0.0
0.14155 0.0
0.1418 0.0
0.14204 0.0
0.14228 0.0
0.14253 0.0
0.14277 0.0
