t strain*1e23
-0.42209 -11.8
-0.42184 -11.7
-0.4216 -11.6
-0.42136 -11.4
-0.42111 -11.2
-0.42087 -11.0
-0.42062 -10.8
-0.42038 -10.6
-0.42014 -10.4
-0.41989 -10.1
-0.41965 -9.8
-0.4194 -9.6
-0.41916 -9.3
-0.41891 -8.9
-0.41867 -8.6
-0.41843 -8.3
-0.41818 -7.9
-0.41794 -7.6
-0.41769 -7.2
-0.41745 -6.8
-0.41721 -6.4
-0.41696 -6.0
-0.41672 -5.6
-0.41647 -5.2
-0.41623 -4.7
-0.41599 -4.3
-0.41574 -3.9
-0.4155 -3.4
-0.41525 -3.0
-0.41501 -2.5
-0.41476 -2.0
-0.41452 -1.6
-0.41428 -1.1
-0.41403 -0.6
-0.41379 -0.1
-0.41354 0.3
-0.4133 0.8
-0.41306 1.3
-0.41281 1.7
-0.41257 2.2
-0.41232 2.7
-0.41208 3.1
-0.41183 3.6
-0.41159 4.1
-0.41135 4.5
-0.4111 4.9
-0.41086 5.4
-0.41061 5.8
-0.41037 6.2
-0.41013 6.6
-0.40988 7.0
-0.40964 7.4
-0.40939 7.8
-0.40915 8.1
-0.40891 8.5
-0.40866 8.8
-0.40842 9.2
-0.40817 9.5
-0.40793 9.8
-0.40768 10.1
-0.40744 10.3
-0.4072 10.6
-0.40695 10.8
-0.40671 11.0
-0.40646 11.2
-0.40622 11.4
-0.40598 11.6
-0.40573 11.7
-0.40549 11.9
-0.40524 12.0
-0.405 12.1
-0.40475 12.2
-0.40451 12.2
-0.40427 12.3
-0.40402 12.3
-0.40378 12.3
-0.40353 12.3
-0.40329 12.3
-0.40305 12.2
-0.4028 12.2
-0.40256 12.1
-0.40231 12.0
-0.40207 11.9
-0.40182 11.7
-0.40158 11.6
-0.40134 11.4
-0.40109 11.2
-0.40085 11.0
-0.4006 10.7
-0.40036 10.5
-0.40012 10.2
-0.39987 10.0
-0.39963 9.7
-0.39938 9.4
-0.39914 9.0
-0.3989 8.7
-0.39865 8.4
-0.39841 8.0
-0.39816 7.6
-0.39792 7.2
-0.39767 6.8
-0.39743 6.4
-0.39719 6.0
-0.39694 5.6
-0.3967 5.2
-0.39645 4.7
-0.39621 4.3
-0.39597 3.8
-0.39572 3.3
-0.39548 2.9
-0.39523 2.4
-0.39499 1.9
-0.39474 1.4
-0.3945 1.0
-0.39426 0.5
-0.39401 0.0
-0.39377 -0.5
-0.39352 -1.0
-0.39328 -1.5
-0.39304 -2.0
-0.39279 -2.4
-0.39255 -2.9
-0.3923 -3.4
-0.39206 -3.9
-0.39182 -4.3
-0.39157 -4.8
-0.39133 -5.2
-0.39108 -5.7
-0.39084 -6.1
-0.39059 -6.5
-0.39035 -6.9
-0.39011 -7.3
-0.38986 -7.7
-0.38962 -8.1
-0.38937 -8.5
-0.38913 -8.8
-0.38889 -9.2
-0.38864 -9.5
-0.3884 -9.8
-0.38815 -10.1
-0.38791 -10.4
-0.38766 -10.6
-0.38742 -10.9
-0.38718 -11.1
-0.38693 -11.3
-0.38669 -11.5
-0.38644 -11.7
-0.3862 -11.9
-0.38596 -12.0
-0.38571 -12.1
-0.38547 -12.2
-0.38522 -12.3
-0.38498 -12.4
-0.38474 -12.4
-0.38449 -12.4
-0.38425 -12.5
-0.384 -12.4
-0.38376 -12.4
-0.38351 -12.4
-0.38327 -12.3
-0.38303 -12.2
-0.38278 -12.1
-0.38254 -12.0
-0.38229 -11.8
-0.38205 -11.7
-0.38181 -11.5
-0.38156 -11.3
-0.38132 -11.0
-0.38107 -10.8
-0.38083 -10.6
-0.38058 -10.3
-0.38034 -10.0
-0.3801 -9.7
-0.37985 -9.4
-0.37961 -9.0
-0.37936 -8.7
-0.37912 -8.3
-0.37888 -7.9
-0.37863 -7.6
-0.37839 -7.2
-0.37814 -6.7
-0.3779 -6.3
-0.37766 -5.9
-0.37741 -5.4
-0.37717 -5.0
-0.37692 -4.5
-0.37668 -4.1
-0.37643 -3.6
-0.37619 -3.1
-0.37595 -2.6
-0.3757 -2.1
-0.37546 -1.6
-0.37521 -1.1
-0.37497 -0.6
-0.37473 -0.2
-0.37448 0.3
-0.37424 0.8
-0.37399 1.3
-0.37375 1.8
-0.3735 2.3
-0.37326 2.8
-0.37302 3.3
-0.37277 3.8
-0.37253 4.3
-0.37228 4.7
-0.37204 5.2
-0.3718 5.7
-0.37155 6.1
-0.37131 6.5
-0.37106 7.0
-0.37082 7.4
-0.37057 7.8
-0.37033 8.2
-0.37009 8.5
-0.36984 8.9
-0.3696 9.3
-0.36935 9.6
-0.36911 9.9
-0.36887 10.2
-0.36862 10.5
-0.36838 10.8
-0.36813 11.0
-0.36789 11.3
-0.36765 11.5
-0.3674 11.7
-0.36716 11.9
-0.36691 12.0
-0.36667 12.2
-0.36642 12.3
-0.36618 12.4
-0.36594 12.5
-0.36569 12.5
-0.36545 12.6
-0.3652 12.6
-0.36496 12.6
-0.36472 12.6
-0.36447 12.5
-0.36423 12.5
-0.36398 12.4
-0.36374 12.3
-0.36349 12.2
-0.36325 12.0
-0.36301 11.9
-0.36276 11.7
-0.36252 11.5
-0.36227 11.3
-0.36203 11.0
-0.36179 10.8
-0.36154 10.5
-0.3613 10.2
-0.36105 9.9
-0.36081 9.6
-0.36057 9.3
-0.36032 8.9
-0.36008 8.5
-0.35983 8.2
-0.35959 7.8
-0.35934 7.3
-0.3591 6.9
-0.35886 6.5
-0.35861 6.0
-0.35837 5.6
-0.35812 5.1
-0.35788 4.7
-0.35764 4.2
-0.35739 3.7
-0.35715 3.2
-0.3569 2.7
-0.35666 2.2
-0.35641 1.7
-0.35617 1.2
-0.35593 0.7
-0.35568 0.1
-0.35544 -0.4
-0.35519 -0.9
-0.35495 -1.4
-0.35471 -1.9
-0.35446 -2.4
-0.35422 -2.9
-0.35397 -3.4
-0.35373 -3.9
-0.35349 -4.4
-0.35324 -4.9
-0.353 -5.4
-0.35275 -5.8
-0.35251 -6.3
-0.35226 -6.7
-0.35202 -7.2
-0.35178 -7.6
-0.35153 -8.0
-0.35129 -8.4
-0.35104 -8.8
-0.3508 -9.1
-0.35056 -9.5
-0.35031 -9.8
-0.35007 -10.2
-0.34982 -10.5
-0.34958 -10.8
-0.34933 -11.0
-0.34909 -11.3
-0.34885 -11.5
-0.3486 -11.7
-0.34836 -11.9
-0.34811 -12.1
-0.34787 -12.3
-0.34763 -12.4
-0.34738 -12.5
-0.34714 -12.6
-0.34689 -12.7
-0.34665 -12.7
-0.34641 -12.7
-0.34616 -12.7
-0.34592 -12.7
-0.34567 -12.7
-0.34543 -12.6
-0.34518 -12.6
-0.34494 -12.5
-0.3447 -12.3
-0.34445 -12.2
-0.34421 -12.0
-0.34396 -11.9
-0.34372 -11.7
-0.34348 -11.4
-0.34323 -11.2
-0.34299 -10.9
-0.34274 -10.7
-0.3425 -10.4
-0.34225 -10.0
-0.34201 -9.7
-0.34177 -9.4
-0.34152 -9.0
-0.34128 -8.6
-0.34103 -8.2
-0.34079 -7.8
-0.34055 -7.4
-0.3403 -6.9
-0.34006 -6.5
-0.33981 -6.0
-0.33957 -5.6
-0.33932 -5.1
-0.33908 -4.6
-0.33884 -4.1
-0.33859 -3.6
-0.33835 -3.1
-0.3381 -2.6
-0.33786 -2.0
-0.33762 -1.5
-0.33737 -1.0
-0.33713 -0.5
-0.33688 0.0
-0.33664 0.6
-0.3364 1.1
-0.33615 1.7
-0.33591 2.2
-0.33566 2.7
-0.33542 3.2
-0.33517 3.7
-0.33493 4.3
-0.33469 4.8
-0.33444 5.2
-0.3342 5.7
-0.33395 6.2
-0.33371 6.7
-0.33347 7.1
-0.33322 7.6
-0.33298 8.0
-0.33273 8.4
-0.33249 8.8
-0.33224 9.2
-0.332 9.6
-0.33176 9.9
-0.33151 10.2
-0.33127 10.6
-0.33102 10.9
-0.33078 11.1
-0.33054 11.4
-0.33029 11.6
-0.33005 11.9
-0.3298 12.1
-0.32956 12.3
-0.32932 12.4
-0.32907 12.5
-0.32883 12.7
-0.32858 12.8
-0.32834 12.8
-0.32809 12.9
-0.32785 12.9
-0.32761 12.9
-0.32736 12.9
-0.32712 12.9
-0.32687 12.8
-0.32663 12.7
-0.32639 12.6
-0.32614 12.5
-0.3259 12.3
-0.32565 12.1
-0.32541 11.9
-0.32516 11.7
-0.32492 11.5
-0.32468 11.2
-0.32443 11.0
-0.32419 10.7
-0.32394 10.3
-0.3237 10.0
-0.32346 9.7
-0.32321 9.3
-0.32297 8.9
-0.32272 8.5
-0.32248 8.1
-0.32224 7.6
-0.32199 7.2
-0.32175 6.7
-0.3215 6.3
-0.32126 5.8
-0.32101 5.3
-0.32077 4.8
-0.32053 4.3
-0.32028 3.8
-0.32004 3.2
-0.31979 2.7
-0.31955 2.2
-0.31931 1.6
-0.31906 1.1
-0.31882 0.5
-0.31857 0.0
-0.31833 -0.6
-0.31808 -1.1
-0.31784 -1.7
-0.3176 -2.2
-0.31735 -2.7
-0.31711 -3.3
-0.31686 -3.8
-0.31662 -4.3
-0.31638 -4.8
-0.31613 -5.4
-0.31589 -5.9
-0.31564 -6.3
-0.3154 -6.8
-0.31516 -7.3
-0.31491 -7.7
-0.31467 -8.2
-0.31442 -8.6
-0.31418 -9.0
-0.31393 -9.4
-0.31369 -9.8
-0.31345 -10.1
-0.3132 -10.5
-0.31296 -10.8
-0.31271 -11.1
-0.31247 -11.4
-0.31223 -11.6
-0.31198 -11.9
-0.31174 -12.1
-0.31149 -12.3
-0.31125 -12.5
-0.311 -12.6
-0.31076 -12.8
-0.31052 -12.9
-0.31027 -13.0
-0.31003 -13.0
-0.30978 -13.1
-0.30954 -13.1
-0.3093 -13.1
-0.30905 -13.0
-0.30881 -13.0
-0.30856 -12.9
-0.30832 -12.8
-0.30807 -12.7
-0.30783 -12.5
-0.30759 -12.3
-0.30734 -12.1
-0.3071 -11.9
-0.30685 -11.7
-0.30661 -11.4
-0.30637 -11.1
-0.30612 -10.8
-0.30588 -10.5
-0.30563 -10.2
-0.30539 -9.8
-0.30515 -9.4
-0.3049 -9.0
-0.30466 -8.6
-0.30441 -8.2
-0.30417 -7.7
-0.30392 -7.3
-0.30368 -6.8
-0.30344 -6.3
-0.30319 -5.8
-0.30295 -5.3
-0.3027 -4.8
-0.30246 -4.2
-0.30222 -3.7
-0.30197 -3.2
-0.30173 -2.6
-0.30148 -2.1
-0.30124 -1.5
-0.30099 -0.9
-0.30075 -0.4
-0.30051 0.2
-0.30026 0.8
-0.30002 1.3
-0.29977 1.9
-0.29953 2.5
-0.29929 3.0
-0.29904 3.6
-0.2988 4.1
-0.29855 4.6
-0.29831 5.2
-0.29807 5.7
-0.29782 6.2
-0.29758 6.7
-0.29733 7.2
-0.29709 7.7
-0.29684 8.1
-0.2966 8.6
-0.29636 9.0
-0.29611 9.4
-0.29587 9.8
-0.29562 10.2
-0.29538 10.5
-0.29514 10.9
-0.29489 11.2
-0.29465 11.5
-0.2944 11.8
-0.29416 12.0
-0.29391 12.2
-0.29367 12.4
-0.29343 12.6
-0.29318 12.8
-0.29294 12.9
-0.29269 13.0
-0.29245 13.1
-0.29221 13.2
-0.29196 13.2
-0.29172 13.2
-0.29147 13.2
-0.29123 13.2
-0.29099 13.1
-0.29074 13.1
-0.2905 12.9
-0.29025 12.8
-0.29001 12.6
-0.28976 12.5
-0.28952 12.3
-0.28928 12.0
-0.28903 11.8
-0.28879 11.5
-0.28854 11.2
-0.2883 10.9
-0.28806 10.5
-0.28781 10.2
-0.28757 9.8
-0.28732 9.4
-0.28708 9.0
-0.28683 8.5
-0.28659 8.1
-0.28635 7.6
-0.2861 7.1
-0.28586 6.6
-0.28561 6.1
-0.28537 5.6
-0.28513 5.1
-0.28488 4.5
-0.28464 4.0
-0.28439 3.4
-0.28415 2.8
-0.28391 2.3
-0.28366 1.7
-0.28342 1.1
-0.28317 0.5
-0.28293 0.0
-0.28268 -0.7
-0.28244 -1.2
-0.2822 -1.8
-0.28195 -2.4
-0.28171 -3.0
-0.28146 -3.5
-0.28122 -4.1
-0.28098 -4.7
-0.28073 -5.2
-0.28049 -5.8
-0.28024 -6.3
-0.28 -6.8
-0.27975 -7.3
-0.27951 -7.8
-0.27927 -8.3
-0.27902 -8.7
-0.27878 -9.2
-0.27853 -9.6
-0.27829 -10.0
-0.27805 -10.4
-0.2778 -10.7
-0.27756 -11.1
-0.27731 -11.4
-0.27707 -11.7
-0.27682 -12.0
-0.27658 -12.2
-0.27634 -12.5
-0.27609 -12.7
-0.27585 -12.9
-0.2756 -13.0
-0.27536 -13.2
-0.27512 -13.3
-0.27487 -13.3
-0.27463 -13.4
-0.27438 -13.4
-0.27414 -13.4
-0.2739 -13.4
-0.27365 -13.3
-0.27341 -13.3
-0.27316 -13.2
-0.27292 -13.0
-0.27267 -12.9
-0.27243 -12.7
-0.27219 -12.5
-0.27194 -12.3
-0.2717 -12.0
-0.27145 -11.7
-0.27121 -11.4
-0.27097 -11.1
-0.27072 -10.7
-0.27048 -10.4
-0.27023 -10.0
-0.26999 -9.6
-0.26974 -9.1
-0.2695 -8.7
-0.26926 -8.2
-0.26901 -7.7
-0.26877 -7.2
-0.26852 -6.7
-0.26828 -6.2
-0.26804 -5.7
-0.26779 -5.1
-0.26755 -4.5
-0.2673 -4.0
-0.26706 -3.4
-0.26682 -2.8
-0.26657 -2.2
-0.26633 -1.6
-0.26608 -1.0
-0.26584 -0.4
-0.26559 0.2
-0.26535 0.8
-0.26511 1.4
-0.26486 2.0
-0.26462 2.6
-0.26437 3.2
-0.26413 3.8
-0.26389 4.4
-0.26364 5.0
-0.2634 5.5
-0.26315 6.1
-0.26291 6.6
-0.26266 7.1
-0.26242 7.7
-0.26218 8.2
-0.26193 8.6
-0.26169 9.1
-0.26144 9.6
-0.2612 10.0
-0.26096 10.4
-0.26071 10.8
-0.26047 11.1
-0.26022 11.5
-0.25998 11.8
-0.25974 12.1
-0.25949 12.4
-0.25925 12.6
-0.259 12.8
-0.25876 13.0
-0.25851 13.2
-0.25827 13.3
-0.25803 13.4
-0.25778 13.5
-0.25754 13.6
-0.25729 13.6
-0.25705 13.6
-0.25681 13.6
-0.25656 13.5
-0.25632 13.5
-0.25607 13.3
-0.25583 13.2
-0.25558 13.0
-0.25534 12.9
-0.2551 12.6
-0.25485 12.4
-0.25461 12.1
-0.25436 11.8
-0.25412 11.5
-0.25388 11.2
-0.25363 10.8
-0.25339 10.4
-0.25314 10.0
-0.2529 9.5
-0.25266 9.1
-0.25241 8.6
-0.25217 8.1
-0.25192 7.6
-0.25168 7.1
-0.25143 6.6
-0.25119 6.0
-0.25095 5.4
-0.2507 4.8
-0.25046 4.3
-0.25021 3.7
-0.24997 3.1
-0.24973 2.4
-0.24948 1.8
-0.24924 1.2
-0.24899 0.6
-0.24875 0.0
-0.2485 -0.7
-0.24826 -1.3
-0.24802 -2.0
-0.24777 -2.6
-0.24753 -3.2
-0.24728 -3.8
-0.24704 -4.4
-0.2468 -5.0
-0.24655 -5.6
-0.24631 -6.2
-0.24606 -6.7
-0.24582 -7.3
-0.24557 -7.8
-0.24533 -8.3
-0.24509 -8.8
-0.24484 -9.3
-0.2446 -9.8
-0.24435 -10.2
-0.24411 -10.6
-0.24387 -11.0
-0.24362 -11.4
-0.24338 -11.7
-0.24313 -12.1
-0.24289 -12.4
-0.24265 -12.6
-0.2424 -12.9
-0.24216 -13.1
-0.24191 -13.3
-0.24167 -13.5
-0.24142 -13.6
-0.24118 -13.7
-0.24094 -13.8
-0.24069 -13.8
-0.24045 -13.8
-0.2402 -13.8
-0.23996 -13.8
-0.23972 -13.7
-0.23947 -13.6
-0.23923 -13.5
-0.23898 -13.3
-0.23874 -13.1
-0.23849 -12.9
-0.23825 -12.6
-0.23801 -12.4
-0.23776 -12.1
-0.23752 -11.7
-0.23727 -11.4
-0.23703 -11.0
-0.23679 -10.6
-0.23654 -10.2
-0.2363 -9.7
-0.23605 -9.3
-0.23581 -8.8
-0.23557 -8.2
-0.23532 -7.7
-0.23508 -7.2
-0.23483 -6.6
-0.23459 -6.0
-0.23434 -5.4
-0.2341 -4.8
-0.23386 -4.2
-0.23361 -3.6
-0.23337 -3.0
-0.23312 -2.3
-0.23288 -1.7
-0.23264 -1.0
-0.23239 -0.4
-0.23215 0.3
-0.2319 0.9
-0.23166 1.6
-0.23141 2.2
-0.23117 2.9
-0.23093 3.5
-0.23068 4.2
-0.23044 4.8
-0.23019 5.4
-0.22995 6.0
-0.22971 6.6
-0.22946 7.2
-0.22922 7.7
-0.22897 8.3
-0.22873 8.8
-0.22849 9.3
-0.22824 9.8
-0.228 10.3
-0.22775 10.7
-0.22751 11.1
-0.22726 11.5
-0.22702 11.9
-0.22678 12.2
-0.22653 12.5
-0.22629 12.8
-0.22604 13.1
-0.2258 13.3
-0.22556 13.5
-0.22531 13.7
-0.22507 13.8
-0.22482 13.9
-0.22458 14.0
-0.22433 14.0
-0.22409 14.1
-0.22385 14.0
-0.2236 14.0
-0.22336 13.9
-0.22311 13.8
-0.22287 13.6
-0.22263 13.5
-0.22238 13.3
-0.22214 13.0
-0.22189 12.8
-0.22165 12.5
-0.22141 12.1
-0.22116 11.8
-0.22092 11.4
-0.22067 11.0
-0.22043 10.6
-0.22018 10.1
-0.21994 9.6
-0.2197 9.1
-0.21945 8.6
-0.21921 8.0
-0.21896 7.5
-0.21872 6.9
-0.21848 6.3
-0.21823 5.7
-0.21799 5.1
-0.21774 4.4
-0.2175 3.8
-0.21725 3.1
-0.21701 2.5
-0.21677 1.8
-0.21652 1.1
-0.21628 0.4
-0.21603 -0.3
-0.21579 -0.9
-0.21555 -1.6
-0.2153 -2.3
-0.21506 -3.0
-0.21481 -3.6
-0.21457 -4.3
-0.21432 -4.9
-0.21408 -5.6
-0.21384 -6.2
-0.21359 -6.8
-0.21335 -7.4
-0.2131 -8.0
-0.21286 -8.6
-0.21262 -9.1
-0.21237 -9.6
-0.21213 -10.1
-0.21188 -10.6
-0.21164 -11.0
-0.2114 -11.5
-0.21115 -11.9
-0.21091 -12.2
-0.21066 -12.6
-0.21042 -12.9
-0.21017 -13.2
-0.20993 -13.4
-0.20969 -13.7
-0.20944 -13.8
-0.2092 -14.0
-0.20895 -14.1
-0.20871 -14.2
-0.20847 -14.3
-0.20822 -14.3
-0.20798 -14.3
-0.20773 -14.2
-0.20749 -14.1
-0.20724 -14.0
-0.207 -13.9
-0.20676 -13.7
-0.20651 -13.5
-0.20627 -13.2
-0.20602 -13.0
-0.20578 -12.7
-0.20554 -12.3
-0.20529 -12.0
-0.20505 -11.6
-0.2048 -11.1
-0.20456 -10.7
-0.20432 -10.2
-0.20407 -9.7
-0.20383 -9.2
-0.20358 -8.6
-0.20334 -8.0
-0.20309 -7.4
-0.20285 -6.8
-0.20261 -6.2
-0.20236 -5.6
-0.20212 -4.9
-0.20187 -4.2
-0.20163 -3.5
-0.20139 -2.9
-0.20114 -2.2
-0.2009 -1.5
-0.20065 -0.7
-0.20041 0.0
-0.20016 0.7
-0.19992 1.4
-0.19968 2.1
-0.19943 2.8
-0.19919 3.5
-0.19894 4.2
-0.1987 4.9
-0.19846 5.5
-0.19821 6.2
-0.19797 6.8
-0.19772 7.5
-0.19748 8.1
-0.19724 8.6
-0.19699 9.2
-0.19675 9.8
-0.1965 10.3
-0.19626 10.8
-0.19601 11.2
-0.19577 11.7
-0.19553 12.1
-0.19528 12.5
-0.19504 12.8
-0.19479 13.2
-0.19455 13.5
-0.19431 13.7
-0.19406 13.9
-0.19382 14.1
-0.19357 14.3
-0.19333 14.4
-0.19308 14.5
-0.19284 14.5
-0.1926 14.5
-0.19235 14.5
-0.19211 14.4
-0.19186 14.3
-0.19162 14.2
-0.19138 14.0
-0.19113 13.8
-0.19089 13.6
-0.19064 13.3
-0.1904 13.0
-0.19016 12.7
-0.18991 12.3
-0.18967 11.9
-0.18942 11.4
-0.18918 11.0
-0.18893 10.5
-0.18869 10.0
-0.18845 9.4
-0.1882 8.8
-0.18796 8.2
-0.18771 7.6
-0.18747 7.0
-0.18723 6.3
-0.18698 5.7
-0.18674 5.0
-0.18649 4.3
-0.18625 3.6
-0.186 2.8
-0.18576 2.1
-0.18552 1.4
-0.18527 0.6
-0.18503 -0.1
-0.18478 -0.9
-0.18454 -1.6
-0.1843 -2.3
-0.18405 -3.1
-0.18381 -3.8
-0.18356 -4.5
-0.18332 -5.2
-0.18307 -5.9
-0.18283 -6.6
-0.18259 -7.3
-0.18234 -7.9
-0.1821 -8.5
-0.18185 -9.1
-0.18161 -9.7
-0.18137 -10.3
-0.18112 -10.8
-0.18088 -11.3
-0.18063 -11.8
-0.18039 -12.2
-0.18015 -12.6
-0.1799 -13.0
-0.17966 -13.3
-0.17941 -13.7
-0.17917 -13.9
-0.17892 -14.2
-0.17868 -14.4
-0.17844 -14.5
-0.17819 -14.7
-0.17795 -14.7
-0.1777 -14.8
-0.17746 -14.8
-0.17722 -14.8
-0.17697 -14.7
-0.17673 -14.6
-0.17648 -14.4
-0.17624 -14.3
-0.17599 -14.0
-0.17575 -13.8
-0.17551 -13.5
-0.17526 -13.1
-0.17502 -12.8
-0.17477 -12.4
-0.17453 -11.9
-0.17429 -11.5
-0.17404 -11.0
-0.1738 -10.4
-0.17355 -9.9
-0.17331 -9.3
-0.17307 -8.7
-0.17282 -8.0
-0.17258 -7.4
-0.17233 -6.7
-0.17209 -6.0
-0.17184 -5.3
-0.1716 -4.5
-0.17136 -3.8
-0.17111 -3.0
-0.17087 -2.3
-0.17062 -1.5
-0.17038 -0.7
-0.17014 0.0
-0.16989 0.8
-0.16965 1.6
-0.1694 2.4
-0.16916 3.1
-0.16891 3.9
-0.16867 4.7
-0.16843 5.4
-0.16818 6.1
-0.16794 6.8
-0.16769 7.5
-0.16745 8.2
-0.16721 8.8
-0.16696 9.5
-0.16672 10.1
-0.16647 10.6
-0.16623 11.2
-0.16599 11.7
-0.16574 12.2
-0.1655 12.6
-0.16525 13.1
-0.16501 13.4
-0.16476 13.8
-0.16452 14.1
-0.16428 14.3
-0.16403 14.6
-0.16379 14.8
-0.16354 14.9
-0.1633 15.0
-0.16306 15.1
-0.16281 15.1
-0.16257 15.1
-0.16232 15.0
-0.16208 14.9
-0.16183 14.7
-0.16159 14.6
-0.16135 14.3
-0.1611 14.0
-0.16086 13.7
-0.16061 13.4
-0.16037 13.0
-0.16013 12.6
-0.15988 12.1
-0.15964 11.6
-0.15939 11.1
-0.15915 10.5
-0.15891 9.9
-0.15866 9.3
-0.15842 8.6
-0.15817 8.0
-0.15793 7.3
-0.15768 6.5
-0.15744 5.8
-0.1572 5.0
-0.15695 4.3
-0.15671 3.5
-0.15646 2.7
-0.15622 1.9
-0.15598 1.0
-0.15573 0.2
-0.15549 -0.6
-0.15524 -1.4
-0.155 -2.2
-0.15475 -3.0
-0.15451 -3.8
-0.15427 -4.6
-0.15402 -5.4
-0.15378 -6.2
-0.15353 -6.9
-0.15329 -7.7
-0.15305 -8.4
-0.1528 -9.0
-0.15256 -9.7
-0.15231 -10.3
-0.15207 -10.9
-0.15182 -11.5
-0.15158 -12.0
-0.15134 -12.5
-0.15109 -13.0
-0.15085 -13.4
-0.1506 -13.8
-0.15036 -14.2
-0.15012 -14.5
-0.14987 -14.7
-0.14963 -15.0
-0.14938 -15.1
-0.14914 -15.3
-0.1489 -15.4
-0.14865 -15.4
-0.14841 -15.4
-0.14816 -15.3
-0.14792 -15.2
-0.14767 -15.1
-0.14743 -14.9
-0.14719 -14.7
-0.14694 -14.4
-0.1467 -14.1
-0.14645 -13.7
-0.14621 -13.3
-0.14597 -12.9
-0.14572 -12.4
-0.14548 -11.9
-0.14523 -11.3
-0.14499 -10.7
-0.14474 -10.1
-0.1445 -9.4
-0.14426 -8.7
-0.14401 -8.0
-0.14377 -7.3
-0.14352 -6.5
-0.14328 -5.7
-0.14304 -4.9
-0.14279 -4.1
-0.14255 -3.3
-0.1423 -2.4
-0.14206 -1.5
-0.14182 -0.7
-0.14157 0.2
-0.14133 1.0
-0.14108 1.9
-0.14084 2.8
-0.14059 3.6
-0.14035 4.5
-0.14011 5.3
-0.13986 6.1
-0.13962 6.9
-0.13937 7.7
-0.13913 8.4
-0.13889 9.1
-0.13864 9.8
-0.1384 10.5
-0.13815 11.1
-0.13791 11.7
-0.13766 12.3
-0.13742 12.8
-0.13718 13.3
-0.13693 13.8
-0.13669 14.2
-0.13644 14.5
-0.1362 14.9
-0.13596 15.1
-0.13571 15.4
-0.13547 15.5
-0.13522 15.7
-0.13498 15.7
-0.13474 15.7
-0.13449 15.7
-0.13425 15.6
-0.134 15.5
-0.13376 15.3
-0.13351 15.1
-0.13327 14.8
-0.13303 14.5
-0.13278 14.2
-0.13254 13.7
-0.13229 13.3
-0.13205 12.8
-0.13181 12.2
-0.13156 11.6
-0.13132 11.0
-0.13107 10.4
-0.13083 9.7
-0.13058 8.9
-0.13034 8.2
-0.1301 7.4
-0.12985 6.6
-0.12961 5.7
-0.12936 4.9
-0.12912 4.0
-0.12888 3.1
-0.12863 2.2
-0.12839 1.3
-0.12814 0.4
-0.1279 -0.5
-0.12766 -1.4
-0.12741 -2.3
-0.12717 -3.2
-0.12692 -4.1
-0.12668 -5.0
-0.12643 -5.9
-0.12619 -6.7
-0.12595 -7.6
-0.1257 -8.4
-0.12546 -9.2
-0.12521 -9.9
-0.12497 -10.6
-0.12473 -11.3
-0.12448 -11.9
-0.12424 -12.6
-0.12399 -13.1
-0.12375 -13.6
-0.1235 -14.1
-0.12326 -14.5
-0.12302 -14.9
-0.12277 -15.3
-0.12253 -15.5
-0.12228 -15.8
-0.12204 -15.9
-0.1218 -16.0
-0.12155 -16.1
-0.12131 -16.1
-0.12106 -16.1
-0.12082 -16.0
-0.12057 -15.8
-0.12033 -15.6
-0.12009 -15.3
-0.11984 -15.0
-0.1196 -14.7
-0.11935 -14.2
-0.11911 -13.8
-0.11887 -13.2
-0.11862 -12.7
-0.11838 -12.1
-0.11813 -11.4
-0.11789 -10.7
-0.11765 -10.0
-0.1174 -9.2
-0.11716 -8.4
-0.11691 -7.6
-0.11667 -6.7
-0.11642 -5.8
-0.11618 -4.9
-0.11594 -4.0
-0.11569 -3.0
-0.11545 -2.1
-0.1152 -1.1
-0.11496 -0.1
-0.11472 0.8
-0.11447 1.8
-0.11423 2.8
-0.11398 3.7
-0.11374 4.7
-0.11349 5.6
-0.11325 6.5
-0.11301 7.4
-0.11276 8.3
-0.11252 9.1
-0.11227 9.9
-0.11203 10.7
-0.11179 11.4
-0.11154 12.1
-0.1113 12.8
-0.11105 13.4
-0.11081 13.9
-0.11057 14.4
-0.11032 14.9
-0.11008 15.3
-0.10983 15.7
-0.10959 16.0
-0.10934 16.2
-0.1091 16.4
-0.10886 16.5
-0.10861 16.5
-0.10837 16.5
-0.10812 16.5
-0.10788 16.3
-0.10764 16.1
-0.10739 15.9
-0.10715 15.6
-0.1069 15.2
-0.10666 14.8
-0.10641 14.3
-0.10617 13.8
-0.10593 13.2
-0.10568 12.5
-0.10544 11.9
-0.10519 11.1
-0.10495 10.4
-0.10471 9.5
-0.10446 8.7
-0.10422 7.8
-0.10397 6.9
-0.10373 5.9
-0.10349 5.0
-0.10324 4.0
-0.103 3.0
-0.10275 1.9
-0.10251 0.9
-0.10226 -0.1
-0.10202 -1.2
-0.10178 -2.2
-0.10153 -3.2
-0.10129 -4.3
-0.10104 -5.3
-0.1008 -6.2
-0.10056 -7.2
-0.10031 -8.1
-0.10007 -9.1
-0.09982 -9.9
-0.09958 -10.8
-0.09933 -11.6
-0.09909 -12.3
-0.09885 -13.0
-0.0986 -13.7
-0.09836 -14.3
-0.09811 -14.8
-0.09787 -15.3
-0.09763 -15.7
-0.09738 -16.1
-0.09714 -16.4
-0.09689 -16.7
-0.09665 -16.8
-0.09641 -16.9
-0.09616 -17.0
-0.09592 -17.0
-0.09567 -16.9
-0.09543 -16.7
-0.09518 -16.5
-0.09494 -16.2
-0.0947 -15.8
-0.09445 -15.4
-0.09421 -14.9
-0.09396 -14.3
-0.09372 -13.7
-0.09348 -13.1
-0.09323 -12.3
-0.09299 -11.6
-0.09274 -10.7
-0.0925 -9.9
-0.09225 -8.9
-0.09201 -8.0
-0.09177 -7.0
-0.09152 -6.0
-0.09128 -4.9
-0.09103 -3.9
-0.09079 -2.8
-0.09055 -1.7
-0.0903 -0.6
-0.09006 0.5
-0.08981 1.6
-0.08957 2.8
-0.08932 3.9
-0.08908 4.9
-0.08884 6.0
-0.08859 7.1
-0.08835 8.1
-0.0881 9.1
-0.08786 10.0
-0.08762 10.9
-0.08737 11.8
-0.08713 12.6
-0.08688 13.4
-0.08664 14.1
-0.0864 14.7
-0.08615 15.3
-0.08591 15.8
-0.08566 16.3
-0.08542 16.7
-0.08517 17.0
-0.08493 17.2
-0.08469 17.4
-0.08444 17.5
-0.0842 17.5
-0.08395 17.4
-0.08371 17.3
-0.08347 17.1
-0.08322 16.8
-0.08298 16.4
-0.08273 16.0
-0.08249 15.5
-0.08224 14.9
-0.082 14.2
-0.08176 13.5
-0.08151 12.8
-0.08127 11.9
-0.08102 11.0
-0.08078 10.1
-0.08054 9.1
-0.08029 8.1
-0.08005 7.0
-0.0798 5.9
-0.07956 4.7
-0.07932 3.6
-0.07907 2.4
-0.07883 1.2
-0.07858 0.0
-0.07834 -1.2
-0.07809 -2.4
-0.07785 -3.6
-0.07761 -4.8
-0.07736 -6.0
-0.07712 -7.1
-0.07687 -8.2
-0.07663 -9.3
-0.07639 -10.3
-0.07614 -11.3
-0.0759 -12.2
-0.07565 -13.1
-0.07541 -13.9
-0.07516 -14.7
-0.07492 -15.4
-0.07468 -16.0
-0.07443 -16.5
-0.07419 -17.0
-0.07394 -17.4
-0.0737 -17.7
-0.07346 -17.9
-0.07321 -18.1
-0.07297 -18.1
-0.07272 -18.1
-0.07248 -17.9
-0.07224 -17.7
-0.07199 -17.4
-0.07175 -17.0
-0.0715 -16.5
-0.07126 -16.0
-0.07101 -15.4
-0.07077 -14.6
-0.07053 -13.9
-0.07028 -13.0
-0.07004 -12.1
-0.06979 -11.1
-0.06955 -10.0
-0.06931 -8.9
-0.06906 -7.8
-0.06882 -6.6
-0.06857 -5.4
-0.06833 -4.1
-0.06808 -2.8
-0.06784 -1.5
-0.0676 -0.2
-0.06735 1.1
-0.06711 2.4
-0.06686 3.7
-0.06662 5.0
-0.06638 6.3
-0.06613 7.5
-0.06589 8.7
-0.06564 9.9
-0.0654 11.0
-0.06516 12.1
-0.06491 13.1
-0.06467 14.0
-0.06442 14.9
-0.06418 15.6
-0.06393 16.4
-0.06369 17.0
-0.06345 17.5
-0.0632 18.0
-0.06296 18.3
-0.06271 18.6
-0.06247 18.7
-0.06223 18.8
-0.06198 18.7
-0.06174 18.6
-0.06149 18.3
-0.06125 18.0
-0.061 17.5
-0.06076 17.0
-0.06052 16.3
-0.06027 15.6
-0.06003 14.8
-0.05978 13.9
-0.05954 12.9
-0.0593 11.8
-0.05905 10.7
-0.05881 9.5
-0.05856 8.2
-0.05832 6.9
-0.05807 5.6
-0.05783 4.2
-0.05759 2.8
-0.05734 1.3
-0.0571 0.0
-0.05685 -1.5
-0.05661 -3.0
-0.05637 -4.4
-0.05612 -5.8
-0.05588 -7.2
-0.05563 -8.6
-0.05539 -9.9
-0.05515 -11.1
-0.0549 -12.3
-0.05466 -13.4
-0.05441 -14.5
-0.05417 -15.5
-0.05392 -16.3
-0.05368 -17.1
-0.05344 -17.8
-0.05319 -18.4
-0.05295 -18.8
-0.0527 -19.2
-0.05246 -19.4
-0.05222 -19.6
-0.05197 -19.6
-0.05173 -19.4
-0.05148 -19.2
-0.05124 -18.9
-0.05099 -18.4
-0.05075 -17.8
-0.05051 -17.1
-0.05026 -16.3
-0.05002 -15.4
-0.04977 -14.3
-0.04953 -13.2
-0.04929 -12.0
-0.04904 -10.8
-0.0488 -9.4
-0.04855 -8.0
-0.04831 -6.5
-0.04807 -5.0
-0.04782 -3.4
-0.04758 -1.8
-0.04733 -0.2
-0.04709 1.4
-0.04684 3.0
-0.0466 4.6
-0.04636 6.2
-0.04611 7.8
-0.04587 9.3
-0.04562 10.7
-0.04538 12.1
-0.04514 13.4
-0.04489 14.6
-0.04465 15.7
-0.0444 16.8
-0.04416 17.7
-0.04391 18.5
-0.04367 19.2
-0.04343 19.7
-0.04318 20.1
-0.04294 20.4
-0.04269 20.5
-0.04245 20.5
-0.04221 20.3
-0.04196 20.0
-0.04172 19.6
-0.04147 19.0
-0.04123 18.3
-0.04099 17.4
-0.04074 16.4
-0.0405 15.3
-0.04025 14.0
-0.04001 12.7
-0.03976 11.2
-0.03952 9.7
-0.03928 8.1
-0.03903 6.4
-0.03879 4.7
-0.03854 2.9
-0.0383 1.1
-0.03806 -0.8
-0.03781 -2.6
-0.03757 -4.5
-0.03732 -6.3
-0.03708 -8.0
-0.03683 -9.7
-0.03659 -11.4
-0.03635 -13.0
-0.0361 -14.4
-0.03586 -15.8
-0.03561 -17.0
-0.03537 -18.2
-0.03513 -19.1
-0.03488 -20.0
-0.03464 -20.7
-0.03439 -21.2
-0.03415 -21.5
-0.03391 -21.7
-0.03366 -21.6
-0.03342 -21.5
-0.03317 -21.1
-0.03293 -20.5
-0.03268 -19.8
-0.03244 -18.9
-0.0322 -17.8
-0.03195 -16.6
-0.03171 -15.2
-0.03146 -13.7
-0.03122 -12.0
-0.03098 -10.2
-0.03073 -8.3
-0.03049 -6.4
-0.03024 -4.4
-0.03 -2.3
-0.02975 -0.1
-0.02951 2.0
-0.02927 4.1
-0.02902 6.2
-0.02878 8.3
-0.02853 10.3
-0.02829 12.2
-0.02805 14.0
-0.0278 15.7
-0.02756 17.3
-0.02731 18.7
-0.02707 20.0
-0.02682 21.0
-0.02658 21.9
-0.02634 22.5
-0.02609 22.9
-0.02585 23.1
-0.0256 23.1
-0.02536 22.8
-0.02512 22.3
-0.02487 21.6
-0.02463 20.6
-0.02438 19.4
-0.02414 18.0
-0.0239 16.4
-0.02365 14.6
-0.02341 12.6
-0.02316 10.5
-0.02292 8.2
-0.02267 5.8
-0.02243 3.4
-0.02219 0.9
-0.02194 -1.7
-0.0217 -4.2
-0.02145 -6.8
-0.02121 -9.3
-0.02097 -11.7
-0.02072 -13.9
-0.02048 -16.1
-0.02023 -18.0
-0.01999 -19.8
-0.01974 -21.4
-0.0195 -22.7
-0.01926 -23.7
-0.01901 -24.4
-0.01877 -24.9
-0.01852 -25.0
-0.01828 -24.8
-0.01804 -24.3
-0.01779 -23.5
-0.01755 -22.3
-0.0173 -20.8
-0.01706 -19.1
-0.01682 -17.0
-0.01657 -14.7
-0.01633 -12.1
-0.01608 -9.4
-0.01584 -6.4
-0.01559 -3.4
-0.01535 -0.2
-0.01511 3.0
-0.01486 6.1
-0.01462 9.3
-0.01437 12.3
-0.01413 15.2
-0.01389 17.9
-0.01364 20.4
-0.0134 22.5
-0.01315 24.3
-0.01291 25.8
-0.01266 26.8
-0.01242 27.4
-0.01218 27.5
-0.01193 27.2
-0.01169 26.3
-0.01144 25.0
-0.0112 23.2
-0.01096 20.9
-0.01071 18.2
-0.01047 15.1
-0.01022 11.6
-0.00998 7.8
-0.00974 3.8
-0.00949 -0.3
-0.00925 -4.6
-0.009 -8.8
-0.00876 -12.9
-0.00851 -16.8
-0.00827 -20.4
-0.00803 -23.7
-0.00778 -26.4
-0.00754 -28.6
-0.00729 -30.1
-0.00705 -30.9
-0.00681 -30.9
-0.00656 -30.1
-0.00632 -28.5
-0.00607 -26.0
-0.00583 -22.8
-0.00558 -18.8
-0.00534 -14.1
-0.0051 -8.9
-0.00485 -3.2
-0.00461 2.8
-0.00436 8.8
-0.00412 14.7
-0.00388 20.3
-0.00363 25.4
-0.00339 29.6
-0.00314 32.9
-0.0029 34.9
-0.00266 35.5
-0.00241 34.6
-0.00217 32.0
-0.00192 27.9
-0.00168 22.1
-0.00143 15.0
-0.00119 6.7
-0.00095 -2.3
-0.0007 -11.6
-0.00046 -20.5
-0.00021 -28.4
3e-05 -34.3
0.00027 -37.7
0.00052 -37.9
0.00076 -34.7
0.00101 -28.1
0.00125 -18.7
0.0015 -7.3
0.00174 4.7
0.00198 15.9
0.00223 24.9
0.00247 30.5
0.00272 32.0
0.00296 29.2
0.0032 22.7
0.00345 13.6
0.00369 3.3
0.00394 -6.7
0.00418 -14.8
0.00443 -20.0
0.00467 -21.7
0.00491 -20.0
0.00516 -15.4
0.0054 -8.9
0.00565 -1.8
0.00589 4.8
0.00613 9.8
0.00638 12.7
0.00662 13.2
0.00687 11.4
0.00711 8.0
0.00735 3.8
0.0076 -0.6
0.00784 -4.3
0.00809 -6.8
0.00833 -7.9
0.00858 -7.5
0.00882 -5.8
0.00906 -3.4
0.00931 -0.7
0.00955 1.7
0.0098 3.6
0.01004 4.6
0.01028 4.7
0.01053 3.9
0.01077 2.6
0.01102 1.0
0.01126 -0.5
0.01151 -1.8
0.01175 -2.6
0.01199 -2.9
0.01224 -2.6
0.01248 -1.9
0.01273 -1.0
0.01297 0.0
0.01321 0.9
0.01346 1.5
0.0137 1.7
0.01395 1.6
0.01419 1.3
0.01443 0.8
0.01468 0.2
0.01492 -0.4
0.01517 -0.8
0.01541 -1.0
0.01566 -1.0
0.0159 -0.9
0.01614 -0.6
0.01639 -0.2
0.01663 0.1
0.01688 0.4
0.01712 0.6
0.01736 0.6
0.01761 0.6
0.01785 0.4
0.0181 0.2
0.01834 0.0
0.01859 -0.2
0.01883 -0.3
0.01907 -0.4
0.01932 -0.4
0.01956 -0.3
0.01981 -0.2
0.02005 0.0
0.02029 0.0
0.02054 0.2
0.02078 0.2
0.02103 0.2
0.02127 0.2
0.02151 0.1
0.02176 0.0
0.022 0.0
0.02225 0.0
0.02249 -0.1
0.02274 -0.1
0.02298 -0.1
0.02322 0.0
0.02347 0.0
0.02371 0.0
0.02396 0.0
0.0242 0.0
0.02444 0.0
0.02469 0.0
0.02493 0.0
0.02518 0.0
0.02542 0.0
0.02567 0.0
0.02591 0.0
0.02615 0.0
0.0264 0.0
0.02664 0.0
0.02689 0.0
0.02713 0.0
0.02737 0.0
0.02762 0.0
0.02786 0.0
0.02811 0.0
0.02835 0.0
0.02859 0.0
0.02884 0.0
0.02908 0.0
0.02933 0.0
0.02957 0.0
0.02982 0.0
0.03006 0.0
0.0303 0.0
0.03055 0.0
0.03079 0.0
0.03104 0.0
0.03128 0.0
0.03152 0.0
0.03177 0.0
0.03201 0.0
0.03226 0.0
0.0325 0.0
0.03275 0.0
0.03299 0.0
0.03323 0.0
0.03348 0.0
0.03372 0.0
0.03397 0.0
0.03421 0.0
0.03445 0.0
0.0347 0.0
0.03494 0.0
0.03519 0.0
0.03543 0.0
0.03568 0.0
0.03592 0.0
0.03616 0.0
0.03641 0.0
0.03665 0.0
0.0369 0.0
0.03714 0.0
0.03738 0.0
0.03763 0.0
0.03787 0.0
0.03812 0.0
0.03836 0.0
0.0386 0.0
0.03885 0.0
0.03909 0.0
0.03934 0.0
0.03958 0.0
0.03983 0.0
0.04007 0.0
0.04031 0.0
0.04056 0.0
0.0408 0.0
0.04105 0.0
0.04129 0.0
0.04153 0.0
0.04178 0.0
0.04202 0.0
0.04227 0.0
0.04251 0.0
0.04276 0.0
0.043 0.0
0.04324 0.0
0.04349 0.0
0.04373 0.0
0.04398 0.0
0.04422 0.0
0.04446 0.0
0.04471 0.0
0.04495 0.0
0.0452 0.0
0.04544 0.0
0.04568 0.0
0.04593 0.0
0.04617 0.0
0.04642 0.0
0.04666 0.0
0.04691 0.0
0.04715 0.0
0.04739 0.0
0.04764 0.0
0.04788 0.0
0.04813 0.0
0.04837 0.0
0.04861 0.0
0.04886 0.0
0.0491 0.0
0.04935 0.0
0.04959 0.0
0.04984 0.0
0.05008 0.0
0.05032 0.0
0.05057 0.0
0.05081 0.0
0.05106 0.0
0.0513 0.0
0.05154 0.0
0.05179 0.0
0.05203 0.0
0.05228 0.0
0.05252 0.0
0.05276 0.0
0.05301 0.0
0.05325 0.0
0.0535 0.0
0.05374 0.0
0.05399 0.0
0.05423 0.0
0.05447 0.0
0.05472 0.0
0.05496 0.0
0.05521 0.0
0.05545 0.0
0.05569 0.0
0.05594 0.0
0.05618 0.0
0.05643 0.0
0.05667 0.0
0.05692 0.0
0.05716 0.0
0.0574 0.0
0.05765 0.0
0.05789 0.0
0.05814 0.0
0.05838 0.0
0.05862 0.0
0.05887 0.0
0.05911 0.0
0.05936 0.0
0.0596 0.0
0.05984 0.0
0.06009 0.0
0.06033 0.0
0.06058 0.0
0.06082 0.0
0.06107 0.0
0.06131 0.0
0.06155 0.0
0.0618 0.0
0.06204 0.0
0.06229 0.0
0.06253 0.0
0.06277 0.0
0.06302 0.0
0.06326 0.0
0.06351 0.0
0.06375 0.0
0.064 0.0
0.06424 0.0
0.06448 0.0
0.06473 0.0
0.06497 0.0
0.06522 0.0
0.06546 0.0
0.0657 0.0
0.06595 0.0
0.06619 0.0
0.06644 0.0
0.06668 0.0
0.06693 0.0
0.06717 0.0
0.06741 0.0
0.06766 0.0
0.0679 0.0
0.06815 0.0
0.06839 0.0
0.06863 0.0
0.06888 0.0
0.06912 0.0
0.06937 0.0
0.06961 0.0
0.06985 0.0
0.0701 0.0
0.07034 0.0
0.07059 0.0
0.07083 0.0
0.07108 0.0
0.07132 0.0
0.07156 0.0
0.07181 0.0
0.07205 0.0
0.0723 0.0
0.07254 0.0
0.07278 0.0
0.07303 0.0
0.07327 0.0
0.07352 0.0
0.07376 0.0
0.07401 0.0
0.07425 0.0
0.07449 0.0
0.07474 0.0
0.07498 0.0
0.07523 0.0
0.07547 0.0
0.07571 0.0
0.07596 0.0
0.0762 0.0
0.07645 0.0
0.07669 0.0
0.07693 0.0
0.07718 0.0
0.07742 0.0
0.07767 0.0
0.07791 0.0
0.07816 0.0
0.0784 0.0
0.07864 0.0
0.07889 0.0
0.07913 0.0
0.07938 0.0
0.07962 0.0
0.07986 0.0
0.08011 0.0
0.08035 0.0
0.0806 0.0
0.08084 0.0
0.08109 0.0
0.08133 0.0
0.08157 0.0
0.08182 0.0
0.08206 0.0
0.08231 0.0
0.08255 0.0
0.08279 0.0
0.08304 0.0
0.08328 0.0
0.08353 0.0
0.08377 0.0
0.08401 0.0
0.08426 0.0
0.0845 0.0
0.08475 0.0
0.08499 0.0
0.08524 0.0
0.08548 0.0
0.08572 0.0
0.08597 0.0
0.08621 0.0
0.08646 0.0
0.0867 0.0
0.08694 0.0
0.08719 0.0
0.08743 0.0
0.08768 0.0
0.08792 0.0
0.08817 0.0
0.08841 0.0
0.08865 0.0
0.0889 0.0
0.08914 0.0
0.08939 0.0
0.08963 0.0
0.08987 0.0
0.09012 0.0
0.09036 0.0
0.09061 0.0
0.09085 0.0
0.09109 0.0
0.09134 0.0
0.09158 0.0
0.09183 0.0
0.09207 0.0
0.09232 0.0
0.09256 0.0
0.0928 0.0
0.09305 0.0
0.09329 0.0
0.09354 0.0
0.09378 0.0
0.09402 0.0
0.09427 0.0
0.09451 0.0
0.09476 0.0
0.095 0.0
0.09525 0.0
0.09549 0.0
0.09573 0.0
0.09598 0.0
0.09622 0.0
0.09647 0.0
0.09671 0.0
0.09695 0.0
0.0972 0.0
0.09744 0.0
0.09769 0.0
0.09793 0.0
0.09818 0.0
0.09842 0.0
0.09866 0.0
0.09891 0.0
0.09915 0.0
0.0994 0.0
0.09964 0.0
0.09988 0.0
0.10013 0.0
0.10037 0.0
0.10062 0.0
0.10086 0.0
0.1011 0.0
0.10135 0.0
0.10159 0.0
0.10184 0.0
0.10208 0.0
0.10233 0.0
0.10257 0.0
0.10281 0.0
0.10306 0.0
0.1033 0.0
0.10355 0.0
0.10379 0.0
0.10403 0.0
0.10428 0.0
0.10452 0.0
0.10477 0.0
0.10501 0.0
0.10526 0.0
0.1055 0.0
0.10574 0.0
0.10599 0.0
0.10623 0.0
0.10648 0.0
0.10672 0.0
0.10696 0.0
0.10721 0.0
0.10745 0.0
0.1077 0.0
0.10794 0.0
0.10818 0.0
0.10843 0.0
0.10867 0.0
0.10892 0.0
0.10916 0.0
0.10941 0.0
0.10965 0.0
0.10989 0.0
0.11014 0.0
0.11038 0.0
0.11063 0.0
0.11087 0.0
0.11111 0.0
0.11136 0.0
0.1116 0.0
0.11185 0.0
0.11209 0.0
0.11234 0.0
0.11258 0.0
0.11282 0.0
0.11307 0.0
0.11331 0.0
0.11356 0.0
0.1138 0.0
0.11404 0.0
0.11429 0.0
0.11453 0.0
0.11478 0.0
0.11502 0.0
0.11526 0.0
0.11551 0.0
0.11575 0.0
0.116 0.0
0.11624 0.0
0.11649 0.0
0.11673 0.0
0.11697 0.0
0.11722 0.0
0.11746 0.0
0.11771 0.0
0.11795 0.0
0.11819 0.0
0.11844 0.0
0.11868 0.0
0.11893 0.0
0.11917 0.0
0.11942 0.0
0.11966 0.0
0.1199 0.0
0.12015 0.0
0.12039 0.0
0.12064 0.0
0.12088 0.0
0.12112 0.0
0.12137 0.0
0.12161 0.0
0.12186 0.0
0.1221 0.0
0.12234 0.0
0.12259 0.0
0.12283 0.0
0.12308 0.0
0.12332 0.0
0.12357 0.0
0.12381 0.0
0.12405 0.0
0.1243 0.0
0.12454 0.0
0.12479 0.0
0.12503 0.0
0.12527 0.0
0.12552 0.0
0.12576 0.0
0.12601 0.0
0.12625 0.0
0.1265 0.0
0.12674 0.0
0.12698 0.0
0.12723 0.0
0.12747 0.0
0.12772 0.0
0.12796 0.0
0.1282 0.0
0.12845 0.0
0.12869 0.0
0.12894 0.0
0.12918 0.0
0.12943 0.0
0.12967 0.0
0.12991 0.0
0.13016 0.0
0.1304 0.0
0.13065 0.0
0.13089 0.0
0.13113 0.0
0.13138 0.0
0.13162 0.0
0.13187 0.0
0.13211 0.0
0.13235 0.0
0.1326 0.0
0.13284 0.0
0.13309 0.0
0.13333 0.0
0.13358 0.0
0.13382 0.0
0.13406 0.0
0.13431 0.0
0.13455 0.0
0.1348 0.0
0.13504 0.0
0.13528 0.0
0.13553 0.0
0.13577 0.0
0.13602 0.0
0.13626 0.0
0.13651 0.0
0.13675 0.0
0.13699 0.0
0.13724 0.0
0.13748 0.0
0.13773 0.0
0.13797 0.0
0.13821 0.0
0.13846 0.0
0.1387 0.0
0.13895 0.0
0.13919 0.0
0.13943 0.0
0.13968 0.0
0.13992 0.0
0.14017 0.0
0.14041 0.0
0.14066 0.0
0.1409 0.0
0.14114 0.0
0.14139 0.0
0.14163 0.0
0.14188 0.0
0.14212 0.0
0.14236 0.0
0.14261 0.0
0.14285 0.0
0.1431 0.0
0.14334 0.0
0.14359 0.0
0.14383 0.0
0.14407 0.0
