t strain*1e23
-0.59042 -7.3
-0.59017 -7.2
-0.58993 -7.2
-0.58968 -7.1
-0.58944 -7.0
-0.5892 -6.9
-0.58895 -6.7
-0.58871 -6.6
-0.58846 -6.5
-0.58822 -6.3
-0.58797 -6.2
-0.58773 -6.0
-0.58749 -5.8
-0.58724 -5.6
-0.587 -5.4
-0.58675 -5.2
-0.58651 -5.0
-0.58627 -4.8
-0.58602 -4.6
-0.58578 -4.3
-0.58553 -4.1
-0.58529 -3.8
-0.58504 -3.6
-0.5848 -3.3
-0.58456 -3.1
-0.58431 -2.8
-0.58407 -2.5
-0.58382 -2.3
-0.58358 -2.0
-0.58334 -1.7
-0.58309 -1.4
-0.58285 -1.1
-0.5826 -0.9
-0.58236 -0.6
-0.58212 -0.3
-0.58187 0.0
-0.58163 0.3
-0.58138 0.6
-0.58114 0.9
-0.58089 1.2
-0.58065 1.5
-0.58041 1.7
-0.58016 2.0
-0.57992 2.3
-0.57967 2.6
-0.57943 2.9
-0.57919 3.1
-0.57894 3.4
-0.5787 3.6
-0.57845 3.9
-0.57821 4.1
-0.57796 4.4
-0.57772 4.6
-0.57748 4.8
-0.57723 5.1
-0.57699 5.3
-0.57674 5.5
-0.5765 5.7
-0.57626 5.9
-0.57601 6.0
-0.57577 6.2
-0.57552 6.4
-0.57528 6.5
-0.57504 6.7
-0.57479 6.8
-0.57455 6.9
-0.5743 7.0
-0.57406 7.1
-0.57381 7.2
-0.57357 7.3
-0.57333 7.4
-0.57308 7.4
-0.57284 7.5
-0.57259 7.5
-0.57235 7.5
-0.57211 7.6
-0.57186 7.6
-0.57162 7.5
-0.57137 7.5
-0.57113 7.5
-0.57088 7.4
-0.57064 7.4
-0.5704 7.3
-0.57015 7.2
-0.56991 7.2
-0.56966 7.1
-0.56942 7.0
-0.56918 6.8
-0.56893 6.7
-0.56869 6.6
-0.56844 6.4
-0.5682 6.2
-0.56796 6.1
-0.56771 5.9
-0.56747 5.7
-0.56722 5.5
-0.56698 5.3
-0.56673 5.1
-0.56649 4.9
-0.56625 4.6
-0.566 4.4
-0.56576 4.2
-0.56551 3.9
-0.56527 3.7
-0.56503 3.4
-0.56478 3.1
-0.56454 2.9
-0.56429 2.6
-0.56405 2.3
-0.5638 2.0
-0.56356 1.7
-0.56332 1.5
-0.56307 1.2
-0.56283 0.9
-0.56258 0.6
-0.56234 0.3
-0.5621 0.0
-0.56185 -0.3
-0.56161 -0.6
-0.56136 -0.9
-0.56112 -1.2
-0.56087 -1.5
-0.56063 -1.8
-0.56039 -2.1
-0.56014 -2.3
-0.5599 -2.6
-0.55965 -2.9
-0.55941 -3.2
-0.55917 -3.4
-0.55892 -3.7
-0.55868 -4.0
-0.55843 -4.2
-0.55819 -4.5
-0.55795 -4.7
-0.5577 -4.9
-0.55746 -5.1
-0.55721 -5.4
-0.55697 -5.6
-0.55672 -5.8
-0.55648 -6.0
-0.55624 -6.1
-0.55599 -6.3
-0.55575 -6.5
-0.5555 -6.6
-0.55526 -6.8
-0.55502 -6.9
-0.55477 -7.0
-0.55453 -7.1
-0.55428 -7.2
-0.55404 -7.3
-0.55379 -7.4
-0.55355 -7.5
-0.55331 -7.5
-0.55306 -7.6
-0.55282 -7.6
-0.55257 -7.6
-0.55233 -7.6
-0.55209 -7.6
-0.55184 -7.6
-0.5516 -7.6
-0.55135 -7.5
-0.55111 -7.5
-0.55087 -7.4
-0.55062 -7.3
-0.55038 -7.3
-0.55013 -7.2
-0.54989 -7.1
-0.54964 -6.9
-0.5494 -6.8
-0.54916 -6.7
-0.54891 -6.5
-0.54867 -6.4
-0.54842 -6.2
-0.54818 -6.0
-0.54794 -5.8
-0.54769 -5.6
-0.54745 -5.4
-0.5472 -5.2
-0.54696 -5.0
-0.54671 -4.7
-0.54647 -4.5
-0.54623 -4.3
-0.54598 -4.0
-0.54574 -3.7
-0.54549 -3.5
-0.54525 -3.2
-0.54501 -2.9
-0.54476 -2.7
-0.54452 -2.4
-0.54427 -2.1
-0.54403 -1.8
-0.54379 -1.5
-0.54354 -1.2
-0.5433 -0.9
-0.54305 -0.6
-0.54281 -0.3
-0.54256 0.0
-0.54232 0.3
-0.54208 0.6
-0.54183 0.9
-0.54159 1.2
-0.54134 1.5
-0.5411 1.8
-0.54086 2.1
-0.54061 2.4
-0.54037 2.7
-0.54012 2.9
-0.53988 3.2
-0.53963 3.5
-0.53939 3.8
-0.53915 4.0
-0.5389 4.3
-0.53866 4.5
-0.53841 4.8
-0.53817 5.0
-0.53793 5.2
-0.53768 5.4
-0.53744 5.7
-0.53719 5.9
-0.53695 6.0
-0.53671 6.2
-0.53646 6.4
-0.53622 6.6
-0.53597 6.7
-0.53573 6.9
-0.53548 7.0
-0.53524 7.1
-0.535 7.2
-0.53475 7.3
-0.53451 7.4
-0.53426 7.5
-0.53402 7.5
-0.53378 7.6
-0.53353 7.6
-0.53329 7.7
-0.53304 7.7
-0.5328 7.7
-0.53255 7.7
-0.53231 7.6
-0.53207 7.6
-0.53182 7.6
-0.53158 7.5
-0.53133 7.4
-0.53109 7.4
-0.53085 7.3
-0.5306 7.2
-0.53036 7.0
-0.53011 6.9
-0.52987 6.8
-0.52962 6.6
-0.52938 6.5
-0.52914 6.3
-0.52889 6.1
-0.52865 5.9
-0.5284 5.7
-0.52816 5.5
-0.52792 5.3
-0.52767 5.1
-0.52743 4.9
-0.52718 4.6
-0.52694 4.4
-0.5267 4.1
-0.52645 3.8
-0.52621 3.6
-0.52596 3.3
-0.52572 3.0
-0.52547 2.7
-0.52523 2.4
-0.52499 2.2
-0.52474 1.9
-0.5245 1.6
-0.52425 1.3
-0.52401 1.0
-0.52377 0.6
-0.52352 0.3
-0.52328 0.0
-0.52303 -0.3
-0.52279 -0.6
-0.52254 -0.9
-0.5223 -1.2
-0.52206 -1.5
-0.52181 -1.8
-0.52157 -2.1
-0.52132 -2.4
-0.52108 -2.7
-0.52084 -3.0
-0.52059 -3.3
-0.52035 -3.5
-0.5201 -3.8
-0.51986 -4.1
-0.51962 -4.3
-0.51937 -4.6
-0.51913 -4.8
-0.51888 -5.1
-0.51864 -5.3
-0.51839 -5.5
-0.51815 -5.7
-0.51791 -5.9
-0.51766 -6.1
-0.51742 -6.3
-0.51717 -6.5
-0.51693 -6.7
-0.51669 -6.8
-0.51644 -6.9
-0.5162 -7.1
-0.51595 -7.2
-0.51571 -7.3
-0.51546 -7.4
-0.51522 -7.5
-0.51498 -7.6
-0.51473 -7.6
-0.51449 -7.7
-0.51424 -7.7
-0.514 -7.7
-0.51376 -7.7
-0.51351 -7.7
-0.51327 -7.7
-0.51302 -7.7
-0.51278 -7.7
-0.51254 -7.6
-0.51229 -7.5
-0.51205 -7.5
-0.5118 -7.4
-0.51156 -7.3
-0.51131 -7.2
-0.51107 -7.0
-0.51083 -6.9
-0.51058 -6.8
-0.51034 -6.6
-0.51009 -6.4
-0.50985 -6.2
-0.50961 -6.1
-0.50936 -5.9
-0.50912 -5.7
-0.50887 -5.4
-0.50863 -5.2
-0.50838 -5.0
-0.50814 -4.7
-0.5079 -4.5
-0.50765 -4.2
-0.50741 -3.9
-0.50716 -3.7
-0.50692 -3.4
-0.50668 -3.1
-0.50643 -2.8
-0.50619 -2.5
-0.50594 -2.2
-0.5057 -1.9
-0.50546 -1.6
-0.50521 -1.3
-0.50497 -1.0
-0.50472 -0.7
-0.50448 -0.4
-0.50423 0.0
-0.50399 0.3
-0.50375 0.6
-0.5035 0.9
-0.50326 1.2
-0.50301 1.5
-0.50277 1.8
-0.50253 2.1
-0.50228 2.4
-0.50204 2.7
-0.50179 3.0
-0.50155 3.3
-0.5013 3.6
-0.50106 3.9
-0.50082 4.1
-0.50057 4.4
-0.50033 4.7
-0.50008 4.9
-0.49984 5.1
-0.4996 5.4
-0.49935 5.6
-0.49911 5.8
-0.49886 6.0
-0.49862 6.2
-0.49837 6.4
-0.49813 6.6
-0.49789 6.7
-0.49764 6.9
-0.4974 7.0
-0.49715 7.2
-0.49691 7.3
-0.49667 7.4
-0.49642 7.5
-0.49618 7.6
-0.49593 7.6
-0.49569 7.7
-0.49545 7.7
-0.4952 7.8
-0.49496 7.8
-0.49471 7.8
-0.49447 7.8
-0.49422 7.8
-0.49398 7.7
-0.49374 7.7
-0.49349 7.6
-0.49325 7.6
-0.493 7.5
-0.49276 7.4
-0.49252 7.3
-0.49227 7.2
-0.49203 7.0
-0.49178 6.9
-0.49154 6.7
-0.49129 6.6
-0.49105 6.4
-0.49081 6.2
-0.49056 6.0
-0.49032 5.8
-0.49007 5.6
-0.48983 5.3
-0.48959 5.1
-0.48934 4.8
-0.4891 4.6
-0.48885 4.3
-0.48861 4.1
-0.48837 3.8
-0.48812 3.5
-0.48788 3.2
-0.48763 2.9
-0.48739 2.6
-0.48714 2.3
-0.4869 2.0
-0.48666 1.7
-0.48641 1.4
-0.48617 1.1
-0.48592 0.7
-0.48568 0.4
-0.48544 0.0
-0.48519 -0.2
-0.48495 -0.5
-0.4847 -0.9
-0.48446 -1.2
-0.48421 -1.5
-0.48397 -1.8
-0.48373 -2.1
-0.48348 -2.4
-0.48324 -2.7
-0.48299 -3.0
-0.48275 -3.3
-0.48251 -3.6
-0.48226 -3.9
-0.48202 -4.2
-0.48177 -4.5
-0.48153 -4.7
-0.48129 -5.0
-0.48104 -5.2
-0.4808 -5.5
-0.48055 -5.7
-0.48031 -5.9
-0.48006 -6.1
-0.47982 -6.3
-0.47958 -6.5
-0.47933 -6.7
-0.47909 -6.8
-0.47884 -7.0
-0.4786 -7.1
-0.47836 -7.3
-0.47811 -7.4
-0.47787 -7.5
-0.47762 -7.6
-0.47738 -7.7
-0.47713 -7.7
-0.47689 -7.8
-0.47665 -7.8
-0.4764 -7.9
-0.47616 -7.9
-0.47591 -7.9
-0.47567 -7.9
-0.47543 -7.8
-0.47518 -7.8
-0.47494 -7.7
-0.47469 -7.7
-0.47445 -7.6
-0.47421 -7.5
-0.47396 -7.4
-0.47372 -7.3
-0.47347 -7.1
-0.47323 -7.0
-0.47298 -6.8
-0.47274 -6.7
-0.4725 -6.5
-0.47225 -6.3
-0.47201 -6.1
-0.47176 -5.9
-0.47152 -5.7
-0.47128 -5.5
-0.47103 -5.2
-0.47079 -5.0
-0.47054 -4.7
-0.4703 -4.4
-0.47005 -4.2
-0.46981 -3.9
-0.46957 -3.6
-0.46932 -3.3
-0.46908 -3.0
-0.46883 -2.7
-0.46859 -2.4
-0.46835 -2.1
-0.4681 -1.8
-0.46786 -1.4
-0.46761 -1.1
-0.46737 -0.8
-0.46712 -0.5
-0.46688 -0.1
-0.46664 0.2
-0.46639 0.5
-0.46615 0.9
-0.4659 1.2
-0.46566 1.5
-0.46542 1.8
-0.46517 2.1
-0.46493 2.5
-0.46468 2.8
-0.46444 3.1
-0.4642 3.4
-0.46395 3.7
-0.46371 4.0
-0.46346 4.3
-0.46322 4.5
-0.46297 4.8
-0.46273 5.1
-0.46249 5.3
-0.46224 5.5
-0.462 5.8
-0.46175 6.0
-0.46151 6.2
-0.46127 6.4
-0.46102 6.6
-0.46078 6.8
-0.46053 6.9
-0.46029 7.1
-0.46004 7.2
-0.4598 7.4
-0.45956 7.5
-0.45931 7.6
-0.45907 7.7
-0.45882 7.8
-0.45858 7.8
-0.45834 7.9
-0.45809 7.9
-0.45785 7.9
-0.4576 7.9
-0.45736 7.9
-0.45712 7.9
-0.45687 7.9
-0.45663 7.8
-0.45638 7.8
-0.45614 7.7
-0.45589 7.6
-0.45565 7.5
-0.45541 7.4
-0.45516 7.3
-0.45492 7.1
-0.45467 7.0
-0.45443 6.8
-0.45419 6.6
-0.45394 6.4
-0.4537 6.2
-0.45345 6.0
-0.45321 5.8
-0.45296 5.6
-0.45272 5.3
-0.45248 5.1
-0.45223 4.8
-0.45199 4.6
-0.45174 4.3
-0.4515 4.0
-0.45126 3.7
-0.45101 3.4
-0.45077 3.1
-0.45052 2.8
-0.45028 2.5
-0.45004 2.1
-0.44979 1.8
-0.44955 1.5
-0.4493 1.2
-0.44906 0.8
-0.44881 0.5
-0.44857 0.2
-0.44833 -0.2
-0.44808 -0.5
-0.44784 -0.8
-0.44759 -1.2
-0.44735 -1.5
-0.44711 -1.8
-0.44686 -2.2
-0.44662 -2.5
-0.44637 -2.8
-0.44613 -3.1
-0.44588 -3.4
-0.44564 -3.7
-0.4454 -4.0
-0.44515 -4.3
-0.44491 -4.6
-0.44466 -4.9
-0.44442 -5.1
-0.44418 -5.4
-0.44393 -5.6
-0.44369 -5.9
-0.44344 -6.1
-0.4432 -6.3
-0.44296 -6.5
-0.44271 -6.7
-0.44247 -6.9
-0.44222 -7.0
-0.44198 -7.2
-0.44173 -7.3
-0.44149 -7.5
-0.44125 -7.6
-0.441 -7.7
-0.44076 -7.8
-0.44051 -7.9
-0.44027 -7.9
-0.44003 -8.0
-0.43978 -8.0
-0.43954 -8.0
-0.43929 -8.0
-0.43905 -8.0
-0.4388 -8.0
-0.43856 -7.9
-0.43832 -7.9
-0.43807 -7.8
-0.43783 -7.7
-0.43758 -7.6
-0.43734 -7.5
-0.4371 -7.4
-0.43685 -7.3
-0.43661 -7.1
-0.43636 -6.9
-0.43612 -6.8
-0.43587 -6.6
-0.43563 -6.4
-0.43539 -6.2
-0.43514 -5.9
-0.4349 -5.7
-0.43465 -5.5
-0.43441 -5.2
-0.43417 -4.9
-0.43392 -4.7
-0.43368 -4.4
-0.43343 -4.1
-0.43319 -3.8
-0.43295 -3.5
-0.4327 -3.2
-0.43246 -2.9
-0.43221 -2.5
-0.43197 -2.2
-0.43172 -1.9
-0.43148 -1.6
-0.43124 -1.2
-0.43099 -0.9
-0.43075 -0.5
-0.4305 -0.2
-0.43026 0.2
-0.43002 0.5
-0.42977 0.8
-0.42953 1.2
-0.42928 1.5
-0.42904 1.9
-0.42879 2.2
-0.42855 2.5
-0.42831 2.8
-0.42806 3.2
-0.42782 3.5
-0.42757 3.8
-0.42733 4.1
-0.42709 4.4
-0.42684 4.7
-0.4266 5.0
-0.42635 5.2
-0.42611 5.5
-0.42587 5.7
-0.42562 6.0
-0.42538 6.2
-0.42513 6.4
-0.42489 6.6
-0.42464 6.8
-0.4244 7.0
-0.42416 7.2
-0.42391 7.3
-0.42367 7.5
-0.42342 7.6
-0.42318 7.7
-0.42294 7.8
-0.42269 7.9
-0.42245 8.0
-0.4222 8.0
-0.42196 8.0
-0.42171 8.1
-0.42147 8.1
-0.42123 8.1
-0.42098 8.1
-0.42074 8.0
-0.42049 8.0
-0.42025 7.9
-0.42001 7.8
-0.41976 7.7
-0.41952 7.6
-0.41927 7.5
-0.41903 7.4
-0.41879 7.2
-0.41854 7.1
-0.4183 6.9
-0.41805 6.7
-0.41781 6.5
-0.41756 6.3
-0.41732 6.1
-0.41708 5.8
-0.41683 5.6
-0.41659 5.3
-0.41634 5.1
-0.4161 4.8
-0.41586 4.5
-0.41561 4.2
-0.41537 3.9
-0.41512 3.6
-0.41488 3.3
-0.41463 2.9
-0.41439 2.6
-0.41415 2.3
-0.4139 1.9
-0.41366 1.6
-0.41341 1.3
-0.41317 0.9
-0.41293 0.6
-0.41268 0.2
-0.41244 -0.2
-0.41219 -0.5
-0.41195 -0.9
-0.41171 -1.2
-0.41146 -1.6
-0.41122 -1.9
-0.41097 -2.2
-0.41073 -2.6
-0.41048 -2.9
-0.41024 -3.2
-0.41 -3.6
-0.40975 -3.9
-0.40951 -4.2
-0.40926 -4.5
-0.40902 -4.8
-0.40878 -5.1
-0.40853 -5.3
-0.40829 -5.6
-0.40804 -5.8
-0.4078 -6.1
-0.40755 -6.3
-0.40731 -6.5
-0.40707 -6.7
-0.40682 -6.9
-0.40658 -7.1
-0.40633 -7.3
-0.40609 -7.4
-0.40585 -7.6
-0.4056 -7.7
-0.40536 -7.8
-0.40511 -7.9
-0.40487 -8.0
-0.40462 -8.1
-0.40438 -8.1
-0.40414 -8.1
-0.40389 -8.2
-0.40365 -8.2
-0.4034 -8.2
-0.40316 -8.1
-0.40292 -8.1
-0.40267 -8.0
-0.40243 -8.0
-0.40218 -7.9
-0.40194 -7.8
-0.4017 -7.6
-0.40145 -7.5
-0.40121 -7.4
-0.40096 -7.2
-0.40072 -7.0
-0.40047 -6.8
-0.40023 -6.6
-0.39999 -6.4
-0.39974 -6.2
-0.3995 -5.9
-0.39925 -5.7
-0.39901 -5.4
-0.39877 -5.2
-0.39852 -4.9
-0.39828 -4.6
-0.39803 -4.3
-0.39779 -4.0
-0.39754 -3.7
-0.3973 -3.3
-0.39706 -3.0
-0.39681 -2.7
-0.39657 -2.3
-0.39632 -2.0
-0.39608 -1.6
-0.39584 -1.3
-0.39559 -0.9
-0.39535 -0.6
-0.3951 -0.2
-0.39486 0.2
-0.39462 0.5
-0.39437 0.9
-0.39413 1.2
-0.39388 1.6
-0.39364 2.0
-0.39339 2.3
-0.39315 2.7
-0.39291 3.0
-0.39266 3.3
-0.39242 3.7
-0.39217 4.0
-0.39193 4.3
-0.39169 4.6
-0.39144 4.9
-0.3912 5.2
-0.39095 5.5
-0.39071 5.7
-0.39046 6.0
-0.39022 6.2
-0.38998 6.5
-0.38973 6.7
-0.38949 6.9
-0.38924 7.1
-0.389 7.3
-0.38876 7.4
-0.38851 7.6
-0.38827 7.7
-0.38802 7.8
-0.38778 7.9
-0.38754 8.0
-0.38729 8.1
-0.38705 8.2
-0.3868 8.2
-0.38656 8.2
-0.38631 8.2
-0.38607 8.2
-0.38583 8.2
-0.38558 8.2
-0.38534 8.1
-0.38509 8.1
-0.38485 8.0
-0.38461 7.9
-0.38436 7.8
-0.38412 7.6
-0.38387 7.5
-0.38363 7.3
-0.38338 7.1
-0.38314 6.9
-0.3829 6.7
-0.38265 6.5
-0.38241 6.3
-0.38216 6.0
-0.38192 5.8
-0.38168 5.5
-0.38143 5.2
-0.38119 5.0
-0.38094 4.7
-0.3807 4.3
-0.38046 4.0
-0.38021 3.7
-0.37997 3.4
-0.37972 3.0
-0.37948 2.7
-0.37923 2.3
-0.37899 2.0
-0.37875 1.6
-0.3785 1.3
-0.37826 0.9
-0.37801 0.5
-0.37777 0.2
-0.37753 -0.2
-0.37728 -0.6
-0.37704 -1.0
-0.37679 -1.3
-0.37655 -1.7
-0.3763 -2.0
-0.37606 -2.4
-0.37582 -2.8
-0.37557 -3.1
-0.37533 -3.4
-0.37508 -3.8
-0.37484 -4.1
-0.3746 -4.4
-0.37435 -4.7
-0.37411 -5.0
-0.37386 -5.3
-0.37362 -5.6
-0.37337 -5.9
-0.37313 -6.1
-0.37289 -6.4
-0.37264 -6.6
-0.3724 -6.8
-0.37215 -7.0
-0.37191 -7.2
-0.37167 -7.4
-0.37142 -7.6
-0.37118 -7.7
-0.37093 -7.9
-0.37069 -8.0
-0.37045 -8.1
-0.3702 -8.2
-0.36996 -8.2
-0.36971 -8.3
-0.36947 -8.3
-0.36922 -8.3
-0.36898 -8.3
-0.36874 -8.3
-0.36849 -8.3
-0.36825 -8.2
-0.368 -8.2
-0.36776 -8.1
-0.36752 -8.0
-0.36727 -7.9
-0.36703 -7.7
-0.36678 -7.6
-0.36654 -7.4
-0.36629 -7.2
-0.36605 -7.0
-0.36581 -6.8
-0.36556 -6.6
-0.36532 -6.4
-0.36507 -6.1
-0.36483 -5.9
-0.36459 -5.6
-0.36434 -5.3
-0.3641 -5.0
-0.36385 -4.7
-0.36361 -4.4
-0.36337 -4.1
-0.36312 -3.7
-0.36288 -3.4
-0.36263 -3.0
-0.36239 -2.7
-0.36214 -2.3
-0.3619 -2.0
-0.36166 -1.6
-0.36141 -1.2
-0.36117 -0.8
-0.36092 -0.5
-0.36068 0.0
-0.36044 0.3
-0.36019 0.7
-0.35995 1.0
-0.3597 1.4
-0.35946 1.8
-0.35921 2.2
-0.35897 2.5
-0.35873 2.9
-0.35848 3.2
-0.35824 3.6
-0.35799 3.9
-0.35775 4.3
-0.35751 4.6
-0.35726 4.9
-0.35702 5.2
-0.35677 5.5
-0.35653 5.8
-0.35629 6.1
-0.35604 6.3
-0.3558 6.6
-0.35555 6.8
-0.35531 7.0
-0.35506 7.2
-0.35482 7.4
-0.35458 7.6
-0.35433 7.7
-0.35409 7.9
-0.35384 8.0
-0.3536 8.1
-0.35336 8.2
-0.35311 8.3
-0.35287 8.3
-0.35262 8.4
-0.35238 8.4
-0.35213 8.4
-0.35189 8.4
-0.35165 8.4
-0.3514 8.3
-0.35116 8.3
-0.35091 8.2
-0.35067 8.1
-0.35043 8.0
-0.35018 7.8
-0.34994 7.7
-0.34969 7.5
-0.34945 7.3
-0.34921 7.1
-0.34896 6.9
-0.34872 6.7
-0.34847 6.5
-0.34823 6.2
-0.34798 5.9
-0.34774 5.7
-0.3475 5.4
-0.34725 5.1
-0.34701 4.7
-0.34676 4.4
-0.34652 4.1
-0.34628 3.7
-0.34603 3.4
-0.34579 3.0
-0.34554 2.7
-0.3453 2.3
-0.34505 1.9
-0.34481 1.5
-0.34457 1.1
-0.34432 0.8
-0.34408 0.4
-0.34383 0.0
-0.34359 -0.4
-0.34335 -0.8
-0.3431 -1.2
-0.34286 -1.6
-0.34261 -1.9
-0.34237 -2.3
-0.34212 -2.7
-0.34188 -3.1
-0.34164 -3.4
-0.34139 -3.8
-0.34115 -4.1
-0.3409 -4.5
-0.34066 -4.8
-0.34042 -5.1
-0.34017 -5.4
-0.33993 -5.7
-0.33968 -6.0
-0.33944 -6.3
-0.3392 -6.5
-0.33895 -6.8
-0.33871 -7.0
-0.33846 -7.2
-0.33822 -7.4
-0.33797 -7.6
-0.33773 -7.8
-0.33749 -7.9
-0.33724 -8.1
-0.337 -8.2
-0.33675 -8.3
-0.33651 -8.4
-0.33627 -8.4
-0.33602 -8.5
-0.33578 -8.5
-0.33553 -8.5
-0.33529 -8.5
-0.33504 -8.5
-0.3348 -8.4
-0.33456 -8.4
-0.33431 -8.3
-0.33407 -8.2
-0.33382 -8.1
-0.33358 -7.9
-0.33334 -7.8
-0.33309 -7.6
-0.33285 -7.4
-0.3326 -7.2
-0.33236 -7.0
-0.33212 -6.8
-0.33187 -6.5
-0.33163 -6.2
-0.33138 -6.0
-0.33114 -5.7
-0.33089 -5.4
-0.33065 -5.1
-0.33041 -4.7
-0.33016 -4.4
-0.32992 -4.1
-0.32967 -3.7
-0.32943 -3.3
-0.32919 -3.0
-0.32894 -2.6
-0.3287 -2.2
-0.32845 -1.8
-0.32821 -1.4
-0.32796 -1.0
-0.32772 -0.6
-0.32748 -0.2
-0.32723 0.2
-0.32699 0.6
-0.32674 1.0
-0.3265 1.4
-0.32626 1.8
-0.32601 2.1
-0.32577 2.5
-0.32552 2.9
-0.32528 3.3
-0.32504 3.7
-0.32479 4.0
-0.32455 4.4
-0.3243 4.7
-0.32406 5.0
-0.32381 5.4
-0.32357 5.7
-0.32333 6.0
-0.32308 6.3
-0.32284 6.5
-0.32259 6.8
-0.32235 7.0
-0.32211 7.2
-0.32186 7.5
-0.32162 7.7
-0.32137 7.8
-0.32113 8.0
-0.32088 8.1
-0.32064 8.3
-0.3204 8.4
-0.32015 8.4
-0.31991 8.5
-0.31966 8.6
-0.31942 8.6
-0.31918 8.6
-0.31893 8.6
-0.31869 8.6
-0.31844 8.5
-0.3182 8.4
-0.31796 8.4
-0.31771 8.3
-0.31747 8.1
-0.31722 8.0
-0.31698 7.8
-0.31673 7.7
-0.31649 7.5
-0.31625 7.3
-0.316 7.0
-0.31576 6.8
-0.31551 6.5
-0.31527 6.3
-0.31503 6.0
-0.31478 5.7
-0.31454 5.4
-0.31429 5.0
-0.31405 4.7
-0.3138 4.3
-0.31356 4.0
-0.31332 3.6
-0.31307 3.2
-0.31283 2.9
-0.31258 2.5
-0.31234 2.1
-0.3121 1.7
-0.31185 1.3
-0.31161 0.9
-0.31136 0.4
-0.31112 0.0
-0.31087 -0.4
-0.31063 -0.8
-0.31039 -1.2
-0.31014 -1.6
-0.3099 -2.0
-0.30965 -2.4
-0.30941 -2.8
-0.30917 -3.2
-0.30892 -3.6
-0.30868 -4.0
-0.30843 -4.3
-0.30819 -4.7
-0.30795 -5.0
-0.3077 -5.4
-0.30746 -5.7
-0.30721 -6.0
-0.30697 -6.3
-0.30672 -6.6
-0.30648 -6.8
-0.30624 -7.1
-0.30599 -7.3
-0.30575 -7.5
-0.3055 -7.7
-0.30526 -7.9
-0.30502 -8.1
-0.30477 -8.2
-0.30453 -8.3
-0.30428 -8.5
-0.30404 -8.5
-0.30379 -8.6
-0.30355 -8.7
-0.30331 -8.7
-0.30306 -8.7
-0.30282 -8.7
-0.30257 -8.7
-0.30233 -8.6
-0.30209 -8.5
-0.30184 -8.4
-0.3016 -8.3
-0.30135 -8.2
-0.30111 -8.1
-0.30087 -7.9
-0.30062 -7.7
-0.30038 -7.5
-0.30013 -7.3
-0.29989 -7.0
-0.29964 -6.8
-0.2994 -6.5
-0.29916 -6.2
-0.29891 -5.9
-0.29867 -5.6
-0.29842 -5.3
-0.29818 -4.9
-0.29794 -4.6
-0.29769 -4.2
-0.29745 -3.8
-0.2972 -3.5
-0.29696 -3.1
-0.29671 -2.7
-0.29647 -2.3
-0.29623 -1.8
-0.29598 -1.4
-0.29574 -1.0
-0.29549 -0.6
-0.29525 -0.2
-0.29501 0.3
-0.29476 0.7
-0.29452 1.1
-0.29427 1.5
-0.29403 1.9
-0.29379 2.4
-0.29354 2.8
-0.2933 3.2
-0.29305 3.6
-0.29281 3.9
-0.29256 4.3
-0.29232 4.7
-0.29208 5.0
-0.29183 5.4
-0.29159 5.7
-0.29134 6.0
-0.2911 6.3
-0.29086 6.6
-0.29061 6.9
-0.29037 7.2
-0.29012 7.4
-0.28988 7.6
-0.28963 7.8
-0.28939 8.0
-0.28915 8.2
-0.2889 8.3
-0.28866 8.5
-0.28841 8.6
-0.28817 8.7
-0.28793 8.7
-0.28768 8.8
-0.28744 8.8
-0.28719 8.8
-0.28695 8.8
-0.28671 8.7
-0.28646 8.7
-0.28622 8.6
-0.28597 8.5
-0.28573 8.4
-0.28548 8.2
-0.28524 8.1
-0.285 7.9
-0.28475 7.7
-0.28451 7.5
-0.28426 7.2
-0.28402 7.0
-0.28378 6.7
-0.28353 6.4
-0.28329 6.1
-0.28304 5.8
-0.2828 5.5
-0.28255 5.1
-0.28231 4.8
-0.28207 4.4
-0.28182 4.0
-0.28158 3.6
-0.28133 3.2
-0.28109 2.8
-0.28085 2.4
-0.2806 2.0
-0.28036 1.5
-0.28011 1.1
-0.27987 0.7
-0.27962 0.2
-0.27938 -0.2
-0.27914 -0.6
-0.27889 -1.1
-0.27865 -1.5
-0.2784 -1.9
-0.27816 -2.4
-0.27792 -2.8
-0.27767 -3.2
-0.27743 -3.6
-0.27718 -4.0
-0.27694 -4.4
-0.2767 -4.8
-0.27645 -5.1
-0.27621 -5.5
-0.27596 -5.8
-0.27572 -6.1
-0.27547 -6.5
-0.27523 -6.8
-0.27499 -7.0
-0.27474 -7.3
-0.2745 -7.5
-0.27425 -7.8
-0.27401 -8.0
-0.27377 -8.2
-0.27352 -8.3
-0.27328 -8.5
-0.27303 -8.6
-0.27279 -8.7
-0.27254 -8.8
-0.2723 -8.9
-0.27206 -8.9
-0.27181 -8.9
-0.27157 -8.9
-0.27132 -8.9
-0.27108 -8.8
-0.27084 -8.8
-0.27059 -8.7
-0.27035 -8.5
-0.2701 -8.4
-0.26986 -8.3
-0.26962 -8.1
-0.26937 -7.9
-0.26913 -7.7
-0.26888 -7.4
-0.26864 -7.2
-0.26839 -6.9
-0.26815 -6.6
-0.26791 -6.3
-0.26766 -6.0
-0.26742 -5.6
-0.26717 -5.3
-0.26693 -4.9
-0.26669 -4.5
-0.26644 -4.1
-0.2662 -3.7
-0.26595 -3.3
-0.26571 -2.9
-0.26546 -2.5
-0.26522 -2.0
-0.26498 -1.6
-0.26473 -1.1
-0.26449 -0.7
-0.26424 -0.2
-0.264 0.2
-0.26376 0.7
-0.26351 1.1
-0.26327 1.6
-0.26302 2.0
-0.26278 2.4
-0.26254 2.9
-0.26229 3.3
-0.26205 3.7
-0.2618 4.1
-0.26156 4.5
-0.26131 4.9
-0.26107 5.3
-0.26083 5.6
-0.26058 6.0
-0.26034 6.3
-0.26009 6.6
-0.25985 6.9
-0.25961 7.2
-0.25936 7.5
-0.25912 7.7
-0.25887 8.0
-0.25863 8.2
-0.25838 8.3
-0.25814 8.5
-0.2579 8.7
-0.25765 8.8
-0.25741 8.9
-0.25716 8.9
-0.25692 9.0
-0.25668 9.0
-0.25643 9.0
-0.25619 9.0
-0.25594 9.0
-0.2557 8.9
-0.25546 8.8
-0.25521 8.7
-0.25497 8.6
-0.25472 8.4
-0.25448 8.2
-0.25423 8.0
-0.25399 7.8
-0.25375 7.6
-0.2535 7.3
-0.25326 7.0
-0.25301 6.7
-0.25277 6.4
-0.25253 6.1
-0.25228 5.7
-0.25204 5.4
-0.25179 5.0
-0.25155 4.6
-0.2513 4.2
-0.25106 3.8
-0.25082 3.3
-0.25057 2.9
-0.25033 2.5
-0.25008 2.0
-0.24984 1.5
-0.2496 1.1
-0.24935 0.6
-0.24911 0.2
-0.24886 -0.3
-0.24862 -0.8
-0.24837 -1.2
-0.24813 -1.7
-0.24789 -2.2
-0.24764 -2.6
-0.2474 -3.1
-0.24715 -3.5
-0.24691 -3.9
-0.24667 -4.3
-0.24642 -4.7
-0.24618 -5.1
-0.24593 -5.5
-0.24569 -5.9
-0.24545 -6.2
-0.2452 -6.6
-0.24496 -6.9
-0.24471 -7.2
-0.24447 -7.5
-0.24422 -7.7
-0.24398 -8.0
-0.24374 -8.2
-0.24349 -8.4
-0.24325 -8.6
-0.243 -8.7
-0.24276 -8.9
-0.24252 -9.0
-0.24227 -9.0
-0.24203 -9.1
-0.24178 -9.1
-0.24154 -9.1
-0.24129 -9.1
-0.24105 -9.1
-0.24081 -9.0
-0.24056 -8.9
-0.24032 -8.8
-0.24007 -8.7
-0.23983 -8.5
-0.23959 -8.3
-0.23934 -8.1
-0.2391 -7.9
-0.23885 -7.7
-0.23861 -7.4
-0.23837 -7.1
-0.23812 -6.8
-0.23788 -6.4
-0.23763 -6.1
-0.23739 -5.7
-0.23714 -5.4
-0.2369 -5.0
-0.23666 -4.6
-0.23641 -4.1
-0.23617 -3.7
-0.23592 -3.3
-0.23568 -2.8
-0.23544 -2.3
-0.23519 -1.9
-0.23495 -1.4
-0.2347 -0.9
-0.23446 -0.4
-0.23421 0.0
-0.23397 0.5
-0.23373 1.0
-0.23348 1.5
-0.23324 2.0
-0.23299 2.4
-0.23275 2.9
-0.23251 3.4
-0.23226 3.8
-0.23202 4.2
-0.23177 4.7
-0.23153 5.1
-0.23129 5.5
-0.23104 5.9
-0.2308 6.2
-0.23055 6.6
-0.23031 6.9
-0.23006 7.2
-0.22982 7.5
-0.22958 7.8
-0.22933 8.1
-0.22909 8.3
-0.22884 8.5
-0.2286 8.7
-0.22836 8.8
-0.22811 9.0
-0.22787 9.1
-0.22762 9.2
-0.22738 9.2
-0.22713 9.3
-0.22689 9.3
-0.22665 9.3
-0.2264 9.2
-0.22616 9.1
-0.22591 9.0
-0.22567 8.9
-0.22543 8.8
-0.22518 8.6
-0.22494 8.4
-0.22469 8.2
-0.22445 7.9
-0.22421 7.7
-0.22396 7.4
-0.22372 7.1
-0.22347 6.8
-0.22323 6.4
-0.22298 6.0
-0.22274 5.7
-0.2225 5.3
-0.22225 4.8
-0.22201 4.4
-0.22176 4.0
-0.22152 3.5
-0.22128 3.0
-0.22103 2.6
-0.22079 2.1
-0.22054 1.6
-0.2203 1.1
-0.22005 0.6
-0.21981 0.1
-0.21957 -0.4
-0.21932 -0.9
-0.21908 -1.4
-0.21883 -1.9
-0.21859 -2.4
-0.21835 -2.9
-0.2181 -3.3
-0.21786 -3.8
-0.21761 -4.2
-0.21737 -4.7
-0.21712 -5.1
-0.21688 -5.5
-0.21664 -5.9
-0.21639 -6.3
-0.21615 -6.7
-0.2159 -7.0
-0.21566 -7.4
-0.21542 -7.7
-0.21517 -7.9
-0.21493 -8.2
-0.21468 -8.4
-0.21444 -8.7
-0.2142 -8.8
-0.21395 -9.0
-0.21371 -9.1
-0.21346 -9.2
-0.21322 -9.3
-0.21297 -9.4
-0.21273 -9.4
-0.21249 -9.4
-0.21224 -9.4
-0.212 -9.3
-0.21175 -9.2
-0.21151 -9.1
-0.21127 -9.0
-0.21102 -8.8
-0.21078 -8.6
-0.21053 -8.4
-0.21029 -8.2
-0.21004 -7.9
-0.2098 -7.6
-0.20956 -7.3
-0.20931 -7.0
-0.20907 -6.6
-0.20882 -6.2
-0.20858 -5.9
-0.20834 -5.4
-0.20809 -5.0
-0.20785 -4.6
-0.2076 -4.1
-0.20736 -3.6
-0.20712 -3.2
-0.20687 -2.7
-0.20663 -2.2
-0.20638 -1.7
-0.20614 -1.2
-0.20589 -0.6
-0.20565 -0.1
-0.20541 0.4
-0.20516 0.9
-0.20492 1.4
-0.20467 1.9
-0.20443 2.4
-0.20419 2.9
-0.20394 3.4
-0.2037 3.9
-0.20345 4.4
-0.20321 4.8
-0.20296 5.3
-0.20272 5.7
-0.20248 6.1
-0.20223 6.5
-0.20199 6.9
-0.20174 7.2
-0.2015 7.6
-0.20126 7.9
-0.20101 8.2
-0.20077 8.4
-0.20052 8.7
-0.20028 8.9
-0.20004 9.1
-0.19979 9.2
-0.19955 9.3
-0.1993 9.4
-0.19906 9.5
-0.19881 9.5
-0.19857 9.5
-0.19833 9.5
-0.19808 9.5
-0.19784 9.4
-0.19759 9.3
-0.19735 9.2
-0.19711 9.0
-0.19686 8.8
-0.19662 8.6
-0.19637 8.3
-0.19613 8.1
-0.19588 7.8
-0.19564 7.5
-0.1954 7.1
-0.19515 6.7
-0.19491 6.4
-0.19466 5.9
-0.19442 5.5
-0.19418 5.1
-0.19393 4.6
-0.19369 4.1
-0.19344 3.6
-0.1932 3.1
-0.19296 2.6
-0.19271 2.1
-0.19247 1.6
-0.19222 1.1
-0.19198 0.5
-0.19173 0.0
-0.19149 -0.6
-0.19125 -1.1
-0.191 -1.6
-0.19076 -2.2
-0.19051 -2.7
-0.19027 -3.2
-0.19003 -3.7
-0.18978 -4.2
-0.18954 -4.7
-0.18929 -5.2
-0.18905 -5.6
-0.1888 -6.0
-0.18856 -6.5
-0.18832 -6.9
-0.18807 -7.2
-0.18783 -7.6
-0.18758 -7.9
-0.18734 -8.2
-0.1871 -8.5
-0.18685 -8.7
-0.18661 -9.0
-0.18636 -9.2
-0.18612 -9.3
-0.18587 -9.5
-0.18563 -9.6
-0.18539 -9.6
-0.18514 -9.7
-0.1849 -9.7
-0.18465 -9.7
-0.18441 -9.6
-0.18417 -9.6
-0.18392 -9.4
-0.18368 -9.3
-0.18343 -9.1
-0.18319 -8.9
-0.18295 -8.7
-0.1827 -8.4
-0.18246 -8.1
-0.18221 -7.8
-0.18197 -7.5
-0.18172 -7.1
-0.18148 -6.7
-0.18124 -6.3
-0.18099 -5.9
-0.18075 -5.5
-0.1805 -5.0
-0.18026 -4.5
-0.18002 -4.0
-0.17977 -3.5
-0.17953 -3.0
-0.17928 -2.4
-0.17904 -1.9
-0.17879 -1.3
-0.17855 -0.8
-0.17831 -0.2
-0.17806 0.4
-0.17782 0.9
-0.17757 1.5
-0.17733 2.0
-0.17709 2.6
-0.17684 3.1
-0.1766 3.7
-0.17635 4.2
-0.17611 4.7
-0.17587 5.2
-0.17562 5.6
-0.17538 6.1
-0.17513 6.5
-0.17489 6.9
-0.17464 7.3
-0.1744 7.7
-0.17416 8.0
-0.17391 8.4
-0.17367 8.6
-0.17342 8.9
-0.17318 9.1
-0.17294 9.3
-0.17269 9.5
-0.17245 9.6
-0.1722 9.7
-0.17196 9.8
-0.17171 9.9
-0.17147 9.9
-0.17123 9.8
-0.17098 9.8
-0.17074 9.7
-0.17049 9.5
-0.17025 9.4
-0.17001 9.2
-0.16976 9.0
-0.16952 8.7
-0.16927 8.4
-0.16903 8.1
-0.16879 7.8
-0.16854 7.4
-0.1683 7.0
-0.16805 6.6
-0.16781 6.1
-0.16756 5.7
-0.16732 5.2
-0.16708 4.7
-0.16683 4.2
-0.16659 3.6
-0.16634 3.1
-0.1661 2.5
-0.16586 2.0
-0.16561 1.4
-0.16537 0.8
-0.16512 0.2
-0.16488 -0.4
-0.16463 -0.9
-0.16439 -1.5
-0.16415 -2.1
-0.1639 -2.7
-0.16366 -3.2
-0.16341 -3.8
-0.16317 -4.3
-0.16293 -4.8
-0.16268 -5.4
-0.16244 -5.8
-0.16219 -6.3
-0.16195 -6.8
-0.16171 -7.2
-0.16146 -7.6
-0.16122 -8.0
-0.16097 -8.3
-0.16073 -8.6
-0.16048 -8.9
-0.16024 -9.2
-0.16 -9.4
-0.15975 -9.6
-0.15951 -9.8
-0.15926 -9.9
-0.15902 -10.0
-0.15878 -10.0
-0.15853 -10.0
-0.15829 -10.0
-0.15804 -10.0
-0.1578 -9.9
-0.15755 -9.7
-0.15731 -9.6
-0.15707 -9.4
-0.15682 -9.2
-0.15658 -8.9
-0.15633 -8.6
-0.15609 -8.3
-0.15585 -7.9
-0.1556 -7.5
-0.15536 -7.1
-0.15511 -6.7
-0.15487 -6.2
-0.15462 -5.7
-0.15438 -5.2
-0.15414 -4.7
-0.15389 -4.2
-0.15365 -3.6
-0.1534 -3.0
-0.15316 -2.4
-0.15292 -1.8
-0.15267 -1.2
-0.15243 -0.6
-0.15218 0.0
-0.15194 0.6
-0.1517 1.2
-0.15145 1.8
-0.15121 2.4
-0.15096 3.0
-0.15072 3.6
-0.15047 4.2
-0.15023 4.7
-0.14999 5.3
-0.14974 5.8
-0.1495 6.3
-0.14925 6.8
-0.14901 7.2
-0.14877 7.6
-0.14852 8.0
-0.14828 8.4
-0.14803 8.7
-0.14779 9.0
-0.14754 9.3
-0.1473 9.6
-0.14706 9.8
-0.14681 9.9
-0.14657 10.1
-0.14632 10.2
-0.14608 10.2
-0.14584 10.2
-0.14559 10.2
-0.14535 10.1
-0.1451 10.0
-0.14486 9.9
-0.14462 9.7
-0.14437 9.5
-0.14413 9.3
-0.14388 9.0
-0.14364 8.7
-0.14339 8.3
-0.14315 7.9
-0.14291 7.5
-0.14266 7.1
-0.14242 6.6
-0.14217 6.1
-0.14193 5.6
-0.14169 5.0
-0.14144 4.5
-0.1412 3.9
-0.14095 3.3
-0.14071 2.7
-0.14046 2.1
-0.14022 1.4
-0.13998 0.8
-0.13973 0.1
-0.13949 -0.5
-0.13924 -1.1
-0.139 -1.8
-0.13876 -2.4
-0.13851 -3.0
-0.13827 -3.6
-0.13802 -4.2
-0.13778 -4.8
-0.13754 -5.4
-0.13729 -5.9
-0.13705 -6.5
-0.1368 -7.0
-0.13656 -7.4
-0.13631 -7.9
-0.13607 -8.3
-0.13583 -8.7
-0.13558 -9.0
-0.13534 -9.3
-0.13509 -9.6
-0.13485 -9.8
-0.13461 -10.0
-0.13436 -10.2
-0.13412 -10.3
-0.13387 -10.4
-0.13363 -10.4
-0.13338 -10.4
-0.13314 -10.4
-0.1329 -10.3
-0.13265 -10.1
-0.13241 -10.0
-0.13216 -9.8
-0.13192 -9.5
-0.13168 -9.2
-0.13143 -8.9
-0.13119 -8.5
-0.13094 -8.1
-0.1307 -7.7
-0.13046 -7.2
-0.13021 -6.7
-0.12997 -6.2
-0.12972 -5.7
-0.12948 -5.1
-0.12923 -4.5
-0.12899 -3.9
-0.12875 -3.3
-0.1285 -2.6
-0.12826 -2.0
-0.12801 -1.3
-0.12777 -0.6
-0.12753 0.0
-0.12728 0.7
-0.12704 1.4
-0.12679 2.1
-0.12655 2.7
-0.1263 3.4
-0.12606 4.0
-0.12582 4.6
-0.12557 5.2
-0.12533 5.8
-0.12508 6.4
-0.12484 6.9
-0.1246 7.4
-0.12435 7.9
-0.12411 8.3
-0.12386 8.7
-0.12362 9.1
-0.12337 9.5
-0.12313 9.8
-0.12289 10.0
-0.12264 10.2
-0.1224 10.4
-0.12215 10.5
-0.12191 10.6
-0.12167 10.6
-0.12142 10.6
-0.12118 10.6
-0.12093 10.5
-0.12069 10.3
-0.12045 10.1
-0.1202 9.9
-0.11996 9.6
-0.11971 9.3
-0.11947 9.0
-0.11922 8.6
-0.11898 8.1
-0.11874 7.7
-0.11849 7.2
-0.11825 6.6
-0.118 6.1
-0.11776 5.5
-0.11752 4.9
-0.11727 4.2
-0.11703 3.6
-0.11678 2.9
-0.11654 2.2
-0.11629 1.5
-0.11605 0.8
-0.11581 0.0
-0.11556 -0.6
-0.11532 -1.3
-0.11507 -2.0
-0.11483 -2.7
-0.11459 -3.4
-0.11434 -4.1
-0.1141 -4.8
-0.11385 -5.4
-0.11361 -6.0
-0.11337 -6.6
-0.11312 -7.2
-0.11288 -7.7
-0.11263 -8.2
-0.11239 -8.6
-0.11214 -9.1
-0.1119 -9.4
-0.11166 -9.8
-0.11141 -10.1
-0.11117 -10.3
-0.11092 -10.5
-0.11068 -10.7
-0.11044 -10.8
-0.11019 -10.9
-0.10995 -10.9
-0.1097 -10.8
-0.10946 -10.8
-0.10921 -10.6
-0.10897 -10.4
-0.10873 -10.2
-0.10848 -9.9
-0.10824 -9.6
-0.10799 -9.2
-0.10775 -8.8
-0.10751 -8.4
-0.10726 -7.9
-0.10702 -7.3
-0.10677 -6.8
-0.10653 -6.2
-0.10629 -5.5
-0.10604 -4.9
-0.1058 -4.2
-0.10555 -3.5
-0.10531 -2.8
-0.10506 -2.1
-0.10482 -1.3
-0.10458 -0.6
-0.10433 0.2
-0.10409 0.9
-0.10384 1.7
-0.1036 2.4
-0.10336 3.2
-0.10311 3.9
-0.10287 4.6
-0.10262 5.3
-0.10238 5.9
-0.10213 6.6
-0.10189 7.2
-0.10165 7.7
-0.1014 8.3
-0.10116 8.8
-0.10091 9.2
-0.10067 9.6
-0.10043 10.0
-0.10018 10.3
-0.09994 10.6
-0.09969 10.8
-0.09945 11.0
-0.09921 11.1
-0.09896 11.1
-0.09872 11.1
-0.09847 11.1
-0.09823 11.0
-0.09798 10.8
-0.09774 10.6
-0.0975 10.3
-0.09725 10.0
-0.09701 9.7
-0.09676 9.2
-0.09652 8.8
-0.09628 8.3
-0.09603 7.7
-0.09579 7.1
-0.09554 6.5
-0.0953 5.9
-0.09505 5.2
-0.09481 4.5
-0.09457 3.7
-0.09432 3.0
-0.09408 2.2
-0.09383 1.4
-0.09359 0.6
-0.09335 -0.2
-0.0931 -1.0
-0.09286 -1.8
-0.09261 -2.6
-0.09237 -3.4
-0.09212 -4.1
-0.09188 -4.9
-0.09164 -5.6
-0.09139 -6.3
-0.09115 -7.0
-0.0909 -7.6
-0.09066 -8.2
-0.09042 -8.7
-0.09017 -9.2
-0.08993 -9.7
-0.08968 -10.1
-0.08944 -10.5
-0.0892 -10.8
-0.08895 -11.0
-0.08871 -11.2
-0.08846 -11.3
-0.08822 -11.4
-0.08797 -11.4
-0.08773 -11.4
-0.08749 -11.3
-0.08724 -11.1
-0.087 -10.9
-0.08675 -10.6
-0.08651 -10.3
-0.08627 -9.9
-0.08602 -9.4
-0.08578 -8.9
-0.08553 -8.4
-0.08529 -7.8
-0.08504 -7.1
-0.0848 -6.4
-0.08456 -5.7
-0.08431 -5.0
-0.08407 -4.2
-0.08382 -3.4
-0.08358 -2.6
-0.08334 -1.7
-0.08309 -0.9
-0.08285 0.0
-0.0826 0.8
-0.08236 1.7
-0.08212 2.5
-0.08187 3.4
-0.08163 4.2
-0.08138 5.0
-0.08114 5.8
-0.08089 6.5
-0.08065 7.2
-0.08041 7.9
-0.08016 8.5
-0.07992 9.1
-0.07967 9.6
-0.07943 10.1
-0.07919 10.5
-0.07894 10.9
-0.0787 11.2
-0.07845 11.4
-0.07821 11.6
-0.07796 11.7
-0.07772 11.8
-0.07748 11.7
-0.07723 11.6
-0.07699 11.5
-0.07674 11.3
-0.0765 11.0
-0.07626 10.6
-0.07601 10.2
-0.07577 9.7
-0.07552 9.2
-0.07528 8.6
-0.07504 7.9
-0.07479 7.2
-0.07455 6.5
-0.0743 5.7
-0.07406 4.9
-0.07381 4.1
-0.07357 3.2
-0.07333 2.3
-0.07308 1.4
-0.07284 0.5
-0.07259 -0.4
-0.07235 -1.3
-0.07211 -2.3
-0.07186 -3.2
-0.07162 -4.1
-0.07137 -4.9
-0.07113 -5.8
-0.07088 -6.6
-0.07064 -7.3
-0.0704 -8.1
-0.07015 -8.7
-0.06991 -9.4
-0.06966 -9.9
-0.06942 -10.5
-0.06918 -10.9
-0.06893 -11.3
-0.06869 -11.6
-0.06844 -11.8
-0.0682 -12.0
-0.06796 -12.1
-0.06771 -12.1
-0.06747 -12.1
-0.06722 -11.9
-0.06698 -11.7
-0.06673 -11.4
-0.06649 -11.1
-0.06625 -10.6
-0.066 -10.1
-0.06576 -9.6
-0.06551 -9.0
-0.06527 -8.3
-0.06503 -7.5
-0.06478 -6.7
-0.06454 -5.9
-0.06429 -5.0
-0.06405 -4.1
-0.0638 -3.1
-0.06356 -2.2
-0.06332 -1.2
-0.06307 -0.2
-0.06283 0.8
-0.06258 1.8
-0.06234 2.8
-0.0621 3.8
-0.06185 4.7
-0.06161 5.6
-0.06136 6.5
-0.06112 7.4
-0.06087 8.2
-0.06063 8.9
-0.06039 9.6
-0.06014 10.2
-0.0599 10.8
-0.05965 11.3
-0.05941 11.7
-0.05917 12.0
-0.05892 12.3
-0.05868 12.5
-0.05843 12.5
-0.05819 12.5
-0.05795 12.4
-0.0577 12.3
-0.05746 12.0
-0.05721 11.6
-0.05697 11.2
-0.05672 10.7
-0.05648 10.1
-0.05624 9.4
-0.05599 8.7
-0.05575 7.9
-0.0555 7.0
-0.05526 6.1
-0.05502 5.2
-0.05477 4.2
-0.05453 3.1
-0.05428 2.1
-0.05404 1.0
-0.05379 -0.1
-0.05355 -1.2
-0.05331 -2.3
-0.05306 -3.4
-0.05282 -4.4
-0.05257 -5.5
-0.05233 -6.5
-0.05209 -7.4
-0.05184 -8.3
-0.0516 -9.1
-0.05135 -9.9
-0.05111 -10.6
-0.05087 -11.2
-0.05062 -11.7
-0.05038 -12.2
-0.05013 -12.5
-0.04989 -12.8
-0.04964 -13.0
-0.0494 -13.0
-0.04916 -13.0
-0.04891 -12.8
-0.04867 -12.6
-0.04842 -12.3
-0.04818 -11.8
-0.04794 -11.3
-0.04769 -10.7
-0.04745 -9.9
-0.0472 -9.1
-0.04696 -8.3
-0.04671 -7.3
-0.04647 -6.3
-0.04623 -5.3
-0.04598 -4.1
-0.04574 -3.0
-0.04549 -1.8
-0.04525 -0.6
-0.04501 0.6
-0.04476 1.8
-0.04452 3.0
-0.04427 4.2
-0.04403 5.3
-0.04379 6.4
-0.04354 7.5
-0.0433 8.5
-0.04305 9.4
-0.04281 10.3
-0.04256 11.1
-0.04232 11.8
-0.04208 12.3
-0.04183 12.8
-0.04159 13.2
-0.04134 13.4
-0.0411 13.6
-0.04086 13.6
-0.04061 13.5
-0.04037 13.3
-0.04012 12.9
-0.03988 12.5
-0.03963 11.9
-0.03939 11.2
-0.03915 10.4
-0.0389 9.5
-0.03866 8.5
-0.03841 7.5
-0.03817 6.3
-0.03793 5.1
-0.03768 3.9
-0.03744 2.6
-0.03719 1.2
-0.03695 -0.1
-0.03671 -1.5
-0.03646 -2.8
-0.03622 -4.2
-0.03597 -5.5
-0.03573 -6.7
-0.03548 -7.9
-0.03524 -9.0
-0.035 -10.1
-0.03475 -11.0
-0.03451 -11.9
-0.03426 -12.6
-0.03402 -13.2
-0.03378 -13.7
-0.03353 -14.0
-0.03329 -14.2
-0.03304 -14.3
-0.0328 -14.2
-0.03255 -14.0
-0.03231 -13.6
-0.03207 -13.1
-0.03182 -12.4
-0.03158 -11.6
-0.03133 -10.7
-0.03109 -9.6
-0.03085 -8.5
-0.0306 -7.2
-0.03036 -5.9
-0.03011 -4.4
-0.02987 -3.0
-0.02962 -1.5
-0.02938 0.0
-0.02914 1.6
-0.02889 3.2
-0.02865 4.7
-0.0284 6.2
-0.02816 7.6
-0.02792 8.9
-0.02767 10.2
-0.02743 11.3
-0.02718 12.3
-0.02694 13.2
-0.0267 13.9
-0.02645 14.5
-0.02621 14.9
-0.02596 15.1
-0.02572 15.1
-0.02547 15.0
-0.02523 14.7
-0.02499 14.1
-0.02474 13.4
-0.0245 12.5
-0.02425 11.5
-0.02401 10.3
-0.02377 8.9
-0.02352 7.5
-0.02328 5.9
-0.02303 4.2
-0.02279 2.5
-0.02254 0.7
-0.0223 -1.2
-0.02206 -3.0
-0.02181 -4.8
-0.02157 -6.5
-0.02132 -8.2
-0.02108 -9.8
-0.02084 -11.2
-0.02059 -12.5
-0.02035 -13.7
-0.0201 -14.6
-0.01986 -15.4
-0.01962 -15.9
-0.01937 -16.2
-0.01913 -16.2
-0.01888 -16.1
-0.01864 -15.6
-0.01839 -14.9
-0.01815 -14.0
-0.01791 -12.8
-0.01766 -11.5
-0.01742 -9.9
-0.01717 -8.1
-0.01693 -6.2
-0.01669 -4.2
-0.01644 -2.1
-0.0162 0.1
-0.01595 2.4
-0.01571 4.6
-0.01546 6.7
-0.01522 8.8
-0.01498 10.7
-0.01473 12.5
-0.01449 14.0
-0.01424 15.4
-0.014 16.4
-0.01376 17.2
-0.01351 17.6
-0.01327 17.7
-0.01302 17.4
-0.01278 16.8
-0.01254 15.9
-0.01229 14.6
-0.01205 12.9
-0.0118 11.0
-0.01156 8.8
-0.01131 6.4
-0.01107 3.7
-0.01083 1.0
-0.01058 -1.8
-0.01034 -4.7
-0.01009 -7.4
-0.00985 -10.1
-0.00961 -12.5
-0.00936 -14.7
-0.00912 -16.6
-0.00887 -18.1
-0.00863 -19.1
-0.00838 -19.6
-0.00814 -19.6
-0.0079 -19.1
-0.00765 -17.9
-0.00741 -16.3
-0.00716 -14.1
-0.00692 -11.4
-0.00668 -8.3
-0.00643 -4.8
-0.00619 -1.1
-0.00594 2.7
-0.0057 6.6
-0.00546 10.3
-0.00521 13.8
-0.00497 16.9
-0.00472 19.4
-0.00448 21.2
-0.00423 22.2
-0.00399 22.2
-0.00375 21.3
-0.0035 19.4
-0.00326 16.5
-0.00301 12.7
-0.00277 8.0
-0.00253 2.8
-0.00228 -2.8
-0.00204 -8.5
-0.00179 -13.9
-0.00155 -18.7
-0.0013 -22.4
-0.00106 -24.7
-0.00082 -25.2
-0.00057 -23.7
-0.00033 -20.1
-8e-05 -14.4
0.00016 -7.1
0.0004 1.1
0.00065 9.4
0.00089 16.7
0.00114 21.9
0.00138 24.1
0.00163 22.9
0.00187 18.5
0.00211 11.4
0.00236 3.0
0.0026 -5.4
0.00285 -12.3
0.00309 -16.6
0.00333 -17.6
0.00358 -15.4
0.00382 -10.7
0.00407 -4.6
0.00431 1.7
0.00455 6.8
0.0048 10.0
0.00504 10.9
0.00529 9.5
0.00553 6.5
0.00578 2.6
0.00602 -1.3
0.00626 -4.3
0.00651 -6.1
0.00675 -6.3
0.007 -5.2
0.00724 -3.2
0.00748 -0.9
0.00773 1.3
0.00797 2.9
0.00822 3.7
0.00846 3.5
0.00871 2.7
0.00895 1.4
0.00919 0.0
0.00944 -1.2
0.00968 -2.0
0.00993 -2.2
0.01017 -1.9
0.01041 -1.3
0.01066 -0.5
0.0109 0.3
0.01115 0.9
0.01139 1.3
0.01163 1.3
0.01188 1.0
0.01212 0.6
0.01237 0.0
0.01261 -0.4
0.01286 -0.7
0.0131 -0.8
0.01334 -0.7
0.01359 -0.5
0.01383 -0.2
0.01408 0.0
0.01432 0.3
0.01456 0.4
0.01481 0.5
0.01505 0.4
0.0153 0.2
0.01554 0.0
0.01579 -0.1
0.01603 -0.2
0.01627 -0.3
0.01652 -0.3
0.01676 -0.2
0.01701 0.0
0.01725 0.0
0.01749 0.0
0.01774 0.1
0.01798 0.2
0.01823 0.1
0.01847 0.0
0.01871 0.0
0.01896 0.0
0.0192 0.0
0.01945 0.0
0.01969 0.0
0.01994 0.0
0.02018 0.0
0.02042 0.0
0.02067 0.0
0.02091 0.0
0.02116 0.0
0.0214 0.0
0.02164 0.0
0.02189 0.0
0.02213 0.0
0.02238 0.0
0.02262 0.0
0.02287 0.0
0.02311 0.0
0.02335 0.0
0.0236 0.0
0.02384 0.0
0.02409 0.0
0.02433 0.0
0.02457 0.0
0.02482 0.0
0.02506 0.0
0.02531 0.0
0.02555 0.0
0.02579 0.0
0.02604 0.0
0.02628 0.0
0.02653 0.0
0.02677 0.0
0.02702 0.0
0.02726 0.0
0.0275 0.0
0.02775 0.0
0.02799 0.0
0.02824 0.0
0.02848 0.0
0.02872 0.0
0.02897 0.0
0.02921 0.0
0.02946 0.0
0.0297 0.0
0.02995 0.0
0.03019 0.0
0.03043 0.0
0.03068 0.0
0.03092 0.0
0.03117 0.0
0.03141 0.0
0.03165 0.0
0.0319 0.0
0.03214 0.0
0.03239 0.0
0.03263 0.0
0.03288 0.0
0.03312 0.0
0.03336 0.0
0.03361 0.0
0.03385 0.0
0.0341 0.0
0.03434 0.0
0.03458 0.0
0.03483 0.0
0.03507 0.0
0.03532 0.0
0.03556 0.0
0.0358 0.0
0.03605 0.0
0.03629 0.0
0.03654 0.0
0.03678 0.0
0.03703 0.0
0.03727 0.0
0.03751 0.0
0.03776 0.0
0.038 0.0
0.03825 0.0
0.03849 0.0
0.03873 0.0
0.03898 0.0
0.03922 0.0
0.03947 0.0
0.03971 0.0
0.03996 0.0
0.0402 0.0
0.04044 0.0
0.04069 0.0
0.04093 0.0
0.04118 0.0
0.04142 0.0
0.04166 0.0
0.04191 0.0
0.04215 0.0
0.0424 0.0
0.04264 0.0
0.04288 0.0
0.04313 0.0
0.04337 0.0
0.04362 0.0
0.04386 0.0
0.04411 0.0
0.04435 0.0
0.04459 0.0
0.04484 0.0
0.04508 0.0
0.04533 0.0
0.04557 0.0
0.04581 0.0
0.04606 0.0
0.0463 0.0
0.04655 0.0
0.04679 0.0
0.04704 0.0
0.04728 0.0
0.04752 0.0
0.04777 0.0
0.04801 0.0
0.04826 0.0
0.0485 0.0
0.04874 0.0
0.04899 0.0
0.04923 0.0
0.04948 0.0
0.04972 0.0
0.04996 0.0
0.05021 0.0
0.05045 0.0
0.0507 0.0
0.05094 0.0
0.05119 0.0
0.05143 0.0
0.05167 0.0
0.05192 0.0
0.05216 0.0
0.05241 0.0
0.05265 0.0
0.05289 0.0
0.05314 0.0
0.05338 0.0
0.05363 0.0
0.05387 0.0
0.05412 0.0
0.05436 0.0
0.0546 0.0
0.05485 0.0
0.05509 0.0
0.05534 0.0
0.05558 0.0
0.05582 0.0
0.05607 0.0
0.05631 0.0
0.05656 0.0
0.0568 0.0
0.05704 0.0
0.05729 0.0
0.05753 0.0
0.05778 0.0
0.05802 0.0
0.05827 0.0
0.05851 0.0
0.05875 0.0
0.059 0.0
0.05924 0.0
0.05949 0.0
0.05973 0.0
0.05997 0.0
0.06022 0.0
0.06046 0.0
0.06071 0.0
0.06095 0.0
0.0612 0.0
0.06144 0.0
0.06168 0.0
0.06193 0.0
0.06217 0.0
0.06242 0.0
0.06266 0.0
0.0629 0.0
0.06315 0.0
0.06339 0.0
0.06364 0.0
0.06388 0.0
0.06413 0.0
0.06437 0.0
0.06461 0.0
0.06486 0.0
0.0651 0.0
0.06535 0.0
0.06559 0.0
0.06583 0.0
0.06608 0.0
0.06632 0.0
0.06657 0.0
0.06681 0.0
0.06705 0.0
0.0673 0.0
0.06754 0.0
0.06779 0.0
0.06803 0.0
0.06828 0.0
0.06852 0.0
0.06876 0.0
0.06901 0.0
0.06925 0.0
0.0695 0.0
0.06974 0.0
0.06998 0.0
0.07023 0.0
0.07047 0.0
0.07072 0.0
0.07096 0.0
0.07121 0.0
0.07145 0.0
0.07169 0.0
0.07194 0.0
0.07218 0.0
0.07243 0.0
0.07267 0.0
0.07291 0.0
0.07316 0.0
0.0734 0.0
0.07365 0.0
0.07389 0.0
0.07413 0.0
0.07438 0.0
0.07462 0.0
0.07487 0.0
0.07511 0.0
0.07536 0.0
0.0756 0.0
0.07584 0.0
0.07609 0.0
0.07633 0.0
0.07658 0.0
0.07682 0.0
0.07706 0.0
0.07731 0.0
0.07755 0.0
0.0778 0.0
0.07804 0.0
0.07829 0.0
0.07853 0.0
0.07877 0.0
0.07902 0.0
0.07926 0.0
0.07951 0.0
0.07975 0.0
0.07999 0.0
0.08024 0.0
0.08048 0.0
0.08073 0.0
0.08097 0.0
0.08121 0.0
0.08146 0.0
0.0817 0.0
0.08195 0.0
0.08219 0.0
0.08244 0.0
0.08268 0.0
0.08292 0.0
0.08317 0.0
0.08341 0.0
0.08366 0.0
0.0839 0.0
0.08414 0.0
0.08439 0.0
0.08463 0.0
0.08488 0.0
0.08512 0.0
0.08537 0.0
0.08561 0.0
0.08585 0.0
0.0861 0.0
0.08634 0.0
0.08659 0.0
0.08683 0.0
0.08707 0.0
0.08732 0.0
0.08756 0.0
0.08781 0.0
0.08805 0.0
0.08829 0.0
0.08854 0.0
0.08878 0.0
0.08903 0.0
0.08927 0.0
0.08952 0.0
0.08976 0.0
0.09 0.0
0.09025 0.0
0.09049 0.0
0.09074 0.0
0.09098 0.0
0.09122 0.0
0.09147 0.0
0.09171 0.0
0.09196 0.0
0.0922 0.0
0.09245 0.0
0.09269 0.0
0.09293 0.0
0.09318 0.0
0.09342 0.0
0.09367 0.0
0.09391 0.0
0.09415 0.0
0.0944 0.0
0.09464 0.0
0.09489 0.0
0.09513 0.0
0.09538 0.0
0.09562 0.0
0.09586 0.0
0.09611 0.0
0.09635 0.0
0.0966 0.0
0.09684 0.0
0.09708 0.0
0.09733 0.0
0.09757 0.0
0.09782 0.0
0.09806 0.0
0.0983 0.0
0.09855 0.0
0.09879 0.0
0.09904 0.0
0.09928 0.0
0.09953 0.0
0.09977 0.0
0.10001 0.0
0.10026 0.0
0.1005 0.0
0.10075 0.0
0.10099 0.0
0.10123 0.0
0.10148 0.0
0.10172 0.0
0.10197 0.0
0.10221 0.0
0.10246 0.0
0.1027 0.0
0.10294 0.0
0.10319 0.0
0.10343 0.0
0.10368 0.0
0.10392 0.0
0.10416 0.0
0.10441 0.0
0.10465 0.0
0.1049 0.0
0.10514 0.0
0.10538 0.0
0.10563 0.0
0.10587 0.0
0.10612 0.0
0.10636 0.0
0.10661 0.0
0.10685 0.0
0.10709 0.0
0.10734 0.0
0.10758 0.0
0.10783 0.0
0.10807 0.0
0.10831 0.0
0.10856 0.0
0.1088 0.0
0.10905 0.0
0.10929 0.0
0.10954 0.0
0.10978 0.0
0.11002 0.0
0.11027 0.0
0.11051 0.0
0.11076 0.0
0.111 0.0
0.11124 0.0
0.11149 0.0
0.11173 0.0
0.11198 0.0
0.11222 0.0
0.11246 0.0
0.11271 0.0
0.11295 0.0
0.1132 0.0
0.11344 0.0
0.11369 0.0
0.11393 0.0
0.11417 0.0
0.11442 0.0
0.11466 0.0
0.11491 0.0
0.11515 0.0
0.11539 0.0
0.11564 0.0
0.11588 0.0
0.11613 0.0
0.11637 0.0
0.11662 0.0
0.11686 0.0
0.1171 0.0
0.11735 0.0
0.11759 0.0
0.11784 0.0
0.11808 0.0
0.11832 0.0
0.11857 0.0
0.11881 0.0
0.11906 0.0
0.1193 0.0
0.11954 0.0
0.11979 0.0
0.12003 0.0
0.12028 0.0
0.12052 0.0
0.12077 0.0
0.12101 0.0
0.12125 0.0
0.1215 0.0
0.12174 0.0
0.12199 0.0
0.12223 0.0
0.12247 0.0
0.12272 0.0
0.12296 0.0
0.12321 0.0
0.12345 0.0
0.1237 0.0
0.12394 0.0
0.12418 0.0
