t strain*1e23
-1.57412 -7.8
-1.57388 -7.7
-1.57363 -7.6
-1.57339 -7.6
-1.57314 -7.5
-1.5729 -7.4
-1.57266 -7.3
-1.57241 -7.2
-1.57217 -7.0
-1.57192 -6.9
-1.57168 -6.7
-1.57144 -6.6
-1.57119 -6.4
-1.57095 -6.2
-1.5707 -6.0
-1.57046 -5.9
-1.57022 -5.6
-1.56997 -5.4
-1.56973 -5.2
-1.56948 -5.0
-1.56924 -4.7
-1.56899 -4.5
-1.56875 -4.3
-1.56851 -4.0
-1.56826 -3.7
-1.56802 -3.5
-1.56777 -3.2
-1.56753 -2.9
-1.56729 -2.6
-1.56704 -2.3
-1.5668 -2.1
-1.56655 -1.8
-1.56631 -1.5
-1.56606 -1.2
-1.56582 -0.9
-1.56558 -0.6
-1.56533 -0.3
-1.56509 0.0
-1.56484 0.3
-1.5646 0.6
-1.56436 0.9
-1.56411 1.2
-1.56387 1.5
-1.56362 1.8
-1.56338 2.1
-1.56314 2.4
-1.56289 2.7
-1.56265 3.0
-1.5624 3.3
-1.56216 3.5
-1.56191 3.8
-1.56167 4.1
-1.56143 4.3
-1.56118 4.6
-1.56094 4.8
-1.56069 5.0
-1.56045 5.3
-1.56021 5.5
-1.55996 5.7
-1.55972 5.9
-1.55947 6.1
-1.55923 6.3
-1.55898 6.5
-1.55874 6.6
-1.5585 6.8
-1.55825 6.9
-1.55801 7.1
-1.55776 7.2
-1.55752 7.3
-1.55728 7.4
-1.55703 7.5
-1.55679 7.6
-1.55654 7.7
-1.5563 7.7
-1.55606 7.8
-1.55581 7.8
-1.55557 7.9
-1.55532 7.9
-1.55508 7.9
-1.55483 7.9
-1.55459 7.8
-1.55435 7.8
-1.5541 7.8
-1.55386 7.7
-1.55361 7.6
-1.55337 7.6
-1.55313 7.5
-1.55288 7.4
-1.55264 7.3
-1.55239 7.1
-1.55215 7.0
-1.5519 6.9
-1.55166 6.7
-1.55142 6.5
-1.55117 6.4
-1.55093 6.2
-1.55068 6.0
-1.55044 5.8
-1.5502 5.6
-1.54995 5.4
-1.54971 5.1
-1.54946 4.9
-1.54922 4.7
-1.54897 4.4
-1.54873 4.2
-1.54849 3.9
-1.54824 3.6
-1.548 3.4
-1.54775 3.1
-1.54751 2.8
-1.54727 2.5
-1.54702 2.2
-1.54678 1.9
-1.54653 1.6
-1.54629 1.3
-1.54605 1.0
-1.5458 0.7
-1.54556 0.4
-1.54531 0.1
-1.54507 -0.2
-1.54482 -0.5
-1.54458 -0.8
-1.54434 -1.1
-1.54409 -1.4
-1.54385 -1.7
-1.5436 -2.0
-1.54336 -2.3
-1.54312 -2.6
-1.54287 -2.8
-1.54263 -3.1
-1.54238 -3.4
-1.54214 -3.7
-1.54189 -3.9
-1.54165 -4.2
-1.54141 -4.5
-1.54116 -4.7
-1.54092 -4.9
-1.54067 -5.2
-1.54043 -5.4
-1.54019 -5.6
-1.53994 -5.8
-1.5397 -6.0
-1.53945 -6.2
-1.53921 -6.4
-1.53897 -6.6
-1.53872 -6.7
-1.53848 -6.9
-1.53823 -7.0
-1.53799 -7.2
-1.53774 -7.3
-1.5375 -7.4
-1.53726 -7.5
-1.53701 -7.6
-1.53677 -7.7
-1.53652 -7.7
-1.53628 -7.8
-1.53604 -7.8
-1.53579 -7.9
-1.53555 -7.9
-1.5353 -7.9
-1.53506 -7.9
-1.53481 -7.9
-1.53457 -7.8
-1.53433 -7.8
-1.53408 -7.8
-1.53384 -7.7
-1.53359 -7.6
-1.53335 -7.5
-1.53311 -7.4
-1.53286 -7.3
-1.53262 -7.2
-1.53237 -7.1
-1.53213 -6.9
-1.53189 -6.8
-1.53164 -6.6
-1.5314 -6.4
-1.53115 -6.3
-1.53091 -6.1
-1.53066 -5.9
-1.53042 -5.7
-1.53018 -5.4
-1.52993 -5.2
-1.52969 -5.0
-1.52944 -4.7
-1.5292 -4.5
-1.52896 -4.2
-1.52871 -4.0
-1.52847 -3.7
-1.52822 -3.4
-1.52798 -3.2
-1.52773 -2.9
-1.52749 -2.6
-1.52725 -2.3
-1.527 -2.0
-1.52676 -1.7
-1.52651 -1.4
-1.52627 -1.1
-1.52603 -0.8
-1.52578 -0.5
-1.52554 -0.2
-1.52529 0.1
-1.52505 0.4
-1.52481 0.7
-1.52456 1.0
-1.52432 1.3
-1.52407 1.6
-1.52383 1.9
-1.52358 2.2
-1.52334 2.5
-1.5231 2.8
-1.52285 3.1
-1.52261 3.4
-1.52236 3.7
-1.52212 3.9
-1.52188 4.2
-1.52163 4.4
-1.52139 4.7
-1.52114 4.9
-1.5209 5.2
-1.52065 5.4
-1.52041 5.6
-1.52017 5.8
-1.51992 6.0
-1.51968 6.2
-1.51943 6.4
-1.51919 6.6
-1.51895 6.8
-1.5187 6.9
-1.51846 7.1
-1.51821 7.2
-1.51797 7.3
-1.51772 7.4
-1.51748 7.5
-1.51724 7.6
-1.51699 7.7
-1.51675 7.8
-1.5165 7.8
-1.51626 7.9
-1.51602 7.9
-1.51577 7.9
-1.51553 7.9
-1.51528 7.9
-1.51504 7.9
-1.5148 7.9
-1.51455 7.8
-1.51431 7.8
-1.51406 7.7
-1.51382 7.6
-1.51357 7.5
-1.51333 7.4
-1.51309 7.3
-1.51284 7.2
-1.5126 7.1
-1.51235 6.9
-1.51211 6.8
-1.51187 6.6
-1.51162 6.4
-1.51138 6.3
-1.51113 6.1
-1.51089 5.9
-1.51064 5.7
-1.5104 5.4
-1.51016 5.2
-1.50991 5.0
-1.50967 4.7
-1.50942 4.5
-1.50918 4.2
-1.50894 4.0
-1.50869 3.7
-1.50845 3.4
-1.5082 3.1
-1.50796 2.8
-1.50772 2.6
-1.50747 2.3
-1.50723 2.0
-1.50698 1.7
-1.50674 1.4
-1.50649 1.1
-1.50625 0.8
-1.50601 0.4
-1.50576 0.1
-1.50552 -0.2
-1.50527 -0.5
-1.50503 -0.8
-1.50479 -1.1
-1.50454 -1.4
-1.5043 -1.7
-1.50405 -2.0
-1.50381 -2.3
-1.50356 -2.6
-1.50332 -2.9
-1.50308 -3.2
-1.50283 -3.5
-1.50259 -3.7
-1.50234 -4.0
-1.5021 -4.3
-1.50186 -4.5
-1.50161 -4.8
-1.50137 -5.0
-1.50112 -5.3
-1.50088 -5.5
-1.50064 -5.7
-1.50039 -5.9
-1.50015 -6.1
-1.4999 -6.3
-1.49966 -6.5
-1.49941 -6.7
-1.49917 -6.8
-1.49893 -7.0
-1.49868 -7.1
-1.49844 -7.3
-1.49819 -7.4
-1.49795 -7.5
-1.49771 -7.6
-1.49746 -7.7
-1.49722 -7.7
-1.49697 -7.8
-1.49673 -7.9
-1.49648 -7.9
-1.49624 -7.9
-1.496 -7.9
-1.49575 -7.9
-1.49551 -7.9
-1.49526 -7.9
-1.49502 -7.9
-1.49478 -7.8
-1.49453 -7.8
-1.49429 -7.7
-1.49404 -7.6
-1.4938 -7.5
-1.49356 -7.4
-1.49331 -7.3
-1.49307 -7.2
-1.49282 -7.0
-1.49258 -6.9
-1.49233 -6.7
-1.49209 -6.6
-1.49185 -6.4
-1.4916 -6.2
-1.49136 -6.0
-1.49111 -5.8
-1.49087 -5.6
-1.49063 -5.3
-1.49038 -5.1
-1.49014 -4.9
-1.48989 -4.6
-1.48965 -4.4
-1.4894 -4.1
-1.48916 -3.8
-1.48892 -3.6
-1.48867 -3.3
-1.48843 -3.0
-1.48818 -2.7
-1.48794 -2.4
-1.4877 -2.1
-1.48745 -1.8
-1.48721 -1.5
-1.48696 -1.2
-1.48672 -0.9
-1.48647 -0.6
-1.48623 -0.3
-1.48599 0.0
-1.48574 0.4
-1.4855 0.7
-1.48525 1.0
-1.48501 1.3
-1.48477 1.6
-1.48452 1.9
-1.48428 2.2
-1.48403 2.5
-1.48379 2.8
-1.48355 3.1
-1.4833 3.4
-1.48306 3.6
-1.48281 3.9
-1.48257 4.2
-1.48232 4.4
-1.48208 4.7
-1.48184 5.0
-1.48159 5.2
-1.48135 5.4
-1.4811 5.6
-1.48086 5.9
-1.48062 6.1
-1.48037 6.3
-1.48013 6.5
-1.47988 6.6
-1.47964 6.8
-1.47939 7.0
-1.47915 7.1
-1.47891 7.2
-1.47866 7.4
-1.47842 7.5
-1.47817 7.6
-1.47793 7.7
-1.47769 7.7
-1.47744 7.8
-1.4772 7.9
-1.47695 7.9
-1.47671 7.9
-1.47647 8.0
-1.47622 8.0
-1.47598 8.0
-1.47573 7.9
-1.47549 7.9
-1.47524 7.9
-1.475 7.8
-1.47476 7.7
-1.47451 7.7
-1.47427 7.6
-1.47402 7.5
-1.47378 7.4
-1.47354 7.2
-1.47329 7.1
-1.47305 6.9
-1.4728 6.8
-1.47256 6.6
-1.47231 6.4
-1.47207 6.2
-1.47183 6.0
-1.47158 5.8
-1.47134 5.6
-1.47109 5.4
-1.47085 5.2
-1.47061 4.9
-1.47036 4.7
-1.47012 4.4
-1.46987 4.1
-1.46963 3.9
-1.46939 3.6
-1.46914 3.3
-1.4689 3.0
-1.46865 2.7
-1.46841 2.4
-1.46816 2.1
-1.46792 1.8
-1.46768 1.5
-1.46743 1.2
-1.46719 0.9
-1.46694 0.6
-1.4667 0.3
-1.46646 0.0
-1.46621 -0.3
-1.46597 -0.7
-1.46572 -1.0
-1.46548 -1.3
-1.46523 -1.6
-1.46499 -1.9
-1.46475 -2.2
-1.4645 -2.5
-1.46426 -2.8
-1.46401 -3.1
-1.46377 -3.4
-1.46353 -3.7
-1.46328 -3.9
-1.46304 -4.2
-1.46279 -4.5
-1.46255 -4.7
-1.46231 -5.0
-1.46206 -5.2
-1.46182 -5.5
-1.46157 -5.7
-1.46133 -5.9
-1.46108 -6.1
-1.46084 -6.3
-1.4606 -6.5
-1.46035 -6.7
-1.46011 -6.8
-1.45986 -7.0
-1.45962 -7.1
-1.45938 -7.3
-1.45913 -7.4
-1.45889 -7.5
-1.45864 -7.6
-1.4584 -7.7
-1.45815 -7.8
-1.45791 -7.8
-1.45767 -7.9
-1.45742 -7.9
-1.45718 -8.0
-1.45693 -8.0
-1.45669 -8.0
-1.45645 -8.0
-1.4562 -8.0
-1.45596 -7.9
-1.45571 -7.9
-1.45547 -7.8
-1.45522 -7.8
-1.45498 -7.7
-1.45474 -7.6
-1.45449 -7.5
-1.45425 -7.4
-1.454 -7.2
-1.45376 -7.1
-1.45352 -6.9
-1.45327 -6.8
-1.45303 -6.6
-1.45278 -6.4
-1.45254 -6.2
-1.4523 -6.0
-1.45205 -5.8
-1.45181 -5.6
-1.45156 -5.4
-1.45132 -5.1
-1.45107 -4.9
-1.45083 -4.6
-1.45059 -4.4
-1.45034 -4.1
-1.4501 -3.8
-1.44985 -3.5
-1.44961 -3.2
-1.44937 -3.0
-1.44912 -2.7
-1.44888 -2.4
-1.44863 -2.1
-1.44839 -1.7
-1.44814 -1.4
-1.4479 -1.1
-1.44766 -0.8
-1.44741 -0.5
-1.44717 -0.2
-1.44692 0.1
-1.44668 0.5
-1.44644 0.8
-1.44619 1.1
-1.44595 1.4
-1.4457 1.7
-1.44546 2.0
-1.44522 2.3
-1.44497 2.6
-1.44473 2.9
-1.44448 3.2
-1.44424 3.5
-1.44399 3.8
-1.44375 4.1
-1.44351 4.3
-1.44326 4.6
-1.44302 4.8
-1.44277 5.1
-1.44253 5.3
-1.44229 5.6
-1.44204 5.8
-1.4418 6.0
-1.44155 6.2
-1.44131 6.4
-1.44106 6.6
-1.44082 6.8
-1.44058 6.9
-1.44033 7.1
-1.44009 7.2
-1.43984 7.4
-1.4396 7.5
-1.43936 7.6
-1.43911 7.7
-1.43887 7.8
-1.43862 7.8
-1.43838 7.9
-1.43814 7.9
-1.43789 8.0
-1.43765 8.0
-1.4374 8.0
-1.43716 8.0
-1.43691 8.0
-1.43667 8.0
-1.43643 7.9
-1.43618 7.9
-1.43594 7.8
-1.43569 7.7
-1.43545 7.6
-1.43521 7.5
-1.43496 7.4
-1.43472 7.3
-1.43447 7.2
-1.43423 7.0
-1.43398 6.9
-1.43374 6.7
-1.4335 6.5
-1.43325 6.3
-1.43301 6.1
-1.43276 5.9
-1.43252 5.7
-1.43228 5.5
-1.43203 5.2
-1.43179 5.0
-1.43154 4.7
-1.4313 4.5
-1.43106 4.2
-1.43081 3.9
-1.43057 3.6
-1.43032 3.3
-1.43008 3.1
-1.42983 2.8
-1.42959 2.5
-1.42935 2.2
-1.4291 1.8
-1.42886 1.5
-1.42861 1.2
-1.42837 0.9
-1.42813 0.6
-1.42788 0.3
-1.42764 0.0
-1.42739 -0.4
-1.42715 -0.7
-1.4269 -1.0
-1.42666 -1.3
-1.42642 -1.6
-1.42617 -1.9
-1.42593 -2.3
-1.42568 -2.6
-1.42544 -2.9
-1.4252 -3.2
-1.42495 -3.4
-1.42471 -3.7
-1.42446 -4.0
-1.42422 -4.3
-1.42397 -4.5
-1.42373 -4.8
-1.42349 -5.1
-1.42324 -5.3
-1.423 -5.5
-1.42275 -5.8
-1.42251 -6.0
-1.42227 -6.2
-1.42202 -6.4
-1.42178 -6.6
-1.42153 -6.8
-1.42129 -6.9
-1.42105 -7.1
-1.4208 -7.2
-1.42056 -7.4
-1.42031 -7.5
-1.42007 -7.6
-1.41982 -7.7
-1.41958 -7.8
-1.41934 -7.9
-1.41909 -7.9
-1.41885 -8.0
-1.4186 -8.0
-1.41836 -8.0
-1.41812 -8.0
-1.41787 -8.0
-1.41763 -8.0
-1.41738 -8.0
-1.41714 -8.0
-1.41689 -7.9
-1.41665 -7.8
-1.41641 -7.8
-1.41616 -7.7
-1.41592 -7.6
-1.41567 -7.5
-1.41543 -7.3
-1.41519 -7.2
-1.41494 -7.0
-1.4147 -6.9
-1.41445 -6.7
-1.41421 -6.5
-1.41397 -6.3
-1.41372 -6.1
-1.41348 -5.9
-1.41323 -5.7
-1.41299 -5.5
-1.41274 -5.2
-1.4125 -5.0
-1.41226 -4.7
-1.41201 -4.5
-1.41177 -4.2
-1.41152 -3.9
-1.41128 -3.6
-1.41104 -3.3
-1.41079 -3.1
-1.41055 -2.8
-1.4103 -2.4
-1.41006 -2.1
-1.40981 -1.8
-1.40957 -1.5
-1.40933 -1.2
-1.40908 -0.9
-1.40884 -0.6
-1.40859 -0.2
-1.40835 0.0
-1.40811 0.4
-1.40786 0.7
-1.40762 1.0
-1.40737 1.4
-1.40713 1.7
-1.40689 2.0
-1.40664 2.3
-1.4064 2.6
-1.40615 2.9
-1.40591 3.2
-1.40566 3.5
-1.40542 3.8
-1.40518 4.1
-1.40493 4.3
-1.40469 4.6
-1.40444 4.9
-1.4042 5.1
-1.40396 5.4
-1.40371 5.6
-1.40347 5.8
-1.40322 6.0
-1.40298 6.3
-1.40273 6.5
-1.40249 6.6
-1.40225 6.8
-1.402 7.0
-1.40176 7.1
-1.40151 7.3
-1.40127 7.4
-1.40103 7.5
-1.40078 7.6
-1.40054 7.7
-1.40029 7.8
-1.40005 7.9
-1.39981 8.0
-1.39956 8.0
-1.39932 8.0
-1.39907 8.1
-1.39883 8.1
-1.39858 8.1
-1.39834 8.0
-1.3981 8.0
-1.39785 8.0
-1.39761 7.9
-1.39736 7.8
-1.39712 7.8
-1.39688 7.7
-1.39663 7.6
-1.39639 7.4
-1.39614 7.3
-1.3959 7.2
-1.39565 7.0
-1.39541 6.8
-1.39517 6.7
-1.39492 6.5
-1.39468 6.3
-1.39443 6.1
-1.39419 5.9
-1.39395 5.6
-1.3937 5.4
-1.39346 5.1
-1.39321 4.9
-1.39297 4.6
-1.39272 4.4
-1.39248 4.1
-1.39224 3.8
-1.39199 3.5
-1.39175 3.2
-1.3915 2.9
-1.39126 2.6
-1.39102 2.3
-1.39077 2.0
-1.39053 1.7
-1.39028 1.4
-1.39004 1.1
-1.3898 0.7
-1.38955 0.4
-1.38931 0.0
-1.38906 -0.2
-1.38882 -0.6
-1.38857 -0.9
-1.38833 -1.2
-1.38809 -1.5
-1.38784 -1.8
-1.3876 -2.2
-1.38735 -2.5
-1.38711 -2.8
-1.38687 -3.1
-1.38662 -3.4
-1.38638 -3.7
-1.38613 -4.0
-1.38589 -4.2
-1.38564 -4.5
-1.3854 -4.8
-1.38516 -5.0
-1.38491 -5.3
-1.38467 -5.5
-1.38442 -5.8
-1.38418 -6.0
-1.38394 -6.2
-1.38369 -6.4
-1.38345 -6.6
-1.3832 -6.8
-1.38296 -6.9
-1.38272 -7.1
-1.38247 -7.3
-1.38223 -7.4
-1.38198 -7.5
-1.38174 -7.6
-1.38149 -7.7
-1.38125 -7.8
-1.38101 -7.9
-1.38076 -8.0
-1.38052 -8.0
-1.38027 -8.1
-1.38003 -8.1
-1.37979 -8.1
-1.37954 -8.1
-1.3793 -8.1
-1.37905 -8.0
-1.37881 -8.0
-1.37856 -8.0
-1.37832 -7.9
-1.37808 -7.8
-1.37783 -7.7
-1.37759 -7.6
-1.37734 -7.5
-1.3771 -7.4
-1.37686 -7.2
-1.37661 -7.1
-1.37637 -6.9
-1.37612 -6.7
-1.37588 -6.5
-1.37564 -6.4
-1.37539 -6.1
-1.37515 -5.9
-1.3749 -5.7
-1.37466 -5.5
-1.37441 -5.2
-1.37417 -5.0
-1.37393 -4.7
-1.37368 -4.4
-1.37344 -4.2
-1.37319 -3.9
-1.37295 -3.6
-1.37271 -3.3
-1.37246 -3.0
-1.37222 -2.7
-1.37197 -2.4
-1.37173 -2.1
-1.37148 -1.7
-1.37124 -1.4
-1.371 -1.1
-1.37075 -0.8
-1.37051 -0.5
-1.37026 -0.1
-1.37002 0.2
-1.36978 0.5
-1.36953 0.9
-1.36929 1.2
-1.36904 1.5
-1.3688 1.8
-1.36856 2.1
-1.36831 2.5
-1.36807 2.8
-1.36782 3.1
-1.36758 3.4
-1.36733 3.7
-1.36709 3.9
-1.36685 4.2
-1.3666 4.5
-1.36636 4.8
-1.36611 5.0
-1.36587 5.3
-1.36563 5.5
-1.36538 5.8
-1.36514 6.0
-1.36489 6.2
-1.36465 6.4
-1.3644 6.6
-1.36416 6.8
-1.36392 7.0
-1.36367 7.1
-1.36343 7.3
-1.36318 7.4
-1.36294 7.5
-1.3627 7.7
-1.36245 7.8
-1.36221 7.9
-1.36196 7.9
-1.36172 8.0
-1.36147 8.0
-1.36123 8.1
-1.36099 8.1
-1.36074 8.1
-1.3605 8.1
-1.36025 8.1
-1.36001 8.1
-1.35977 8.0
-1.35952 8.0
-1.35928 7.9
-1.35903 7.8
-1.35879 7.7
-1.35855 7.6
-1.3583 7.5
-1.35806 7.4
-1.35781 7.2
-1.35757 7.1
-1.35732 6.9
-1.35708 6.7
-1.35684 6.5
-1.35659 6.3
-1.35635 6.1
-1.3561 5.9
-1.35586 5.7
-1.35562 5.4
-1.35537 5.2
-1.35513 4.9
-1.35488 4.7
-1.35464 4.4
-1.35439 4.1
-1.35415 3.8
-1.35391 3.5
-1.35366 3.2
-1.35342 2.9
-1.35317 2.6
-1.35293 2.3
-1.35269 2.0
-1.35244 1.7
-1.3522 1.4
-1.35195 1.0
-1.35171 0.7
-1.35147 0.4
-1.35122 0.0
-1.35098 -0.3
-1.35073 -0.6
-1.35049 -0.9
-1.35024 -1.3
-1.35 -1.6
-1.34976 -1.9
-1.34951 -2.2
-1.34927 -2.6
-1.34902 -2.9
-1.34878 -3.2
-1.34854 -3.5
-1.34829 -3.8
-1.34805 -4.1
-1.3478 -4.3
-1.34756 -4.6
-1.34731 -4.9
-1.34707 -5.1
-1.34683 -5.4
-1.34658 -5.6
-1.34634 -5.9
-1.34609 -6.1
-1.34585 -6.3
-1.34561 -6.5
-1.34536 -6.7
-1.34512 -6.9
-1.34487 -7.1
-1.34463 -7.2
-1.34439 -7.4
-1.34414 -7.5
-1.3439 -7.6
-1.34365 -7.7
-1.34341 -7.8
-1.34316 -7.9
-1.34292 -8.0
-1.34268 -8.0
-1.34243 -8.1
-1.34219 -8.1
-1.34194 -8.1
-1.3417 -8.1
-1.34146 -8.1
-1.34121 -8.1
-1.34097 -8.1
-1.34072 -8.0
-1.34048 -8.0
-1.34023 -7.9
-1.33999 -7.8
-1.33975 -7.7
-1.3395 -7.6
-1.33926 -7.5
-1.33901 -7.3
-1.33877 -7.2
-1.33853 -7.0
-1.33828 -6.8
-1.33804 -6.7
-1.33779 -6.5
-1.33755 -6.2
-1.33731 -6.0
-1.33706 -5.8
-1.33682 -5.6
-1.33657 -5.3
-1.33633 -5.1
-1.33608 -4.8
-1.33584 -4.5
-1.3356 -4.3
-1.33535 -4.0
-1.33511 -3.7
-1.33486 -3.4
-1.33462 -3.1
-1.33438 -2.8
-1.33413 -2.4
-1.33389 -2.1
-1.33364 -1.8
-1.3334 -1.5
-1.33315 -1.2
-1.33291 -0.8
-1.33267 -0.5
-1.33242 -0.2
-1.33218 0.2
-1.33193 0.5
-1.33169 0.8
-1.33145 1.2
-1.3312 1.5
-1.33096 1.8
-1.33071 2.1
-1.33047 2.5
-1.33022 2.8
-1.32998 3.1
-1.32974 3.4
-1.32949 3.7
-1.32925 4.0
-1.329 4.3
-1.32876 4.6
-1.32852 4.8
-1.32827 5.1
-1.32803 5.3
-1.32778 5.6
-1.32754 5.8
-1.3273 6.1
-1.32705 6.3
-1.32681 6.5
-1.32656 6.7
-1.32632 6.9
-1.32607 7.0
-1.32583 7.2
-1.32559 7.4
-1.32534 7.5
-1.3251 7.6
-1.32485 7.7
-1.32461 7.8
-1.32437 7.9
-1.32412 8.0
-1.32388 8.1
-1.32363 8.1
-1.32339 8.1
-1.32314 8.2
-1.3229 8.2
-1.32266 8.2
-1.32241 8.1
-1.32217 8.1
-1.32192 8.1
-1.32168 8.0
-1.32144 7.9
-1.32119 7.8
-1.32095 7.7
-1.3207 7.6
-1.32046 7.5
-1.32022 7.4
-1.31997 7.2
-1.31973 7.1
-1.31948 6.9
-1.31924 6.7
-1.31899 6.5
-1.31875 6.3
-1.31851 6.1
-1.31826 5.8
-1.31802 5.6
-1.31777 5.4
-1.31753 5.1
-1.31729 4.8
-1.31704 4.6
-1.3168 4.3
-1.31655 4.0
-1.31631 3.7
-1.31606 3.4
-1.31582 3.1
-1.31558 2.8
-1.31533 2.5
-1.31509 2.1
-1.31484 1.8
-1.3146 1.5
-1.31436 1.1
-1.31411 0.8
-1.31387 0.5
-1.31362 0.1
-1.31338 -0.2
-1.31314 -0.5
-1.31289 -0.9
-1.31265 -1.2
-1.3124 -1.5
-1.31216 -1.8
-1.31191 -2.2
-1.31167 -2.5
-1.31143 -2.8
-1.31118 -3.1
-1.31094 -3.4
-1.31069 -3.7
-1.31045 -4.0
-1.31021 -4.3
-1.30996 -4.6
-1.30972 -4.9
-1.30947 -5.1
-1.30923 -5.4
-1.30898 -5.6
-1.30874 -5.9
-1.3085 -6.1
-1.30825 -6.3
-1.30801 -6.5
-1.30776 -6.7
-1.30752 -6.9
-1.30728 -7.1
-1.30703 -7.3
-1.30679 -7.4
-1.30654 -7.5
-1.3063 -7.7
-1.30606 -7.8
-1.30581 -7.9
-1.30557 -8.0
-1.30532 -8.0
-1.30508 -8.1
-1.30483 -8.1
-1.30459 -8.2
-1.30435 -8.2
-1.3041 -8.2
-1.30386 -8.2
-1.30361 -8.2
-1.30337 -8.1
-1.30313 -8.1
-1.30288 -8.0
-1.30264 -7.9
-1.30239 -7.8
-1.30215 -7.7
-1.3019 -7.6
-1.30166 -7.5
-1.30142 -7.3
-1.30117 -7.2
-1.30093 -7.0
-1.30068 -6.8
-1.30044 -6.7
-1.3002 -6.4
-1.29995 -6.2
-1.29971 -6.0
-1.29946 -5.8
-1.29922 -5.5
-1.29897 -5.3
-1.29873 -5.0
-1.29849 -4.7
-1.29824 -4.5
-1.298 -4.2
-1.29775 -3.9
-1.29751 -3.6
-1.29727 -3.3
-1.29702 -3.0
-1.29678 -2.7
-1.29653 -2.3
-1.29629 -2.0
-1.29605 -1.7
-1.2958 -1.3
-1.29556 -1.0
-1.29531 -0.7
-1.29507 -0.3
-1.29482 0.0
-1.29458 0.3
-1.29434 0.7
-1.29409 1.0
-1.29385 1.3
-1.2936 1.7
-1.29336 2.0
-1.29312 2.3
-1.29287 2.7
-1.29263 3.0
-1.29238 3.3
-1.29214 3.6
-1.29189 3.9
-1.29165 4.2
-1.29141 4.5
-1.29116 4.8
-1.29092 5.0
-1.29067 5.3
-1.29043 5.5
-1.29019 5.8
-1.28994 6.0
-1.2897 6.3
-1.28945 6.5
-1.28921 6.7
-1.28897 6.9
-1.28872 7.0
-1.28848 7.2
-1.28823 7.4
-1.28799 7.5
-1.28774 7.6
-1.2875 7.8
-1.28726 7.9
-1.28701 8.0
-1.28677 8.0
-1.28652 8.1
-1.28628 8.2
-1.28604 8.2
-1.28579 8.2
-1.28555 8.2
-1.2853 8.2
-1.28506 8.2
-1.28481 8.2
-1.28457 8.1
-1.28433 8.1
-1.28408 8.0
-1.28384 7.9
-1.28359 7.8
-1.28335 7.7
-1.28311 7.6
-1.28286 7.4
-1.28262 7.3
-1.28237 7.1
-1.28213 6.9
-1.28189 6.7
-1.28164 6.5
-1.2814 6.3
-1.28115 6.1
-1.28091 5.9
-1.28066 5.6
-1.28042 5.4
-1.28018 5.1
-1.27993 4.8
-1.27969 4.6
-1.27944 4.3
-1.2792 4.0
-1.27896 3.7
-1.27871 3.4
-1.27847 3.1
-1.27822 2.7
-1.27798 2.4
-1.27773 2.1
-1.27749 1.8
-1.27725 1.4
-1.277 1.1
-1.27676 0.7
-1.27651 0.4
-1.27627 0.0
-1.27603 -0.3
-1.27578 -0.6
-1.27554 -1.0
-1.27529 -1.3
-1.27505 -1.6
-1.27481 -2.0
-1.27456 -2.3
-1.27432 -2.6
-1.27407 -2.9
-1.27383 -3.3
-1.27358 -3.6
-1.27334 -3.9
-1.2731 -4.2
-1.27285 -4.5
-1.27261 -4.7
-1.27236 -5.0
-1.27212 -5.3
-1.27188 -5.5
-1.27163 -5.8
-1.27139 -6.0
-1.27114 -6.3
-1.2709 -6.5
-1.27065 -6.7
-1.27041 -6.9
-1.27017 -7.1
-1.26992 -7.2
-1.26968 -7.4
-1.26943 -7.5
-1.26919 -7.7
-1.26895 -7.8
-1.2687 -7.9
-1.26846 -8.0
-1.26821 -8.1
-1.26797 -8.1
-1.26772 -8.2
-1.26748 -8.2
-1.26724 -8.2
-1.26699 -8.3
-1.26675 -8.2
-1.2665 -8.2
-1.26626 -8.2
-1.26602 -8.1
-1.26577 -8.1
-1.26553 -8.0
-1.26528 -7.9
-1.26504 -7.8
-1.2648 -7.7
-1.26455 -7.6
-1.26431 -7.4
-1.26406 -7.3
-1.26382 -7.1
-1.26357 -6.9
-1.26333 -6.7
-1.26309 -6.5
-1.26284 -6.3
-1.2626 -6.1
-1.26235 -5.9
-1.26211 -5.6
-1.26187 -5.4
-1.26162 -5.1
-1.26138 -4.8
-1.26113 -4.5
-1.26089 -4.2
-1.26064 -3.9
-1.2604 -3.6
-1.26016 -3.3
-1.25991 -3.0
-1.25967 -2.7
-1.25942 -2.4
-1.25918 -2.0
-1.25894 -1.7
-1.25869 -1.4
-1.25845 -1.0
-1.2582 -0.7
-1.25796 -0.3
-1.25772 0.0
-1.25747 0.4
-1.25723 0.7
-1.25698 1.0
-1.25674 1.4
-1.25649 1.7
-1.25625 2.1
-1.25601 2.4
-1.25576 2.7
-1.25552 3.0
-1.25527 3.4
-1.25503 3.7
-1.25479 4.0
-1.25454 4.3
-1.2543 4.6
-1.25405 4.8
-1.25381 5.1
-1.25356 5.4
-1.25332 5.6
-1.25308 5.9
-1.25283 6.1
-1.25259 6.4
-1.25234 6.6
-1.2521 6.8
-1.25186 7.0
-1.25161 7.1
-1.25137 7.3
-1.25112 7.5
-1.25088 7.6
-1.25064 7.7
-1.25039 7.9
-1.25015 8.0
-1.2499 8.0
-1.24966 8.1
-1.24941 8.2
-1.24917 8.2
-1.24893 8.3
-1.24868 8.3
-1.24844 8.3
-1.24819 8.3
-1.24795 8.2
-1.24771 8.2
-1.24746 8.1
-1.24722 8.1
-1.24697 8.0
-1.24673 7.9
-1.24648 7.8
-1.24624 7.7
-1.246 7.5
-1.24575 7.4
-1.24551 7.2
-1.24526 7.0
-1.24502 6.9
-1.24478 6.7
-1.24453 6.4
-1.24429 6.2
-1.24404 6.0
-1.2438 5.7
-1.24356 5.5
-1.24331 5.2
-1.24307 5.0
-1.24282 4.7
-1.24258 4.4
-1.24233 4.1
-1.24209 3.8
-1.24185 3.5
-1.2416 3.2
-1.24136 2.8
-1.24111 2.5
-1.24087 2.2
-1.24063 1.8
-1.24038 1.5
-1.24014 1.2
-1.23989 0.8
-1.23965 0.5
-1.2394 0.1
-1.23916 -0.2
-1.23892 -0.6
-1.23867 -0.9
-1.23843 -1.3
-1.23818 -1.6
-1.23794 -1.9
-1.2377 -2.3
-1.23745 -2.6
-1.23721 -2.9
-1.23696 -3.3
-1.23672 -3.6
-1.23647 -3.9
-1.23623 -4.2
-1.23599 -4.5
-1.23574 -4.8
-1.2355 -5.1
-1.23525 -5.3
-1.23501 -5.6
-1.23477 -5.8
-1.23452 -6.1
-1.23428 -6.3
-1.23403 -6.5
-1.23379 -6.7
-1.23355 -6.9
-1.2333 -7.1
-1.23306 -7.3
-1.23281 -7.5
-1.23257 -7.6
-1.23232 -7.7
-1.23208 -7.9
-1.23184 -8.0
-1.23159 -8.1
-1.23135 -8.1
-1.2311 -8.2
-1.23086 -8.2
-1.23062 -8.3
-1.23037 -8.3
-1.23013 -8.3
-1.22988 -8.3
-1.22964 -8.3
-1.22939 -8.2
-1.22915 -8.2
-1.22891 -8.1
-1.22866 -8.0
-1.22842 -7.9
-1.22817 -7.8
-1.22793 -7.7
-1.22769 -7.6
-1.22744 -7.4
-1.2272 -7.3
-1.22695 -7.1
-1.22671 -6.9
-1.22647 -6.7
-1.22622 -6.5
-1.22598 -6.3
-1.22573 -6.0
-1.22549 -5.8
-1.22524 -5.5
-1.225 -5.3
-1.22476 -5.0
-1.22451 -4.7
-1.22427 -4.4
-1.22402 -4.1
-1.22378 -3.8
-1.22354 -3.5
-1.22329 -3.2
-1.22305 -2.9
-1.2228 -2.5
-1.22256 -2.2
-1.22231 -1.8
-1.22207 -1.5
-1.22183 -1.2
-1.22158 -0.8
-1.22134 -0.5
-1.22109 -0.1
-1.22085 0.2
-1.22061 0.6
-1.22036 0.9
-1.22012 1.3
-1.21987 1.6
-1.21963 2.0
-1.21939 2.3
-1.21914 2.6
-1.2189 3.0
-1.21865 3.3
-1.21841 3.6
-1.21816 3.9
-1.21792 4.2
-1.21768 4.5
-1.21743 4.8
-1.21719 5.1
-1.21694 5.4
-1.2167 5.6
-1.21646 5.9
-1.21621 6.1
-1.21597 6.4
-1.21572 6.6
-1.21548 6.8
-1.21523 7.0
-1.21499 7.2
-1.21475 7.3
-1.2145 7.5
-1.21426 7.7
-1.21401 7.8
-1.21377 7.9
-1.21353 8.0
-1.21328 8.1
-1.21304 8.2
-1.21279 8.2
-1.21255 8.3
-1.21231 8.3
-1.21206 8.3
-1.21182 8.3
-1.21157 8.3
-1.21133 8.3
-1.21108 8.3
-1.21084 8.2
-1.2106 8.1
-1.21035 8.0
-1.21011 7.9
-1.20986 7.8
-1.20962 7.7
-1.20938 7.6
-1.20913 7.4
-1.20889 7.2
-1.20864 7.1
-1.2084 6.9
-1.20815 6.7
-1.20791 6.4
-1.20767 6.2
-1.20742 6.0
-1.20718 5.7
-1.20693 5.5
-1.20669 5.2
-1.20645 4.9
-1.2062 4.6
-1.20596 4.3
-1.20571 4.0
-1.20547 3.7
-1.20522 3.4
-1.20498 3.1
-1.20474 2.7
-1.20449 2.4
-1.20425 2.1
-1.204 1.7
-1.20376 1.4
-1.20352 1.0
-1.20327 0.7
-1.20303 0.3
-1.20278 0.0
-1.20254 -0.4
-1.2023 -0.7
-1.20205 -1.1
-1.20181 -1.4
-1.20156 -1.8
-1.20132 -2.1
-1.20107 -2.5
-1.20083 -2.8
-1.20059 -3.1
-1.20034 -3.5
-1.2001 -3.8
-1.19985 -4.1
-1.19961 -4.4
-1.19937 -4.7
-1.19912 -5.0
-1.19888 -5.3
-1.19863 -5.5
-1.19839 -5.8
-1.19814 -6.0
-1.1979 -6.3
-1.19766 -6.5
-1.19741 -6.7
-1.19717 -6.9
-1.19692 -7.1
-1.19668 -7.3
-1.19644 -7.5
-1.19619 -7.6
-1.19595 -7.8
-1.1957 -7.9
-1.19546 -8.0
-1.19522 -8.1
-1.19497 -8.2
-1.19473 -8.2
-1.19448 -8.3
-1.19424 -8.3
-1.19399 -8.4
-1.19375 -8.4
-1.19351 -8.4
-1.19326 -8.3
-1.19302 -8.3
-1.19277 -8.3
-1.19253 -8.2
-1.19229 -8.1
-1.19204 -8.0
-1.1918 -7.9
-1.19155 -7.8
-1.19131 -7.6
-1.19106 -7.5
-1.19082 -7.3
-1.19058 -7.1
-1.19033 -7.0
-1.19009 -6.8
-1.18984 -6.5
-1.1896 -6.3
-1.18936 -6.1
-1.18911 -5.8
-1.18887 -5.6
-1.18862 -5.3
-1.18838 -5.0
-1.18814 -4.7
-1.18789 -4.4
-1.18765 -4.1
-1.1874 -3.8
-1.18716 -3.5
-1.18691 -3.2
-1.18667 -2.8
-1.18643 -2.5
-1.18618 -2.1
-1.18594 -1.8
-1.18569 -1.5
-1.18545 -1.1
-1.18521 -0.7
-1.18496 -0.4
-1.18472 0.0
-1.18447 0.3
-1.18423 0.7
-1.18398 1.0
-1.18374 1.4
-1.1835 1.7
-1.18325 2.1
-1.18301 2.4
-1.18276 2.8
-1.18252 3.1
-1.18228 3.4
-1.18203 3.7
-1.18179 4.1
-1.18154 4.4
-1.1813 4.7
-1.18106 5.0
-1.18081 5.2
-1.18057 5.5
-1.18032 5.8
-1.18008 6.0
-1.17983 6.3
-1.17959 6.5
-1.17935 6.7
-1.1791 6.9
-1.17886 7.1
-1.17861 7.3
-1.17837 7.5
-1.17813 7.6
-1.17788 7.8
-1.17764 7.9
-1.17739 8.0
-1.17715 8.1
-1.1769 8.2
-1.17666 8.3
-1.17642 8.3
-1.17617 8.4
-1.17593 8.4
-1.17568 8.4
-1.17544 8.4
-1.1752 8.4
-1.17495 8.3
-1.17471 8.3
-1.17446 8.2
-1.17422 8.1
-1.17397 8.0
-1.17373 7.9
-1.17349 7.8
-1.17324 7.7
-1.173 7.5
-1.17275 7.3
-1.17251 7.2
-1.17227 7.0
-1.17202 6.8
-1.17178 6.5
-1.17153 6.3
-1.17129 6.1
-1.17105 5.8
-1.1708 5.5
-1.17056 5.3
-1.17031 5.0
-1.17007 4.7
-1.16982 4.4
-1.16958 4.1
-1.16934 3.8
-1.16909 3.4
-1.16885 3.1
-1.1686 2.8
-1.16836 2.4
-1.16812 2.1
-1.16787 1.7
-1.16763 1.4
-1.16738 1.0
-1.16714 0.7
-1.16689 0.3
-1.16665 0.0
-1.16641 -0.4
-1.16616 -0.8
-1.16592 -1.1
-1.16567 -1.5
-1.16543 -1.8
-1.16519 -2.2
-1.16494 -2.5
-1.1647 -2.9
-1.16445 -3.2
-1.16421 -3.5
-1.16397 -3.8
-1.16372 -4.2
-1.16348 -4.5
-1.16323 -4.8
-1.16299 -5.1
-1.16274 -5.3
-1.1625 -5.6
-1.16226 -5.9
-1.16201 -6.1
-1.16177 -6.4
-1.16152 -6.6
-1.16128 -6.8
-1.16104 -7.0
-1.16079 -7.2
-1.16055 -7.4
-1.1603 -7.6
-1.16006 -7.7
-1.15981 -7.9
-1.15957 -8.0
-1.15933 -8.1
-1.15908 -8.2
-1.15884 -8.3
-1.15859 -8.3
-1.15835 -8.4
-1.15811 -8.4
-1.15786 -8.4
-1.15762 -8.4
-1.15737 -8.4
-1.15713 -8.4
-1.15689 -8.3
-1.15664 -8.3
-1.1564 -8.2
-1.15615 -8.1
-1.15591 -8.0
-1.15566 -7.9
-1.15542 -7.8
-1.15518 -7.6
-1.15493 -7.5
-1.15469 -7.3
-1.15444 -7.1
-1.1542 -6.9
-1.15396 -6.7
-1.15371 -6.4
-1.15347 -6.2
-1.15322 -6.0
-1.15298 -5.7
-1.15273 -5.4
-1.15249 -5.1
-1.15225 -4.8
-1.152 -4.5
-1.15176 -4.2
-1.15151 -3.9
-1.15127 -3.6
-1.15103 -3.3
-1.15078 -2.9
-1.15054 -2.6
-1.15029 -2.2
-1.15005 -1.9
-1.14981 -1.5
-1.14956 -1.2
-1.14932 -0.8
-1.14907 -0.5
-1.14883 0.0
-1.14858 0.3
-1.14834 0.6
-1.1481 1.0
-1.14785 1.3
-1.14761 1.7
-1.14736 2.1
-1.14712 2.4
-1.14688 2.8
-1.14663 3.1
-1.14639 3.4
-1.14614 3.8
-1.1459 4.1
-1.14565 4.4
-1.14541 4.7
-1.14517 5.0
-1.14492 5.3
-1.14468 5.6
-1.14443 5.8
-1.14419 6.1
-1.14395 6.3
-1.1437 6.6
-1.14346 6.8
-1.14321 7.0
-1.14297 7.2
-1.14272 7.4
-1.14248 7.6
-1.14224 7.7
-1.14199 7.9
-1.14175 8.0
-1.1415 8.1
-1.14126 8.2
-1.14102 8.3
-1.14077 8.3
-1.14053 8.4
-1.14028 8.4
-1.14004 8.5
-1.1398 8.5
-1.13955 8.4
-1.13931 8.4
-1.13906 8.4
-1.13882 8.3
-1.13857 8.2
-1.13833 8.2
-1.13809 8.1
-1.13784 7.9
-1.1376 7.8
-1.13735 7.7
-1.13711 7.5
-1.13687 7.3
-1.13662 7.1
-1.13638 6.9
-1.13613 6.7
-1.13589 6.5
-1.13564 6.2
-1.1354 6.0
-1.13516 5.7
-1.13491 5.5
-1.13467 5.2
-1.13442 4.9
-1.13418 4.6
-1.13394 4.3
-1.13369 3.9
-1.13345 3.6
-1.1332 3.3
-1.13296 3.0
-1.13272 2.6
-1.13247 2.3
-1.13223 1.9
-1.13198 1.5
-1.13174 1.2
-1.13149 0.8
-1.13125 0.5
-1.13101 0.0
-1.13076 -0.3
-1.13052 -0.6
-1.13027 -1.0
-1.13003 -1.4
-1.12979 -1.7
-1.12954 -2.1
-1.1293 -2.4
-1.12905 -2.8
-1.12881 -3.1
-1.12856 -3.5
-1.12832 -3.8
-1.12808 -4.1
-1.12783 -4.4
-1.12759 -4.7
-1.12734 -5.0
-1.1271 -5.3
-1.12686 -5.6
-1.12661 -5.9
-1.12637 -6.1
-1.12612 -6.4
-1.12588 -6.6
-1.12564 -6.8
-1.12539 -7.1
-1.12515 -7.3
-1.1249 -7.4
-1.12466 -7.6
-1.12441 -7.8
-1.12417 -7.9
-1.12393 -8.0
-1.12368 -8.1
-1.12344 -8.2
-1.12319 -8.3
-1.12295 -8.4
-1.12271 -8.4
-1.12246 -8.5
-1.12222 -8.5
-1.12197 -8.5
-1.12173 -8.5
-1.12148 -8.4
-1.12124 -8.4
-1.121 -8.3
-1.12075 -8.3
-1.12051 -8.2
-1.12026 -8.1
-1.12002 -7.9
-1.11978 -7.8
-1.11953 -7.6
-1.11929 -7.5
-1.11904 -7.3
-1.1188 -7.1
-1.11856 -6.9
-1.11831 -6.7
-1.11807 -6.4
-1.11782 -6.2
-1.11758 -5.9
-1.11733 -5.7
-1.11709 -5.4
-1.11685 -5.1
-1.1166 -4.8
-1.11636 -4.5
-1.11611 -4.2
-1.11587 -3.8
-1.11563 -3.5
-1.11538 -3.2
-1.11514 -2.8
-1.11489 -2.5
-1.11465 -2.1
-1.1144 -1.8
-1.11416 -1.4
-1.11392 -1.0
-1.11367 -0.7
-1.11343 -0.3
-1.11318 0.0
-1.11294 0.4
-1.1127 0.8
-1.11245 1.2
-1.11221 1.5
-1.11196 1.9
-1.11172 2.3
-1.11147 2.6
-1.11123 3.0
-1.11099 3.3
-1.11074 3.6
-1.1105 4.0
-1.11025 4.3
-1.11001 4.6
-1.10977 4.9
-1.10952 5.2
-1.10928 5.5
-1.10903 5.8
-1.10879 6.0
-1.10855 6.3
-1.1083 6.5
-1.10806 6.8
-1.10781 7.0
-1.10757 7.2
-1.10732 7.4
-1.10708 7.6
-1.10684 7.7
-1.10659 7.9
-1.10635 8.0
-1.1061 8.1
-1.10586 8.2
-1.10562 8.3
-1.10537 8.4
-1.10513 8.4
-1.10488 8.5
-1.10464 8.5
-1.10439 8.5
-1.10415 8.5
-1.10391 8.5
-1.10366 8.4
-1.10342 8.4
-1.10317 8.3
-1.10293 8.2
-1.10269 8.1
-1.10244 8.0
-1.1022 7.9
-1.10195 7.7
-1.10171 7.6
-1.10147 7.4
-1.10122 7.2
-1.10098 7.0
-1.10073 6.8
-1.10049 6.5
-1.10024 6.3
-1.1 6.0
-1.09976 5.8
-1.09951 5.5
-1.09927 5.2
-1.09902 4.9
-1.09878 4.6
-1.09854 4.3
-1.09829 3.9
-1.09805 3.6
-1.0978 3.3
-1.09756 2.9
-1.09731 2.6
-1.09707 2.2
-1.09683 1.8
-1.09658 1.5
-1.09634 1.1
-1.09609 0.7
-1.09585 0.4
-1.09561 0.0
-1.09536 -0.4
-1.09512 -0.8
-1.09487 -1.1
-1.09463 -1.5
-1.09439 -1.9
-1.09414 -2.2
-1.0939 -2.6
-1.09365 -2.9
-1.09341 -3.3
-1.09316 -3.6
-1.09292 -4.0
-1.09268 -4.3
-1.09243 -4.6
-1.09219 -4.9
-1.09194 -5.2
-1.0917 -5.5
-1.09146 -5.8
-1.09121 -6.1
-1.09097 -6.3
-1.09072 -6.6
-1.09048 -6.8
-1.09023 -7.0
-1.08999 -7.2
-1.08975 -7.4
-1.0895 -7.6
-1.08926 -7.8
-1.08901 -7.9
-1.08877 -8.0
-1.08853 -8.2
-1.08828 -8.3
-1.08804 -8.4
-1.08779 -8.4
-1.08755 -8.5
-1.08731 -8.5
-1.08706 -8.5
-1.08682 -8.5
-1.08657 -8.5
-1.08633 -8.5
-1.08608 -8.5
-1.08584 -8.4
-1.0856 -8.3
-1.08535 -8.2
-1.08511 -8.1
-1.08486 -8.0
-1.08462 -7.9
-1.08438 -7.7
-1.08413 -7.6
-1.08389 -7.4
-1.08364 -7.2
-1.0834 -7.0
-1.08315 -6.7
-1.08291 -6.5
-1.08267 -6.3
-1.08242 -6.0
-1.08218 -5.7
-1.08193 -5.4
-1.08169 -5.2
-1.08145 -4.8
-1.0812 -4.5
-1.08096 -4.2
-1.08071 -3.9
-1.08047 -3.5
-1.08022 -3.2
-1.07998 -2.8
-1.07974 -2.5
-1.07949 -2.1
-1.07925 -1.8
-1.079 -1.4
-1.07876 -1.0
-1.07852 -0.6
-1.07827 -0.3
-1.07803 0.1
-1.07778 0.5
-1.07754 0.9
-1.0773 1.2
-1.07705 1.6
-1.07681 2.0
-1.07656 2.3
-1.07632 2.7
-1.07607 3.1
-1.07583 3.4
-1.07559 3.7
-1.07534 4.1
-1.0751 4.4
-1.07485 4.7
-1.07461 5.0
-1.07437 5.3
-1.07412 5.6
-1.07388 5.9
-1.07363 6.2
-1.07339 6.4
-1.07314 6.7
-1.0729 6.9
-1.07266 7.1
-1.07241 7.3
-1.07217 7.5
-1.07192 7.7
-1.07168 7.8
-1.07144 8.0
-1.07119 8.1
-1.07095 8.2
-1.0707 8.3
-1.07046 8.4
-1.07022 8.5
-1.06997 8.5
-1.06973 8.6
-1.06948 8.6
-1.06924 8.6
-1.06899 8.6
-1.06875 8.5
-1.06851 8.5
-1.06826 8.4
-1.06802 8.3
-1.06777 8.2
-1.06753 8.1
-1.06729 8.0
-1.06704 7.8
-1.0668 7.7
-1.06655 7.5
-1.06631 7.3
-1.06606 7.1
-1.06582 6.9
-1.06558 6.6
-1.06533 6.4
-1.06509 6.1
-1.06484 5.9
-1.0646 5.6
-1.06436 5.3
-1.06411 5.0
-1.06387 4.7
-1.06362 4.4
-1.06338 4.0
-1.06314 3.7
-1.06289 3.3
-1.06265 3.0
-1.0624 2.6
-1.06216 2.3
-1.06191 1.9
-1.06167 1.5
-1.06143 1.2
-1.06118 0.8
-1.06094 0.4
-1.06069 0.0
-1.06045 -0.4
-1.06021 -0.7
-1.05996 -1.1
-1.05972 -1.5
-1.05947 -1.9
-1.05923 -2.2
-1.05898 -2.6
-1.05874 -3.0
-1.0585 -3.3
-1.05825 -3.7
-1.05801 -4.0
-1.05776 -4.3
-1.05752 -4.7
-1.05728 -5.0
-1.05703 -5.3
-1.05679 -5.6
-1.05654 -5.9
-1.0563 -6.1
-1.05606 -6.4
-1.05581 -6.6
-1.05557 -6.9
-1.05532 -7.1
-1.05508 -7.3
-1.05483 -7.5
-1.05459 -7.7
-1.05435 -7.9
-1.0541 -8.0
-1.05386 -8.1
-1.05361 -8.3
-1.05337 -8.4
-1.05313 -8.4
-1.05288 -8.5
-1.05264 -8.6
-1.05239 -8.6
-1.05215 -8.6
-1.0519 -8.6
-1.05166 -8.6
-1.05142 -8.6
-1.05117 -8.5
-1.05093 -8.5
-1.05068 -8.4
-1.05044 -8.3
-1.0502 -8.2
-1.04995 -8.0
-1.04971 -7.9
-1.04946 -7.7
-1.04922 -7.5
-1.04897 -7.3
-1.04873 -7.1
-1.04849 -6.9
-1.04824 -6.7
-1.048 -6.4
-1.04775 -6.2
-1.04751 -5.9
-1.04727 -5.6
-1.04702 -5.3
-1.04678 -5.0
-1.04653 -4.7
-1.04629 -4.4
-1.04605 -4.0
-1.0458 -3.7
-1.04556 -3.3
-1.04531 -3.0
-1.04507 -2.6
-1.04482 -2.3
-1.04458 -1.9
-1.04434 -1.5
-1.04409 -1.1
-1.04385 -0.8
-1.0436 -0.4
-1.04336 0.0
-1.04312 0.4
-1.04287 0.8
-1.04263 1.2
-1.04238 1.5
-1.04214 1.9
-1.04189 2.3
-1.04165 2.7
-1.04141 3.0
-1.04116 3.4
-1.04092 3.7
-1.04067 4.1
-1.04043 4.4
-1.04019 4.7
-1.03994 5.0
-1.0397 5.4
-1.03945 5.7
-1.03921 5.9
-1.03897 6.2
-1.03872 6.5
-1.03848 6.7
-1.03823 7.0
-1.03799 7.2
-1.03774 7.4
-1.0375 7.6
-1.03726 7.8
-1.03701 7.9
-1.03677 8.1
-1.03652 8.2
-1.03628 8.3
-1.03604 8.4
-1.03579 8.5
-1.03555 8.6
-1.0353 8.6
-1.03506 8.6
-1.03481 8.6
-1.03457 8.6
-1.03433 8.6
-1.03408 8.6
-1.03384 8.5
-1.03359 8.5
-1.03335 8.4
-1.03311 8.3
-1.03286 8.1
-1.03262 8.0
-1.03237 7.9
-1.03213 7.7
-1.03189 7.5
-1.03164 7.3
-1.0314 7.1
-1.03115 6.9
-1.03091 6.6
-1.03066 6.4
-1.03042 6.1
-1.03018 5.8
-1.02993 5.5
-1.02969 5.2
-1.02944 4.9
-1.0292 4.6
-1.02896 4.2
-1.02871 3.9
-1.02847 3.6
-1.02822 3.2
-1.02798 2.8
-1.02773 2.5
-1.02749 2.1
-1.02725 1.7
-1.027 1.3
-1.02676 1.0
-1.02651 0.6
-1.02627 0.2
-1.02603 -0.2
-1.02578 -0.6
-1.02554 -1.0
-1.02529 -1.4
-1.02505 -1.7
-1.02481 -2.1
-1.02456 -2.5
-1.02432 -2.9
-1.02407 -3.2
-1.02383 -3.6
-1.02358 -3.9
-1.02334 -4.3
-1.0231 -4.6
-1.02285 -4.9
-1.02261 -5.2
-1.02236 -5.6
-1.02212 -5.8
-1.02188 -6.1
-1.02163 -6.4
-1.02139 -6.7
-1.02114 -6.9
-1.0209 -7.1
-1.02065 -7.3
-1.02041 -7.5
-1.02017 -7.7
-1.01992 -7.9
-1.01968 -8.0
-1.01943 -8.2
-1.01919 -8.3
-1.01895 -8.4
-1.0187 -8.5
-1.01846 -8.6
-1.01821 -8.6
-1.01797 -8.7
-1.01772 -8.7
-1.01748 -8.7
-1.01724 -8.7
-1.01699 -8.6
-1.01675 -8.6
-1.0165 -8.5
-1.01626 -8.4
-1.01602 -8.3
-1.01577 -8.2
-1.01553 -8.1
-1.01528 -7.9
-1.01504 -7.8
-1.0148 -7.6
-1.01455 -7.4
-1.01431 -7.2
-1.01406 -6.9
-1.01382 -6.7
-1.01357 -6.4
-1.01333 -6.2
-1.01309 -5.9
-1.01284 -5.6
-1.0126 -5.3
-1.01235 -5.0
-1.01211 -4.6
-1.01187 -4.3
-1.01162 -4.0
-1.01138 -3.6
-1.01113 -3.3
-1.01089 -2.9
-1.01064 -2.5
-1.0104 -2.1
-1.01016 -1.8
-1.00991 -1.4
-1.00967 -1.0
-1.00942 -0.6
-1.00918 -0.2
-1.00894 0.2
-1.00869 0.6
-1.00845 1.0
-1.0082 1.3
-1.00796 1.7
-1.00772 2.1
-1.00747 2.5
-1.00723 2.9
-1.00698 3.2
-1.00674 3.6
-1.00649 3.9
-1.00625 4.3
-1.00601 4.6
-1.00576 5.0
-1.00552 5.3
-1.00527 5.6
-1.00503 5.9
-1.00479 6.2
-1.00454 6.4
-1.0043 6.7
-1.00405 6.9
-1.00381 7.2
-1.00356 7.4
-1.00332 7.6
-1.00308 7.8
-1.00283 7.9
-1.00259 8.1
-1.00234 8.2
-1.0021 8.3
-1.00186 8.5
-1.00161 8.5
-1.00137 8.6
-1.00112 8.7
-1.00088 8.7
-1.00064 8.7
-1.00039 8.7
-1.00015 8.7
-0.9999 8.7
-0.99966 8.6
-0.99941 8.5
-0.99917 8.4
-0.99893 8.3
-0.99868 8.2
-0.99844 8.1
-0.99819 7.9
-0.99795 7.7
-0.99771 7.6
-0.99746 7.4
-0.99722 7.1
-0.99697 6.9
-0.99673 6.7
-0.99648 6.4
-0.99624 6.1
-0.996 5.8
-0.99575 5.5
-0.99551 5.2
-0.99526 4.9
-0.99502 4.6
-0.99478 4.2
-0.99453 3.9
-0.99429 3.5
-0.99404 3.2
-0.9938 2.8
-0.99356 2.4
-0.99331 2.0
-0.99307 1.7
-0.99282 1.3
-0.99258 0.9
-0.99233 0.5
-0.99209 0.0
-0.99185 -0.3
-0.9916 -0.7
-0.99136 -1.1
-0.99111 -1.5
-0.99087 -1.9
-0.99063 -2.3
-0.99038 -2.6
-0.99014 -3.0
-0.98989 -3.4
-0.98965 -3.7
-0.9894 -4.1
-0.98916 -4.4
-0.98892 -4.8
-0.98867 -5.1
-0.98843 -5.4
-0.98818 -5.7
-0.98794 -6.0
-0.9877 -6.3
-0.98745 -6.6
-0.98721 -6.8
-0.98696 -7.1
-0.98672 -7.3
-0.98647 -7.5
-0.98623 -7.7
-0.98599 -7.9
-0.98574 -8.0
-0.9855 -8.2
-0.98525 -8.3
-0.98501 -8.4
-0.98477 -8.5
-0.98452 -8.6
-0.98428 -8.7
-0.98403 -8.7
-0.98379 -8.7
-0.98355 -8.7
-0.9833 -8.7
-0.98306 -8.7
-0.98281 -8.7
-0.98257 -8.6
-0.98232 -8.5
-0.98208 -8.4
-0.98184 -8.3
-0.98159 -8.2
-0.98135 -8.0
-0.9811 -7.8
-0.98086 -7.7
-0.98062 -7.5
-0.98037 -7.2
-0.98013 -7.0
-0.97988 -6.8
-0.97964 -6.5
-0.97939 -6.2
-0.97915 -6.0
-0.97891 -5.7
-0.97866 -5.4
-0.97842 -5.0
-0.97817 -4.7
-0.97793 -4.4
-0.97769 -4.0
-0.97744 -3.7
-0.9772 -3.3
-0.97695 -2.9
-0.97671 -2.5
-0.97647 -2.2
-0.97622 -1.8
-0.97598 -1.4
-0.97573 -1.0
-0.97549 -0.6
-0.97524 -0.2
-0.975 0.2
-0.97476 0.6
-0.97451 1.0
-0.97427 1.4
-0.97402 1.8
-0.97378 2.2
-0.97354 2.6
-0.97329 3.0
-0.97305 3.3
-0.9728 3.7
-0.97256 4.1
-0.97231 4.4
-0.97207 4.7
-0.97183 5.1
-0.97158 5.4
-0.97134 5.7
-0.97109 6.0
-0.97085 6.3
-0.97061 6.6
-0.97036 6.8
-0.97012 7.1
-0.96987 7.3
-0.96963 7.5
-0.96939 7.7
-0.96914 7.9
-0.9689 8.1
-0.96865 8.2
-0.96841 8.3
-0.96816 8.5
-0.96792 8.6
-0.96768 8.6
-0.96743 8.7
-0.96719 8.7
-0.96694 8.8
-0.9667 8.8
-0.96646 8.8
-0.96621 8.7
-0.96597 8.7
-0.96572 8.6
-0.96548 8.6
-0.96523 8.5
-0.96499 8.3
-0.96475 8.2
-0.9645 8.0
-0.96426 7.9
-0.96401 7.7
-0.96377 7.5
-0.96353 7.3
-0.96328 7.0
-0.96304 6.8
-0.96279 6.5
-0.96255 6.2
-0.96231 6.0
-0.96206 5.7
-0.96182 5.3
-0.96157 5.0
-0.96133 4.7
-0.96108 4.3
-0.96084 4.0
-0.9606 3.6
-0.96035 3.3
-0.96011 2.9
-0.95986 2.5
-0.95962 2.1
-0.95938 1.7
-0.95913 1.3
-0.95889 0.9
-0.95864 0.5
-0.9584 0.1
-0.95815 -0.3
-0.95791 -0.7
-0.95767 -1.1
-0.95742 -1.5
-0.95718 -1.9
-0.95693 -2.3
-0.95669 -2.7
-0.95645 -3.1
-0.9562 -3.4
-0.95596 -3.8
-0.95571 -4.2
-0.95547 -4.5
-0.95522 -4.9
-0.95498 -5.2
-0.95474 -5.5
-0.95449 -5.8
-0.95425 -6.1
-0.954 -6.4
-0.95376 -6.7
-0.95352 -6.9
-0.95327 -7.2
-0.95303 -7.4
-0.95278 -7.6
-0.95254 -7.8
-0.9523 -8.0
-0.95205 -8.1
-0.95181 -8.3
-0.95156 -8.4
-0.95132 -8.5
-0.95107 -8.6
-0.95083 -8.7
-0.95059 -8.8
-0.95034 -8.8
-0.9501 -8.8
-0.94985 -8.8
-0.94961 -8.8
-0.94937 -8.8
-0.94912 -8.7
-0.94888 -8.6
-0.94863 -8.5
-0.94839 -8.4
-0.94814 -8.3
-0.9479 -8.2
-0.94766 -8.0
-0.94741 -7.8
-0.94717 -7.6
-0.94692 -7.4
-0.94668 -7.2
-0.94644 -6.9
-0.94619 -6.7
-0.94595 -6.4
-0.9457 -6.1
-0.94546 -5.8
-0.94522 -5.5
-0.94497 -5.2
-0.94473 -4.9
-0.94448 -4.5
-0.94424 -4.2
-0.94399 -3.8
-0.94375 -3.4
-0.94351 -3.1
-0.94326 -2.7
-0.94302 -2.3
-0.94277 -1.9
-0.94253 -1.5
-0.94229 -1.1
-0.94204 -0.7
-0.9418 -0.3
-0.94155 0.1
-0.94131 0.5
-0.94106 1.0
-0.94082 1.4
-0.94058 1.8
-0.94033 2.2
-0.94009 2.5
-0.93984 2.9
-0.9396 3.3
-0.93936 3.7
-0.93911 4.1
-0.93887 4.4
-0.93862 4.8
-0.93838 5.1
-0.93814 5.4
-0.93789 5.7
-0.93765 6.1
-0.9374 6.3
-0.93716 6.6
-0.93691 6.9
-0.93667 7.1
-0.93643 7.4
-0.93618 7.6
-0.93594 7.8
-0.93569 8.0
-0.93545 8.1
-0.93521 8.3
-0.93496 8.4
-0.93472 8.5
-0.93447 8.6
-0.93423 8.7
-0.93398 8.8
-0.93374 8.8
-0.9335 8.9
-0.93325 8.9
-0.93301 8.8
-0.93276 8.8
-0.93252 8.8
-0.93228 8.7
-0.93203 8.6
-0.93179 8.5
-0.93154 8.4
-0.9313 8.2
-0.93106 8.1
-0.93081 7.9
-0.93057 7.7
-0.93032 7.5
-0.93008 7.2
-0.92983 7.0
-0.92959 6.7
-0.92935 6.5
-0.9291 6.2
-0.92886 5.9
-0.92861 5.6
-0.92837 5.2
-0.92813 4.9
-0.92788 4.5
-0.92764 4.2
-0.92739 3.8
-0.92715 3.5
-0.9269 3.1
-0.92666 2.7
-0.92642 2.3
-0.92617 1.9
-0.92593 1.5
-0.92568 1.1
-0.92544 0.7
-0.9252 0.3
-0.92495 -0.2
-0.92471 -0.6
-0.92446 -1.0
-0.92422 -1.4
-0.92397 -1.8
-0.92373 -2.2
-0.92349 -2.6
-0.92324 -3.0
-0.923 -3.4
-0.92275 -3.7
-0.92251 -4.1
-0.92227 -4.5
-0.92202 -4.8
-0.92178 -5.2
-0.92153 -5.5
-0.92129 -5.8
-0.92105 -6.1
-0.9208 -6.4
-0.92056 -6.7
-0.92031 -7.0
-0.92007 -7.2
-0.91982 -7.4
-0.91958 -7.7
-0.91934 -7.9
-0.91909 -8.0
-0.91885 -8.2
-0.9186 -8.4
-0.91836 -8.5
-0.91812 -8.6
-0.91787 -8.7
-0.91763 -8.8
-0.91738 -8.8
-0.91714 -8.9
-0.91689 -8.9
-0.91665 -8.9
-0.91641 -8.9
-0.91616 -8.8
-0.91592 -8.8
-0.91567 -8.7
-0.91543 -8.6
-0.91519 -8.5
-0.91494 -8.4
-0.9147 -8.2
-0.91445 -8.0
-0.91421 -7.8
-0.91397 -7.6
-0.91372 -7.4
-0.91348 -7.2
-0.91323 -6.9
-0.91299 -6.7
-0.91274 -6.4
-0.9125 -6.1
-0.91226 -5.8
-0.91201 -5.5
-0.91177 -5.1
-0.91152 -4.8
-0.91128 -4.4
-0.91104 -4.1
-0.91079 -3.7
-0.91055 -3.3
-0.9103 -2.9
-0.91006 -2.5
-0.90981 -2.1
-0.90957 -1.7
-0.90933 -1.3
-0.90908 -0.9
-0.90884 -0.5
-0.90859 0.0
-0.90835 0.3
-0.90811 0.8
-0.90786 1.2
-0.90762 1.6
-0.90737 2.0
-0.90713 2.4
-0.90689 2.8
-0.90664 3.2
-0.9064 3.6
-0.90615 4.0
-0.90591 4.3
-0.90566 4.7
-0.90542 5.0
-0.90518 5.4
-0.90493 5.7
-0.90469 6.0
-0.90444 6.3
-0.9042 6.6
-0.90396 6.9
-0.90371 7.1
-0.90347 7.4
-0.90322 7.6
-0.90298 7.8
-0.90273 8.0
-0.90249 8.2
-0.90225 8.3
-0.902 8.5
-0.90176 8.6
-0.90151 8.7
-0.90127 8.8
-0.90103 8.9
-0.90078 8.9
-0.90054 8.9
-0.90029 8.9
-0.90005 8.9
-0.89981 8.9
-0.89956 8.8
-0.89932 8.8
-0.89907 8.7
-0.89883 8.6
-0.89858 8.4
-0.89834 8.3
-0.8981 8.1
-0.89785 7.9
-0.89761 7.7
-0.89736 7.5
-0.89712 7.3
-0.89688 7.0
-0.89663 6.8
-0.89639 6.5
-0.89614 6.2
-0.8959 5.9
-0.89565 5.5
-0.89541 5.2
-0.89517 4.9
-0.89492 4.5
-0.89468 4.1
-0.89443 3.8
-0.89419 3.4
-0.89395 3.0
-0.8937 2.6
-0.89346 2.2
-0.89321 1.8
-0.89297 1.4
-0.89272 0.9
-0.89248 0.5
-0.89224 0.1
-0.89199 -0.3
-0.89175 -0.7
-0.8915 -1.1
-0.89126 -1.6
-0.89102 -2.0
-0.89077 -2.4
-0.89053 -2.8
-0.89028 -3.2
-0.89004 -3.6
-0.8898 -4.0
-0.88955 -4.3
-0.88931 -4.7
-0.88906 -5.0
-0.88882 -5.4
-0.88857 -5.7
-0.88833 -6.0
-0.88809 -6.3
-0.88784 -6.6
-0.8876 -6.9
-0.88735 -7.2
-0.88711 -7.4
-0.88687 -7.6
-0.88662 -7.9
-0.88638 -8.1
-0.88613 -8.2
-0.88589 -8.4
-0.88564 -8.5
-0.8854 -8.6
-0.88516 -8.8
-0.88491 -8.8
-0.88467 -8.9
-0.88442 -8.9
-0.88418 -9.0
-0.88394 -9.0
-0.88369 -9.0
-0.88345 -8.9
-0.8832 -8.9
-0.88296 -8.8
-0.88272 -8.7
-0.88247 -8.6
-0.88223 -8.4
-0.88198 -8.3
-0.88174 -8.1
-0.88149 -7.9
-0.88125 -7.7
-0.88101 -7.5
-0.88076 -7.3
-0.88052 -7.0
-0.88027 -6.7
-0.88003 -6.4
-0.87979 -6.1
-0.87954 -5.8
-0.8793 -5.5
-0.87905 -5.2
-0.87881 -4.8
-0.87856 -4.4
-0.87832 -4.1
-0.87808 -3.7
-0.87783 -3.3
-0.87759 -2.9
-0.87734 -2.5
-0.8771 -2.1
-0.87686 -1.7
-0.87661 -1.2
-0.87637 -0.8
-0.87612 -0.4
-0.87588 0.0
-0.87564 0.5
-0.87539 0.9
-0.87515 1.3
-0.8749 1.7
-0.87466 2.1
-0.87441 2.5
-0.87417 3.0
-0.87393 3.3
-0.87368 3.7
-0.87344 4.1
-0.87319 4.5
-0.87295 4.9
-0.87271 5.2
-0.87246 5.6
-0.87222 5.9
-0.87197 6.2
-0.87173 6.5
-0.87148 6.8
-0.87124 7.1
-0.871 7.3
-0.87075 7.6
-0.87051 7.8
-0.87026 8.0
-0.87002 8.2
-0.86978 8.3
-0.86953 8.5
-0.86929 8.6
-0.86904 8.7
-0.8688 8.8
-0.86856 8.9
-0.86831 9.0
-0.86807 9.0
-0.86782 9.0
-0.86758 9.0
-0.86733 9.0
-0.86709 8.9
-0.86685 8.9
-0.8666 8.8
-0.86636 8.7
-0.86611 8.5
-0.86587 8.4
-0.86563 8.2
-0.86538 8.0
-0.86514 7.8
-0.86489 7.6
-0.86465 7.4
-0.8644 7.1
-0.86416 6.9
-0.86392 6.6
-0.86367 6.3
-0.86343 6.0
-0.86318 5.6
-0.86294 5.3
-0.8627 4.9
-0.86245 4.6
-0.86221 4.2
-0.86196 3.8
-0.86172 3.4
-0.86147 3.0
-0.86123 2.6
-0.86099 2.2
-0.86074 1.8
-0.8605 1.4
-0.86025 0.9
-0.86001 0.5
-0.85977 0.0
-0.85952 -0.4
-0.85928 -0.8
-0.85903 -1.2
-0.85879 -1.6
-0.85855 -2.1
-0.8583 -2.5
-0.85806 -2.9
-0.85781 -3.3
-0.85757 -3.7
-0.85732 -4.1
-0.85708 -4.5
-0.85684 -4.8
-0.85659 -5.2
-0.85635 -5.5
-0.8561 -5.9
-0.85586 -6.2
-0.85562 -6.5
-0.85537 -6.8
-0.85513 -7.1
-0.85488 -7.3
-0.85464 -7.6
-0.85439 -7.8
-0.85415 -8.0
-0.85391 -8.2
-0.85366 -8.4
-0.85342 -8.5
-0.85317 -8.7
-0.85293 -8.8
-0.85269 -8.9
-0.85244 -8.9
-0.8522 -9.0
-0.85195 -9.0
-0.85171 -9.0
-0.85147 -9.0
-0.85122 -9.0
-0.85098 -9.0
-0.85073 -8.9
-0.85049 -8.8
-0.85024 -8.7
-0.85 -8.6
-0.84976 -8.4
-0.84951 -8.2
-0.84927 -8.1
-0.84902 -7.9
-0.84878 -7.6
-0.84854 -7.4
-0.84829 -7.1
-0.84805 -6.9
-0.8478 -6.6
-0.84756 -6.3
-0.84731 -5.9
-0.84707 -5.6
-0.84683 -5.3
-0.84658 -4.9
-0.84634 -4.5
-0.84609 -4.2
-0.84585 -3.8
-0.84561 -3.4
-0.84536 -3.0
-0.84512 -2.5
-0.84487 -2.1
-0.84463 -1.7
-0.84439 -1.3
-0.84414 -0.8
-0.8439 -0.4
-0.84365 0.0
-0.84341 0.5
-0.84316 0.9
-0.84292 1.3
-0.84268 1.7
-0.84243 2.2
-0.84219 2.6
-0.84194 3.0
-0.8417 3.4
-0.84146 3.8
-0.84121 4.2
-0.84097 4.6
-0.84072 5.0
-0.84048 5.3
-0.84023 5.7
-0.83999 6.0
-0.83975 6.3
-0.8395 6.6
-0.83926 6.9
-0.83901 7.2
-0.83877 7.4
-0.83853 7.7
-0.83828 7.9
-0.83804 8.1
-0.83779 8.3
-0.83755 8.5
-0.83731 8.6
-0.83706 8.7
-0.83682 8.9
-0.83657 8.9
-0.83633 9.0
-0.83608 9.1
-0.83584 9.1
-0.8356 9.1
-0.83535 9.1
-0.83511 9.0
-0.83486 9.0
-0.83462 8.9
-0.83438 8.8
-0.83413 8.7
-0.83389 8.5
-0.83364 8.4
-0.8334 8.2
-0.83315 8.0
-0.83291 7.8
-0.83267 7.5
-0.83242 7.3
-0.83218 7.0
-0.83193 6.7
-0.83169 6.4
-0.83145 6.1
-0.8312 5.8
-0.83096 5.4
-0.83071 5.1
-0.83047 4.7
-0.83022 4.3
-0.82998 3.9
-0.82974 3.5
-0.82949 3.1
-0.82925 2.7
-0.829 2.3
-0.82876 1.9
-0.82852 1.4
-0.82827 1.0
-0.82803 0.6
-0.82778 0.1
-0.82754 -0.3
-0.8273 -0.7
-0.82705 -1.2
-0.82681 -1.6
-0.82656 -2.0
-0.82632 -2.5
-0.82607 -2.9
-0.82583 -3.3
-0.82559 -3.7
-0.82534 -4.1
-0.8251 -4.5
-0.82485 -4.9
-0.82461 -5.2
-0.82437 -5.6
-0.82412 -5.9
-0.82388 -6.3
-0.82363 -6.6
-0.82339 -6.9
-0.82314 -7.2
-0.8229 -7.4
-0.82266 -7.7
-0.82241 -7.9
-0.82217 -8.1
-0.82192 -8.3
-0.82168 -8.5
-0.82144 -8.6
-0.82119 -8.8
-0.82095 -8.9
-0.8207 -9.0
-0.82046 -9.0
-0.82022 -9.1
-0.81997 -9.1
-0.81973 -9.1
-0.81948 -9.1
-0.81924 -9.1
-0.81899 -9.0
-0.81875 -8.9
-0.81851 -8.8
-0.81826 -8.7
-0.81802 -8.6
-0.81777 -8.4
-0.81753 -8.2
-0.81729 -8.0
-0.81704 -7.8
-0.8168 -7.6
-0.81655 -7.3
-0.81631 -7.1
-0.81606 -6.8
-0.81582 -6.5
-0.81558 -6.1
-0.81533 -5.8
-0.81509 -5.5
-0.81484 -5.1
-0.8146 -4.7
-0.81436 -4.3
-0.81411 -4.0
-0.81387 -3.5
-0.81362 -3.1
-0.81338 -2.7
-0.81314 -2.3
-0.81289 -1.9
-0.81265 -1.4
-0.8124 -1.0
-0.81216 -0.5
-0.81191 0.0
-0.81167 0.3
-0.81143 0.8
-0.81118 1.2
-0.81094 1.7
-0.81069 2.1
-0.81045 2.5
-0.81021 3.0
-0.80996 3.4
-0.80972 3.8
-0.80947 4.2
-0.80923 4.6
-0.80898 5.0
-0.80874 5.3
-0.8085 5.7
-0.80825 6.0
-0.80801 6.4
-0.80776 6.7
-0.80752 7.0
-0.80728 7.2
-0.80703 7.5
-0.80679 7.8
-0.80654 8.0
-0.8063 8.2
-0.80606 8.4
-0.80581 8.6
-0.80557 8.7
-0.80532 8.8
-0.80508 8.9
-0.80483 9.0
-0.80459 9.1
-0.80435 9.1
-0.8041 9.2
-0.80386 9.2
-0.80361 9.1
-0.80337 9.1
-0.80313 9.0
-0.80288 8.9
-0.80264 8.8
-0.80239 8.7
-0.80215 8.6
-0.8019 8.4
-0.80166 8.2
-0.80142 8.0
-0.80117 7.8
-0.80093 7.5
-0.80068 7.3
-0.80044 7.0
-0.8002 6.7
-0.79995 6.4
-0.79971 6.0
-0.79946 5.7
-0.79922 5.3
-0.79897 5.0
-0.79873 4.6
-0.79849 4.2
-0.79824 3.8
-0.798 3.4
-0.79775 2.9
-0.79751 2.5
-0.79727 2.1
-0.79702 1.6
-0.79678 1.2
-0.79653 0.8
-0.79629 0.3
-0.79605 -0.1
-0.7958 -0.6
-0.79556 -1.0
-0.79531 -1.5
-0.79507 -1.9
-0.79482 -2.4
-0.79458 -2.8
-0.79434 -3.2
-0.79409 -3.6
-0.79385 -4.0
-0.7936 -4.4
-0.79336 -4.8
-0.79312 -5.2
-0.79287 -5.6
-0.79263 -5.9
-0.79238 -6.3
-0.79214 -6.6
-0.79189 -6.9
-0.79165 -7.2
-0.79141 -7.5
-0.79116 -7.7
-0.79092 -8.0
-0.79067 -8.2
-0.79043 -8.4
-0.79019 -8.5
-0.78994 -8.7
-0.7897 -8.8
-0.78945 -9.0
-0.78921 -9.0
-0.78897 -9.1
-0.78872 -9.2
-0.78848 -9.2
-0.78823 -9.2
-0.78799 -9.2
-0.78774 -9.2
-0.7875 -9.1
-0.78726 -9.0
-0.78701 -8.9
-0.78677 -8.8
-0.78652 -8.6
-0.78628 -8.5
-0.78604 -8.3
-0.78579 -8.1
-0.78555 -7.8
-0.7853 -7.6
-0.78506 -7.3
-0.78481 -7.0
-0.78457 -6.7
-0.78433 -6.4
-0.78408 -6.1
-0.78384 -5.8
-0.78359 -5.4
-0.78335 -5.0
-0.78311 -4.6
-0.78286 -4.2
-0.78262 -3.8
-0.78237 -3.4
-0.78213 -3.0
-0.78189 -2.6
-0.78164 -2.1
-0.7814 -1.7
-0.78115 -1.2
-0.78091 -0.8
-0.78066 -0.3
-0.78042 0.1
-0.78018 0.6
-0.77993 1.0
-0.77969 1.5
-0.77944 1.9
-0.7792 2.4
-0.77896 2.8
-0.77871 3.3
-0.77847 3.7
-0.77822 4.1
-0.77798 4.5
-0.77773 4.9
-0.77749 5.3
-0.77725 5.6
-0.777 6.0
-0.77676 6.3
-0.77651 6.7
-0.77627 7.0
-0.77603 7.3
-0.77578 7.5
-0.77554 7.8
-0.77529 8.0
-0.77505 8.2
-0.77481 8.4
-0.77456 8.6
-0.77432 8.8
-0.77407 8.9
-0.77383 9.0
-0.77358 9.1
-0.77334 9.2
-0.7731 9.2
-0.77285 9.2
-0.77261 9.2
-0.77236 9.2
-0.77212 9.2
-0.77188 9.1
-0.77163 9.0
-0.77139 8.9
-0.77114 8.8
-0.7709 8.6
-0.77065 8.5
-0.77041 8.3
-0.77017 8.0
-0.76992 7.8
-0.76968 7.6
-0.76943 7.3
-0.76919 7.0
-0.76895 6.7
-0.7687 6.4
-0.76846 6.0
-0.76821 5.7
-0.76797 5.3
-0.76772 4.9
-0.76748 4.5
-0.76724 4.1
-0.76699 3.7
-0.76675 3.3
-0.7665 2.8
-0.76626 2.4
-0.76602 1.9
-0.76577 1.5
-0.76553 1.0
-0.76528 0.6
-0.76504 0.1
-0.7648 -0.3
-0.76455 -0.8
-0.76431 -1.3
-0.76406 -1.7
-0.76382 -2.2
-0.76357 -2.6
-0.76333 -3.0
-0.76309 -3.5
-0.76284 -3.9
-0.7626 -4.3
-0.76235 -4.7
-0.76211 -5.1
-0.76187 -5.5
-0.76162 -5.8
-0.76138 -6.2
-0.76113 -6.5
-0.76089 -6.9
-0.76064 -7.2
-0.7604 -7.4
-0.76016 -7.7
-0.75991 -8.0
-0.75967 -8.2
-0.75942 -8.4
-0.75918 -8.6
-0.75894 -8.7
-0.75869 -8.9
-0.75845 -9.0
-0.7582 -9.1
-0.75796 -9.2
-0.75772 -9.3
-0.75747 -9.3
-0.75723 -9.3
-0.75698 -9.3
-0.75674 -9.2
-0.75649 -9.2
-0.75625 -9.1
-0.75601 -9.0
-0.75576 -8.9
-0.75552 -8.7
-0.75527 -8.5
-0.75503 -8.4
-0.75479 -8.1
-0.75454 -7.9
-0.7543 -7.7
-0.75405 -7.4
-0.75381 -7.1
-0.75356 -6.8
-0.75332 -6.5
-0.75308 -6.1
-0.75283 -5.8
-0.75259 -5.4
-0.75234 -5.0
-0.7521 -4.6
-0.75186 -4.2
-0.75161 -3.8
-0.75137 -3.4
-0.75112 -2.9
-0.75088 -2.5
-0.75064 -2.0
-0.75039 -1.6
-0.75015 -1.1
-0.7499 -0.6
-0.74966 -0.2
-0.74941 0.3
-0.74917 0.8
-0.74893 1.2
-0.74868 1.7
-0.74844 2.1
-0.74819 2.6
-0.74795 3.0
-0.74771 3.5
-0.74746 3.9
-0.74722 4.3
-0.74697 4.7
-0.74673 5.1
-0.74648 5.5
-0.74624 5.9
-0.746 6.2
-0.74575 6.6
-0.74551 6.9
-0.74526 7.2
-0.74502 7.5
-0.74478 7.8
-0.74453 8.0
-0.74429 8.2
-0.74404 8.4
-0.7438 8.6
-0.74356 8.8
-0.74331 8.9
-0.74307 9.1
-0.74282 9.2
-0.74258 9.2
-0.74233 9.3
-0.74209 9.3
-0.74185 9.3
-0.7416 9.3
-0.74136 9.3
-0.74111 9.2
-0.74087 9.1
-0.74063 9.0
-0.74038 8.9
-0.74014 8.7
-0.73989 8.6
-0.73965 8.4
-0.7394 8.1
-0.73916 7.9
-0.73892 7.6
-0.73867 7.4
-0.73843 7.1
-0.73818 6.7
-0.73794 6.4
-0.7377 6.1
-0.73745 5.7
-0.73721 5.3
-0.73696 4.9
-0.73672 4.5
-0.73647 4.1
-0.73623 3.7
-0.73599 3.2
-0.73574 2.8
-0.7355 2.3
-0.73525 1.9
-0.73501 1.4
-0.73477 1.0
-0.73452 0.5
-0.73428 0.0
-0.73403 -0.5
-0.73379 -0.9
-0.73355 -1.4
-0.7333 -1.9
-0.73306 -2.3
-0.73281 -2.8
-0.73257 -3.2
-0.73232 -3.7
-0.73208 -4.1
-0.73184 -4.5
-0.73159 -4.9
-0.73135 -5.3
-0.7311 -5.7
-0.73086 -6.1
-0.73062 -6.4
-0.73037 -6.7
-0.73013 -7.1
-0.72988 -7.4
-0.72964 -7.7
-0.72939 -7.9
-0.72915 -8.2
-0.72891 -8.4
-0.72866 -8.6
-0.72842 -8.8
-0.72817 -8.9
-0.72793 -9.1
-0.72769 -9.2
-0.72744 -9.3
-0.7272 -9.3
-0.72695 -9.4
-0.72671 -9.4
-0.72647 -9.4
-0.72622 -9.3
-0.72598 -9.3
-0.72573 -9.2
-0.72549 -9.1
-0.72524 -9.0
-0.725 -8.8
-0.72476 -8.7
-0.72451 -8.5
-0.72427 -8.3
-0.72402 -8.0
-0.72378 -7.8
-0.72354 -7.5
-0.72329 -7.2
-0.72305 -6.9
-0.7228 -6.5
-0.72256 -6.2
-0.72231 -5.8
-0.72207 -5.5
-0.72183 -5.1
-0.72158 -4.7
-0.72134 -4.2
-0.72109 -3.8
-0.72085 -3.4
-0.72061 -2.9
-0.72036 -2.5
-0.72012 -2.0
-0.71987 -1.5
-0.71963 -1.1
-0.71939 -0.6
-0.71914 -0.1
-0.7189 0.4
-0.71865 0.8
-0.71841 1.3
-0.71816 1.8
-0.71792 2.3
-0.71768 2.7
-0.71743 3.2
-0.71719 3.6
-0.71694 4.0
-0.7167 4.5
-0.71646 4.9
-0.71621 5.3
-0.71597 5.7
-0.71572 6.1
-0.71548 6.4
-0.71523 6.8
-0.71499 7.1
-0.71475 7.4
-0.7145 7.7
-0.71426 7.9
-0.71401 8.2
-0.71377 8.4
-0.71353 8.6
-0.71328 8.8
-0.71304 9.0
-0.71279 9.1
-0.71255 9.2
-0.71231 9.3
-0.71206 9.4
-0.71182 9.4
-0.71157 9.4
-0.71133 9.4
-0.71108 9.4
-0.71084 9.3
-0.7106 9.2
-0.71035 9.1
-0.71011 9.0
-0.70986 8.9
-0.70962 8.7
-0.70938 8.5
-0.70913 8.3
-0.70889 8.0
-0.70864 7.8
-0.7084 7.5
-0.70815 7.2
-0.70791 6.9
-0.70767 6.5
-0.70742 6.2
-0.70718 5.8
-0.70693 5.4
-0.70669 5.0
-0.70645 4.6
-0.7062 4.2
-0.70596 3.7
-0.70571 3.3
-0.70547 2.8
-0.70522 2.4
-0.70498 1.9
-0.70474 1.4
-0.70449 1.0
-0.70425 0.5
-0.704 0.0
-0.70376 -0.5
-0.70352 -1.0
-0.70327 -1.5
-0.70303 -1.9
-0.70278 -2.4
-0.70254 -2.9
-0.7023 -3.3
-0.70205 -3.8
-0.70181 -4.2
-0.70156 -4.6
-0.70132 -5.1
-0.70107 -5.5
-0.70083 -5.8
-0.70059 -6.2
-0.70034 -6.6
-0.7001 -6.9
-0.69985 -7.2
-0.69961 -7.5
-0.69937 -7.8
-0.69912 -8.1
-0.69888 -8.3
-0.69863 -8.5
-0.69839 -8.7
-0.69814 -8.9
-0.6979 -9.1
-0.69766 -9.2
-0.69741 -9.3
-0.69717 -9.4
-0.69692 -9.4
-0.69668 -9.5
-0.69644 -9.5
-0.69619 -9.5
-0.69595 -9.4
-0.6957 -9.3
-0.69546 -9.2
-0.69522 -9.1
-0.69497 -9.0
-0.69473 -8.8
-0.69448 -8.6
-0.69424 -8.4
-0.69399 -8.2
-0.69375 -7.9
-0.69351 -7.6
-0.69326 -7.4
-0.69302 -7.0
-0.69277 -6.7
-0.69253 -6.3
-0.69229 -6.0
-0.69204 -5.6
-0.6918 -5.2
-0.69155 -4.8
-0.69131 -4.3
-0.69106 -3.9
-0.69082 -3.5
-0.69058 -3.0
-0.69033 -2.5
-0.69009 -2.1
-0.68984 -1.6
-0.6896 -1.1
-0.68936 -0.6
-0.68911 -0.1
-0.68887 0.4
-0.68862 0.9
-0.68838 1.3
-0.68814 1.8
-0.68789 2.3
-0.68765 2.8
-0.6874 3.2
-0.68716 3.7
-0.68691 4.1
-0.68667 4.6
-0.68643 5.0
-0.68618 5.4
-0.68594 5.8
-0.68569 6.2
-0.68545 6.5
-0.68521 6.9
-0.68496 7.2
-0.68472 7.5
-0.68447 7.8
-0.68423 8.1
-0.68398 8.3
-0.68374 8.6
-0.6835 8.8
-0.68325 8.9
-0.68301 9.1
-0.68276 9.2
-0.68252 9.3
-0.68228 9.4
-0.68203 9.5
-0.68179 9.5
-0.68154 9.5
-0.6813 9.5
-0.68106 9.5
-0.68081 9.4
-0.68057 9.3
-0.68032 9.2
-0.68008 9.0
-0.67983 8.9
-0.67959 8.7
-0.67935 8.5
-0.6791 8.2
-0.67886 8.0
-0.67861 7.7
-0.67837 7.4
-0.67813 7.0
-0.67788 6.7
-0.67764 6.3
-0.67739 6.0
-0.67715 5.6
-0.6769 5.2
-0.67666 4.8
-0.67642 4.3
-0.67617 3.9
-0.67593 3.4
-0.67568 3.0
-0.67544 2.5
-0.6752 2.0
-0.67495 1.5
-0.67471 1.0
-0.67446 0.5
-0.67422 0.0
-0.67397 -0.5
-0.67373 -1.0
-0.67349 -1.4
-0.67324 -1.9
-0.673 -2.4
-0.67275 -2.9
-0.67251 -3.4
-0.67227 -3.8
-0.67202 -4.3
-0.67178 -4.7
-0.67153 -5.1
-0.67129 -5.5
-0.67105 -5.9
-0.6708 -6.3
-0.67056 -6.7
-0.67031 -7.0
-0.67007 -7.4
-0.66982 -7.7
-0.66958 -8.0
-0.66934 -8.2
-0.66909 -8.5
-0.66885 -8.7
-0.6686 -8.9
-0.66836 -9.1
-0.66812 -9.2
-0.66787 -9.3
-0.66763 -9.4
-0.66738 -9.5
-0.66714 -9.5
-0.66689 -9.6
-0.66665 -9.6
-0.66641 -9.5
-0.66616 -9.5
-0.66592 -9.4
-0.66567 -9.3
-0.66543 -9.2
-0.66519 -9.0
-0.66494 -8.8
-0.6647 -8.6
-0.66445 -8.4
-0.66421 -8.1
-0.66397 -7.9
-0.66372 -7.6
-0.66348 -7.2
-0.66323 -6.9
-0.66299 -6.5
-0.66274 -6.2
-0.6625 -5.8
-0.66226 -5.4
-0.66201 -5.0
-0.66177 -4.5
-0.66152 -4.1
-0.66128 -3.6
-0.66104 -3.2
-0.66079 -2.7
-0.66055 -2.2
-0.6603 -1.7
-0.66006 -1.2
-0.65981 -0.7
-0.65957 -0.2
-0.65933 0.3
-0.65908 0.8
-0.65884 1.3
-0.65859 1.8
-0.65835 2.3
-0.65811 2.8
-0.65786 3.2
-0.65762 3.7
-0.65737 4.2
-0.65713 4.6
-0.65689 5.0
-0.65664 5.5
-0.6564 5.9
-0.65615 6.3
-0.65591 6.6
-0.65566 7.0
-0.65542 7.3
-0.65518 7.6
-0.65493 7.9
-0.65469 8.2
-0.65444 8.5
-0.6542 8.7
-0.65396 8.9
-0.65371 9.1
-0.65347 9.2
-0.65322 9.4
-0.65298 9.5
-0.65273 9.5
-0.65249 9.6
-0.65225 9.6
-0.652 9.6
-0.65176 9.6
-0.65151 9.5
-0.65127 9.4
-0.65103 9.3
-0.65078 9.2
-0.65054 9.1
-0.65029 8.9
-0.65005 8.7
-0.64981 8.4
-0.64956 8.2
-0.64932 7.9
-0.64907 7.6
-0.64883 7.3
-0.64858 6.9
-0.64834 6.6
-0.6481 6.2
-0.64785 5.8
-0.64761 5.4
-0.64736 5.0
-0.64712 4.5
-0.64688 4.1
-0.64663 3.6
-0.64639 3.1
-0.64614 2.6
-0.6459 2.2
-0.64565 1.7
-0.64541 1.2
-0.64517 0.7
-0.64492 0.1
-0.64468 -0.4
-0.64443 -0.9
-0.64419 -1.4
-0.64395 -1.9
-0.6437 -2.4
-0.64346 -2.9
-0.64321 -3.3
-0.64297 -3.8
-0.64272 -4.3
-0.64248 -4.7
-0.64224 -5.2
-0.64199 -5.6
-0.64175 -6.0
-0.6415 -6.4
-0.64126 -6.8
-0.64102 -7.1
-0.64077 -7.4
-0.64053 -7.8
-0.64028 -8.1
-0.64004 -8.3
-0.6398 -8.6
-0.63955 -8.8
-0.63931 -9.0
-0.63906 -9.2
-0.63882 -9.3
-0.63857 -9.4
-0.63833 -9.5
-0.63809 -9.6
-0.63784 -9.7
-0.6376 -9.7
-0.63735 -9.7
-0.63711 -9.6
-0.63687 -9.6
-0.63662 -9.5
-0.63638 -9.3
-0.63613 -9.2
-0.63589 -9.0
-0.63564 -8.8
-0.6354 -8.6
-0.63516 -8.4
-0.63491 -8.1
-0.63467 -7.8
-0.63442 -7.5
-0.63418 -7.2
-0.63394 -6.8
-0.63369 -6.4
-0.63345 -6.0
-0.6332 -5.6
-0.63296 -5.2
-0.63272 -4.8
-0.63247 -4.3
-0.63223 -3.8
-0.63198 -3.4
-0.63174 -2.9
-0.63149 -2.4
-0.63125 -1.9
-0.63101 -1.4
-0.63076 -0.9
-0.63052 -0.4
-0.63027 0.2
-0.63003 0.7
-0.62979 1.2
-0.62954 1.7
-0.6293 2.2
-0.62905 2.7
-0.62881 3.2
-0.62856 3.7
-0.62832 4.1
-0.62808 4.6
-0.62783 5.1
-0.62759 5.5
-0.62734 5.9
-0.6271 6.3
-0.62686 6.7
-0.62661 7.1
-0.62637 7.4
-0.62612 7.7
-0.62588 8.0
-0.62564 8.3
-0.62539 8.6
-0.62515 8.8
-0.6249 9.0
-0.62466 9.2
-0.62441 9.3
-0.62417 9.5
-0.62393 9.6
-0.62368 9.6
-0.62344 9.7
-0.62319 9.7
-0.62295 9.7
-0.62271 9.7
-0.62246 9.6
-0.62222 9.5
-0.62197 9.4
-0.62173 9.3
-0.62148 9.1
-0.62124 8.9
-0.621 8.7
-0.62075 8.4
-0.62051 8.2
-0.62026 7.9
-0.62002 7.5
-0.61978 7.2
-0.61953 6.9
-0.61929 6.5
-0.61904 6.1
-0.6188 5.7
-0.61856 5.2
-0.61831 4.8
-0.61807 4.3
-0.61782 3.9
-0.61758 3.4
-0.61733 2.9
-0.61709 2.4
-0.61685 1.9
-0.6166 1.4
-0.61636 0.8
-0.61611 0.3
-0.61587 -0.2
-0.61563 -0.7
-0.61538 -1.2
-0.61514 -1.8
-0.61489 -2.3
-0.61465 -2.8
-0.6144 -3.3
-0.61416 -3.8
-0.61392 -4.2
-0.61367 -4.7
-0.61343 -5.1
-0.61318 -5.6
-0.61294 -6.0
-0.6127 -6.4
-0.61245 -6.8
-0.61221 -7.2
-0.61196 -7.5
-0.61172 -7.8
-0.61147 -8.1
-0.61123 -8.4
-0.61099 -8.7
-0.61074 -8.9
-0.6105 -9.1
-0.61025 -9.3
-0.61001 -9.4
-0.60977 -9.6
-0.60952 -9.6
-0.60928 -9.7
-0.60903 -9.8
-0.60879 -9.8
-0.60855 -9.8
-0.6083 -9.7
-0.60806 -9.6
-0.60781 -9.5
-0.60757 -9.4
-0.60732 -9.3
-0.60708 -9.1
-0.60684 -8.9
-0.60659 -8.6
-0.60635 -8.4
-0.6061 -8.1
-0.60586 -7.8
-0.60562 -7.4
-0.60537 -7.1
-0.60513 -6.7
-0.60488 -6.3
-0.60464 -5.9
-0.60439 -5.5
-0.60415 -5.1
-0.60391 -4.6
-0.60366 -4.1
-0.60342 -3.6
-0.60317 -3.1
-0.60293 -2.6
-0.60269 -2.1
-0.60244 -1.6
-0.6022 -1.1
-0.60195 -0.6
-0.60171 0.0
-0.60147 0.5
-0.60122 1.0
-0.60098 1.5
-0.60073 2.1
-0.60049 2.6
-0.60024 3.1
-0.6 3.6
-0.59976 4.1
-0.59951 4.6
-0.59927 5.0
-0.59902 5.5
-0.59878 5.9
-0.59854 6.3
-0.59829 6.7
-0.59805 7.1
-0.5978 7.4
-0.59756 7.8
-0.59731 8.1
-0.59707 8.4
-0.59683 8.6
-0.59658 8.9
-0.59634 9.1
-0.59609 9.3
-0.59585 9.4
-0.59561 9.6
-0.59536 9.7
-0.59512 9.8
-0.59487 9.8
-0.59463 9.8
-0.59439 9.8
-0.59414 9.8
-0.5939 9.7
-0.59365 9.6
-0.59341 9.5
-0.59316 9.3
-0.59292 9.1
-0.59268 8.9
-0.59243 8.7
-0.59219 8.4
-0.59194 8.2
-0.5917 7.9
-0.59146 7.5
-0.59121 7.2
-0.59097 6.8
-0.59072 6.4
-0.59048 6.0
-0.59023 5.6
-0.58999 5.1
-0.58975 4.6
-0.5895 4.2
-0.58926 3.7
-0.58901 3.2
-0.58877 2.7
-0.58853 2.1
-0.58828 1.6
-0.58804 1.1
-0.58779 0.5
-0.58755 0.0
-0.58731 -0.5
-0.58706 -1.1
-0.58682 -1.6
-0.58657 -2.1
-0.58633 -2.6
-0.58608 -3.2
-0.58584 -3.7
-0.5856 -4.1
-0.58535 -4.6
-0.58511 -5.1
-0.58486 -5.6
-0.58462 -6.0
-0.58438 -6.4
-0.58413 -6.8
-0.58389 -7.2
-0.58364 -7.5
-0.5834 -7.9
-0.58315 -8.2
-0.58291 -8.5
-0.58267 -8.7
-0.58242 -9.0
-0.58218 -9.2
-0.58193 -9.4
-0.58169 -9.5
-0.58145 -9.7
-0.5812 -9.8
-0.58096 -9.8
-0.58071 -9.9
-0.58047 -9.9
-0.58022 -9.9
-0.57998 -9.8
-0.57974 -9.7
-0.57949 -9.6
-0.57925 -9.5
-0.579 -9.3
-0.57876 -9.1
-0.57852 -8.9
-0.57827 -8.7
-0.57803 -8.4
-0.57778 -8.1
-0.57754 -7.8
-0.5773 -7.4
-0.57705 -7.1
-0.57681 -6.7
-0.57656 -6.3
-0.57632 -5.8
-0.57607 -5.4
-0.57583 -4.9
-0.57559 -4.4
-0.57534 -4.0
-0.5751 -3.5
-0.57485 -2.9
-0.57461 -2.4
-0.57437 -1.9
-0.57412 -1.4
-0.57388 -0.8
-0.57363 -0.3
-0.57339 0.3
-0.57314 0.8
-0.5729 1.4
-0.57266 1.9
-0.57241 2.4
-0.57217 2.9
-0.57192 3.5
-0.57168 4.0
-0.57144 4.5
-0.57119 4.9
-0.57095 5.4
-0.5707 5.9
-0.57046 6.3
-0.57022 6.7
-0.56997 7.1
-0.56973 7.5
-0.56948 7.8
-0.56924 8.1
-0.56899 8.4
-0.56875 8.7
-0.56851 9.0
-0.56826 9.2
-0.56802 9.4
-0.56777 9.5
-0.56753 9.7
-0.56729 9.8
-0.56704 9.9
-0.5668 9.9
-0.56655 9.9
-0.56631 9.9
-0.56606 9.9
-0.56582 9.8
-0.56558 9.7
-0.56533 9.6
-0.56509 9.4
-0.56484 9.2
-0.5646 9.0
-0.56436 8.8
-0.56411 8.5
-0.56387 8.2
-0.56362 7.9
-0.56338 7.5
-0.56314 7.1
-0.56289 6.7
-0.56265 6.3
-0.5624 5.9
-0.56216 5.5
-0.56191 5.0
-0.56167 4.5
-0.56143 4.0
-0.56118 3.5
-0.56094 3.0
-0.56069 2.4
-0.56045 1.9
-0.56021 1.4
-0.55996 0.8
-0.55972 0.3
-0.55947 -0.3
-0.55923 -0.8
-0.55898 -1.4
-0.55874 -1.9
-0.5585 -2.5
-0.55825 -3.0
-0.55801 -3.5
-0.55776 -4.0
-0.55752 -4.5
-0.55728 -5.0
-0.55703 -5.5
-0.55679 -5.9
-0.55654 -6.4
-0.5563 -6.8
-0.55606 -7.2
-0.55581 -7.6
-0.55557 -7.9
-0.55532 -8.2
-0.55508 -8.5
-0.55483 -8.8
-0.55459 -9.1
-0.55435 -9.3
-0.5541 -9.5
-0.55386 -9.6
-0.55361 -9.8
-0.55337 -9.9
-0.55313 -9.9
-0.55288 -10.0
-0.55264 -10.0
-0.55239 -10.0
-0.55215 -9.9
-0.5519 -9.8
-0.55166 -9.7
-0.55142 -9.6
-0.55117 -9.4
-0.55093 -9.2
-0.55068 -9.0
-0.55044 -8.7
-0.5502 -8.4
-0.54995 -8.1
-0.54971 -7.8
-0.54946 -7.4
-0.54922 -7.0
-0.54897 -6.6
-0.54873 -6.2
-0.54849 -5.8
-0.54824 -5.3
-0.548 -4.8
-0.54775 -4.3
-0.54751 -3.8
-0.54727 -3.3
-0.54702 -2.7
-0.54678 -2.2
-0.54653 -1.7
-0.54629 -1.1
-0.54605 -0.5
-0.5458 0.0
-0.54556 0.6
-0.54531 1.1
-0.54507 1.7
-0.54482 2.2
-0.54458 2.8
-0.54434 3.3
-0.54409 3.8
-0.54385 4.3
-0.5436 4.8
-0.54336 5.3
-0.54312 5.8
-0.54287 6.2
-0.54263 6.7
-0.54238 7.1
-0.54214 7.5
-0.54189 7.8
-0.54165 8.2
-0.54141 8.5
-0.54116 8.8
-0.54092 9.0
-0.54067 9.3
-0.54043 9.5
-0.54019 9.6
-0.53994 9.8
-0.5397 9.9
-0.53945 10.0
-0.53921 10.0
-0.53897 10.0
-0.53872 10.0
-0.53848 10.0
-0.53823 9.9
-0.53799 9.8
-0.53774 9.7
-0.5375 9.5
-0.53726 9.3
-0.53701 9.1
-0.53677 8.8
-0.53652 8.5
-0.53628 8.2
-0.53604 7.9
-0.53579 7.5
-0.53555 7.1
-0.5353 6.7
-0.53506 6.3
-0.53481 5.8
-0.53457 5.4
-0.53433 4.9
-0.53408 4.4
-0.53384 3.9
-0.53359 3.3
-0.53335 2.8
-0.53311 2.2
-0.53286 1.7
-0.53262 1.1
-0.53237 0.6
-0.53213 0.0
-0.53189 -0.6
-0.53164 -1.1
-0.5314 -1.7
-0.53115 -2.3
-0.53091 -2.8
-0.53066 -3.4
-0.53042 -3.9
-0.53018 -4.4
-0.52993 -4.9
-0.52969 -5.4
-0.52944 -5.9
-0.5292 -6.3
-0.52896 -6.8
-0.52871 -7.2
-0.52847 -7.6
-0.52822 -7.9
-0.52798 -8.3
-0.52773 -8.6
-0.52749 -8.9
-0.52725 -9.1
-0.527 -9.4
-0.52676 -9.6
-0.52651 -9.7
-0.52627 -9.9
-0.52603 -10.0
-0.52578 -10.0
-0.52554 -10.1
-0.52529 -10.1
-0.52505 -10.1
-0.52481 -10.0
-0.52456 -9.9
-0.52432 -9.8
-0.52407 -9.7
-0.52383 -9.5
-0.52358 -9.3
-0.52334 -9.0
-0.5231 -8.8
-0.52285 -8.5
-0.52261 -8.1
-0.52236 -7.8
-0.52212 -7.4
-0.52188 -7.0
-0.52163 -6.6
-0.52139 -6.1
-0.52114 -5.7
-0.5209 -5.2
-0.52065 -4.7
-0.52041 -4.2
-0.52017 -3.6
-0.51992 -3.1
-0.51968 -2.5
-0.51943 -2.0
-0.51919 -1.4
-0.51895 -0.8
-0.5187 -0.3
-0.51846 0.3
-0.51821 0.9
-0.51797 1.4
-0.51772 2.0
-0.51748 2.6
-0.51724 3.1
-0.51699 3.7
-0.51675 4.2
-0.5165 4.7
-0.51626 5.2
-0.51602 5.7
-0.51577 6.2
-0.51553 6.6
-0.51528 7.1
-0.51504 7.5
-0.5148 7.8
-0.51455 8.2
-0.51431 8.5
-0.51406 8.8
-0.51382 9.1
-0.51357 9.3
-0.51333 9.6
-0.51309 9.7
-0.51284 9.9
-0.5126 10.0
-0.51235 10.1
-0.51211 10.1
-0.51187 10.2
-0.51162 10.1
-0.51138 10.1
-0.51113 10.0
-0.51089 9.9
-0.51064 9.8
-0.5104 9.6
-0.51016 9.4
-0.50991 9.1
-0.50967 8.9
-0.50942 8.6
-0.50918 8.2
-0.50894 7.9
-0.50869 7.5
-0.50845 7.1
-0.5082 6.7
-0.50796 6.2
-0.50772 5.8
-0.50747 5.3
-0.50723 4.8
-0.50698 4.2
-0.50674 3.7
-0.50649 3.1
-0.50625 2.6
-0.50601 2.0
-0.50576 1.4
-0.50552 0.9
-0.50527 0.3
-0.50503 -0.3
-0.50479 -0.9
-0.50454 -1.5
-0.5043 -2.1
-0.50405 -2.6
-0.50381 -3.2
-0.50356 -3.7
-0.50332 -4.3
-0.50308 -4.8
-0.50283 -5.3
-0.50259 -5.8
-0.50234 -6.3
-0.5021 -6.7
-0.50186 -7.2
-0.50161 -7.6
-0.50137 -7.9
-0.50112 -8.3
-0.50088 -8.6
-0.50064 -8.9
-0.50039 -9.2
-0.50015 -9.4
-0.4999 -9.7
-0.49966 -9.8
-0.49941 -10.0
-0.49917 -10.1
-0.49893 -10.2
-0.49868 -10.2
-0.49844 -10.2
-0.49819 -10.2
-0.49795 -10.1
-0.49771 -10.1
-0.49746 -9.9
-0.49722 -9.8
-0.49697 -9.6
-0.49673 -9.4
-0.49648 -9.1
-0.49624 -8.8
-0.496 -8.5
-0.49575 -8.2
-0.49551 -7.8
-0.49526 -7.4
-0.49502 -7.0
-0.49478 -6.5
-0.49453 -6.1
-0.49429 -5.6
-0.49404 -5.1
-0.4938 -4.6
-0.49356 -4.0
-0.49331 -3.5
-0.49307 -2.9
-0.49282 -2.3
-0.49258 -1.7
-0.49233 -1.2
-0.49209 -0.6
-0.49185 0.0
-0.4916 0.6
-0.49136 1.2
-0.49111 1.8
-0.49087 2.4
-0.49063 3.0
-0.49038 3.5
-0.49014 4.1
-0.48989 4.6
-0.48965 5.1
-0.4894 5.6
-0.48916 6.1
-0.48892 6.6
-0.48867 7.0
-0.48843 7.5
-0.48818 7.9
-0.48794 8.2
-0.4877 8.6
-0.48745 8.9
-0.48721 9.2
-0.48696 9.4
-0.48672 9.7
-0.48647 9.8
-0.48623 10.0
-0.48599 10.1
-0.48574 10.2
-0.4855 10.3
-0.48525 10.3
-0.48501 10.3
-0.48477 10.2
-0.48452 10.1
-0.48428 10.0
-0.48403 9.9
-0.48379 9.7
-0.48355 9.5
-0.4833 9.2
-0.48306 8.9
-0.48281 8.6
-0.48257 8.3
-0.48232 7.9
-0.48208 7.5
-0.48184 7.1
-0.48159 6.6
-0.48135 6.1
-0.4811 5.7
-0.48086 5.1
-0.48062 4.6
-0.48037 4.1
-0.48013 3.5
-0.47988 2.9
-0.47964 2.4
-0.47939 1.8
-0.47915 1.2
-0.47891 0.6
-0.47866 0.0
-0.47842 -0.6
-0.47817 -1.2
-0.47793 -1.8
-0.47769 -2.4
-0.47744 -3.0
-0.4772 -3.6
-0.47695 -4.1
-0.47671 -4.7
-0.47647 -5.2
-0.47622 -5.7
-0.47598 -6.2
-0.47573 -6.7
-0.47549 -7.2
-0.47524 -7.6
-0.475 -8.0
-0.47476 -8.4
-0.47451 -8.7
-0.47427 -9.0
-0.47402 -9.3
-0.47378 -9.5
-0.47354 -9.8
-0.47329 -9.9
-0.47305 -10.1
-0.4728 -10.2
-0.47256 -10.3
-0.47231 -10.3
-0.47207 -10.4
-0.47183 -10.3
-0.47158 -10.3
-0.47134 -10.2
-0.47109 -10.0
-0.47085 -9.9
-0.47061 -9.7
-0.47036 -9.4
-0.47012 -9.2
-0.46987 -8.9
-0.46963 -8.5
-0.46939 -8.2
-0.46914 -7.8
-0.4689 -7.4
-0.46865 -6.9
-0.46841 -6.5
-0.46816 -6.0
-0.46792 -5.5
-0.46768 -4.9
-0.46743 -4.4
-0.46719 -3.8
-0.46694 -3.3
-0.4667 -2.7
-0.46646 -2.1
-0.46621 -1.5
-0.46597 -0.9
-0.46572 -0.2
-0.46548 0.4
-0.46523 1.0
-0.46499 1.6
-0.46475 2.2
-0.4645 2.8
-0.46426 3.4
-0.46401 3.9
-0.46377 4.5
-0.46353 5.1
-0.46328 5.6
-0.46304 6.1
-0.46279 6.6
-0.46255 7.0
-0.46231 7.5
-0.46206 7.9
-0.46182 8.3
-0.46157 8.6
-0.46133 9.0
-0.46108 9.3
-0.46084 9.5
-0.4606 9.8
-0.46035 10.0
-0.46011 10.1
-0.45986 10.3
-0.45962 10.3
-0.45938 10.4
-0.45913 10.4
-0.45889 10.4
-0.45864 10.3
-0.4584 10.3
-0.45815 10.1
-0.45791 10.0
-0.45767 9.8
-0.45742 9.5
-0.45718 9.3
-0.45693 9.0
-0.45669 8.6
-0.45645 8.3
-0.4562 7.9
-0.45596 7.5
-0.45571 7.0
-0.45547 6.5
-0.45522 6.0
-0.45498 5.5
-0.45474 5.0
-0.45449 4.4
-0.45425 3.9
-0.454 3.3
-0.45376 2.7
-0.45352 2.1
-0.45327 1.5
-0.45303 0.8
-0.45278 0.2
-0.45254 -0.4
-0.4523 -1.0
-0.45205 -1.6
-0.45181 -2.3
-0.45156 -2.9
-0.45132 -3.5
-0.45107 -4.0
-0.45083 -4.6
-0.45059 -5.2
-0.45034 -5.7
-0.4501 -6.2
-0.44985 -6.7
-0.44961 -7.2
-0.44937 -7.6
-0.44912 -8.0
-0.44888 -8.4
-0.44863 -8.8
-0.44839 -9.1
-0.44814 -9.4
-0.4479 -9.7
-0.44766 -9.9
-0.44741 -10.1
-0.44717 -10.2
-0.44692 -10.4
-0.44668 -10.4
-0.44644 -10.5
-0.44619 -10.5
-0.44595 -10.5
-0.4457 -10.4
-0.44546 -10.3
-0.44522 -10.1
-0.44497 -10.0
-0.44473 -9.7
-0.44448 -9.5
-0.44424 -9.2
-0.44399 -8.9
-0.44375 -8.5
-0.44351 -8.2
-0.44326 -7.7
-0.44302 -7.3
-0.44277 -6.8
-0.44253 -6.3
-0.44229 -5.8
-0.44204 -5.3
-0.4418 -4.7
-0.44155 -4.2
-0.44131 -3.6
-0.44106 -3.0
-0.44082 -2.4
-0.44058 -1.8
-0.44033 -1.1
-0.44009 -0.5
-0.43984 0.1
-0.4396 0.8
-0.43936 1.4
-0.43911 2.0
-0.43887 2.6
-0.43862 3.3
-0.43838 3.9
-0.43814 4.4
-0.43789 5.0
-0.43765 5.6
-0.4374 6.1
-0.43716 6.6
-0.43691 7.1
-0.43667 7.5
-0.43643 8.0
-0.43618 8.4
-0.43594 8.7
-0.43569 9.1
-0.43545 9.4
-0.43521 9.7
-0.43496 9.9
-0.43472 10.1
-0.43447 10.3
-0.43423 10.4
-0.43398 10.5
-0.43374 10.5
-0.4335 10.6
-0.43325 10.5
-0.43301 10.5
-0.43276 10.4
-0.43252 10.2
-0.43228 10.0
-0.43203 9.8
-0.43179 9.6
-0.43154 9.3
-0.4313 9.0
-0.43106 8.6
-0.43081 8.2
-0.43057 7.8
-0.43032 7.4
-0.43008 6.9
-0.42983 6.4
-0.42959 5.9
-0.42935 5.3
-0.4291 4.8
-0.42886 4.2
-0.42861 3.6
-0.42837 3.0
-0.42813 2.3
-0.42788 1.7
-0.42764 1.1
-0.42739 0.4
-0.42715 -0.2
-0.4269 -0.9
-0.42666 -1.5
-0.42642 -2.1
-0.42617 -2.8
-0.42593 -3.4
-0.42568 -4.0
-0.42544 -4.6
-0.4252 -5.1
-0.42495 -5.7
-0.42471 -6.2
-0.42446 -6.7
-0.42422 -7.2
-0.42397 -7.7
-0.42373 -8.1
-0.42349 -8.5
-0.42324 -8.9
-0.423 -9.2
-0.42275 -9.5
-0.42251 -9.8
-0.42227 -10.0
-0.42202 -10.2
-0.42178 -10.4
-0.42153 -10.5
-0.42129 -10.6
-0.42105 -10.6
-0.4208 -10.6
-0.42056 -10.6
-0.42031 -10.5
-0.42007 -10.4
-0.41982 -10.2
-0.41958 -10.0
-0.41934 -9.8
-0.41909 -9.5
-0.41885 -9.2
-0.4186 -8.9
-0.41836 -8.5
-0.41812 -8.1
-0.41787 -7.6
-0.41763 -7.2
-0.41738 -6.7
-0.41714 -6.2
-0.41689 -5.6
-0.41665 -5.1
-0.41641 -4.5
-0.41616 -3.9
-0.41592 -3.3
-0.41567 -2.6
-0.41543 -2.0
-0.41519 -1.3
-0.41494 -0.7
-0.4147 0.0
-0.41445 0.6
-0.41421 1.3
-0.41397 1.9
-0.41372 2.6
-0.41348 3.2
-0.41323 3.8
-0.41299 4.4
-0.41274 5.0
-0.4125 5.6
-0.41226 6.1
-0.41201 6.7
-0.41177 7.2
-0.41152 7.6
-0.41128 8.1
-0.41104 8.5
-0.41079 8.9
-0.41055 9.2
-0.4103 9.6
-0.41006 9.8
-0.40981 10.1
-0.40957 10.3
-0.40933 10.4
-0.40908 10.6
-0.40884 10.6
-0.40859 10.7
-0.40835 10.7
-0.40811 10.7
-0.40786 10.6
-0.40762 10.5
-0.40737 10.3
-0.40713 10.1
-0.40689 9.9
-0.40664 9.6
-0.4064 9.3
-0.40615 8.9
-0.40591 8.5
-0.40566 8.1
-0.40542 7.7
-0.40518 7.2
-0.40493 6.7
-0.40469 6.2
-0.40444 5.6
-0.4042 5.0
-0.40396 4.4
-0.40371 3.8
-0.40347 3.2
-0.40322 2.6
-0.40298 1.9
-0.40273 1.3
-0.40249 0.6
-0.40225 0.0
-0.402 -0.7
-0.40176 -1.4
-0.40151 -2.1
-0.40127 -2.7
-0.40103 -3.4
-0.40078 -4.0
-0.40054 -4.6
-0.40029 -5.2
-0.40005 -5.8
-0.39981 -6.3
-0.39956 -6.9
-0.39932 -7.4
-0.39907 -7.8
-0.39883 -8.3
-0.39858 -8.7
-0.39834 -9.1
-0.3981 -9.4
-0.39785 -9.7
-0.39761 -10.0
-0.39736 -10.2
-0.39712 -10.4
-0.39688 -10.6
-0.39663 -10.7
-0.39639 -10.7
-0.39614 -10.8
-0.3959 -10.8
-0.39565 -10.7
-0.39541 -10.6
-0.39517 -10.5
-0.39492 -10.3
-0.39468 -10.1
-0.39443 -9.8
-0.39419 -9.5
-0.39395 -9.2
-0.3937 -8.8
-0.39346 -8.4
-0.39321 -7.9
-0.39297 -7.5
-0.39272 -7.0
-0.39248 -6.4
-0.39224 -5.9
-0.39199 -5.3
-0.39175 -4.7
-0.3915 -4.1
-0.39126 -3.4
-0.39102 -2.8
-0.39077 -2.1
-0.39053 -1.5
-0.39028 -0.8
-0.39004 -0.1
-0.3898 0.6
-0.38955 1.2
-0.38931 1.9
-0.38906 2.6
-0.38882 3.2
-0.38857 3.9
-0.38833 4.5
-0.38809 5.1
-0.38784 5.7
-0.3876 6.3
-0.38735 6.8
-0.38711 7.3
-0.38687 7.8
-0.38662 8.3
-0.38638 8.7
-0.38613 9.1
-0.38589 9.4
-0.38564 9.8
-0.3854 10.0
-0.38516 10.3
-0.38491 10.5
-0.38467 10.6
-0.38442 10.7
-0.38418 10.8
-0.38394 10.8
-0.38369 10.8
-0.38345 10.8
-0.3832 10.7
-0.38296 10.5
-0.38272 10.3
-0.38247 10.1
-0.38223 9.8
-0.38198 9.5
-0.38174 9.2
-0.38149 8.8
-0.38125 8.4
-0.38101 7.9
-0.38076 7.5
-0.38052 6.9
-0.38027 6.4
-0.38003 5.8
-0.37979 5.2
-0.37954 4.6
-0.3793 4.0
-0.37905 3.3
-0.37881 2.7
-0.37856 2.0
-0.37832 1.3
-0.37808 0.6
-0.37783 0.0
-0.37759 -0.7
-0.37734 -1.4
-0.3771 -2.1
-0.37686 -2.8
-0.37661 -3.5
-0.37637 -4.1
-0.37612 -4.7
-0.37588 -5.4
-0.37564 -5.9
-0.37539 -6.5
-0.37515 -7.1
-0.3749 -7.6
-0.37466 -8.1
-0.37441 -8.5
-0.37417 -8.9
-0.37393 -9.3
-0.37368 -9.7
-0.37344 -10.0
-0.37319 -10.2
-0.37295 -10.5
-0.37271 -10.6
-0.37246 -10.8
-0.37222 -10.9
-0.37197 -10.9
-0.37173 -10.9
-0.37148 -10.9
-0.37124 -10.8
-0.371 -10.7
-0.37075 -10.5
-0.37051 -10.3
-0.37026 -10.0
-0.37002 -9.7
-0.36978 -9.4
-0.36953 -9.0
-0.36929 -8.6
-0.36904 -8.2
-0.3688 -7.7
-0.36856 -7.2
-0.36831 -6.6
-0.36807 -6.1
-0.36782 -5.5
-0.36758 -4.8
-0.36733 -4.2
-0.36709 -3.5
-0.36685 -2.9
-0.3666 -2.2
-0.36636 -1.5
-0.36611 -0.8
-0.36587 0.0
-0.36563 0.6
-0.36538 1.3
-0.36514 2.0
-0.36489 2.7
-0.36465 3.4
-0.3644 4.0
-0.36416 4.7
-0.36392 5.3
-0.36367 5.9
-0.36343 6.5
-0.36318 7.1
-0.36294 7.6
-0.3627 8.1
-0.36245 8.6
-0.36221 9.0
-0.36196 9.4
-0.36172 9.7
-0.36147 10.0
-0.36123 10.3
-0.36099 10.5
-0.36074 10.7
-0.3605 10.9
-0.36025 11.0
-0.36001 11.0
-0.35977 11.0
-0.35952 11.0
-0.35928 10.9
-0.35903 10.7
-0.35879 10.6
-0.35855 10.3
-0.3583 10.1
-0.35806 9.8
-0.35781 9.4
-0.35757 9.0
-0.35732 8.6
-0.35708 8.1
-0.35684 7.6
-0.35659 7.1
-0.35635 6.5
-0.3561 5.9
-0.35586 5.3
-0.35562 4.7
-0.35537 4.0
-0.35513 3.4
-0.35488 2.7
-0.35464 2.0
-0.35439 1.3
-0.35415 0.6
-0.35391 -0.2
-0.35366 -0.9
-0.35342 -1.6
-0.35317 -2.3
-0.35293 -3.0
-0.35269 -3.7
-0.35244 -4.4
-0.3522 -5.0
-0.35195 -5.6
-0.35171 -6.2
-0.35147 -6.8
-0.35122 -7.4
-0.35098 -7.9
-0.35073 -8.4
-0.35049 -8.8
-0.35024 -9.3
-0.35 -9.6
-0.34976 -10.0
-0.34951 -10.3
-0.34927 -10.5
-0.34902 -10.7
-0.34878 -10.9
-0.34854 -11.0
-0.34829 -11.1
-0.34805 -11.1
-0.3478 -11.1
-0.34756 -11.0
-0.34731 -10.9
-0.34707 -10.7
-0.34683 -10.5
-0.34658 -10.2
-0.34634 -9.9
-0.34609 -9.6
-0.34585 -9.2
-0.34561 -8.8
-0.34536 -8.3
-0.34512 -7.8
-0.34487 -7.3
-0.34463 -6.7
-0.34439 -6.1
-0.34414 -5.5
-0.3439 -4.8
-0.34365 -4.2
-0.34341 -3.5
-0.34316 -2.8
-0.34292 -2.1
-0.34268 -1.4
-0.34243 -0.6
-0.34219 0.0
-0.34194 0.8
-0.3417 1.6
-0.34146 2.3
-0.34121 3.0
-0.34097 3.7
-0.34072 4.4
-0.34048 5.0
-0.34023 5.7
-0.33999 6.3
-0.33975 6.9
-0.3395 7.5
-0.33926 8.0
-0.33901 8.5
-0.33877 9.0
-0.33853 9.4
-0.33828 9.8
-0.33804 10.1
-0.33779 10.4
-0.33755 10.6
-0.33731 10.8
-0.33706 11.0
-0.33682 11.1
-0.33657 11.2
-0.33633 11.2
-0.33608 11.1
-0.33584 11.1
-0.3356 10.9
-0.33535 10.7
-0.33511 10.5
-0.33486 10.2
-0.33462 9.9
-0.33438 9.5
-0.33413 9.1
-0.33389 8.7
-0.33364 8.2
-0.3334 7.7
-0.33315 7.1
-0.33291 6.5
-0.33267 5.9
-0.33242 5.3
-0.33218 4.6
-0.33193 3.9
-0.33169 3.2
-0.33145 2.5
-0.3312 1.8
-0.33096 1.0
-0.33071 0.3
-0.33047 -0.5
-0.33022 -1.2
-0.32998 -1.9
-0.32974 -2.7
-0.32949 -3.4
-0.32925 -4.1
-0.329 -4.8
-0.32876 -5.5
-0.32852 -6.1
-0.32827 -6.7
-0.32803 -7.3
-0.32778 -7.9
-0.32754 -8.4
-0.3273 -8.9
-0.32705 -9.3
-0.32681 -9.7
-0.32656 -10.1
-0.32632 -10.4
-0.32607 -10.6
-0.32583 -10.9
-0.32559 -11.0
-0.32534 -11.2
-0.3251 -11.2
-0.32485 -11.3
-0.32461 -11.2
-0.32437 -11.2
-0.32412 -11.0
-0.32388 -10.9
-0.32363 -10.6
-0.32339 -10.4
-0.32314 -10.0
-0.3229 -9.7
-0.32266 -9.3
-0.32241 -8.8
-0.32217 -8.3
-0.32192 -7.8
-0.32168 -7.2
-0.32144 -6.6
-0.32119 -6.0
-0.32095 -5.4
-0.3207 -4.7
-0.32046 -4.0
-0.32022 -3.3
-0.31997 -2.5
-0.31973 -1.8
-0.31948 -1.0
-0.31924 -0.3
-0.31899 0.5
-0.31875 1.3
-0.31851 2.0
-0.31826 2.8
-0.31802 3.5
-0.31777 4.2
-0.31753 4.9
-0.31729 5.6
-0.31704 6.2
-0.3168 6.9
-0.31655 7.5
-0.31631 8.0
-0.31606 8.5
-0.31582 9.0
-0.31558 9.5
-0.31533 9.9
-0.31509 10.2
-0.31484 10.5
-0.3146 10.8
-0.31436 11.0
-0.31411 11.2
-0.31387 11.3
-0.31362 11.3
-0.31338 11.4
-0.31314 11.3
-0.31289 11.2
-0.31265 11.1
-0.3124 10.9
-0.31216 10.6
-0.31191 10.3
-0.31167 10.0
-0.31143 9.6
-0.31118 9.1
-0.31094 8.7
-0.31069 8.1
-0.31045 7.6
-0.31021 7.0
-0.30996 6.4
-0.30972 5.7
-0.30947 5.0
-0.30923 4.3
-0.30898 3.6
-0.30874 2.9
-0.3085 2.1
-0.30825 1.3
-0.30801 0.6
-0.30776 -0.2
-0.30752 -1.0
-0.30728 -1.8
-0.30703 -2.5
-0.30679 -3.3
-0.30654 -4.0
-0.3063 -4.7
-0.30606 -5.4
-0.30581 -6.1
-0.30557 -6.8
-0.30532 -7.4
-0.30508 -8.0
-0.30483 -8.5
-0.30459 -9.0
-0.30435 -9.5
-0.3041 -9.9
-0.30386 -10.3
-0.30361 -10.6
-0.30337 -10.9
-0.30313 -11.1
-0.30288 -11.3
-0.30264 -11.4
-0.30239 -11.4
-0.30215 -11.5
-0.3019 -11.4
-0.30166 -11.3
-0.30142 -11.2
-0.30117 -11.0
-0.30093 -10.7
-0.30068 -10.4
-0.30044 -10.1
-0.3002 -9.7
-0.29995 -9.2
-0.29971 -8.7
-0.29946 -8.2
-0.29922 -7.6
-0.29897 -7.0
-0.29873 -6.4
-0.29849 -5.7
-0.29824 -5.0
-0.298 -4.3
-0.29775 -3.5
-0.29751 -2.8
-0.29727 -2.0
-0.29702 -1.2
-0.29678 -0.4
-0.29653 0.4
-0.29629 1.2
-0.29605 2.0
-0.2958 2.7
-0.29556 3.5
-0.29531 4.3
-0.29507 5.0
-0.29482 5.7
-0.29458 6.4
-0.29434 7.0
-0.29409 7.6
-0.29385 8.2
-0.2936 8.8
-0.29336 9.3
-0.29312 9.7
-0.29287 10.1
-0.29263 10.5
-0.29238 10.8
-0.29214 11.1
-0.29189 11.3
-0.29165 11.4
-0.29141 11.5
-0.29116 11.5
-0.29092 11.5
-0.29067 11.5
-0.29043 11.3
-0.29019 11.2
-0.28994 10.9
-0.2897 10.6
-0.28945 10.3
-0.28921 9.9
-0.28897 9.5
-0.28872 9.0
-0.28848 8.5
-0.28823 7.9
-0.28799 7.3
-0.28774 6.6
-0.2875 6.0
-0.28726 5.2
-0.28701 4.5
-0.28677 3.8
-0.28652 3.0
-0.28628 2.2
-0.28604 1.4
-0.28579 0.6
-0.28555 -0.2
-0.2853 -1.0
-0.28506 -1.8
-0.28481 -2.6
-0.28457 -3.4
-0.28433 -4.2
-0.28408 -4.9
-0.28384 -5.7
-0.28359 -6.4
-0.28335 -7.0
-0.28311 -7.7
-0.28286 -8.3
-0.28262 -8.8
-0.28237 -9.3
-0.28213 -9.8
-0.28189 -10.2
-0.28164 -10.6
-0.2814 -10.9
-0.28115 -11.2
-0.28091 -11.4
-0.28066 -11.5
-0.28042 -11.6
-0.28018 -11.6
-0.27993 -11.6
-0.27969 -11.6
-0.27944 -11.4
-0.2792 -11.2
-0.27896 -11.0
-0.27871 -10.7
-0.27847 -10.3
-0.27822 -9.9
-0.27798 -9.4
-0.27773 -8.9
-0.27749 -8.4
-0.27725 -7.8
-0.277 -7.2
-0.27676 -6.5
-0.27651 -5.8
-0.27627 -5.1
-0.27603 -4.3
-0.27578 -3.5
-0.27554 -2.7
-0.27529 -1.9
-0.27505 -1.1
-0.27481 -0.3
-0.27456 0.5
-0.27432 1.4
-0.27407 2.2
-0.27383 3.0
-0.27358 3.8
-0.27334 4.6
-0.2731 5.3
-0.27285 6.1
-0.27261 6.8
-0.27236 7.4
-0.27212 8.1
-0.27188 8.6
-0.27163 9.2
-0.27139 9.7
-0.27114 10.1
-0.2709 10.5
-0.27065 10.9
-0.27041 11.2
-0.27017 11.4
-0.26992 11.6
-0.26968 11.7
-0.26943 11.7
-0.26919 11.7
-0.26895 11.7
-0.2687 11.6
-0.26846 11.4
-0.26821 11.1
-0.26797 10.8
-0.26772 10.5
-0.26748 10.1
-0.26724 9.6
-0.26699 9.1
-0.26675 8.6
-0.2665 8.0
-0.26626 7.3
-0.26602 6.6
-0.26577 5.9
-0.26553 5.2
-0.26528 4.4
-0.26504 3.6
-0.2648 2.8
-0.26455 2.0
-0.26431 1.1
-0.26406 0.3
-0.26382 -0.6
-0.26357 -1.4
-0.26333 -2.2
-0.26309 -3.1
-0.26284 -3.9
-0.2626 -4.7
-0.26235 -5.4
-0.26211 -6.2
-0.26187 -6.9
-0.26162 -7.6
-0.26138 -8.2
-0.26113 -8.8
-0.26089 -9.4
-0.26064 -9.9
-0.2604 -10.3
-0.26016 -10.7
-0.25991 -11.0
-0.25967 -11.3
-0.25942 -11.6
-0.25918 -11.7
-0.25894 -11.8
-0.25869 -11.9
-0.25845 -11.8
-0.2582 -11.8
-0.25796 -11.6
-0.25772 -11.4
-0.25747 -11.1
-0.25723 -10.8
-0.25698 -10.4
-0.25674 -10.0
-0.25649 -9.5
-0.25625 -9.0
-0.25601 -8.4
-0.25576 -7.8
-0.25552 -7.1
-0.25527 -6.4
-0.25503 -5.6
-0.25479 -4.8
-0.25454 -4.0
-0.2543 -3.2
-0.25405 -2.4
-0.25381 -1.5
-0.25356 -0.7
-0.25332 0.2
-0.25308 1.1
-0.25283 1.9
-0.25259 2.8
-0.25234 3.6
-0.2521 4.5
-0.25186 5.3
-0.25161 6.0
-0.25137 6.8
-0.25112 7.5
-0.25088 8.1
-0.25064 8.7
-0.25039 9.3
-0.25015 9.8
-0.2499 10.3
-0.24966 10.7
-0.24941 11.1
-0.24917 11.4
-0.24893 11.6
-0.24868 11.8
-0.24844 11.9
-0.24819 12.0
-0.24795 12.0
-0.24771 11.9
-0.24746 11.7
-0.24722 11.5
-0.24697 11.3
-0.24673 10.9
-0.24648 10.5
-0.24624 10.1
-0.246 9.6
-0.24575 9.0
-0.24551 8.4
-0.24526 7.8
-0.24502 7.1
-0.24478 6.4
-0.24453 5.6
-0.24429 4.8
-0.24404 4.0
-0.2438 3.1
-0.24356 2.2
-0.24331 1.4
-0.24307 0.5
-0.24282 -0.4
-0.24258 -1.3
-0.24233 -2.2
-0.24209 -3.0
-0.24185 -3.9
-0.2416 -4.7
-0.24136 -5.5
-0.24111 -6.3
-0.24087 -7.1
-0.24063 -7.8
-0.24038 -8.4
-0.24014 -9.1
-0.23989 -9.6
-0.23965 -10.1
-0.2394 -10.6
-0.23916 -11.0
-0.23892 -11.3
-0.23867 -11.6
-0.23843 -11.8
-0.23818 -12.0
-0.23794 -12.1
-0.2377 -12.1
-0.23745 -12.0
-0.23721 -11.9
-0.23696 -11.7
-0.23672 -11.5
-0.23647 -11.2
-0.23623 -10.8
-0.23599 -10.4
-0.23574 -9.9
-0.2355 -9.3
-0.23525 -8.7
-0.23501 -8.1
-0.23477 -7.4
-0.23452 -6.6
-0.23428 -5.8
-0.23403 -5.0
-0.23379 -4.2
-0.23355 -3.3
-0.2333 -2.5
-0.23306 -1.6
-0.23281 -0.6
-0.23257 0.3
-0.23232 1.2
-0.23208 2.1
-0.23184 3.0
-0.23159 3.8
-0.23135 4.7
-0.2311 5.5
-0.23086 6.3
-0.23062 7.1
-0.23037 7.8
-0.23013 8.5
-0.22988 9.1
-0.22964 9.7
-0.22939 10.3
-0.22915 10.7
-0.22891 11.1
-0.22866 11.5
-0.22842 11.8
-0.22817 12.0
-0.22793 12.1
-0.22769 12.2
-0.22744 12.2
-0.2272 12.1
-0.22695 12.0
-0.22671 11.8
-0.22647 11.5
-0.22622 11.2
-0.22598 10.8
-0.22573 10.3
-0.22549 9.8
-0.22524 9.2
-0.225 8.6
-0.22476 7.9
-0.22451 7.2
-0.22427 6.4
-0.22402 5.6
-0.22378 4.8
-0.22354 3.9
-0.22329 3.0
-0.22305 2.1
-0.2228 1.2
-0.22256 0.2
-0.22231 -0.7
-0.22207 -1.6
-0.22183 -2.6
-0.22158 -3.5
-0.22134 -4.4
-0.22109 -5.2
-0.22085 -6.1
-0.22061 -6.9
-0.22036 -7.6
-0.22012 -8.3
-0.21987 -9.0
-0.21963 -9.6
-0.21939 -10.2
-0.21914 -10.7
-0.2189 -11.1
-0.21865 -11.5
-0.21841 -11.8
-0.21816 -12.0
-0.21792 -12.2
-0.21768 -12.3
-0.21743 -12.3
-0.21719 -12.3
-0.21694 -12.2
-0.2167 -12.0
-0.21646 -11.7
-0.21621 -11.4
-0.21597 -11.0
-0.21572 -10.5
-0.21548 -10.0
-0.21523 -9.4
-0.21499 -8.7
-0.21475 -8.0
-0.2145 -7.3
-0.21426 -6.5
-0.21401 -5.7
-0.21377 -4.8
-0.21353 -3.9
-0.21328 -3.0
-0.21304 -2.0
-0.21279 -1.1
-0.21255 -0.1
-0.21231 0.8
-0.21206 1.8
-0.21182 2.7
-0.21157 3.7
-0.21133 4.6
-0.21108 5.4
-0.21084 6.3
-0.2106 7.1
-0.21035 7.9
-0.21011 8.6
-0.20986 9.3
-0.20962 9.9
-0.20938 10.5
-0.20913 10.9
-0.20889 11.4
-0.20864 11.7
-0.2084 12.0
-0.20815 12.2
-0.20791 12.4
-0.20767 12.5
-0.20742 12.4
-0.20718 12.4
-0.20693 12.2
-0.20669 12.0
-0.20645 11.7
-0.2062 11.3
-0.20596 10.8
-0.20571 10.3
-0.20547 9.7
-0.20522 9.1
-0.20498 8.4
-0.20474 7.7
-0.20449 6.9
-0.20425 6.0
-0.204 5.1
-0.20376 4.2
-0.20352 3.3
-0.20327 2.3
-0.20303 1.4
-0.20278 0.4
-0.20254 -0.6
-0.2023 -1.6
-0.20205 -2.6
-0.20181 -3.5
-0.20156 -4.4
-0.20132 -5.4
-0.20107 -6.2
-0.20083 -7.1
-0.20059 -7.9
-0.20034 -8.6
-0.2001 -9.3
-0.19985 -10.0
-0.19961 -10.5
-0.19937 -11.1
-0.19912 -11.5
-0.19888 -11.9
-0.19863 -12.2
-0.19839 -12.4
-0.19814 -12.5
-0.1979 -12.6
-0.19766 -12.6
-0.19741 -12.5
-0.19717 -12.3
-0.19692 -12.1
-0.19668 -11.7
-0.19644 -11.3
-0.19619 -10.9
-0.19595 -10.3
-0.1957 -9.7
-0.19546 -9.0
-0.19522 -8.3
-0.19497 -7.5
-0.19473 -6.7
-0.19448 -5.8
-0.19424 -4.9
-0.19399 -4.0
-0.19375 -3.0
-0.19351 -2.0
-0.19326 -1.0
-0.19302 0.0
-0.19277 1.0
-0.19253 2.0
-0.19229 3.0
-0.19204 4.0
-0.1918 5.0
-0.19155 5.9
-0.19131 6.8
-0.19106 7.6
-0.19082 8.4
-0.19058 9.1
-0.19033 9.8
-0.19009 10.4
-0.18984 11.0
-0.1896 11.5
-0.18936 11.9
-0.18911 12.2
-0.18887 12.5
-0.18862 12.6
-0.18838 12.7
-0.18814 12.7
-0.18789 12.7
-0.18765 12.5
-0.1874 12.3
-0.18716 11.9
-0.18691 11.5
-0.18667 11.1
-0.18643 10.5
-0.18618 9.9
-0.18594 9.2
-0.18569 8.5
-0.18545 7.7
-0.18521 6.8
-0.18496 5.9
-0.18472 5.0
-0.18447 4.0
-0.18423 3.0
-0.18398 2.0
-0.18374 1.0
-0.1835 0.0
-0.18325 -1.1
-0.18301 -2.2
-0.18276 -3.2
-0.18252 -4.2
-0.18228 -5.2
-0.18203 -6.1
-0.18179 -7.0
-0.18154 -7.9
-0.1813 -8.7
-0.18106 -9.4
-0.18081 -10.1
-0.18057 -10.7
-0.18032 -11.3
-0.18008 -11.7
-0.17983 -12.1
-0.17959 -12.5
-0.17935 -12.7
-0.1791 -12.8
-0.17886 -12.9
-0.17861 -12.9
-0.17837 -12.7
-0.17813 -12.5
-0.17788 -12.3
-0.17764 -11.9
-0.17739 -11.4
-0.17715 -10.9
-0.1769 -10.3
-0.17666 -9.6
-0.17642 -8.9
-0.17617 -8.1
-0.17593 -7.2
-0.17568 -6.3
-0.17544 -5.4
-0.1752 -4.4
-0.17495 -3.4
-0.17471 -2.3
-0.17446 -1.3
-0.17422 -0.2
-0.17397 0.9
-0.17373 2.0
-0.17349 3.0
-0.17324 4.1
-0.173 5.1
-0.17275 6.0
-0.17251 7.0
-0.17227 7.9
-0.17202 8.7
-0.17178 9.5
-0.17153 10.2
-0.17129 10.8
-0.17105 11.4
-0.1708 11.9
-0.17056 12.3
-0.17031 12.6
-0.17007 12.8
-0.16982 13.0
-0.16958 13.0
-0.16934 13.0
-0.16909 12.9
-0.16885 12.7
-0.1686 12.3
-0.16836 11.9
-0.16812 11.5
-0.16787 10.9
-0.16763 10.3
-0.16738 9.6
-0.16714 8.8
-0.16689 7.9
-0.16665 7.0
-0.16641 6.1
-0.16616 5.1
-0.16592 4.1
-0.16567 3.0
-0.16543 1.9
-0.16519 0.8
-0.16494 -0.3
-0.1647 -1.4
-0.16445 -2.5
-0.16421 -3.6
-0.16397 -4.6
-0.16372 -5.7
-0.16348 -6.6
-0.16323 -7.6
-0.16299 -8.5
-0.16274 -9.3
-0.1625 -10.1
-0.16226 -10.7
-0.16201 -11.4
-0.16177 -11.9
-0.16152 -12.3
-0.16128 -12.7
-0.16104 -13.0
-0.16079 -13.1
-0.16055 -13.2
-0.1603 -13.2
-0.16006 -13.1
-0.15981 -12.9
-0.15957 -12.6
-0.15933 -12.2
-0.15908 -11.7
-0.15884 -11.1
-0.15859 -10.4
-0.15835 -9.7
-0.15811 -8.9
-0.15786 -8.0
-0.15762 -7.1
-0.15737 -6.1
-0.15713 -5.1
-0.15689 -4.0
-0.15664 -2.9
-0.1564 -1.8
-0.15615 -0.7
-0.15591 0.5
-0.15566 1.6
-0.15542 2.7
-0.15518 3.8
-0.15493 4.9
-0.15469 6.0
-0.15444 7.0
-0.1542 7.9
-0.15396 8.8
-0.15371 9.7
-0.15347 10.4
-0.15322 11.1
-0.15298 11.7
-0.15273 12.2
-0.15249 12.6
-0.15225 13.0
-0.152 13.2
-0.15176 13.3
-0.15151 13.4
-0.15127 13.3
-0.15103 13.1
-0.15078 12.9
-0.15054 12.5
-0.15029 12.0
-0.15005 11.5
-0.14981 10.8
-0.14956 10.1
-0.14932 9.3
-0.14907 8.4
-0.14883 7.5
-0.14858 6.5
-0.14834 5.4
-0.1481 4.3
-0.14785 3.2
-0.14761 2.1
-0.14736 0.9
-0.14712 -0.3
-0.14688 -1.5
-0.14663 -2.6
-0.14639 -3.8
-0.14614 -4.9
-0.1459 -6.0
-0.14565 -7.0
-0.14541 -8.0
-0.14517 -9.0
-0.14492 -9.8
-0.14468 -10.6
-0.14443 -11.3
-0.14419 -11.9
-0.14395 -12.4
-0.1437 -12.9
-0.14346 -13.2
-0.14321 -13.4
-0.14297 -13.5
-0.14272 -13.5
-0.14248 -13.4
-0.14224 -13.2
-0.14199 -12.9
-0.14175 -12.5
-0.1415 -12.0
-0.14126 -11.4
-0.14102 -10.7
-0.14077 -9.9
-0.14053 -9.1
-0.14028 -8.2
-0.14004 -7.2
-0.1398 -6.1
-0.13955 -5.0
-0.13931 -3.8
-0.13906 -2.7
-0.13882 -1.4
-0.13857 -0.2
-0.13833 1.0
-0.13809 2.2
-0.13784 3.4
-0.1376 4.6
-0.13735 5.7
-0.13711 6.8
-0.13687 7.9
-0.13662 8.8
-0.13638 9.7
-0.13613 10.6
-0.13589 11.3
-0.13564 12.0
-0.1354 12.5
-0.13516 13.0
-0.13491 13.3
-0.13467 13.6
-0.13442 13.7
-0.13418 13.7
-0.13394 13.6
-0.13369 13.4
-0.13345 13.1
-0.1332 12.7
-0.13296 12.2
-0.13272 11.5
-0.13247 10.8
-0.13223 10.0
-0.13198 9.1
-0.13174 8.1
-0.13149 7.1
-0.13125 6.0
-0.13101 4.8
-0.13076 3.6
-0.13052 2.4
-0.13027 1.1
-0.13003 -0.1
-0.12979 -1.4
-0.12954 -2.7
-0.1293 -3.9
-0.12905 -5.1
-0.12881 -6.3
-0.12856 -7.4
-0.12832 -8.4
-0.12808 -9.4
-0.12783 -10.3
-0.12759 -11.1
-0.12734 -11.9
-0.1271 -12.5
-0.12686 -13.0
-0.12661 -13.4
-0.12637 -13.7
-0.12612 -13.9
-0.12588 -13.9
-0.12564 -13.9
-0.12539 -13.7
-0.12515 -13.4
-0.1249 -13.0
-0.12466 -12.5
-0.12441 -11.8
-0.12417 -11.1
-0.12393 -10.3
-0.12368 -9.3
-0.12344 -8.3
-0.12319 -7.3
-0.12295 -6.1
-0.12271 -4.9
-0.12246 -3.7
-0.12222 -2.4
-0.12197 -1.1
-0.12173 0.2
-0.12148 1.5
-0.12124 2.8
-0.121 4.1
-0.12075 5.4
-0.12051 6.6
-0.12026 7.7
-0.12002 8.8
-0.11978 9.8
-0.11953 10.7
-0.11929 11.5
-0.11904 12.2
-0.1188 12.9
-0.11856 13.4
-0.11831 13.7
-0.11807 14.0
-0.11782 14.1
-0.11758 14.1
-0.11733 14.0
-0.11709 13.8
-0.11685 13.4
-0.1166 12.9
-0.11636 12.3
-0.11611 11.6
-0.11587 10.8
-0.11563 9.8
-0.11538 8.8
-0.11514 7.7
-0.11489 6.6
-0.11465 5.3
-0.1144 4.0
-0.11416 2.7
-0.11392 1.4
-0.11367 0.0
-0.11343 -1.4
-0.11318 -2.7
-0.11294 -4.0
-0.1127 -5.3
-0.11245 -6.6
-0.11221 -7.8
-0.11196 -8.9
-0.11172 -9.9
-0.11147 -10.9
-0.11123 -11.7
-0.11099 -12.5
-0.11074 -13.1
-0.1105 -13.6
-0.11025 -14.0
-0.11001 -14.3
-0.10977 -14.4
-0.10952 -14.3
-0.10928 -14.2
-0.10903 -13.9
-0.10879 -13.5
-0.10855 -12.9
-0.1083 -12.3
-0.10806 -11.5
-0.10781 -10.6
-0.10757 -9.6
-0.10732 -8.5
-0.10708 -7.3
-0.10684 -6.1
-0.10659 -4.7
-0.10635 -3.4
-0.1061 -2.0
-0.10586 -0.6
-0.10562 0.8
-0.10537 2.3
-0.10513 3.7
-0.10488 5.0
-0.10464 6.3
-0.10439 7.6
-0.10415 8.8
-0.10391 9.9
-0.10366 10.9
-0.10342 11.8
-0.10317 12.6
-0.10293 13.3
-0.10269 13.8
-0.10244 14.2
-0.1022 14.5
-0.10195 14.6
-0.10171 14.6
-0.10147 14.4
-0.10122 14.1
-0.10098 13.7
-0.10073 13.1
-0.10049 12.4
-0.10024 11.5
-0.1 10.6
-0.09976 9.5
-0.09951 8.3
-0.09927 7.1
-0.09902 5.8
-0.09878 4.4
-0.09854 2.9
-0.09829 1.5
-0.09805 0.0
-0.0978 -1.5
-0.09756 -3.0
-0.09731 -4.4
-0.09707 -5.8
-0.09683 -7.1
-0.09658 -8.4
-0.09634 -9.6
-0.09609 -10.7
-0.09585 -11.7
-0.09561 -12.6
-0.09536 -13.3
-0.09512 -13.9
-0.09487 -14.4
-0.09463 -14.7
-0.09439 -14.9
-0.09414 -14.9
-0.0939 -14.7
-0.09365 -14.4
-0.09341 -14.0
-0.09316 -13.4
-0.09292 -12.6
-0.09268 -11.7
-0.09243 -10.7
-0.09219 -9.6
-0.09194 -8.4
-0.0917 -7.1
-0.09146 -5.7
-0.09121 -4.2
-0.09097 -2.7
-0.09072 -1.2
-0.09048 0.3
-0.09023 1.9
-0.08999 3.4
-0.08975 4.9
-0.0895 6.4
-0.08926 7.8
-0.08901 9.1
-0.08877 10.3
-0.08853 11.4
-0.08828 12.4
-0.08804 13.2
-0.08779 13.9
-0.08755 14.5
-0.08731 14.8
-0.08706 15.1
-0.08682 15.1
-0.08657 15.1
-0.08633 14.8
-0.08608 14.4
-0.08584 13.8
-0.0856 13.0
-0.08535 12.1
-0.08511 11.1
-0.08486 10.0
-0.08462 8.7
-0.08438 7.3
-0.08413 5.9
-0.08389 4.3
-0.08364 2.8
-0.0834 1.2
-0.08315 -0.5
-0.08291 -2.1
-0.08267 -3.7
-0.08242 -5.3
-0.08218 -6.8
-0.08193 -8.2
-0.08169 -9.6
-0.08145 -10.8
-0.0812 -11.9
-0.08096 -12.9
-0.08071 -13.7
-0.08047 -14.4
-0.08022 -14.9
-0.07998 -15.3
-0.07974 -15.4
-0.07949 -15.4
-0.07925 -15.2
-0.079 -14.8
-0.07876 -14.3
-0.07852 -13.6
-0.07827 -12.7
-0.07803 -11.7
-0.07778 -10.5
-0.07754 -9.2
-0.0773 -7.8
-0.07705 -6.3
-0.07681 -4.7
-0.07656 -3.0
-0.07632 -1.3
-0.07607 0.4
-0.07583 2.1
-0.07559 3.8
-0.07534 5.4
-0.0751 7.0
-0.07485 8.5
-0.07461 9.9
-0.07437 11.2
-0.07412 12.4
-0.07388 13.4
-0.07363 14.2
-0.07339 14.9
-0.07314 15.4
-0.0729 15.7
-0.07266 15.8
-0.07241 15.7
-0.07217 15.4
-0.07192 14.9
-0.07168 14.3
-0.07144 13.4
-0.07119 12.4
-0.07095 11.2
-0.0707 9.9
-0.07046 8.4
-0.07022 6.9
-0.06997 5.2
-0.06973 3.5
-0.06948 1.7
-0.06924 0.0
-0.06899 -1.9
-0.06875 -3.7
-0.06851 -5.4
-0.06826 -7.1
-0.06802 -8.7
-0.06777 -10.2
-0.06753 -11.5
-0.06729 -12.7
-0.06704 -13.8
-0.0668 -14.6
-0.06655 -15.3
-0.06631 -15.8
-0.06606 -16.1
-0.06582 -16.1
-0.06558 -16.0
-0.06533 -15.6
-0.06509 -15.0
-0.06484 -14.2
-0.0646 -13.3
-0.06436 -12.1
-0.06411 -10.8
-0.06387 -9.3
-0.06362 -7.7
-0.06338 -6.0
-0.06314 -4.2
-0.06289 -2.3
-0.06265 -0.4
-0.0624 1.5
-0.06216 3.4
-0.06191 5.2
-0.06167 7.0
-0.06143 8.7
-0.06118 10.3
-0.06094 11.8
-0.06069 13.0
-0.06045 14.1
-0.06021 15.0
-0.05996 15.7
-0.05972 16.2
-0.05947 16.5
-0.05923 16.5
-0.05898 16.3
-0.05874 15.8
-0.0585 15.1
-0.05825 14.2
-0.05801 13.1
-0.05776 11.8
-0.05752 10.3
-0.05728 8.7
-0.05703 6.9
-0.05679 5.0
-0.05654 3.1
-0.0563 1.1
-0.05606 -1.0
-0.05581 -3.0
-0.05557 -5.0
-0.05532 -6.9
-0.05508 -8.7
-0.05483 -10.4
-0.05459 -12.0
-0.05435 -13.3
-0.0541 -14.5
-0.05386 -15.5
-0.05361 -16.2
-0.05337 -16.7
-0.05313 -16.9
-0.05288 -16.9
-0.05264 -16.6
-0.05239 -16.0
-0.05215 -15.2
-0.0519 -14.2
-0.05166 -12.9
-0.05142 -11.5
-0.05117 -9.8
-0.05093 -8.0
-0.05068 -6.0
-0.05044 -4.0
-0.0502 -1.9
-0.04995 0.3
-0.04971 2.5
-0.04946 4.6
-0.04922 6.7
-0.04897 8.7
-0.04873 10.5
-0.04849 12.2
-0.04824 13.7
-0.048 14.9
-0.04775 15.9
-0.04751 16.7
-0.04727 17.2
-0.04702 17.4
-0.04678 17.3
-0.04653 16.9
-0.04629 16.3
-0.04605 15.3
-0.0458 14.1
-0.04556 12.7
-0.04531 11.0
-0.04507 9.1
-0.04482 7.1
-0.04458 4.9
-0.04434 2.7
-0.04409 0.4
-0.04385 -2.0
-0.0436 -4.3
-0.04336 -6.5
-0.04312 -8.7
-0.04287 -10.7
-0.04263 -12.5
-0.04238 -14.1
-0.04214 -15.4
-0.04189 -16.5
-0.04165 -17.3
-0.04141 -17.8
-0.04116 -17.9
-0.04092 -17.8
-0.04067 -17.3
-0.04043 -16.4
-0.04019 -15.3
-0.03994 -13.9
-0.0397 -12.2
-0.03945 -10.3
-0.03921 -8.2
-0.03897 -5.9
-0.03872 -3.4
-0.03848 -1.0
-0.03823 1.6
-0.03799 4.1
-0.03774 6.5
-0.0375 8.8
-0.03726 11.0
-0.03701 13.0
-0.03677 14.7
-0.03652 16.1
-0.03628 17.3
-0.03604 18.0
-0.03579 18.5
-0.03555 18.5
-0.0353 18.2
-0.03506 17.5
-0.03481 16.5
-0.03457 15.1
-0.03433 13.3
-0.03408 11.3
-0.03384 9.1
-0.03359 6.6
-0.03335 4.0
-0.03311 1.3
-0.03286 -1.4
-0.03262 -4.2
-0.03237 -6.8
-0.03213 -9.4
-0.03189 -11.7
-0.03164 -13.8
-0.0314 -15.6
-0.03115 -17.1
-0.03091 -18.2
-0.03066 -18.9
-0.03042 -19.2
-0.03018 -19.1
-0.02993 -18.5
-0.02969 -17.5
-0.02944 -16.1
-0.0292 -14.3
-0.02896 -12.2
-0.02871 -9.7
-0.02847 -7.0
-0.02822 -4.2
-0.02798 -1.2
-0.02773 1.9
-0.02749 4.9
-0.02725 7.8
-0.027 10.5
-0.02676 13.1
-0.02651 15.3
-0.02627 17.1
-0.02603 18.5
-0.02578 19.5
-0.02554 20.0
-0.02529 20.0
-0.02505 19.5
-0.02481 18.4
-0.02456 16.9
-0.02432 14.9
-0.02407 12.5
-0.02383 9.8
-0.02358 6.7
-0.02334 3.5
-0.0231 0.1
-0.02285 -3.3
-0.02261 -6.6
-0.02236 -9.8
-0.02212 -12.7
-0.02188 -15.3
-0.02163 -17.5
-0.02139 -19.2
-0.02114 -20.4
-0.0209 -21.0
-0.02065 -20.9
-0.02041 -20.3
-0.02017 -19.0
-0.01992 -17.2
-0.01968 -14.8
-0.01943 -11.9
-0.01919 -8.7
-0.01895 -5.1
-0.0187 -1.3
-0.01846 2.5
-0.01821 6.4
-0.01797 10.0
-0.01772 13.4
-0.01748 16.3
-0.01724 18.8
-0.01699 20.6
-0.01675 21.8
-0.0165 22.2
-0.01626 21.9
-0.01602 20.8
-0.01577 18.9
-0.01553 16.3
-0.01528 13.1
-0.01504 9.4
-0.0148 5.2
-0.01455 0.8
-0.01431 -3.6
-0.01406 -8.1
-0.01382 -12.2
-0.01357 -15.9
-0.01333 -19.1
-0.01309 -21.5
-0.01284 -23.1
-0.0126 -23.7
-0.01235 -23.4
-0.01211 -22.0
-0.01187 -19.6
-0.01162 -16.3
-0.01138 -12.3
-0.01113 -7.6
-0.01089 -2.4
-0.01064 2.9
-0.0104 8.3
-0.01016 13.3
-0.00991 17.8
-0.00967 21.4
-0.00942 24.0
-0.00918 25.5
-0.00894 25.5
-0.00869 24.2
-0.00845 21.5
-0.0082 17.5
-0.00796 12.4
-0.00772 6.4
-0.00747 -0.1
-0.00723 -6.8
-0.00698 -13.3
-0.00674 -19.1
-0.00649 -23.8
-0.00625 -26.9
-0.00601 -28.2
-0.00576 -27.6
-0.00552 -24.7
-0.00527 -19.9
-0.00503 -13.3
-0.00479 -5.3
-0.00454 3.5
-0.0043 12.3
-0.00405 20.4
-0.00381 26.8
-0.00356 30.8
-0.00332 31.7
-0.00308 29.2
-0.00283 23.1
-0.00259 13.8
-0.00234 2.1
-0.0021 -10.5
-0.00186 -22.5
-0.00161 -31.7
-0.00137 -36.3
-0.00112 -34.6
-0.00088 -25.9
-0.00064 -10.8
-0.00039 8.2
-0.00015 26.7
0.0001 38.1
0.00034 36.7
0.00059 20.8
0.00083 -3.8
0.00107 -25.5
0.00132 -32.8
0.00156 -22.3
0.00181 -1.3
0.00205 16.9
0.00229 22.1
0.00254 13.4
0.00278 -1.4
0.00303 -12.0
0.00327 -12.8
0.00352 -5.4
0.00376 3.6
0.004 8.1
0.00425 6.4
0.00449 1.0
0.00474 -3.7
0.00498 -4.8
0.00522 -2.5
0.00547 0.9
0.00571 2.9
0.00596 2.5
0.0062 0.6
0.00644 -1.2
0.00669 -1.8
0.00693 -1.1
0.00718 0.2
0.00742 1.0
0.00767 1.0
0.00791 0.3
0.00815 -0.4
0.0084 -0.7
0.00864 -0.4
0.00889 0.0
0.00913 0.4
0.00937 0.4
0.00962 0.1
0.00986 -0.1
0.01011 -0.3
0.01035 -0.2
0.0106 0.0
0.01084 0.1
0.01108 0.1
0.01133 0.0
0.01157 0.0
0.01182 0.0
0.01206 0.0
0.0123 0.0
0.01255 0.0
0.01279 0.0
0.01304 0.0
0.01328 0.0
0.01353 0.0
0.01377 0.0
0.01401 0.0
0.01426 0.0
0.0145 0.0
0.01475 0.0
0.01499 0.0
0.01523 0.0
0.01548 0.0
0.01572 0.0
0.01597 0.0
0.01621 0.0
0.01645 0.0
0.0167 0.0
0.01694 0.0
0.01719 0.0
0.01743 0.0
0.01768 0.0
0.01792 0.0
0.01816 0.0
0.01841 0.0
0.01865 0.0
0.0189 0.0
0.01914 0.0
0.01938 0.0
0.01963 0.0
0.01987 0.0
0.02012 0.0
0.02036 0.0
0.02061 0.0
0.02085 0.0
0.02109 0.0
0.02134 0.0
0.02158 0.0
0.02183 0.0
0.02207 0.0
0.02231 0.0
0.02256 0.0
0.0228 0.0
0.02305 0.0
0.02329 0.0
0.02353 0.0
0.02378 0.0
0.02402 0.0
0.02427 0.0
0.02451 0.0
0.02476 0.0
0.025 0.0
0.02524 0.0
0.02549 0.0
0.02573 0.0
0.02598 0.0
0.02622 0.0
0.02646 0.0
0.02671 0.0
0.02695 0.0
0.0272 0.0
0.02744 0.0
0.02769 0.0
0.02793 0.0
0.02817 0.0
0.02842 0.0
0.02866 0.0
0.02891 0.0
0.02915 0.0
0.02939 0.0
0.02964 0.0
0.02988 0.0
0.03013 0.0
0.03037 0.0
0.03061 0.0
0.03086 0.0
0.0311 0.0
0.03135 0.0
0.03159 0.0
0.03184 0.0
0.03208 0.0
0.03232 0.0
0.03257 0.0
0.03281 0.0
0.03306 0.0
0.0333 0.0
0.03354 0.0
0.03379 0.0
0.03403 0.0
0.03428 0.0
0.03452 0.0
0.03477 0.0
0.03501 0.0
0.03525 0.0
0.0355 0.0
0.03574 0.0
0.03599 0.0
0.03623 0.0
0.03647 0.0
0.03672 0.0
0.03696 0.0
0.03721 0.0
0.03745 0.0
0.03769 0.0
0.03794 0.0
0.03818 0.0
0.03843 0.0
0.03867 0.0
0.03892 0.0
0.03916 0.0
0.0394 0.0
0.03965 0.0
0.03989 0.0
0.04014 0.0
0.04038 0.0
0.04062 0.0
0.04087 0.0
0.04111 0.0
0.04136 0.0
0.0416 0.0
0.04185 0.0
0.04209 0.0
0.04233 0.0
0.04258 0.0
0.04282 0.0
0.04307 0.0
0.04331 0.0
0.04355 0.0
0.0438 0.0
0.04404 0.0
0.04429 0.0
0.04453 0.0
0.04478 0.0
0.04502 0.0
0.04526 0.0
0.04551 0.0
0.04575 0.0
0.046 0.0
0.04624 0.0
0.04648 0.0
0.04673 0.0
0.04697 0.0
0.04722 0.0
0.04746 0.0
0.0477 0.0
0.04795 0.0
0.04819 0.0
0.04844 0.0
0.04868 0.0
0.04893 0.0
0.04917 0.0
0.04941 0.0
0.04966 0.0
0.0499 0.0
0.05015 0.0
0.05039 0.0
0.05063 0.0
0.05088 0.0
0.05112 0.0
0.05137 0.0
0.05161 0.0
0.05186 0.0
0.0521 0.0
0.05234 0.0
0.05259 0.0
0.05283 0.0
0.05308 0.0
0.05332 0.0
0.05356 0.0
0.05381 0.0
0.05405 0.0
0.0543 0.0
0.05454 0.0
0.05478 0.0
0.05503 0.0
0.05527 0.0
0.05552 0.0
0.05576 0.0
0.05601 0.0
0.05625 0.0
0.05649 0.0
0.05674 0.0
0.05698 0.0
0.05723 0.0
0.05747 0.0
0.05771 0.0
0.05796 0.0
0.0582 0.0
0.05845 0.0
0.05869 0.0
0.05894 0.0
0.05918 0.0
0.05942 0.0
0.05967 0.0
0.05991 0.0
0.06016 0.0
0.0604 0.0
0.06064 0.0
0.06089 0.0
0.06113 0.0
0.06138 0.0
0.06162 0.0
0.06186 0.0
0.06211 0.0
0.06235 0.0
0.0626 0.0
0.06284 0.0
0.06309 0.0
0.06333 0.0
0.06357 0.0
0.06382 0.0
0.06406 0.0
0.06431 0.0
0.06455 0.0
0.06479 0.0
0.06504 0.0
0.06528 0.0
0.06553 0.0
0.06577 0.0
0.06602 0.0
0.06626 0.0
0.0665 0.0
0.06675 0.0
0.06699 0.0
0.06724 0.0
0.06748 0.0
0.06772 0.0
0.06797 0.0
0.06821 0.0
0.06846 0.0
0.0687 0.0
0.06894 0.0
0.06919 0.0
0.06943 0.0
0.06968 0.0
0.06992 0.0
0.07017 0.0
0.07041 0.0
0.07065 0.0
