t strain*1e23
-0.33488 -6.7
-0.33463 -7.0
-0.33439 -7.3
-0.33414 -7.5
-0.3339 -7.8
-0.33366 -8.0
-0.33341 -8.3
-0.33317 -8.5
-0.33292 -8.7
-0.33268 -8.9
-0.33244 -9.1
-0.33219 -9.3
-0.33195 -9.5
-0.3317 -9.6
-0.33146 -9.8
-0.33121 -9.9
-0.33097 -10.1
-0.33073 -10.2
-0.33048 -10.3
-0.33024 -10.4
-0.32999 -10.5
-0.32975 -10.6
-0.32951 -10.6
-0.32926 -10.7
-0.32902 -10.7
-0.32877 -10.8
-0.32853 -10.8
-0.32829 -10.8
-0.32804 -10.8
-0.3278 -10.8
-0.32755 -10.8
-0.32731 -10.7
-0.32706 -10.7
-0.32682 -10.6
-0.32658 -10.5
-0.32633 -10.4
-0.32609 -10.3
-0.32584 -10.2
-0.3256 -10.1
-0.32536 -10.0
-0.32511 -9.8
-0.32487 -9.7
-0.32462 -9.5
-0.32438 -9.3
-0.32413 -9.1
-0.32389 -8.9
-0.32365 -8.7
-0.3234 -8.5
-0.32316 -8.3
-0.32291 -8.0
-0.32267 -7.8
-0.32243 -7.5
-0.32218 -7.3
-0.32194 -7.0
-0.32169 -6.7
-0.32145 -6.4
-0.32121 -6.1
-0.32096 -5.8
-0.32072 -5.5
-0.32047 -5.2
-0.32023 -4.9
-0.31998 -4.6
-0.31974 -4.2
-0.3195 -3.9
-0.31925 -3.5
-0.31901 -3.2
-0.31876 -2.8
-0.31852 -2.5
-0.31828 -2.1
-0.31803 -1.8
-0.31779 -1.4
-0.31754 -1.1
-0.3173 -0.7
-0.31705 -0.3
-0.31681 0.0
-0.31657 0.4
-0.31632 0.8
-0.31608 1.1
-0.31583 1.5
-0.31559 1.9
-0.31535 2.2
-0.3151 2.6
-0.31486 3.0
-0.31461 3.3
-0.31437 3.7
-0.31413 4.0
-0.31388 4.3
-0.31364 4.7
-0.31339 5.0
-0.31315 5.3
-0.3129 5.7
-0.31266 6.0
-0.31242 6.3
-0.31217 6.6
-0.31193 6.9
-0.31168 7.2
-0.31144 7.4
-0.3112 7.7
-0.31095 8.0
-0.31071 8.2
-0.31046 8.5
-0.31022 8.7
-0.30997 8.9
-0.30973 9.1
-0.30949 9.3
-0.30924 9.5
-0.309 9.7
-0.30875 9.9
-0.30851 10.0
-0.30827 10.2
-0.30802 10.3
-0.30778 10.4
-0.30753 10.5
-0.30729 10.6
-0.30704 10.7
-0.3068 10.8
-0.30656 10.9
-0.30631 10.9
-0.30607 10.9
-0.30582 11.0
-0.30558 11.0
-0.30534 11.0
-0.30509 11.0
-0.30485 10.9
-0.3046 10.9
-0.30436 10.8
-0.30412 10.8
-0.30387 10.7
-0.30363 10.6
-0.30338 10.5
-0.30314 10.4
-0.30289 10.3
-0.30265 10.1
-0.30241 10.0
-0.30216 9.8
-0.30192 9.6
-0.30167 9.4
-0.30143 9.2
-0.30119 9.0
-0.30094 8.8
-0.3007 8.6
-0.30045 8.3
-0.30021 8.1
-0.29996 7.8
-0.29972 7.6
-0.29948 7.3
-0.29923 7.0
-0.29899 6.7
-0.29874 6.4
-0.2985 6.1
-0.29826 5.8
-0.29801 5.4
-0.29777 5.1
-0.29752 4.8
-0.29728 4.4
-0.29704 4.1
-0.29679 3.7
-0.29655 3.4
-0.2963 3.0
-0.29606 2.6
-0.29581 2.2
-0.29557 1.9
-0.29533 1.5
-0.29508 1.1
-0.29484 0.7
-0.29459 0.4
-0.29435 0.0
-0.29411 -0.4
-0.29386 -0.8
-0.29362 -1.2
-0.29337 -1.6
-0.29313 -1.9
-0.29288 -2.3
-0.29264 -2.7
-0.2924 -3.1
-0.29215 -3.4
-0.29191 -3.8
-0.29166 -4.1
-0.29142 -4.5
-0.29118 -4.9
-0.29093 -5.2
-0.29069 -5.5
-0.29044 -5.9
-0.2902 -6.2
-0.28996 -6.5
-0.28971 -6.8
-0.28947 -7.1
-0.28922 -7.4
-0.28898 -7.7
-0.28873 -8.0
-0.28849 -8.2
-0.28825 -8.5
-0.288 -8.7
-0.28776 -9.0
-0.28751 -9.2
-0.28727 -9.4
-0.28703 -9.6
-0.28678 -9.8
-0.28654 -10.0
-0.28629 -10.2
-0.28605 -10.3
-0.2858 -10.5
-0.28556 -10.6
-0.28532 -10.7
-0.28507 -10.8
-0.28483 -10.9
-0.28458 -11.0
-0.28434 -11.0
-0.2841 -11.1
-0.28385 -11.1
-0.28361 -11.2
-0.28336 -11.2
-0.28312 -11.2
-0.28288 -11.1
-0.28263 -11.1
-0.28239 -11.1
-0.28214 -11.0
-0.2819 -10.9
-0.28165 -10.9
-0.28141 -10.8
-0.28117 -10.6
-0.28092 -10.5
-0.28068 -10.4
-0.28043 -10.2
-0.28019 -10.1
-0.27995 -9.9
-0.2797 -9.7
-0.27946 -9.5
-0.27921 -9.3
-0.27897 -9.1
-0.27872 -8.8
-0.27848 -8.6
-0.27824 -8.3
-0.27799 -8.1
-0.27775 -7.8
-0.2775 -7.5
-0.27726 -7.2
-0.27702 -6.9
-0.27677 -6.6
-0.27653 -6.3
-0.27628 -5.9
-0.27604 -5.6
-0.27579 -5.2
-0.27555 -4.9
-0.27531 -4.5
-0.27506 -4.2
-0.27482 -3.8
-0.27457 -3.4
-0.27433 -3.0
-0.27409 -2.6
-0.27384 -2.3
-0.2736 -1.9
-0.27335 -1.5
-0.27311 -1.1
-0.27287 -0.7
-0.27262 -0.3
-0.27238 0.1
-0.27213 0.5
-0.27189 0.9
-0.27164 1.3
-0.2714 1.7
-0.27116 2.1
-0.27091 2.5
-0.27067 2.9
-0.27042 3.3
-0.27018 3.7
-0.26994 4.0
-0.26969 4.4
-0.26945 4.8
-0.2692 5.1
-0.26896 5.5
-0.26871 5.8
-0.26847 6.2
-0.26823 6.5
-0.26798 6.8
-0.26774 7.2
-0.26749 7.5
-0.26725 7.8
-0.26701 8.1
-0.26676 8.3
-0.26652 8.6
-0.26627 8.9
-0.26603 9.1
-0.26579 9.3
-0.26554 9.6
-0.2653 9.8
-0.26505 10.0
-0.26481 10.2
-0.26456 10.3
-0.26432 10.5
-0.26408 10.7
-0.26383 10.8
-0.26359 10.9
-0.26334 11.0
-0.2631 11.1
-0.26286 11.2
-0.26261 11.2
-0.26237 11.3
-0.26212 11.3
-0.26188 11.4
-0.26163 11.4
-0.26139 11.4
-0.26115 11.3
-0.2609 11.3
-0.26066 11.2
-0.26041 11.2
-0.26017 11.1
-0.25993 11.0
-0.25968 10.9
-0.25944 10.8
-0.25919 10.6
-0.25895 10.5
-0.25871 10.3
-0.25846 10.1
-0.25822 9.9
-0.25797 9.7
-0.25773 9.5
-0.25748 9.3
-0.25724 9.0
-0.257 8.8
-0.25675 8.5
-0.25651 8.2
-0.25626 7.9
-0.25602 7.6
-0.25578 7.3
-0.25553 7.0
-0.25529 6.7
-0.25504 6.3
-0.2548 6.0
-0.25455 5.6
-0.25431 5.3
-0.25407 4.9
-0.25382 4.5
-0.25358 4.1
-0.25333 3.8
-0.25309 3.4
-0.25285 3.0
-0.2526 2.6
-0.25236 2.1
-0.25211 1.7
-0.25187 1.3
-0.25163 0.9
-0.25138 0.5
-0.25114 0.0
-0.25089 -0.3
-0.25065 -0.8
-0.2504 -1.2
-0.25016 -1.6
-0.24992 -2.0
-0.24967 -2.4
-0.24943 -2.8
-0.24918 -3.2
-0.24894 -3.6
-0.2487 -4.0
-0.24845 -4.4
-0.24821 -4.8
-0.24796 -5.2
-0.24772 -5.5
-0.24747 -5.9
-0.24723 -6.3
-0.24699 -6.6
-0.24674 -7.0
-0.2465 -7.3
-0.24625 -7.6
-0.24601 -7.9
-0.24577 -8.2
-0.24552 -8.5
-0.24528 -8.8
-0.24503 -9.1
-0.24479 -9.3
-0.24454 -9.6
-0.2443 -9.8
-0.24406 -10.0
-0.24381 -10.2
-0.24357 -10.4
-0.24332 -10.6
-0.24308 -10.8
-0.24284 -10.9
-0.24259 -11.0
-0.24235 -11.2
-0.2421 -11.3
-0.24186 -11.3
-0.24162 -11.4
-0.24137 -11.5
-0.24113 -11.5
-0.24088 -11.6
-0.24064 -11.6
-0.24039 -11.6
-0.24015 -11.5
-0.23991 -11.5
-0.23966 -11.5
-0.23942 -11.4
-0.23917 -11.3
-0.23893 -11.2
-0.23869 -11.1
-0.23844 -11.0
-0.2382 -10.8
-0.23795 -10.7
-0.23771 -10.5
-0.23746 -10.3
-0.23722 -10.1
-0.23698 -9.9
-0.23673 -9.6
-0.23649 -9.4
-0.23624 -9.2
-0.236 -8.9
-0.23576 -8.6
-0.23551 -8.3
-0.23527 -8.0
-0.23502 -7.7
-0.23478 -7.4
-0.23454 -7.0
-0.23429 -6.7
-0.23405 -6.3
-0.2338 -5.9
-0.23356 -5.6
-0.23331 -5.2
-0.23307 -4.8
-0.23283 -4.4
-0.23258 -4.0
-0.23234 -3.6
-0.23209 -3.2
-0.23185 -2.8
-0.23161 -2.3
-0.23136 -1.9
-0.23112 -1.5
-0.23087 -1.0
-0.23063 -0.6
-0.23038 -0.2
-0.23014 0.3
-0.2299 0.7
-0.22965 1.1
-0.22941 1.6
-0.22916 2.0
-0.22892 2.4
-0.22868 2.9
-0.22843 3.3
-0.22819 3.7
-0.22794 4.1
-0.2277 4.5
-0.22746 4.9
-0.22721 5.3
-0.22697 5.7
-0.22672 6.1
-0.22648 6.5
-0.22623 6.8
-0.22599 7.2
-0.22575 7.5
-0.2255 7.9
-0.22526 8.2
-0.22501 8.5
-0.22477 8.8
-0.22453 9.1
-0.22428 9.4
-0.22404 9.6
-0.22379 9.9
-0.22355 10.1
-0.2233 10.3
-0.22306 10.5
-0.22282 10.7
-0.22257 10.9
-0.22233 11.1
-0.22208 11.2
-0.22184 11.3
-0.2216 11.5
-0.22135 11.6
-0.22111 11.6
-0.22086 11.7
-0.22062 11.7
-0.22038 11.8
-0.22013 11.8
-0.21989 11.8
-0.21964 11.8
-0.2194 11.7
-0.21915 11.7
-0.21891 11.6
-0.21867 11.5
-0.21842 11.4
-0.21818 11.3
-0.21793 11.1
-0.21769 11.0
-0.21745 10.8
-0.2172 10.6
-0.21696 10.4
-0.21671 10.2
-0.21647 10.0
-0.21622 9.7
-0.21598 9.5
-0.21574 9.2
-0.21549 8.9
-0.21525 8.6
-0.215 8.3
-0.21476 7.9
-0.21452 7.6
-0.21427 7.3
-0.21403 6.9
-0.21378 6.5
-0.21354 6.1
-0.21329 5.7
-0.21305 5.3
-0.21281 4.9
-0.21256 4.5
-0.21232 4.1
-0.21207 3.7
-0.21183 3.2
-0.21159 2.8
-0.21134 2.3
-0.2111 1.9
-0.21085 1.4
-0.21061 1.0
-0.21037 0.5
-0.21012 0.0
-0.20988 -0.4
-0.20963 -0.8
-0.20939 -1.3
-0.20914 -1.8
-0.2089 -2.2
-0.20866 -2.7
-0.20841 -3.1
-0.20817 -3.6
-0.20792 -4.0
-0.20768 -4.4
-0.20744 -4.9
-0.20719 -5.3
-0.20695 -5.7
-0.2067 -6.1
-0.20646 -6.5
-0.20621 -6.9
-0.20597 -7.2
-0.20573 -7.6
-0.20548 -8.0
-0.20524 -8.3
-0.20499 -8.6
-0.20475 -9.0
-0.20451 -9.3
-0.20426 -9.5
-0.20402 -9.8
-0.20377 -10.1
-0.20353 -10.3
-0.20329 -10.6
-0.20304 -10.8
-0.2028 -11.0
-0.20255 -11.2
-0.20231 -11.3
-0.20206 -11.5
-0.20182 -11.6
-0.20158 -11.7
-0.20133 -11.8
-0.20109 -11.9
-0.20084 -12.0
-0.2006 -12.0
-0.20036 -12.0
-0.20011 -12.0
-0.19987 -12.0
-0.19962 -12.0
-0.19938 -11.9
-0.19913 -11.9
-0.19889 -11.8
-0.19865 -11.7
-0.1984 -11.6
-0.19816 -11.4
-0.19791 -11.3
-0.19767 -11.1
-0.19743 -10.9
-0.19718 -10.7
-0.19694 -10.4
-0.19669 -10.2
-0.19645 -9.9
-0.19621 -9.7
-0.19596 -9.4
-0.19572 -9.1
-0.19547 -8.7
-0.19523 -8.4
-0.19498 -8.1
-0.19474 -7.7
-0.1945 -7.3
-0.19425 -6.9
-0.19401 -6.6
-0.19376 -6.1
-0.19352 -5.7
-0.19328 -5.3
-0.19303 -4.9
-0.19279 -4.4
-0.19254 -4.0
-0.1923 -3.5
-0.19205 -3.1
-0.19181 -2.6
-0.19157 -2.1
-0.19132 -1.6
-0.19108 -1.2
-0.19083 -0.7
-0.19059 -0.2
-0.19035 0.3
-0.1901 0.8
-0.18986 1.3
-0.18961 1.7
-0.18937 2.2
-0.18913 2.7
-0.18888 3.2
-0.18864 3.6
-0.18839 4.1
-0.18815 4.6
-0.1879 5.0
-0.18766 5.4
-0.18742 5.9
-0.18717 6.3
-0.18693 6.7
-0.18668 7.1
-0.18644 7.5
-0.1862 7.9
-0.18595 8.3
-0.18571 8.6
-0.18546 9.0
-0.18522 9.3
-0.18497 9.6
-0.18473 9.9
-0.18449 10.2
-0.18424 10.5
-0.184 10.7
-0.18375 11.0
-0.18351 11.2
-0.18327 11.4
-0.18302 11.5
-0.18278 11.7
-0.18253 11.9
-0.18229 12.0
-0.18204 12.1
-0.1818 12.2
-0.18156 12.2
-0.18131 12.3
-0.18107 12.3
-0.18082 12.3
-0.18058 12.3
-0.18034 12.3
-0.18009 12.2
-0.17985 12.1
-0.1796 12.0
-0.17936 11.9
-0.17912 11.8
-0.17887 11.6
-0.17863 11.4
-0.17838 11.2
-0.17814 11.0
-0.17789 10.8
-0.17765 10.6
-0.17741 10.3
-0.17716 10.0
-0.17692 9.7
-0.17667 9.4
-0.17643 9.1
-0.17619 8.7
-0.17594 8.3
-0.1757 8.0
-0.17545 7.6
-0.17521 7.2
-0.17496 6.7
-0.17472 6.3
-0.17448 5.9
-0.17423 5.4
-0.17399 5.0
-0.17374 4.5
-0.1735 4.0
-0.17326 3.5
-0.17301 3.0
-0.17277 2.5
-0.17252 2.0
-0.17228 1.5
-0.17204 1.0
-0.17179 0.5
-0.17155 0.0
-0.1713 -0.5
-0.17106 -1.0
-0.17081 -1.5
-0.17057 -2.0
-0.17033 -2.6
-0.17008 -3.1
-0.16984 -3.6
-0.16959 -4.0
-0.16935 -4.5
-0.16911 -5.0
-0.16886 -5.5
-0.16862 -5.9
-0.16837 -6.4
-0.16813 -6.8
-0.16788 -7.3
-0.16764 -7.7
-0.1674 -8.1
-0.16715 -8.5
-0.16691 -8.9
-0.16666 -9.2
-0.16642 -9.6
-0.16618 -9.9
-0.16593 -10.2
-0.16569 -10.5
-0.16544 -10.8
-0.1652 -11.1
-0.16496 -11.3
-0.16471 -11.5
-0.16447 -11.7
-0.16422 -11.9
-0.16398 -12.1
-0.16373 -12.2
-0.16349 -12.3
-0.16325 -12.4
-0.163 -12.5
-0.16276 -12.6
-0.16251 -12.6
-0.16227 -12.6
-0.16203 -12.6
-0.16178 -12.6
-0.16154 -12.5
-0.16129 -12.4
-0.16105 -12.3
-0.1608 -12.2
-0.16056 -12.1
-0.16032 -11.9
-0.16007 -11.7
-0.15983 -11.5
-0.15958 -11.3
-0.15934 -11.0
-0.1591 -10.7
-0.15885 -10.5
-0.15861 -10.2
-0.15836 -9.8
-0.15812 -9.5
-0.15788 -9.1
-0.15763 -8.7
-0.15739 -8.3
-0.15714 -7.9
-0.1569 -7.5
-0.15665 -7.1
-0.15641 -6.6
-0.15617 -6.2
-0.15592 -5.7
-0.15568 -5.2
-0.15543 -4.7
-0.15519 -4.2
-0.15495 -3.7
-0.1547 -3.2
-0.15446 -2.6
-0.15421 -2.1
-0.15397 -1.6
-0.15372 -1.0
-0.15348 -0.5
-0.15324 0.0
-0.15299 0.6
-0.15275 1.2
-0.1525 1.7
-0.15226 2.2
-0.15202 2.8
-0.15177 3.3
-0.15153 3.8
-0.15128 4.4
-0.15104 4.9
-0.15079 5.4
-0.15055 5.9
-0.15031 6.4
-0.15006 6.8
-0.14982 7.3
-0.14957 7.8
-0.14933 8.2
-0.14909 8.6
-0.14884 9.0
-0.1486 9.4
-0.14835 9.8
-0.14811 10.1
-0.14787 10.5
-0.14762 10.8
-0.14738 11.1
-0.14713 11.4
-0.14689 11.6
-0.14664 11.9
-0.1464 12.1
-0.14616 12.3
-0.14591 12.4
-0.14567 12.6
-0.14542 12.7
-0.14518 12.8
-0.14494 12.9
-0.14469 12.9
-0.14445 12.9
-0.1442 12.9
-0.14396 12.9
-0.14371 12.9
-0.14347 12.8
-0.14323 12.7
-0.14298 12.6
-0.14274 12.4
-0.14249 12.2
-0.14225 12.0
-0.14201 11.8
-0.14176 11.6
-0.14152 11.3
-0.14127 11.0
-0.14103 10.7
-0.14079 10.4
-0.14054 10.0
-0.1403 9.7
-0.14005 9.3
-0.13981 8.9
-0.13956 8.4
-0.13932 8.0
-0.13908 7.5
-0.13883 7.1
-0.13859 6.6
-0.13834 6.1
-0.1381 5.6
-0.13786 5.0
-0.13761 4.5
-0.13737 4.0
-0.13712 3.4
-0.13688 2.8
-0.13663 2.3
-0.13639 1.7
-0.13615 1.1
-0.1359 0.5
-0.13566 0.0
-0.13541 -0.6
-0.13517 -1.2
-0.13493 -1.8
-0.13468 -2.4
-0.13444 -2.9
-0.13419 -3.5
-0.13395 -4.1
-0.13371 -4.6
-0.13346 -5.2
-0.13322 -5.7
-0.13297 -6.3
-0.13273 -6.8
-0.13248 -7.3
-0.13224 -7.8
-0.132 -8.2
-0.13175 -8.7
-0.13151 -9.1
-0.13126 -9.6
-0.13102 -10.0
-0.13078 -10.3
-0.13053 -10.7
-0.13029 -11.0
-0.13004 -11.4
-0.1298 -11.7
-0.12955 -11.9
-0.12931 -12.2
-0.12907 -12.4
-0.12882 -12.6
-0.12858 -12.8
-0.12833 -12.9
-0.12809 -13.1
-0.12785 -13.2
-0.1276 -13.2
-0.12736 -13.3
-0.12711 -13.3
-0.12687 -13.3
-0.12663 -13.2
-0.12638 -13.2
-0.12614 -13.1
-0.12589 -13.0
-0.12565 -12.8
-0.1254 -12.6
-0.12516 -12.4
-0.12492 -12.2
-0.12467 -12.0
-0.12443 -11.7
-0.12418 -11.4
-0.12394 -11.0
-0.1237 -10.7
-0.12345 -10.3
-0.12321 -9.9
-0.12296 -9.5
-0.12272 -9.1
-0.12247 -8.6
-0.12223 -8.1
-0.12199 -7.6
-0.12174 -7.1
-0.1215 -6.6
-0.12125 -6.0
-0.12101 -5.5
-0.12077 -4.9
-0.12052 -4.3
-0.12028 -3.7
-0.12003 -3.1
-0.11979 -2.5
-0.11954 -1.9
-0.1193 -1.3
-0.11906 -0.7
-0.11881 0.0
-0.11857 0.6
-0.11832 1.2
-0.11808 1.8
-0.11784 2.5
-0.11759 3.1
-0.11735 3.7
-0.1171 4.3
-0.11686 4.9
-0.11662 5.5
-0.11637 6.1
-0.11613 6.6
-0.11588 7.2
-0.11564 7.7
-0.11539 8.2
-0.11515 8.7
-0.11491 9.2
-0.11466 9.7
-0.11442 10.1
-0.11417 10.5
-0.11393 10.9
-0.11369 11.3
-0.11344 11.7
-0.1132 12.0
-0.11295 12.3
-0.11271 12.6
-0.11246 12.8
-0.11222 13.0
-0.11198 13.2
-0.11173 13.4
-0.11149 13.5
-0.11124 13.6
-0.111 13.7
-0.11076 13.7
-0.11051 13.7
-0.11027 13.7
-0.11002 13.6
-0.10978 13.5
-0.10954 13.4
-0.10929 13.3
-0.10905 13.1
-0.1088 12.9
-0.10856 12.6
-0.10831 12.4
-0.10807 12.1
-0.10783 11.8
-0.10758 11.4
-0.10734 11.0
-0.10709 10.6
-0.10685 10.2
-0.10661 9.7
-0.10636 9.2
-0.10612 8.7
-0.10587 8.2
-0.10563 7.7
-0.10538 7.1
-0.10514 6.5
-0.1049 5.9
-0.10465 5.3
-0.10441 4.7
-0.10416 4.1
-0.10392 3.4
-0.10368 2.8
-0.10343 2.1
-0.10319 1.4
-0.10294 0.8
-0.1027 0.0
-0.10246 -0.6
-0.10221 -1.3
-0.10197 -2.0
-0.10172 -2.6
-0.10148 -3.3
-0.10123 -4.0
-0.10099 -4.6
-0.10075 -5.3
-0.1005 -5.9
-0.10026 -6.5
-0.10001 -7.1
-0.09977 -7.7
-0.09953 -8.3
-0.09928 -8.8
-0.09904 -9.4
-0.09879 -9.9
-0.09855 -10.4
-0.0983 -10.8
-0.09806 -11.3
-0.09782 -11.7
-0.09757 -12.1
-0.09733 -12.4
-0.09708 -12.7
-0.09684 -13.0
-0.0966 -13.3
-0.09635 -13.5
-0.09611 -13.7
-0.09586 -13.9
-0.09562 -14.0
-0.09538 -14.1
-0.09513 -14.2
-0.09489 -14.2
-0.09464 -14.2
-0.0944 -14.1
-0.09415 -14.0
-0.09391 -13.9
-0.09367 -13.8
-0.09342 -13.6
-0.09318 -13.4
-0.09293 -13.1
-0.09269 -12.8
-0.09245 -12.5
-0.0922 -12.1
-0.09196 -11.7
-0.09171 -11.3
-0.09147 -10.9
-0.09122 -10.4
-0.09098 -9.9
-0.09074 -9.3
-0.09049 -8.8
-0.09025 -8.2
-0.09 -7.6
-0.08976 -7.0
-0.08952 -6.3
-0.08927 -5.7
-0.08903 -5.0
-0.08878 -4.3
-0.08854 -3.6
-0.08829 -2.9
-0.08805 -2.1
-0.08781 -1.4
-0.08756 -0.7
-0.08732 0.0
-0.08707 0.8
-0.08683 1.6
-0.08659 2.3
-0.08634 3.0
-0.0861 3.8
-0.08585 4.5
-0.08561 5.2
-0.08537 5.9
-0.08512 6.6
-0.08488 7.2
-0.08463 7.9
-0.08439 8.5
-0.08414 9.1
-0.0839 9.7
-0.08366 10.3
-0.08341 10.8
-0.08317 11.3
-0.08292 11.8
-0.08268 12.2
-0.08244 12.6
-0.08219 13.0
-0.08195 13.4
-0.0817 13.7
-0.08146 13.9
-0.08121 14.2
-0.08097 14.4
-0.08073 14.5
-0.08048 14.6
-0.08024 14.7
-0.07999 14.7
-0.07975 14.7
-0.07951 14.7
-0.07926 14.6
-0.07902 14.5
-0.07877 14.3
-0.07853 14.1
-0.07829 13.8
-0.07804 13.5
-0.0778 13.2
-0.07755 12.8
-0.07731 12.4
-0.07706 11.9
-0.07682 11.5
-0.07658 10.9
-0.07633 10.4
-0.07609 9.8
-0.07584 9.2
-0.0756 8.5
-0.07536 7.9
-0.07511 7.2
-0.07487 6.5
-0.07462 5.7
-0.07438 5.0
-0.07413 4.2
-0.07389 3.4
-0.07365 2.6
-0.0734 1.8
-0.07316 1.0
-0.07291 0.2
-0.07267 -0.6
-0.07243 -1.5
-0.07218 -2.3
-0.07194 -3.1
-0.07169 -3.9
-0.07145 -4.7
-0.07121 -5.5
-0.07096 -6.3
-0.07072 -7.0
-0.07047 -7.8
-0.07023 -8.5
-0.06998 -9.2
-0.06974 -9.8
-0.0695 -10.5
-0.06925 -11.1
-0.06901 -11.7
-0.06876 -12.2
-0.06852 -12.7
-0.06828 -13.2
-0.06803 -13.6
-0.06779 -14.0
-0.06754 -14.3
-0.0673 -14.6
-0.06705 -14.9
-0.06681 -15.1
-0.06657 -15.2
-0.06632 -15.3
-0.06608 -15.4
-0.06583 -15.4
-0.06559 -15.4
-0.06535 -15.3
-0.0651 -15.1
-0.06486 -15.0
-0.06461 -14.7
-0.06437 -14.4
-0.06413 -14.1
-0.06388 -13.7
-0.06364 -13.3
-0.06339 -12.8
-0.06315 -12.3
-0.0629 -11.8
-0.06266 -11.2
-0.06242 -10.5
-0.06217 -9.9
-0.06193 -9.2
-0.06168 -8.4
-0.06144 -7.7
-0.0612 -6.9
-0.06095 -6.0
-0.06071 -5.2
-0.06046 -4.3
-0.06022 -3.4
-0.05997 -2.5
-0.05973 -1.6
-0.05949 -0.7
-0.05924 0.2
-0.059 1.1
-0.05875 2.1
-0.05851 3.0
-0.05827 3.9
-0.05802 4.8
-0.05778 5.7
-0.05753 6.6
-0.05729 7.4
-0.05704 8.3
-0.0568 9.1
-0.05656 9.8
-0.05631 10.6
-0.05607 11.3
-0.05582 12.0
-0.05558 12.6
-0.05534 13.2
-0.05509 13.7
-0.05485 14.2
-0.0546 14.6
-0.05436 15.0
-0.05412 15.4
-0.05387 15.7
-0.05363 15.9
-0.05338 16.1
-0.05314 16.2
-0.05289 16.2
-0.05265 16.2
-0.05241 16.1
-0.05216 16.0
-0.05192 15.8
-0.05167 15.6
-0.05143 15.2
-0.05119 14.9
-0.05094 14.4
-0.0507 14.0
-0.05045 13.4
-0.05021 12.8
-0.04996 12.2
-0.04972 11.5
-0.04948 10.7
-0.04923 9.9
-0.04899 9.1
-0.04874 8.2
-0.0485 7.3
-0.04826 6.4
-0.04801 5.4
-0.04777 4.4
-0.04752 3.4
-0.04728 2.4
-0.04704 1.3
-0.04679 0.3
-0.04655 -0.8
-0.0463 -1.9
-0.04606 -2.9
-0.04581 -4.0
-0.04557 -5.0
-0.04533 -6.0
-0.04508 -7.0
-0.04484 -8.0
-0.04459 -9.0
-0.04435 -9.9
-0.04411 -10.8
-0.04386 -11.6
-0.04362 -12.4
-0.04337 -13.2
-0.04313 -13.9
-0.04288 -14.5
-0.04264 -15.1
-0.0424 -15.6
-0.04215 -16.0
-0.04191 -16.4
-0.04166 -16.7
-0.04142 -17.0
-0.04118 -17.1
-0.04093 -17.2
-0.04069 -17.2
-0.04044 -17.2
-0.0402 -17.0
-0.03996 -16.8
-0.03971 -16.5
-0.03947 -16.1
-0.03922 -15.7
-0.03898 -15.2
-0.03873 -14.6
-0.03849 -13.9
-0.03825 -13.2
-0.038 -12.4
-0.03776 -11.5
-0.03751 -10.6
-0.03727 -9.6
-0.03703 -8.6
-0.03678 -7.5
-0.03654 -6.4
-0.03629 -5.3
-0.03605 -4.1
-0.0358 -2.9
-0.03556 -1.6
-0.03532 -0.4
-0.03507 0.9
-0.03483 2.1
-0.03458 3.4
-0.03434 4.6
-0.0341 5.8
-0.03385 7.1
-0.03361 8.2
-0.03336 9.4
-0.03312 10.5
-0.03288 11.5
-0.03263 12.5
-0.03239 13.5
-0.03214 14.3
-0.0319 15.1
-0.03165 15.9
-0.03141 16.5
-0.03117 17.1
-0.03092 17.6
-0.03068 18.0
-0.03043 18.2
-0.03019 18.4
-0.02995 18.5
-0.0297 18.5
-0.02946 18.4
-0.02921 18.2
-0.02897 17.8
-0.02872 17.4
-0.02848 16.9
-0.02824 16.3
-0.02799 15.5
-0.02775 14.7
-0.0275 13.8
-0.02726 12.8
-0.02702 11.7
-0.02677 10.5
-0.02653 9.3
-0.02628 8.0
-0.02604 6.6
-0.02579 5.2
-0.02555 3.7
-0.02531 2.2
-0.02506 0.7
-0.02482 -0.8
-0.02457 -2.4
-0.02433 -3.9
-0.02409 -5.4
-0.02384 -6.9
-0.0236 -8.4
-0.02335 -9.8
-0.02311 -11.2
-0.02287 -12.5
-0.02262 -13.8
-0.02238 -14.9
-0.02213 -16.0
-0.02189 -17.0
-0.02164 -17.8
-0.0214 -18.6
-0.02116 -19.2
-0.02091 -19.7
-0.02067 -20.0
-0.02042 -20.2
-0.02018 -20.3
-0.01994 -20.2
-0.01969 -19.9
-0.01945 -19.6
-0.0192 -19.0
-0.01896 -18.3
-0.01871 -17.5
-0.01847 -16.5
-0.01823 -15.4
-0.01798 -14.1
-0.01774 -12.7
-0.01749 -11.2
-0.01725 -9.6
-0.01701 -7.9
-0.01676 -6.1
-0.01652 -4.2
-0.01627 -2.3
-0.01603 -0.4
-0.01579 1.6
-0.01554 3.6
-0.0153 5.6
-0.01505 7.6
-0.01481 9.5
-0.01456 11.4
-0.01432 13.2
-0.01408 14.8
-0.01383 16.4
-0.01359 17.8
-0.01334 19.1
-0.0131 20.2
-0.01286 21.1
-0.01261 21.8
-0.01237 22.3
-0.01212 22.6
-0.01188 22.6
-0.01163 22.4
-0.01139 22.0
-0.01115 21.3
-0.0109 20.4
-0.01066 19.2
-0.01041 17.8
-0.01017 16.1
-0.00993 14.3
-0.00968 12.2
-0.00944 10.0
-0.00919 7.5
-0.00895 5.0
-0.00871 2.4
-0.00846 -0.4
-0.00822 -3.1
-0.00797 -5.9
-0.00773 -8.7
-0.00748 -11.4
-0.00724 -13.9
-0.007 -16.4
-0.00675 -18.6
-0.00651 -20.6
-0.00626 -22.3
-0.00602 -23.7
-0.00578 -24.8
-0.00553 -25.4
-0.00529 -25.7
-0.00504 -25.5
-0.0048 -24.9
-0.00455 -23.9
-0.00431 -22.3
-0.00407 -20.3
-0.00382 -17.9
-0.00358 -15.1
-0.00333 -11.9
-0.00309 -8.4
-0.00285 -4.6
-0.0026 -0.6
-0.00236 3.5
-0.00211 7.6
-0.00187 11.6
-0.00163 15.4
-0.00138 19.0
-0.00114 22.1
-0.00089 24.7
-0.00065 26.7
-0.0004 27.9
-0.00016 28.2
8e-05 27.7
0.00033 26.2
0.00057 23.8
0.00082 20.5
0.00106 16.5
0.0013 11.7
0.00155 6.5
0.00179 1.0
0.00204 -4.6
0.00228 -9.9
0.00253 -14.7
0.00277 -18.7
0.00301 -21.8
0.00326 -23.8
0.0035 -24.6
0.00375 -24.1
0.00399 -22.4
0.00423 -19.6
0.00448 -15.9
0.00472 -11.4
0.00497 -6.6
0.00521 -1.6
0.00546 3.1
0.0057 7.5
0.00594 11.1
0.00619 13.9
0.00643 15.7
0.00668 16.4
0.00692 16.1
0.00716 14.8
0.00741 12.8
0.00765 10.0
0.0079 6.9
0.00814 3.6
0.00838 0.3
0.00863 -2.8
0.00887 -5.4
0.00912 -7.5
0.00936 -8.9
0.00961 -9.6
0.00985 -9.6
0.01009 -9.0
0.01034 -7.8
0.01058 -6.2
0.01083 -4.4
0.01107 -2.4
0.01131 -0.4
0.01156 1.4
0.0118 3.0
0.01205 4.2
0.01229 5.1
0.01254 5.5
0.01278 5.5
0.01302 5.1
0.01327 4.4
0.01351 3.5
0.01376 2.4
0.014 1.2
0.01424 0.0
0.01449 -1.0
0.01473 -1.9
0.01498 -2.5
0.01522 -3.0
0.01546 -3.1
0.01571 -3.1
0.01595 -2.8
0.0162 -2.4
0.01644 -1.8
0.01669 -1.2
0.01693 -0.5
0.01717 0.1
0.01742 0.7
0.01766 1.2
0.01791 1.5
0.01815 1.8
0.01839 1.8
0.01864 1.7
0.01888 1.6
0.01913 1.3
0.01937 0.9
0.01962 0.6
0.01986 0.2
0.0201 -0.2
0.02035 -0.5
0.02059 -0.8
0.02084 -0.9
0.02108 -1.0
0.02132 -1.0
0.02157 -1.0
0.02181 -0.9
0.02206 -0.7
0.0223 -0.5
0.02254 -0.3
0.02279 0.0
0.02303 0.2
0.02328 0.3
0.02352 0.5
0.02377 0.6
0.02401 0.6
0.02425 0.6
0.0245 0.6
0.02474 0.5
0.02499 0.4
0.02523 0.2
0.02547 0.1
0.02572 0.0
0.02596 -0.1
0.02621 -0.2
0.02645 -0.3
0.0267 -0.3
0.02694 -0.4
0.02718 -0.3
0.02743 -0.3
0.02767 -0.3
0.02792 -0.2
0.02816 -0.1
0.0284 0.0
0.02865 0.0
0.02889 0.0
0.02914 0.1
0.02938 0.2
0.02962 0.2
0.02987 0.2
0.03011 0.2
0.03036 0.2
0.0306 0.1
0.03085 0.0
0.03109 0.0
0.03133 0.0
0.03158 0.0
0.03182 0.0
0.03207 0.0
0.03231 -0.1
0.03255 -0.1
0.0328 -0.1
0.03304 -0.1
0.03329 0.0
0.03353 0.0
0.03378 0.0
0.03402 0.0
0.03426 0.0
0.03451 0.0
0.03475 0.0
0.035 0.0
0.03524 0.0
0.03548 0.0
0.03573 0.0
0.03597 0.0
0.03622 0.0
0.03646 0.0
0.03671 0.0
0.03695 0.0
0.03719 0.0
0.03744 0.0
0.03768 0.0
0.03793 0.0
0.03817 0.0
0.03841 0.0
0.03866 0.0
0.0389 0.0
0.03915 0.0
0.03939 0.0
0.03963 0.0
0.03988 0.0
0.04012 0.0
0.04037 0.0
0.04061 0.0
0.04086 0.0
0.0411 0.0
0.04134 0.0
0.04159 0.0
0.04183 0.0
0.04208 0.0
0.04232 0.0
0.04256 0.0
0.04281 0.0
0.04305 0.0
0.0433 0.0
0.04354 0.0
0.04379 0.0
0.04403 0.0
0.04427 0.0
0.04452 0.0
0.04476 0.0
0.04501 0.0
0.04525 0.0
0.04549 0.0
0.04574 0.0
0.04598 0.0
0.04623 0.0
0.04647 0.0
0.04671 0.0
0.04696 0.0
0.0472 0.0
0.04745 0.0
0.04769 0.0
0.04794 0.0
0.04818 0.0
0.04842 0.0
0.04867 0.0
0.04891 0.0
0.04916 0.0
0.0494 0.0
0.04964 0.0
0.04989 0.0
0.05013 0.0
0.05038 0.0
0.05062 0.0
0.05087 0.0
0.05111 0.0
0.05135 0.0
0.0516 0.0
0.05184 0.0
0.05209 0.0
0.05233 0.0
0.05257 0.0
0.05282 0.0
0.05306 0.0
0.05331 0.0
0.05355 0.0
0.05379 0.0
0.05404 0.0
0.05428 0.0
0.05453 0.0
0.05477 0.0
0.05502 0.0
0.05526 0.0
0.0555 0.0
0.05575 0.0
0.05599 0.0
0.05624 0.0
0.05648 0.0
0.05672 0.0
0.05697 0.0
0.05721 0.0
0.05746 0.0
0.0577 0.0
0.05795 0.0
0.05819 0.0
0.05843 0.0
0.05868 0.0
0.05892 0.0
0.05917 0.0
0.05941 0.0
0.05965 0.0
0.0599 0.0
0.06014 0.0
0.06039 0.0
0.06063 0.0
0.06087 0.0
0.06112 0.0
0.06136 0.0
0.06161 0.0
0.06185 0.0
0.0621 0.0
0.06234 0.0
0.06258 0.0
0.06283 0.0
0.06307 0.0
0.06332 0.0
0.06356 0.0
0.0638 0.0
0.06405 0.0
0.06429 0.0
0.06454 0.0
0.06478 0.0
0.06503 0.0
0.06527 0.0
0.06551 0.0
0.06576 0.0
0.066 0.0
0.06625 0.0
0.06649 0.0
0.06673 0.0
0.06698 0.0
0.06722 0.0
0.06747 0.0
0.06771 0.0
0.06796 0.0
0.0682 0.0
0.06844 0.0
0.06869 0.0
0.06893 0.0
0.06918 0.0
0.06942 0.0
0.06966 0.0
0.06991 0.0
0.07015 0.0
0.0704 0.0
0.07064 0.0
0.07088 0.0
0.07113 0.0
0.07137 0.0
0.07162 0.0
0.07186 0.0
0.07211 0.0
0.07235 0.0
0.07259 0.0
0.07284 0.0
0.07308 0.0
0.07333 0.0
0.07357 0.0
0.07381 0.0
0.07406 0.0
0.0743 0.0
0.07455 0.0
0.07479 0.0
0.07504 0.0
0.07528 0.0
0.07552 0.0
0.07577 0.0
0.07601 0.0
0.07626 0.0
0.0765 0.0
0.07674 0.0
0.07699 0.0
0.07723 0.0
0.07748 0.0
0.07772 0.0
0.07796 0.0
0.07821 0.0
0.07845 0.0
0.0787 0.0
0.07894 0.0
0.07919 0.0
0.07943 0.0
0.07967 0.0
0.07992 0.0
0.08016 0.0
0.08041 0.0
0.08065 0.0
0.08089 0.0
0.08114 0.0
0.08138 0.0
0.08163 0.0
0.08187 0.0
0.08212 0.0
0.08236 0.0
0.0826 0.0
0.08285 0.0
0.08309 0.0
0.08334 0.0
0.08358 0.0
0.08382 0.0
0.08407 0.0
0.08431 0.0
0.08456 0.0
0.0848 0.0
0.08504 0.0
0.08529 0.0
0.08553 0.0
0.08578 0.0
0.08602 0.0
0.08627 0.0
0.08651 0.0
0.08675 0.0
0.087 0.0
0.08724 0.0
0.08749 0.0
0.08773 0.0
0.08797 0.0
0.08822 0.0
0.08846 0.0
0.08871 0.0
0.08895 0.0
0.0892 0.0
0.08944 0.0
0.08968 0.0
0.08993 0.0
0.09017 0.0
0.09042 0.0
0.09066 0.0
0.0909 0.0
0.09115 0.0
0.09139 0.0
0.09164 0.0
0.09188 0.0
0.09212 0.0
0.09237 0.0
0.09261 0.0
0.09286 0.0
0.0931 0.0
0.09335 0.0
0.09359 0.0
0.09383 0.0
0.09408 0.0
0.09432 0.0
0.09457 0.0
0.09481 0.0
0.09505 0.0
0.0953 0.0
0.09554 0.0
0.09579 0.0
0.09603 0.0
0.09628 0.0
0.09652 0.0
0.09676 0.0
0.09701 0.0
0.09725 0.0
0.0975 0.0
0.09774 0.0
0.09798 0.0
0.09823 0.0
0.09847 0.0
0.09872 0.0
0.09896 0.0
0.09921 0.0
0.09945 0.0
0.09969 0.0
0.09994 0.0
0.10018 0.0
0.10043 0.0
0.10067 0.0
0.10091 0.0
0.10116 0.0
0.1014 0.0
0.10165 0.0
0.10189 0.0
0.10213 0.0
0.10238 0.0
0.10262 0.0
0.10287 0.0
0.10311 0.0
0.10336 0.0
0.1036 0.0
0.10384 0.0
0.10409 0.0
0.10433 0.0
0.10458 0.0
0.10482 0.0
0.10506 0.0
0.10531 0.0
0.10555 0.0
0.1058 0.0
0.10604 0.0
0.10629 0.0
0.10653 0.0
0.10677 0.0
0.10702 0.0
0.10726 0.0
0.10751 0.0
0.10775 0.0
0.10799 0.0
0.10824 0.0
0.10848 0.0
0.10873 0.0
0.10897 0.0
0.10921 0.0
0.10946 0.0
0.1097 0.0
0.10995 0.0
0.11019 0.0
0.11044 0.0
0.11068 0.0
0.11092 0.0
0.11117 0.0
0.11141 0.0
0.11166 0.0
0.1119 0.0
0.11214 0.0
0.11239 0.0
0.11263 0.0
0.11288 0.0
0.11312 0.0
0.11337 0.0
0.11361 0.0
0.11385 0.0
0.1141 0.0
0.11434 0.0
0.11459 0.0
0.11483 0.0
0.11507 0.0
0.11532 0.0
0.11556 0.0
0.11581 0.0
0.11605 0.0
0.11629 0.0
0.11654 0.0
0.11678 0.0
0.11703 0.0
0.11727 0.0
0.11752 0.0
0.11776 0.0
0.118 0.0
0.11825 0.0
0.11849 0.0
0.11874 0.0
0.11898 0.0
0.11922 0.0
0.11947 0.0
0.11971 0.0
0.11996 0.0
0.1202 0.0
0.12045 0.0
0.12069 0.0
0.12093 0.0
0.12118 0.0
0.12142 0.0
0.12167 0.0
0.12191 0.0
0.12215 0.0
0.1224 0.0
0.12264 0.0
0.12289 0.0
0.12313 0.0
0.12337 0.0
0.12362 0.0
0.12386 0.0
0.12411 0.0
0.12435 0.0
0.1246 0.0
0.12484 0.0
0.12508 0.0
0.12533 0.0
0.12557 0.0
0.12582 0.0
0.12606 0.0
0.1263 0.0
0.12655 0.0
0.12679 0.0
0.12704 0.0
0.12728 0.0
0.12753 0.0
0.12777 0.0
0.12801 0.0
0.12826 0.0
0.1285 0.0
0.12875 0.0
0.12899 0.0
0.12923 0.0
0.12948 0.0
0.12972 0.0
0.12997 0.0
0.13021 0.0
0.13046 0.0
0.1307 0.0
0.13094 0.0
0.13119 0.0
0.13143 0.0
0.13168 0.0
0.13192 0.0
0.13216 0.0
0.13241 0.0
0.13265 0.0
0.1329 0.0
0.13314 0.0
0.13338 0.0
0.13363 0.0
0.13387 0.0
0.13412 0.0
0.13436 0.0
0.13461 0.0
0.13485 0.0
0.13509 0.0
0.13534 0.0
0.13558 0.0
0.13583 0.0
0.13607 0.0
0.13631 0.0
0.13656 0.0
0.1368 0.0
0.13705 0.0
0.13729 0.0
0.13754 0.0
0.13778 0.0
0.13802 0.0
0.13827 0.0
0.13851 0.0
0.13876 0.0
0.139 0.0
0.13924 0.0
0.13949 0.0
0.13973 0.0
0.13998 0.0
0.14022 0.0
0.14046 0.0
0.14071 0.0
0.14095 0.0
0.1412 0.0
0.14144 0.0
0.14169 0.0
0.14193 0.0
0.14217 0.0
0.14242 0.0
0.14266 0.0
0.14291 0.0
0.14315 0.0
0.14339 0.0
0.14364 0.0
0.14388 0.0
0.14413 0.0
0.14437 0.0
0.14462 0.0
0.14486 0.0
0.1451 0.0
0.14535 0.0
0.14559 0.0
0.14584 0.0
0.14608 0.0
0.14632 0.0
0.14657 0.0
0.14681 0.0
0.14706 0.0
0.1473 0.0
0.14754 0.0
0.14779 0.0
0.14803 0.0
0.14828 0.0
0.14852 0.0
0.14877 0.0
0.14901 0.0
0.14925 0.0
0.1495 0.0
0.14974 0.0
0.14999 0.0
0.15023 0.0
0.15047 0.0
0.15072 0.0
0.15096 0.0
0.15121 0.0
0.15145 0.0
0.1517 0.0
0.15194 0.0
0.15218 0.0
0.15243 0.0
0.15267 0.0
0.15292 0.0
0.15316 0.0
0.1534 0.0
0.15365 0.0
0.15389 0.0
0.15414 0.0
0.15438 0.0
0.15462 0.0
0.15487 0.0
0.15511 0.0
0.15536 0.0
0.1556 0.0
0.15585 0.0
0.15609 0.0
0.15633 0.0
0.15658 0.0
0.15682 0.0
0.15707 0.0
0.15731 0.0
0.15755 0.0
0.1578 0.0
0.15804 0.0
0.15829 0.0
0.15853 0.0
0.15878 0.0
0.15902 0.0
0.15926 0.0
0.15951 0.0
0.15975 0.0
0.16 0.0
0.16024 0.0
0.16048 0.0
0.16073 0.0
0.16097 0.0
0.16122 0.0
0.16146 0.0
0.16171 0.0
0.16195 0.0
0.16219 0.0
0.16244 0.0
0.16268 0.0
0.16293 0.0
0.16317 0.0
0.16341 0.0
0.16366 0.0
0.1639 0.0
0.16415 0.0
0.16439 0.0
0.16463 0.0
0.16488 0.0
0.16512 0.0
0.16537 0.0
0.16561 0.0
0.16586 0.0
0.1661 0.0
0.16634 0.0
0.16659 0.0
0.16683 0.0
0.16708 0.0
0.16732 0.0
0.16756 0.0
0.16781 0.0
0.16805 0.0
0.1683 0.0
0.16854 0.0
0.16879 0.0
0.16903 0.0
0.16927 0.0
0.16952 0.0
0.16976 0.0
0.17001 0.0
0.17025 0.0
0.17049 0.0
0.17074 0.0
0.17098 0.0
0.17123 0.0
0.17147 0.0
0.17171 0.0
0.17196 0.0
0.1722 0.0
0.17245 0.0
0.17269 0.0
0.17294 0.0
0.17318 0.0
0.17342 0.0
0.17367 0.0
0.17391 0.0
0.17416 0.0
0.1744 0.0
0.17464 0.0
0.17489 0.0
0.17513 0.0
0.17538 0.0
0.17562 0.0
0.17587 0.0
0.17611 0.0
0.17635 0.0
0.1766 0.0
0.17684 0.0
0.17709 0.0
0.17733 0.0
0.17757 0.0
0.17782 0.0
0.17806 0.0
0.17831 0.0
0.17855 0.0
0.17879 0.0
0.17904 0.0
0.17928 0.0
0.17953 0.0
0.17977 0.0
0.18002 0.0
0.18026 0.0
0.1805 0.0
0.18075 0.0
0.18099 0.0
0.18124 0.0
0.18148 0.0
0.18172 0.0
0.18197 0.0
0.18221 0.0
0.18246 0.0
0.1827 0.0
0.18295 0.0
0.18319 0.0
0.18343 0.0
0.18368 0.0
0.18392 0.0
0.18417 0.0
0.18441 0.0
0.18465 0.0
0.1849 0.0
0.18514 0.0
0.18539 0.0
0.18563 0.0
0.18587 0.0
0.18612 0.0
0.18636 0.0
0.18661 0.0
0.18685 0.0
0.1871 0.0
0.18734 0.0
0.18758 0.0
0.18783 0.0
0.18807 0.0
0.18832 0.0
0.18856 0.0
0.1888 0.0
0.18905 0.0
0.18929 0.0
0.18954 0.0
0.18978 0.0
0.19003 0.0
0.19027 0.0
0.19051 0.0
0.19076 0.0
0.191 0.0
0.19125 0.0
0.19149 0.0
0.19173 0.0
0.19198 0.0
0.19222 0.0
0.19247 0.0
0.19271 0.0
0.19296 0.0
0.1932 0.0
0.19344 0.0
0.19369 0.0
0.19393 0.0
0.19418 0.0
0.19442 0.0
0.19466 0.0
0.19491 0.0
0.19515 0.0
0.1954 0.0
0.19564 0.0
0.19588 0.0
0.19613 0.0
0.19637 0.0
0.19662 0.0
0.19686 0.0
0.19711 0.0
0.19735 0.0
0.19759 0.0
0.19784 0.0
0.19808 0.0
0.19833 0.0
0.19857 0.0
0.19881 0.0
0.19906 0.0
0.1993 0.0
0.19955 0.0
0.19979 0.0
0.20004 0.0
0.20028 0.0
0.20052 0.0
0.20077 0.0
0.20101 0.0
0.20126 0.0
0.2015 0.0
0.20174 0.0
0.20199 0.0
0.20223 0.0
0.20248 0.0
0.20272 0.0
0.20296 0.0
0.20321 0.0
0.20345 0.0
0.2037 0.0
0.20394 0.0
0.20419 0.0
0.20443 0.0
0.20467 0.0
0.20492 0.0
0.20516 0.0
0.20541 0.0
0.20565 0.0
0.20589 0.0
0.20614 0.0
0.20638 0.0
0.20663 0.0
0.20687 0.0
0.20712 0.0
0.20736 0.0
0.2076 0.0
0.20785 0.0
0.20809 0.0
0.20834 0.0
0.20858 0.0
0.20882 0.0
0.20907 0.0
0.20931 0.0
0.20956 0.0
0.2098 0.0
0.21004 0.0
0.21029 0.0
0.21053 0.0
0.21078 0.0
0.21102 0.0
