t strain*1e23
-0.10303 16.8
-0.10278 16.2
-0.10254 15.5
-0.10229 14.8
-0.10205 14.1
-0.10181 13.4
-0.10156 12.7
-0.10132 11.9
-0.10107 11.2
-0.10083 10.4
-0.10059 9.6
-0.10034 8.8
-0.1001 8.0
-0.09985 7.2
-0.09961 6.4
-0.09937 5.6
-0.09912 4.8
-0.09888 3.9
-0.09863 3.1
-0.09839 2.2
-0.09814 1.4
-0.0979 0.5
-0.09766 -0.3
-0.09741 -1.2
-0.09717 -2.1
-0.09692 -2.9
-0.09668 -3.8
-0.09644 -4.6
-0.09619 -5.5
-0.09595 -6.3
-0.0957 -7.2
-0.09546 -8.0
-0.09521 -8.9
-0.09497 -9.7
-0.09473 -10.5
-0.09448 -11.3
-0.09424 -12.1
-0.09399 -12.9
-0.09375 -13.7
-0.09351 -14.5
-0.09326 -15.2
-0.09302 -16.0
-0.09277 -16.7
-0.09253 -17.4
-0.09229 -18.1
-0.09204 -18.8
-0.0918 -19.4
-0.09155 -20.1
-0.09131 -20.7
-0.09106 -21.3
-0.09082 -21.9
-0.09058 -22.4
-0.09033 -23.0
-0.09009 -23.5
-0.08984 -24.0
-0.0896 -24.5
-0.08936 -24.9
-0.08911 -25.3
-0.08887 -25.7
-0.08862 -26.1
-0.08838 -26.4
-0.08813 -26.8
-0.08789 -27.1
-0.08765 -27.3
-0.0874 -27.5
-0.08716 -27.8
-0.08691 -27.9
-0.08667 -28.1
-0.08643 -28.2
-0.08618 -28.3
-0.08594 -28.3
-0.08569 -28.4
-0.08545 -28.4
-0.08521 -28.3
-0.08496 -28.3
-0.08472 -28.2
-0.08447 -28.0
-0.08423 -27.9
-0.08398 -27.7
-0.08374 -27.5
-0.0835 -27.2
-0.08325 -26.9
-0.08301 -26.6
-0.08276 -26.3
-0.08252 -25.9
-0.08228 -25.5
-0.08203 -25.1
-0.08179 -24.6
-0.08154 -24.2
-0.0813 -23.6
-0.08105 -23.1
-0.08081 -22.5
-0.08057 -21.9
-0.08032 -21.3
-0.08008 -20.7
-0.07983 -20.0
-0.07959 -19.3
-0.07935 -18.6
-0.0791 -17.8
-0.07886 -17.1
-0.07861 -16.3
-0.07837 -15.5
-0.07812 -14.6
-0.07788 -13.8
-0.07764 -12.9
-0.07739 -12.1
-0.07715 -11.2
-0.0769 -10.2
-0.07666 -9.3
-0.07642 -8.4
-0.07617 -7.4
-0.07593 -6.5
-0.07568 -5.5
-0.07544 -4.5
-0.0752 -3.5
-0.07495 -2.5
-0.07471 -1.5
-0.07446 -0.5
-0.07422 0.5
-0.07397 1.5
-0.07373 2.6
-0.07349 3.6
-0.07324 4.6
-0.073 5.6
-0.07275 6.6
-0.07251 7.6
-0.07227 8.6
-0.07202 9.6
-0.07178 10.6
-0.07153 11.5
-0.07129 12.5
-0.07104 13.4
-0.0708 14.4
-0.07056 15.3
-0.07031 16.2
-0.07007 17.1
-0.06982 17.9
-0.06958 18.8
-0.06934 19.6
-0.06909 20.4
-0.06885 21.2
-0.0686 22.0
-0.06836 22.7
-0.06812 23.4
-0.06787 24.1
-0.06763 24.7
-0.06738 25.3
-0.06714 25.9
-0.06689 26.5
-0.06665 27.0
-0.06641 27.5
-0.06616 27.9
-0.06592 28.3
-0.06567 28.7
-0.06543 29.1
-0.06519 29.4
-0.06494 29.7
-0.0647 29.9
-0.06445 30.1
-0.06421 30.3
-0.06396 30.4
-0.06372 30.4
-0.06348 30.5
-0.06323 30.5
-0.06299 30.4
-0.06274 30.4
-0.0625 30.2
-0.06226 30.1
-0.06201 29.9
-0.06177 29.6
-0.06152 29.3
-0.06128 29.0
-0.06104 28.6
-0.06079 28.2
-0.06055 27.7
-0.0603 27.2
-0.06006 26.7
-0.05981 26.1
-0.05957 25.5
-0.05933 24.9
-0.05908 24.2
-0.05884 23.5
-0.05859 22.7
-0.05835 21.9
-0.05811 21.1
-0.05786 20.2
-0.05762 19.3
-0.05737 18.4
-0.05713 17.4
-0.05688 16.5
-0.05664 15.5
-0.0564 14.4
-0.05615 13.4
-0.05591 12.3
-0.05566 11.2
-0.05542 10.0
-0.05518 8.9
-0.05493 7.7
-0.05469 6.5
-0.05444 5.4
-0.0542 4.1
-0.05396 2.9
-0.05371 1.7
-0.05347 0.5
-0.05322 -0.8
-0.05298 -2.0
-0.05273 -3.3
-0.05249 -4.5
-0.05225 -5.7
-0.052 -7.0
-0.05176 -8.2
-0.05151 -9.4
-0.05127 -10.7
-0.05103 -11.9
-0.05078 -13.0
-0.05054 -14.2
-0.05029 -15.4
-0.05005 -16.5
-0.0498 -17.6
-0.04956 -18.7
-0.04932 -19.8
-0.04907 -20.8
-0.04883 -21.8
-0.04858 -22.8
-0.04834 -23.8
-0.0481 -24.7
-0.04785 -25.5
-0.04761 -26.4
-0.04736 -27.2
-0.04712 -27.9
-0.04687 -28.6
-0.04663 -29.3
-0.04639 -29.9
-0.04614 -30.5
-0.0459 -31.0
-0.04565 -31.5
-0.04541 -31.9
-0.04517 -32.3
-0.04492 -32.6
-0.04468 -32.8
-0.04443 -33.0
-0.04419 -33.2
-0.04395 -33.3
-0.0437 -33.3
-0.04346 -33.3
-0.04321 -33.2
-0.04297 -33.0
-0.04272 -32.8
-0.04248 -32.6
-0.04224 -32.2
-0.04199 -31.9
-0.04175 -31.4
-0.0415 -30.9
-0.04126 -30.3
-0.04102 -29.7
-0.04077 -29.0
-0.04053 -28.3
-0.04028 -27.5
-0.04004 -26.7
-0.03979 -25.8
-0.03955 -24.8
-0.03931 -23.8
-0.03906 -22.7
-0.03882 -21.6
-0.03857 -20.5
-0.03833 -19.3
-0.03809 -18.0
-0.03784 -16.7
-0.0376 -15.4
-0.03735 -14.1
-0.03711 -12.7
-0.03687 -11.2
-0.03662 -9.8
-0.03638 -8.3
-0.03613 -6.8
-0.03589 -5.2
-0.03564 -3.7
-0.0354 -2.1
-0.03516 -0.5
-0.03491 1.1
-0.03467 2.7
-0.03442 4.3
-0.03418 5.9
-0.03394 7.5
-0.03369 9.1
-0.03345 10.6
-0.0332 12.2
-0.03296 13.8
-0.03271 15.3
-0.03247 16.8
-0.03223 18.3
-0.03198 19.7
-0.03174 21.2
-0.03149 22.5
-0.03125 23.9
-0.03101 25.2
-0.03076 26.4
-0.03052 27.6
-0.03027 28.7
-0.03003 29.8
-0.02979 30.8
-0.02954 31.8
-0.0293 32.6
-0.02905 33.4
-0.02881 34.2
-0.02856 34.8
-0.02832 35.4
-0.02808 35.9
-0.02783 36.3
-0.02759 36.6
-0.02734 36.9
-0.0271 37.0
-0.02686 37.1
-0.02661 37.1
-0.02637 36.9
-0.02612 36.7
-0.02588 36.4
-0.02563 36.0
-0.02539 35.5
-0.02515 34.9
-0.0249 34.2
-0.02466 33.4
-0.02441 32.5
-0.02417 31.5
-0.02393 30.4
-0.02368 29.3
-0.02344 28.0
-0.02319 26.7
-0.02295 25.3
-0.02271 23.8
-0.02246 22.2
-0.02222 20.5
-0.02197 18.8
-0.02173 17.0
-0.02148 15.1
-0.02124 13.2
-0.021 11.2
-0.02075 9.2
-0.02051 7.1
-0.02026 5.0
-0.02002 2.9
-0.01978 0.7
-0.01953 -1.5
-0.01929 -3.7
-0.01904 -5.9
-0.0188 -8.1
-0.01855 -10.3
-0.01831 -12.5
-0.01807 -14.6
-0.01782 -16.8
-0.01758 -18.9
-0.01733 -21.0
-0.01709 -23.0
-0.01685 -24.9
-0.0166 -26.8
-0.01636 -28.6
-0.01611 -30.4
-0.01587 -32.0
-0.01562 -33.5
-0.01538 -35.0
-0.01514 -36.3
-0.01489 -37.5
-0.01465 -38.6
-0.0144 -39.6
-0.01416 -40.4
-0.01392 -41.1
-0.01367 -41.6
-0.01343 -42.0
-0.01318 -42.2
-0.01294 -42.2
-0.0127 -42.1
-0.01245 -41.8
-0.01221 -41.4
-0.01196 -40.7
-0.01172 -39.9
-0.01147 -38.9
-0.01123 -37.8
-0.01099 -36.4
-0.01074 -34.9
-0.0105 -33.2
-0.01025 -31.4
-0.01001 -29.4
-0.00977 -27.2
-0.00952 -24.9
-0.00928 -22.5
-0.00903 -19.9
-0.00879 -17.2
-0.00854 -14.3
-0.0083 -11.4
-0.00806 -8.3
-0.00781 -5.2
-0.00757 -2.0
-0.00732 1.2
-0.00708 4.5
-0.00684 7.7
-0.00659 11.0
-0.00635 14.3
-0.0061 17.6
-0.00586 20.7
-0.00562 23.9
-0.00537 26.9
-0.00513 29.8
-0.00488 32.5
-0.00464 35.2
-0.00439 37.6
-0.00415 39.8
-0.00391 41.8
-0.00366 43.6
-0.00342 45.0
-0.00317 46.2
-0.00293 47.1
-0.00269 47.7
-0.00244 48.0
-0.0022 47.8
-0.00195 47.3
-0.00171 46.5
-0.00146 45.2
-0.00122 43.6
-0.00098 41.5
-0.00073 39.1
-0.00049 36.3
-0.00024 33.1
0.0 29.6
0.00024 25.8
0.00049 21.7
0.00073 17.3
0.00098 12.8
0.00122 8.0
0.00146 3.2
0.00171 -1.8
0.00195 -6.7
0.0022 -11.6
0.00244 -16.4
0.00269 -21.0
0.00293 -25.4
0.00317 -29.4
0.00342 -33.2
0.00366 -36.5
0.00391 -39.3
0.00415 -41.6
0.00439 -43.4
0.00464 -44.6
0.00488 -45.2
0.00513 -45.2
0.00537 -44.6
0.00562 -43.3
0.00586 -41.5
0.0061 -39.0
0.00635 -36.0
0.00659 -32.6
0.00684 -28.7
0.00708 -24.4
0.00732 -19.8
0.00757 -15.0
0.00781 -10.0
0.00806 -4.9
0.0083 0.0
0.00854 5.0
0.00879 9.7
0.00903 14.2
0.00928 18.3
0.00952 22.0
0.00977 25.3
0.01001 28.0
0.01025 30.2
0.0105 31.8
0.01074 32.9
0.01099 33.3
0.01123 33.1
0.01147 32.3
0.01172 31.0
0.01196 29.2
0.01221 26.9
0.01245 24.2
0.0127 21.2
0.01294 17.9
0.01318 14.3
0.01343 10.6
0.01367 6.9
0.01392 3.2
0.01416 -0.5
0.0144 -4.0
0.01465 -7.3
0.01489 -10.4
0.01514 -13.1
0.01538 -15.5
0.01563 -17.4
0.01587 -19.0
0.01611 -20.1
0.01636 -20.8
0.0166 -21.1
0.01685 -20.9
0.01709 -20.3
0.01733 -19.4
0.01758 -18.1
0.01782 -16.5
0.01807 -14.6
0.01831 -12.5
0.01855 -10.3
0.0188 -8.0
0.01904 -5.6
0.01929 -3.1
0.01953 -0.8
0.01978 1.5
0.02002 3.7
0.02026 5.6
0.02051 7.4
0.02075 9.0
0.021 10.3
0.02124 11.3
0.02148 12.0
0.02173 12.5
0.02197 12.7
0.02222 12.6
0.02246 12.2
0.02271 11.6
0.02295 10.8
0.02319 9.8
0.02344 8.7
0.02368 7.4
0.02393 6.0
0.02417 4.6
0.02441 3.1
0.02466 1.6
0.0249 0.2
0.02515 -1.2
0.02539 -2.5
0.02563 -3.7
0.02588 -4.7
0.02612 -5.6
0.02637 -6.3
0.02661 -6.9
0.02686 -7.3
0.0271 -7.5
0.02734 -7.6
0.02759 -7.5
0.02783 -7.2
0.02808 -6.8
0.02832 -6.2
0.02856 -5.6
0.02881 -4.9
0.02905 -4.1
0.0293 -3.2
0.02954 -2.3
0.02979 -1.4
0.03003 -0.5
0.03027 0.3
0.03052 1.1
0.03076 1.9
0.03101 2.5
0.03125 3.1
0.03149 3.6
0.03174 4.0
0.03198 4.3
0.03223 4.5
0.03247 4.6
0.03271 4.5
0.03296 4.4
0.0332 4.2
0.03345 3.9
0.03369 3.5
0.03394 3.1
0.03418 2.6
0.03442 2.1
0.03467 1.6
0.03491 1.1
0.03516 0.5
0.0354 0.0
0.03564 -0.5
0.03589 -1.0
0.03613 -1.4
0.03638 -1.8
0.03662 -2.1
0.03687 -2.4
0.03711 -2.6
0.03735 -2.7
0.0376 -2.8
0.03784 -2.8
0.03809 -2.7
0.03833 -2.6
0.03857 -2.4
0.03882 -2.2
0.03906 -2.0
0.03931 -1.7
0.03955 -1.4
0.03979 -1.1
0.04004 -0.8
0.04028 -0.4
0.04053 -0.1
0.04077 0.2
0.04102 0.5
0.04126 0.8
0.0415 1.0
0.04175 1.2
0.04199 1.4
0.04224 1.5
0.04248 1.6
0.04272 1.7
0.04297 1.7
0.04321 1.7
0.04346 1.6
0.0437 1.5
0.04395 1.4
0.04419 1.3
0.04443 1.1
0.04468 0.9
0.04492 0.7
0.04517 0.5
0.04541 0.3
0.04565 0.1
0.0459 0.0
0.04614 -0.2
0.04639 -0.4
0.04663 -0.6
0.04688 -0.7
0.04712 -0.8
0.04736 -0.9
0.04761 -1.0
0.04785 -1.0
0.0481 -1.0
0.04834 -1.0
0.04858 -1.0
0.04883 -0.9
0.04907 -0.9
0.04932 -0.8
0.04956 -0.7
0.0498 -0.6
0.05005 -0.5
0.05029 -0.4
0.05054 -0.2
0.05078 -0.1
0.05103 0.0
0.05127 0.1
0.05151 0.2
0.05176 0.3
0.052 0.4
0.05225 0.5
0.05249 0.5
0.05273 0.6
0.05298 0.6
0.05322 0.6
0.05347 0.6
0.05371 0.6
0.05396 0.6
0.0542 0.6
0.05444 0.5
0.05469 0.4
0.05493 0.4
0.05518 0.3
0.05542 0.2
0.05566 0.2
0.05591 0.0
0.05615 0.0
0.0564 0.0
0.05664 -0.1
0.05688 -0.2
0.05713 -0.2
0.05737 -0.3
0.05762 -0.3
0.05786 -0.3
0.05811 -0.4
0.05835 -0.4
0.05859 -0.4
0.05884 -0.4
0.05908 -0.4
0.05933 -0.3
0.05957 -0.3
0.05981 -0.3
0.06006 -0.2
0.0603 -0.2
0.06055 -0.2
0.06079 -0.1
0.06104 0.0
0.06128 0.0
0.06152 0.0
0.06177 0.0
0.06201 0.0
0.06226 0.1
0.0625 0.2
0.06274 0.2
0.06299 0.2
0.06323 0.2
0.06348 0.2
0.06372 0.2
0.06396 0.2
0.06421 0.2
0.06445 0.2
0.0647 0.2
0.06494 0.2
0.06519 0.2
0.06543 0.1
0.06567 0.1
0.06592 0.0
0.06616 0.0
0.06641 0.0
0.06665 0.0
0.06689 0.0
0.06714 0.0
0.06738 0.0
0.06763 0.0
0.06787 -0.1
0.06812 -0.1
0.06836 -0.1
0.0686 -0.1
0.06885 -0.1
0.06909 -0.1
0.06934 -0.1
0.06958 -0.1
0.06982 -0.1
0.07007 -0.1
0.07031 -0.1
0.07056 0.0
0.0708 0.0
0.07104 0.0
0.07129 0.0
0.07153 0.0
0.07178 0.0
0.07202 0.0
0.07227 0.0
0.07251 0.0
0.07275 0.0
0.073 0.0
0.07324 0.0
0.07349 0.0
0.07373 0.0
0.07397 0.0
0.07422 0.0
0.07446 0.0
0.07471 0.0
0.07495 0.0
0.0752 0.0
0.07544 0.0
0.07568 0.0
0.07593 0.0
0.07617 0.0
0.07642 0.0
0.07666 0.0
0.0769 0.0
0.07715 0.0
0.07739 0.0
0.07764 0.0
0.07788 0.0
0.07813 0.0
0.07837 0.0
0.07861 0.0
0.07886 0.0
0.0791 0.0
0.07935 0.0
0.07959 0.0
0.07983 0.0
0.08008 0.0
0.08032 0.0
0.08057 0.0
0.08081 0.0
0.08105 0.0
0.0813 0.0
0.08154 0.0
0.08179 0.0
0.08203 0.0
0.08228 0.0
0.08252 0.0
0.08276 0.0
0.08301 0.0
0.08325 0.0
0.0835 0.0
0.08374 0.0
0.08398 0.0
0.08423 0.0
0.08447 0.0
0.08472 0.0
0.08496 0.0
0.08521 0.0
0.08545 0.0
0.08569 0.0
0.08594 0.0
0.08618 0.0
0.08643 0.0
0.08667 0.0
0.08691 0.0
0.08716 0.0
0.0874 0.0
0.08765 0.0
0.08789 0.0
0.08813 0.0
0.08838 0.0
0.08862 0.0
0.08887 0.0
0.08911 0.0
0.08936 0.0
0.0896 0.0
0.08984 0.0
0.09009 0.0
0.09033 0.0
0.09058 0.0
0.09082 0.0
0.09106 0.0
0.09131 0.0
0.09155 0.0
0.0918 0.0
0.09204 0.0
0.09229 0.0
0.09253 0.0
0.09277 0.0
0.09302 0.0
0.09326 0.0
0.09351 0.0
0.09375 0.0
0.09399 0.0
0.09424 0.0
0.09448 0.0
0.09473 0.0
0.09497 0.0
0.09521 0.0
0.09546 0.0
0.0957 0.0
0.09595 0.0
0.09619 0.0
0.09644 0.0
0.09668 0.0
0.09692 0.0
0.09717 0.0
0.09741 0.0
0.09766 0.0
0.0979 0.0
0.09814 0.0
0.09839 0.0
0.09863 0.0
0.09888 0.0
0.09912 0.0
0.09937 0.0
0.09961 0.0
0.09985 0.0
0.1001 0.0
0.10034 0.0
0.10059 0.0
0.10083 0.0
0.10107 0.0
0.10132 0.0
0.10156 0.0
0.10181 0.0
0.10205 0.0
0.10229 0.0
0.10254 0.0
0.10278 0.0
0.10303 0.0
0.10327 0.0
0.10352 0.0
0.10376 0.0
0.104 0.0
0.10425 0.0
0.10449 0.0
0.10474 0.0
0.10498 0.0
0.10522 0.0
0.10547 0.0
0.10571 0.0
0.10596 0.0
0.1062 0.0
0.10645 0.0
0.10669 0.0
0.10693 0.0
0.10718 0.0
0.10742 0.0
0.10767 0.0
0.10791 0.0
0.10815 0.0
0.1084 0.0
0.10864 0.0
0.10889 0.0
0.10913 0.0
0.10938 0.0
0.10962 0.0
0.10986 0.0
0.11011 0.0
0.11035 0.0
0.1106 0.0
0.11084 0.0
0.11108 0.0
0.11133 0.0
0.11157 0.0
0.11182 0.0
0.11206 0.0
0.1123 0.0
0.11255 0.0
0.11279 0.0
0.11304 0.0
0.11328 0.0
0.11353 0.0
0.11377 0.0
0.11401 0.0
0.11426 0.0
0.1145 0.0
0.11475 0.0
0.11499 0.0
0.11523 0.0
0.11548 0.0
0.11572 0.0
0.11597 0.0
0.11621 0.0
0.11646 0.0
0.1167 0.0
0.11694 0.0
0.11719 0.0
0.11743 0.0
0.11768 0.0
0.11792 0.0
0.11816 0.0
0.11841 0.0
0.11865 0.0
0.1189 0.0
0.11914 0.0
0.11938 0.0
0.11963 0.0
0.11987 0.0
0.12012 0.0
0.12036 0.0
0.12061 0.0
0.12085 0.0
0.12109 0.0
0.12134 0.0
0.12158 0.0
0.12183 0.0
0.12207 0.0
0.12231 0.0
0.12256 0.0
0.1228 0.0
0.12305 0.0
0.12329 0.0
0.12354 0.0
0.12378 0.0
0.12402 0.0
0.12427 0.0
0.12451 0.0
0.12476 0.0
0.125 0.0
0.12524 0.0
0.12549 0.0
0.12573 0.0
0.12598 0.0
0.12622 0.0
0.12646 0.0
0.12671 0.0
0.12695 0.0
0.1272 0.0
0.12744 0.0
0.12769 0.0
0.12793 0.0
0.12817 0.0
0.12842 0.0
0.12866 0.0
0.12891 0.0
0.12915 0.0
0.12939 0.0
0.12964 0.0
0.12988 0.0
0.13013 0.0
0.13037 0.0
0.13062 0.0
0.13086 0.0
0.1311 0.0
0.13135 0.0
0.13159 0.0
0.13184 0.0
0.13208 0.0
0.13232 0.0
0.13257 0.0
0.13281 0.0
0.13306 0.0
0.1333 0.0
0.13354 0.0
0.13379 0.0
0.13403 0.0
0.13428 0.0
0.13452 0.0
0.13477 0.0
0.13501 0.0
0.13525 0.0
0.1355 0.0
0.13574 0.0
0.13599 0.0
0.13623 0.0
0.13647 0.0
0.13672 0.0
0.13696 0.0
0.13721 0.0
0.13745 0.0
0.1377 0.0
0.13794 0.0
0.13818 0.0
0.13843 0.0
0.13867 0.0
0.13892 0.0
0.13916 0.0
0.1394 0.0
0.13965 0.0
0.13989 0.0
0.14014 0.0
0.14038 0.0
0.14063 0.0
0.14087 0.0
0.14111 0.0
0.14136 0.0
0.1416 0.0
0.14185 0.0
0.14209 0.0
0.14233 0.0
0.14258 0.0
0.14282 0.0
0.14307 0.0
0.14331 0.0
0.14355 0.0
0.1438 0.0
0.14404 0.0
0.14429 0.0
0.14453 0.0
0.14478 0.0
0.14502 0.0
0.14526 0.0
0.14551 0.0
0.14575 0.0
0.146 0.0
0.14624 0.0
0.14648 0.0
0.14673 0.0
0.14697 0.0
0.14722 0.0
0.14746 0.0
0.14771 0.0
0.14795 0.0
0.14819 0.0
0.14844 0.0
0.14868 0.0
0.14893 0.0
0.14917 0.0
0.14941 0.0
0.14966 0.0
0.1499 0.0
0.15015 0.0
0.15039 0.0
0.15063 0.0
0.15088 0.0
0.15112 0.0
0.15137 0.0
0.15161 0.0
0.15186 0.0
0.1521 0.0
0.15234 0.0
0.15259 0.0
0.15283 0.0
0.15308 0.0
0.15332 0.0
0.15356 0.0
0.15381 0.0
0.15405 0.0
0.1543 0.0
0.15454 0.0
0.15479 0.0
0.15503 0.0
0.15527 0.0
0.15552 0.0
0.15576 0.0
0.15601 0.0
0.15625 0.0
0.15649 0.0
0.15674 0.0
0.15698 0.0
0.15723 0.0
0.15747 0.0
0.15771 0.0
0.15796 0.0
0.1582 0.0
0.15845 0.0
0.15869 0.0
0.15894 0.0
0.15918 0.0
0.15942 0.0
0.15967 0.0
0.15991 0.0
0.16016 0.0
0.1604 0.0
0.16064 0.0
0.16089 0.0
0.16113 0.0
0.16138 0.0
0.16162 0.0
0.16187 0.0
0.16211 0.0
0.16235 0.0
0.1626 0.0
0.16284 0.0
0.16309 0.0
0.16333 0.0
0.16357 0.0
0.16382 0.0
0.16406 0.0
0.16431 0.0
0.16455 0.0
0.16479 0.0
0.16504 0.0
0.16528 0.0
0.16553 0.0
0.16577 0.0
0.16602 0.0
0.16626 0.0
0.1665 0.0
0.16675 0.0
0.16699 0.0
0.16724 0.0
0.16748 0.0
0.16772 0.0
0.16797 0.0
0.16821 0.0
0.16846 0.0
0.1687 0.0
0.16895 0.0
0.16919 0.0
0.16943 0.0
0.16968 0.0
0.16992 0.0
0.17017 0.0
0.17041 0.0
0.17065 0.0
0.1709 0.0
0.17114 0.0
0.17139 0.0
0.17163 0.0
0.17188 0.0
0.17212 0.0
0.17236 0.0
0.17261 0.0
0.17285 0.0
0.1731 0.0
0.17334 0.0
0.17358 0.0
0.17383 0.0
0.17407 0.0
0.17432 0.0
0.17456 0.0
0.1748 0.0
0.17505 0.0
0.17529 0.0
0.17554 0.0
0.17578 0.0
0.17603 0.0
0.17627 0.0
0.17651 0.0
0.17676 0.0
0.177 0.0
0.17725 0.0
0.17749 0.0
0.17773 0.0
0.17798 0.0
0.17822 0.0
0.17847 0.0
0.17871 0.0
0.17896 0.0
0.1792 0.0
0.17944 0.0
0.17969 0.0
0.17993 0.0
0.18018 0.0
0.18042 0.0
0.18066 0.0
0.18091 0.0
0.18115 0.0
0.1814 0.0
0.18164 0.0
0.18188 0.0
0.18213 0.0
0.18237 0.0
0.18262 0.0
0.18286 0.0
0.18311 0.0
0.18335 0.0
0.18359 0.0
0.18384 0.0
0.18408 0.0
0.18433 0.0
0.18457 0.0
0.18481 0.0
0.18506 0.0
0.1853 0.0
0.18555 0.0
0.18579 0.0
0.18604 0.0
0.18628 0.0
0.18652 0.0
0.18677 0.0
0.18701 0.0
0.18726 0.0
0.1875 0.0
0.18774 0.0
0.18799 0.0
0.18823 0.0
0.18848 0.0
0.18872 0.0
0.18896 0.0
0.18921 0.0
0.18945 0.0
0.1897 0.0
0.18994 0.0
0.19019 0.0
0.19043 0.0
0.19067 0.0
0.19092 0.0
0.19116 0.0
0.19141 0.0
0.19165 0.0
0.19189 0.0
0.19214 0.0
0.19238 0.0
0.19263 0.0
0.19287 0.0
0.19312 0.0
0.19336 0.0
0.1936 0.0
0.19385 0.0
0.19409 0.0
0.19434 0.0
0.19458 0.0
0.19482 0.0
0.19507 0.0
0.19531 0.0
0.19556 0.0
0.1958 0.0
0.19604 0.0
0.19629 0.0
0.19653 0.0
0.19678 0.0
0.19702 0.0
0.19727 0.0
0.19751 0.0
0.19775 0.0
0.198 0.0
0.19824 0.0
0.19849 0.0
0.19873 0.0
0.19897 0.0
0.19922 0.0
0.19946 0.0
0.19971 0.0
0.19995 0.0
0.2002 0.0
0.20044 0.0
0.20068 0.0
0.20093 0.0
0.20117 0.0
0.20142 0.0
0.20166 0.0
0.2019 0.0
0.20215 0.0
0.20239 0.0
0.20264 0.0
0.20288 0.0
0.20313 0.0
0.20337 0.0
0.20361 0.0
0.20386 0.0
0.2041 0.0
0.20435 0.0
0.20459 0.0
0.20483 0.0
0.20508 0.0
0.20532 0.0
0.20557 0.0
0.20581 0.0
0.20605 0.0
0.2063 0.0
0.20654 0.0
0.20679 0.0
0.20703 0.0
0.20728 0.0
0.20752 0.0
0.20776 0.0
0.20801 0.0
0.20825 0.0
0.2085 0.0
0.20874 0.0
0.20898 0.0
0.20923 0.0
0.20947 0.0
0.20972 0.0
0.20996 0.0
0.21021 0.0
0.21045 0.0
0.21069 0.0
0.21094 0.0
0.21118 0.0
0.21143 0.0
0.21167 0.0
0.21191 0.0
0.21216 0.0
0.2124 0.0
0.21265 0.0
0.21289 0.0
0.21313 0.0
0.21338 0.0
0.21362 0.0
0.21387 0.0
0.21411 0.0
0.21436 0.0
0.2146 0.0
0.21484 0.0
0.21509 0.0
0.21533 0.0
0.21558 0.0
0.21582 0.0
0.21606 0.0
0.21631 0.0
0.21655 0.0
0.2168 0.0
0.21704 0.0
0.21729 0.0
0.21753 0.0
0.21777 0.0
0.21802 0.0
0.21826 0.0
0.21851 0.0
0.21875 0.0
0.21899 0.0
0.21924 0.0
0.21948 0.0
0.21973 0.0
0.21997 0.0
0.22021 0.0
0.22046 0.0
0.2207 0.0
0.22095 0.0
0.22119 0.0
0.22144 0.0
0.22168 0.0
0.22192 0.0
0.22217 0.0
0.22241 0.0
0.22266 0.0
0.2229 0.0
0.22314 0.0
0.22339 0.0
0.22363 0.0
0.22388 0.0
0.22412 0.0
0.22437 0.0
0.22461 0.0
0.22485 0.0
0.2251 0.0
0.22534 0.0
0.22559 0.0
0.22583 0.0
0.22607 0.0
0.22632 0.0
0.22656 0.0
0.22681 0.0
0.22705 0.0
0.22729 0.0
0.22754 0.0
0.22778 0.0
0.22803 0.0
0.22827 0.0
0.22852 0.0
0.22876 0.0
0.229 0.0
0.22925 0.0
0.22949 0.0
0.22974 0.0
0.22998 0.0
0.23022 0.0
0.23047 0.0
0.23071 0.0
0.23096 0.0
0.2312 0.0
0.23145 0.0
0.23169 0.0
0.23193 0.0
0.23218 0.0
0.23242 0.0
0.23267 0.0
0.23291 0.0
0.23315 0.0
0.2334 0.0
0.23364 0.0
0.23389 0.0
0.23413 0.0
0.23438 0.0
0.23462 0.0
0.23486 0.0
0.23511 0.0
0.23535 0.0
0.2356 0.0
0.23584 0.0
0.23608 0.0
0.23633 0.0
0.23657 0.0
0.23682 0.0
0.23706 0.0
0.2373 0.0
0.23755 0.0
0.23779 0.0
0.23804 0.0
0.23828 0.0
0.23853 0.0
0.23877 0.0
0.23901 0.0
0.23926 0.0
0.2395 0.0
0.23975 0.0
0.23999 0.0
0.24023 0.0
0.24048 0.0
0.24072 0.0
0.24097 0.0
0.24121 0.0
0.24146 0.0
0.2417 0.0
0.24194 0.0
0.24219 0.0
0.24243 0.0
0.24268 0.0
0.24292 0.0
0.24316 0.0
0.24341 0.0
0.24365 0.0
0.2439 0.0
0.24414 0.0
0.24438 0.0
0.24463 0.0
0.24487 0.0
0.24512 0.0
0.24536 0.0
0.24561 0.0
0.24585 0.0
0.24609 0.0
0.24634 0.0
0.24658 0.0
0.24683 0.0
0.24707 0.0
0.24731 0.0
0.24756 0.0
0.2478 0.0
0.24805 0.0
0.24829 0.0
0.24854 0.0
0.24878 0.0
0.24902 0.0
0.24927 0.0
0.24951 0.0
0.24976 0.0
0.25 0.0
0.25024 0.0
0.25049 0.0
0.25073 0.0
0.25098 0.0
0.25122 0.0
0.25146 0.0
0.25171 0.0
0.25195 0.0
0.2522 0.0
0.25244 0.0
0.25269 0.0
0.25293 0.0
0.25317 0.0
0.25342 0.0
0.25366 0.0
0.25391 0.0
0.25415 0.0
0.25439 0.0
0.25464 0.0
0.25488 0.0
0.25513 0.0
0.25537 0.0
0.25562 0.0
0.25586 0.0
0.2561 0.0
0.25635 0.0
0.25659 0.0
0.25684 0.0
0.25708 0.0
0.25732 0.0
0.25757 0.0
0.25781 0.0
0.25806 0.0
0.2583 0.0
0.25854 0.0
0.25879 0.0
0.25903 0.0
0.25928 0.0
0.25952 0.0
0.25977 0.0
0.26001 0.0
0.26025 0.0
0.2605 0.0
0.26074 0.0
0.26099 0.0
0.26123 0.0
0.26147 0.0
0.26172 0.0
0.26196 0.0
0.26221 0.0
0.26245 0.0
0.2627 0.0
0.26294 0.0
0.26318 0.0
0.26343 0.0
0.26367 0.0
0.26392 0.0
0.26416 0.0
0.2644 0.0
0.26465 0.0
0.26489 0.0
0.26514 0.0
0.26538 0.0
0.26563 0.0
0.26587 0.0
0.26611 0.0
0.26636 0.0
0.2666 0.0
0.26685 0.0
0.26709 0.0
0.26733 0.0
0.26758 0.0
0.26782 0.0
0.26807 0.0
0.26831 0.0
0.26855 0.0
0.2688 0.0
0.26904 0.0
0.26929 0.0
0.26953 0.0
0.26978 0.0
0.27002 0.0
0.27026 0.0
0.27051 0.0
0.27075 0.0
0.271 0.0
0.27124 0.0
0.27148 0.0
0.27173 0.0
0.27197 0.0
0.27222 0.0
0.27246 0.0
0.27271 0.0
0.27295 0.0
0.27319 0.0
0.27344 0.0
0.27368 0.0
0.27393 0.0
0.27417 0.0
0.27441 0.0
0.27466 0.0
0.2749 0.0
0.27515 0.0
0.27539 0.0
0.27563 0.0
0.27588 0.0
0.27612 0.0
0.27637 0.0
0.27661 0.0
0.27686 0.0
0.2771 0.0
0.27734 0.0
0.27759 0.0
0.27783 0.0
0.27808 0.0
0.27832 0.0
0.27856 0.0
0.27881 0.0
0.27905 0.0
0.2793 0.0
0.27954 0.0
0.27979 0.0
0.28003 0.0
0.28027 0.0
0.28052 0.0
0.28076 0.0
0.28101 0.0
0.28125 0.0
0.28149 0.0
0.28174 0.0
0.28198 0.0
0.28223 0.0
0.28247 0.0
0.28271 0.0
0.28296 0.0
0.2832 0.0
0.28345 0.0
0.28369 0.0
0.28394 0.0
0.28418 0.0
0.28442 0.0
0.28467 0.0
0.28491 0.0
0.28516 0.0
0.2854 0.0
0.28564 0.0
0.28589 0.0
0.28613 0.0
0.28638 0.0
0.28662 0.0
0.28687 0.0
0.28711 0.0
0.28735 0.0
0.2876 0.0
0.28784 0.0
0.28809 0.0
0.28833 0.0
0.28857 0.0
0.28882 0.0
0.28906 0.0
0.28931 0.0
0.28955 0.0
0.28979 0.0
0.29004 0.0
0.29028 0.0
0.29053 0.0
0.29077 0.0
0.29102 0.0
0.29126 0.0
0.2915 0.0
0.29175 0.0
0.29199 0.0
0.29224 0.0
0.29248 0.0
0.29272 0.0
0.29297 0.0
0.29321 0.0
0.29346 0.0
0.2937 0.0
0.29395 0.0
0.29419 0.0
0.29443 0.0
0.29468 0.0
0.29492 0.0
0.29517 0.0
0.29541 0.0
0.29565 0.0
0.2959 0.0
0.29614 0.0
0.29639 0.0
0.29663 0.0
0.29688 0.0
0.29712 0.0
0.29736 0.0
0.29761 0.0
0.29785 0.0
0.2981 0.0
0.29834 0.0
0.29858 0.0
0.29883 0.0
0.29907 0.0
0.29932 0.0
0.29956 0.0
0.2998 0.0
0.30005 0.0
0.30029 0.0
0.30054 0.0
0.30078 0.0
0.30103 0.0
0.30127 0.0
0.30151 0.0
0.30176 0.0
0.302 0.0
0.30225 0.0
0.30249 0.0
0.30273 0.0
0.30298 0.0
0.30322 0.0
0.30347 0.0
0.30371 0.0
0.30396 0.0
0.3042 0.0
0.30444 0.0
0.30469 0.0
0.30493 0.0
0.30518 0.0
0.30542 0.0
0.30566 0.0
0.30591 0.0
0.30615 0.0
0.3064 0.0
0.30664 0.0
0.30688 0.0
0.30713 0.0
0.30737 0.0
0.30762 0.0
0.30786 0.0
0.30811 0.0
0.30835 0.0
0.30859 0.0
0.30884 0.0
0.30908 0.0
0.30933 0.0
0.30957 0.0
0.30981 0.0
0.31006 0.0
0.3103 0.0
0.31055 0.0
0.31079 0.0
0.31104 0.0
0.31128 0.0
0.31152 0.0
0.31177 0.0
0.31201 0.0
0.31226 0.0
0.3125 0.0
0.31274 0.0
0.31299 0.0
0.31323 0.0
0.31348 0.0
0.31372 0.0
0.31396 0.0
0.31421 0.0
0.31445 0.0
0.3147 0.0
0.31494 0.0
0.31519 0.0
0.31543 0.0
0.31567 0.0
0.31592 0.0
0.31616 0.0
0.31641 0.0
0.31665 0.0
0.31689 0.0
0.31714 0.0
0.31738 0.0
0.31763 0.0
0.31787 0.0
0.31812 0.0
0.31836 0.0
0.3186 0.0
0.31885 0.0
0.31909 0.0
0.31934 0.0
0.31958 0.0
0.31982 0.0
0.32007 0.0
0.32031 0.0
0.32056 0.0
0.3208 0.0
0.32104 0.0
0.32129 0.0
0.32153 0.0
0.32178 0.0
0.32202 0.0
0.32227 0.0
0.32251 0.0
0.32275 0.0
0.323 0.0
0.32324 0.0
0.32349 0.0
0.32373 0.0
0.32397 0.0
0.32422 0.0
0.32446 0.0
0.32471 0.0
0.32495 0.0
0.3252 0.0
0.32544 0.0
0.32568 0.0
0.32593 0.0
0.32617 0.0
0.32642 0.0
0.32666 0.0
0.3269 0.0
0.32715 0.0
0.32739 0.0
0.32764 0.0
0.32788 0.0
0.32813 0.0
0.32837 0.0
0.32861 0.0
0.32886 0.0
0.3291 0.0
0.32935 0.0
0.32959 0.0
0.32983 0.0
0.33008 0.0
0.33032 0.0
0.33057 0.0
0.33081 0.0
0.33105 0.0
0.3313 0.0
0.33154 0.0
0.33179 0.0
0.33203 0.0
0.33228 0.0
0.33252 0.0
0.33276 0.0
0.33301 0.0
0.33325 0.0
0.3335 0.0
0.33374 0.0
0.33398 0.0
0.33423 0.0
0.33447 0.0
0.33472 0.0
0.33496 0.0
0.33521 0.0
0.33545 0.0
0.33569 0.0
0.33594 0.0
0.33618 0.0
0.33643 0.0
0.33667 0.0
0.33691 0.0
0.33716 0.0
0.3374 0.0
0.33765 0.0
0.33789 0.0
0.33813 0.0
0.33838 0.0
0.33862 0.0
0.33887 0.0
0.33911 0.0
0.33936 0.0
0.3396 0.0
0.33984 0.0
0.34009 0.0
0.34033 0.0
0.34058 0.0
0.34082 0.0
0.34106 0.0
0.34131 0.0
0.34155 0.0
0.3418 0.0
0.34204 0.0
0.34229 0.0
0.34253 0.0
0.34277 0.0
0.34302 0.0
0.34326 0.0
0.34351 0.0
0.34375 0.0
0.34399 0.0
0.34424 0.0
0.34448 0.0
0.34473 0.0
0.34497 0.0
0.34521 0.0
0.34546 0.0
0.3457 0.0
0.34595 0.0
0.34619 0.0
0.34644 0.0
0.34668 0.0
0.34692 0.0
0.34717 0.0
0.34741 0.0
0.34766 0.0
0.3479 0.0
0.34814 0.0
0.34839 0.0
0.34863 0.0
0.34888 0.0
0.34912 0.0
0.34937 0.0
0.34961 0.0
0.34985 0.0
0.3501 0.0
0.35034 0.0
0.35059 0.0
0.35083 0.0
0.35107 0.0
0.35132 0.0
0.35156 0.0
0.35181 0.0
0.35205 0.0
0.35229 0.0
0.35254 0.0
0.35278 0.0
0.35303 0.0
0.35327 0.0
0.35352 0.0
0.35376 0.0
0.354 0.0
0.35425 0.0
0.35449 0.0
0.35474 0.0
0.35498 0.0
0.35522 0.0
0.35547 0.0
0.35571 0.0
0.35596 0.0
0.3562 0.0
0.35645 0.0
0.35669 0.0
0.35693 0.0
0.35718 0.0
0.35742 0.0
0.35767 0.0
0.35791 0.0
0.35815 0.0
0.3584 0.0
0.35864 0.0
0.35889 0.0
0.35913 0.0
0.35938 0.0
0.35962 0.0
0.35986 0.0
0.36011 0.0
0.36035 0.0
0.3606 0.0
0.36084 0.0
0.36108 0.0
0.36133 0.0
0.36157 0.0
0.36182 0.0
0.36206 0.0
0.3623 0.0
0.36255 0.0
0.36279 0.0
0.36304 0.0
0.36328 0.0
0.36353 0.0
0.36377 0.0
0.36401 0.0
0.36426 0.0
0.3645 0.0
0.36475 0.0
0.36499 0.0
0.36523 0.0
0.36548 0.0
0.36572 0.0
0.36597 0.0
0.36621 0.0
0.36646 0.0
0.3667 0.0
0.36694 0.0
0.36719 0.0
0.36743 0.0
0.36768 0.0
0.36792 0.0
0.36816 0.0
0.36841 0.0
0.36865 0.0
0.3689 0.0
0.36914 0.0
0.36938 0.0
0.36963 0.0
0.36987 0.0
0.37012 0.0
0.37036 0.0
0.37061 0.0
0.37085 0.0
0.37109 0.0
0.37134 0.0
0.37158 0.0
0.37183 0.0
0.37207 0.0
0.37231 0.0
0.37256 0.0
0.3728 0.0
0.37305 0.0
0.37329 0.0
0.37354 0.0
0.37378 0.0
0.37402 0.0
0.37427 0.0
0.37451 0.0
0.37476 0.0
0.375 0.0
0.37524 0.0
0.37549 0.0
0.37573 0.0
0.37598 0.0
0.37622 0.0
0.37646 0.0
0.37671 0.0
0.37695 0.0
0.3772 0.0
0.37744 0.0
0.37769 0.0
0.37793 0.0
0.37817 0.0
0.37842 0.0
0.37866 0.0
0.37891 0.0
0.37915 0.0
0.37939 0.0
0.37964 0.0
0.37988 0.0
0.38013 0.0
0.38037 0.0
0.38062 0.0
0.38086 0.0
0.3811 0.0
0.38135 0.0
0.38159 0.0
0.38184 0.0
0.38208 0.0
0.38232 0.0
0.38257 0.0
0.38281 0.0
0.38306 0.0
0.3833 0.0
0.38354 0.0
0.38379 0.0
0.38403 0.0
0.38428 0.0
0.38452 0.0
0.38477 0.0
0.38501 0.0
0.38525 0.0
0.3855 0.0
0.38574 0.0
0.38599 0.0
0.38623 0.0
0.38647 0.0
0.38672 0.0
0.38696 0.0
0.38721 0.0
0.38745 0.0
0.3877 0.0
0.38794 0.0
0.38818 0.0
0.38843 0.0
0.38867 0.0
0.38892 0.0
0.38916 0.0
0.3894 0.0
0.38965 0.0
0.38989 0.0
0.39014 0.0
0.39038 0.0
0.39063 0.0
0.39087 0.0
0.39111 0.0
0.39136 0.0
0.3916 0.0
0.39185 0.0
0.39209 0.0
0.39233 0.0
0.39258 0.0
0.39282 0.0
0.39307 0.0
0.39331 0.0
0.39355 0.0
0.3938 0.0
0.39404 0.0
0.39429 0.0
0.39453 0.0
0.39478 0.0
0.39502 0.0
0.39526 0.0
0.39551 0.0
0.39575 0.0
0.396 0.0
0.39624 0.0
0.39648 0.0
0.39673 0.0
0.39697 0.0
0.39722 0.0
0.39746 0.0
0.39771 0.0
0.39795 0.0
0.39819 0.0
0.39844 0.0
0.39868 0.0
0.39893 0.0
0.39917 0.0
0.39941 0.0
0.39966 0.0
0.3999 0.0
0.40015 0.0
0.40039 0.0
0.40063 0.0
0.40088 0.0
0.40112 0.0
0.40137 0.0
0.40161 0.0
0.40186 0.0
0.4021 0.0
0.40234 0.0
0.40259 0.0
0.40283 0.0
0.40308 0.0
0.40332 0.0
0.40356 0.0
0.40381 0.0
0.40405 0.0
0.4043 0.0
0.40454 0.0
0.40479 0.0
0.40503 0.0
0.40527 0.0
0.40552 0.0
0.40576 0.0
0.40601 0.0
0.40625 0.0
0.40649 0.0
0.40674 0.0
0.40698 0.0
0.40723 0.0
0.40747 0.0
0.40771 0.0
0.40796 0.0
0.4082 0.0
0.40845 0.0
0.40869 0.0
0.40894 0.0
0.40918 0.0
0.40942 0.0
0.40967 0.0
0.40991 0.0
0.41016 0.0
0.4104 0.0
0.41064 0.0
0.41089 0.0
0.41113 0.0
0.41138 0.0
0.41162 0.0
0.41187 0.0
0.41211 0.0
0.41235 0.0
0.4126 0.0
0.41284 0.0
0.41309 0.0
0.41333 0.0
0.41357 0.0
0.41382 0.0
0.41406 0.0
0.41431 0.0
0.41455 0.0
0.41479 0.0
0.41504 0.0
0.41528 0.0
0.41553 0.0
0.41577 0.0
0.41602 0.0
0.41626 0.0
0.4165 0.0
0.41675 0.0
0.41699 0.0
0.41724 0.0
0.41748 0.0
0.41772 0.0
0.41797 0.0
0.41821 0.0
0.41846 0.0
0.4187 0.0
0.41895 0.0
0.41919 0.0
0.41943 0.0
0.41968 0.0
0.41992 0.0
0.42017 0.0
0.42041 0.0
0.42065 0.0
0.4209 0.0
0.42114 0.0
0.42139 0.0
0.42163 0.0
0.42188 0.0
0.42212 0.0
0.42236 0.0
