t strain*1e23
-0.38794 -10.6
-0.38769 -10.5
-0.38745 -10.4
-0.3872 -10.3
-0.38696 -10.1
-0.38671 -9.9
-0.38647 -9.7
-0.38623 -9.5
-0.38598 -9.3
-0.38574 -9.1
-0.38549 -8.8
-0.38525 -8.6
-0.38501 -8.3
-0.38476 -8.0
-0.38452 -7.7
-0.38427 -7.4
-0.38403 -7.1
-0.38379 -6.8
-0.38354 -6.4
-0.3833 -6.1
-0.38305 -5.7
-0.38281 -5.4
-0.38256 -5.0
-0.38232 -4.6
-0.38208 -4.2
-0.38183 -3.8
-0.38159 -3.4
-0.38134 -3.0
-0.3811 -2.6
-0.38086 -2.2
-0.38061 -1.8
-0.38037 -1.3
-0.38012 -0.9
-0.37988 -0.5
-0.37963 0.0
-0.37939 0.4
-0.37915 0.8
-0.3789 1.2
-0.37866 1.6
-0.37841 2.1
-0.37817 2.5
-0.37793 2.9
-0.37768 3.3
-0.37744 3.7
-0.37719 4.1
-0.37695 4.5
-0.37671 4.9
-0.37646 5.3
-0.37622 5.7
-0.37597 6.0
-0.37573 6.4
-0.37548 6.7
-0.37524 7.1
-0.375 7.4
-0.37475 7.7
-0.37451 8.0
-0.37426 8.3
-0.37402 8.6
-0.37378 8.9
-0.37353 9.1
-0.37329 9.4
-0.37304 9.6
-0.3728 9.8
-0.37255 10.0
-0.37231 10.2
-0.37207 10.3
-0.37182 10.5
-0.37158 10.6
-0.37133 10.7
-0.37109 10.8
-0.37085 10.9
-0.3706 11.0
-0.37036 11.1
-0.37011 11.1
-0.36987 11.1
-0.36963 11.1
-0.36938 11.1
-0.36914 11.1
-0.36889 11.0
-0.36865 11.0
-0.3684 10.9
-0.36816 10.8
-0.36792 10.7
-0.36767 10.5
-0.36743 10.4
-0.36718 10.2
-0.36694 10.0
-0.3667 9.8
-0.36645 9.6
-0.36621 9.4
-0.36596 9.2
-0.36572 8.9
-0.36547 8.7
-0.36523 8.4
-0.36499 8.1
-0.36474 7.8
-0.3645 7.5
-0.36425 7.1
-0.36401 6.8
-0.36377 6.4
-0.36352 6.1
-0.36328 5.7
-0.36303 5.3
-0.36279 4.9
-0.36255 4.5
-0.3623 4.1
-0.36206 3.7
-0.36181 3.3
-0.36157 2.9
-0.36132 2.5
-0.36108 2.0
-0.36084 1.6
-0.36059 1.2
-0.36035 0.7
-0.3601 0.3
-0.35986 -0.1
-0.35962 -0.6
-0.35937 -1.0
-0.35913 -1.5
-0.35888 -1.9
-0.35864 -2.3
-0.35839 -2.8
-0.35815 -3.2
-0.35791 -3.6
-0.35766 -4.0
-0.35742 -4.4
-0.35717 -4.8
-0.35693 -5.2
-0.35669 -5.6
-0.35644 -6.0
-0.3562 -6.4
-0.35595 -6.7
-0.35571 -7.1
-0.35546 -7.4
-0.35522 -7.7
-0.35498 -8.1
-0.35473 -8.4
-0.35449 -8.6
-0.35424 -8.9
-0.354 -9.2
-0.35376 -9.4
-0.35351 -9.7
-0.35327 -9.9
-0.35302 -10.1
-0.35278 -10.3
-0.35254 -10.5
-0.35229 -10.6
-0.35205 -10.7
-0.3518 -10.9
-0.35156 -11.0
-0.35131 -11.1
-0.35107 -11.1
-0.35083 -11.2
-0.35058 -11.2
-0.35034 -11.2
-0.35009 -11.2
-0.34985 -11.2
-0.34961 -11.2
-0.34936 -11.1
-0.34912 -11.1
-0.34887 -11.0
-0.34863 -10.9
-0.34838 -10.7
-0.34814 -10.6
-0.3479 -10.5
-0.34765 -10.3
-0.34741 -10.1
-0.34716 -9.9
-0.34692 -9.7
-0.34668 -9.4
-0.34643 -9.2
-0.34619 -8.9
-0.34594 -8.6
-0.3457 -8.3
-0.34546 -8.0
-0.34521 -7.7
-0.34497 -7.4
-0.34472 -7.0
-0.34448 -6.7
-0.34423 -6.3
-0.34399 -5.9
-0.34375 -5.5
-0.3435 -5.1
-0.34326 -4.7
-0.34301 -4.3
-0.34277 -3.9
-0.34253 -3.5
-0.34228 -3.0
-0.34204 -2.6
-0.34179 -2.2
-0.34155 -1.7
-0.3413 -1.3
-0.34106 -0.8
-0.34082 -0.4
-0.34057 0.0
-0.34033 0.5
-0.34008 1.0
-0.33984 1.4
-0.3396 1.9
-0.33935 2.3
-0.33911 2.8
-0.33886 3.2
-0.33862 3.7
-0.33838 4.1
-0.33813 4.5
-0.33789 4.9
-0.33764 5.3
-0.3374 5.7
-0.33715 6.1
-0.33691 6.5
-0.33667 6.9
-0.33642 7.2
-0.33618 7.6
-0.33593 7.9
-0.33569 8.2
-0.33545 8.5
-0.3352 8.8
-0.33496 9.1
-0.33471 9.4
-0.33447 9.6
-0.33422 9.9
-0.33398 10.1
-0.33374 10.3
-0.33349 10.5
-0.33325 10.7
-0.333 10.8
-0.33276 10.9
-0.33252 11.1
-0.33227 11.2
-0.33203 11.2
-0.33178 11.3
-0.33154 11.3
-0.3313 11.4
-0.33105 11.4
-0.33081 11.4
-0.33056 11.3
-0.33032 11.3
-0.33007 11.2
-0.32983 11.1
-0.32959 11.0
-0.32934 10.9
-0.3291 10.8
-0.32885 10.6
-0.32861 10.4
-0.32837 10.3
-0.32812 10.0
-0.32788 9.8
-0.32763 9.6
-0.32739 9.3
-0.32714 9.0
-0.3269 8.8
-0.32666 8.4
-0.32641 8.1
-0.32617 7.8
-0.32592 7.5
-0.32568 7.1
-0.32544 6.7
-0.32519 6.3
-0.32495 6.0
-0.3247 5.6
-0.32446 5.1
-0.32421 4.7
-0.32397 4.3
-0.32373 3.9
-0.32348 3.4
-0.32324 3.0
-0.32299 2.5
-0.32275 2.1
-0.32251 1.6
-0.32226 1.1
-0.32202 0.7
-0.32177 0.2
-0.32153 -0.3
-0.32129 -0.7
-0.32104 -1.2
-0.3208 -1.7
-0.32055 -2.1
-0.32031 -2.6
-0.32006 -3.0
-0.31982 -3.5
-0.31958 -3.9
-0.31933 -4.4
-0.31909 -4.8
-0.31884 -5.2
-0.3186 -5.6
-0.31836 -6.1
-0.31811 -6.4
-0.31787 -6.8
-0.31762 -7.2
-0.31738 -7.6
-0.31713 -7.9
-0.31689 -8.3
-0.31665 -8.6
-0.3164 -8.9
-0.31616 -9.2
-0.31591 -9.5
-0.31567 -9.7
-0.31543 -10.0
-0.31518 -10.2
-0.31494 -10.4
-0.31469 -10.6
-0.31445 -10.8
-0.31421 -10.9
-0.31396 -11.1
-0.31372 -11.2
-0.31347 -11.3
-0.31323 -11.4
-0.31298 -11.5
-0.31274 -11.5
-0.3125 -11.5
-0.31225 -11.5
-0.31201 -11.5
-0.31176 -11.5
-0.31152 -11.4
-0.31128 -11.4
-0.31103 -11.3
-0.31079 -11.2
-0.31054 -11.0
-0.3103 -10.9
-0.31005 -10.7
-0.30981 -10.5
-0.30957 -10.3
-0.30932 -10.1
-0.30908 -9.9
-0.30883 -9.6
-0.30859 -9.3
-0.30835 -9.0
-0.3081 -8.7
-0.30786 -8.4
-0.30761 -8.1
-0.30737 -7.7
-0.30713 -7.4
-0.30688 -7.0
-0.30664 -6.6
-0.30639 -6.2
-0.30615 -5.8
-0.3059 -5.4
-0.30566 -4.9
-0.30542 -4.5
-0.30517 -4.0
-0.30493 -3.6
-0.30468 -3.1
-0.30444 -2.7
-0.3042 -2.2
-0.30395 -1.7
-0.30371 -1.2
-0.30346 -0.7
-0.30322 -0.3
-0.30297 0.2
-0.30273 0.7
-0.30249 1.2
-0.30224 1.7
-0.302 2.2
-0.30175 2.6
-0.30151 3.1
-0.30127 3.6
-0.30102 4.0
-0.30078 4.5
-0.30053 4.9
-0.30029 5.4
-0.30005 5.8
-0.2998 6.2
-0.29956 6.6
-0.29931 7.0
-0.29907 7.4
-0.29882 7.8
-0.29858 8.1
-0.29834 8.5
-0.29809 8.8
-0.29785 9.1
-0.2976 9.4
-0.29736 9.7
-0.29712 10.0
-0.29687 10.2
-0.29663 10.4
-0.29638 10.7
-0.29614 10.9
-0.29589 11.0
-0.29565 11.2
-0.29541 11.3
-0.29516 11.4
-0.29492 11.5
-0.29467 11.6
-0.29443 11.7
-0.29419 11.7
-0.29394 11.7
-0.2937 11.7
-0.29345 11.7
-0.29321 11.6
-0.29296 11.5
-0.29272 11.4
-0.29248 11.3
-0.29223 11.2
-0.29199 11.1
-0.29174 10.9
-0.2915 10.7
-0.29126 10.5
-0.29101 10.2
-0.29077 10.0
-0.29052 9.7
-0.29028 9.4
-0.29004 9.1
-0.28979 8.8
-0.28955 8.5
-0.2893 8.1
-0.28906 7.8
-0.28881 7.4
-0.28857 7.0
-0.28833 6.6
-0.28808 6.2
-0.28784 5.8
-0.28759 5.3
-0.28735 4.9
-0.28711 4.4
-0.28686 3.9
-0.28662 3.5
-0.28637 3.0
-0.28613 2.5
-0.28588 2.0
-0.28564 1.5
-0.2854 1.0
-0.28515 0.5
-0.28491 0.0
-0.28466 -0.5
-0.28442 -1.0
-0.28418 -1.5
-0.28393 -2.0
-0.28369 -2.5
-0.28344 -3.0
-0.2832 -3.5
-0.28296 -3.9
-0.28271 -4.4
-0.28247 -4.9
-0.28222 -5.3
-0.28198 -5.8
-0.28173 -6.2
-0.28149 -6.6
-0.28125 -7.0
-0.281 -7.4
-0.28076 -7.8
-0.28051 -8.2
-0.28027 -8.6
-0.28003 -8.9
-0.27978 -9.2
-0.27954 -9.5
-0.27929 -9.8
-0.27905 -10.1
-0.2788 -10.4
-0.27856 -10.6
-0.27832 -10.8
-0.27807 -11.0
-0.27783 -11.2
-0.27758 -11.4
-0.27734 -11.5
-0.2771 -11.6
-0.27685 -11.7
-0.27661 -11.8
-0.27636 -11.8
-0.27612 -11.9
-0.27588 -11.9
-0.27563 -11.9
-0.27539 -11.8
-0.27514 -11.8
-0.2749 -11.7
-0.27465 -11.6
-0.27441 -11.4
-0.27417 -11.3
-0.27392 -11.1
-0.27368 -10.9
-0.27343 -10.7
-0.27319 -10.5
-0.27295 -10.3
-0.2727 -10.0
-0.27246 -9.7
-0.27221 -9.4
-0.27197 -9.1
-0.27172 -8.7
-0.27148 -8.4
-0.27124 -8.0
-0.27099 -7.6
-0.27075 -7.2
-0.2705 -6.8
-0.27026 -6.4
-0.27002 -5.9
-0.26977 -5.5
-0.26953 -5.0
-0.26928 -4.5
-0.26904 -4.0
-0.2688 -3.6
-0.26855 -3.1
-0.26831 -2.6
-0.26806 -2.0
-0.26782 -1.5
-0.26757 -1.0
-0.26733 -0.5
-0.26709 0.0
-0.26684 0.5
-0.2666 1.1
-0.26635 1.6
-0.26611 2.1
-0.26587 2.6
-0.26562 3.1
-0.26538 3.6
-0.26513 4.1
-0.26489 4.6
-0.26464 5.1
-0.2644 5.6
-0.26416 6.0
-0.26391 6.5
-0.26367 6.9
-0.26342 7.3
-0.26318 7.7
-0.26294 8.1
-0.26269 8.5
-0.26245 8.9
-0.2622 9.2
-0.26196 9.5
-0.26171 9.9
-0.26147 10.2
-0.26123 10.4
-0.26098 10.7
-0.26074 10.9
-0.26049 11.1
-0.26025 11.3
-0.26001 11.5
-0.25976 11.6
-0.25952 11.8
-0.25927 11.9
-0.25903 11.9
-0.25879 12.0
-0.25854 12.0
-0.2583 12.0
-0.25805 12.0
-0.25781 12.0
-0.25756 11.9
-0.25732 11.8
-0.25708 11.7
-0.25683 11.6
-0.25659 11.5
-0.25634 11.3
-0.2561 11.1
-0.25586 10.9
-0.25561 10.6
-0.25537 10.4
-0.25512 10.1
-0.25488 9.8
-0.25463 9.5
-0.25439 9.1
-0.25415 8.8
-0.2539 8.4
-0.25366 8.0
-0.25341 7.6
-0.25317 7.2
-0.25293 6.7
-0.25268 6.3
-0.25244 5.8
-0.25219 5.3
-0.25195 4.9
-0.25171 4.4
-0.25146 3.9
-0.25122 3.3
-0.25097 2.8
-0.25073 2.3
-0.25048 1.8
-0.25024 1.2
-0.25 0.7
-0.24975 0.2
-0.24951 -0.4
-0.24926 -0.9
-0.24902 -1.5
-0.24878 -2.0
-0.24853 -2.5
-0.24829 -3.1
-0.24804 -3.6
-0.2478 -4.1
-0.24755 -4.6
-0.24731 -5.1
-0.24707 -5.6
-0.24682 -6.1
-0.24658 -6.5
-0.24633 -7.0
-0.24609 -7.4
-0.24585 -7.9
-0.2456 -8.3
-0.24536 -8.7
-0.24511 -9.0
-0.24487 -9.4
-0.24463 -9.7
-0.24438 -10.1
-0.24414 -10.4
-0.24389 -10.6
-0.24365 -10.9
-0.2434 -11.1
-0.24316 -11.3
-0.24292 -11.5
-0.24267 -11.7
-0.24243 -11.9
-0.24218 -12.0
-0.24194 -12.1
-0.2417 -12.1
-0.24145 -12.2
-0.24121 -12.2
-0.24096 -12.2
-0.24072 -12.2
-0.24047 -12.1
-0.24023 -12.1
-0.23999 -12.0
-0.23974 -11.8
-0.2395 -11.7
-0.23925 -11.5
-0.23901 -11.3
-0.23877 -11.1
-0.23852 -10.9
-0.23828 -10.6
-0.23803 -10.3
-0.23779 -10.0
-0.23755 -9.7
-0.2373 -9.3
-0.23706 -9.0
-0.23681 -8.6
-0.23657 -8.2
-0.23632 -7.7
-0.23608 -7.3
-0.23584 -6.8
-0.23559 -6.4
-0.23535 -5.9
-0.2351 -5.4
-0.23486 -4.9
-0.23462 -4.4
-0.23437 -3.9
-0.23413 -3.3
-0.23388 -2.8
-0.23364 -2.2
-0.23339 -1.7
-0.23315 -1.1
-0.23291 -0.6
-0.23266 0.0
-0.23242 0.6
-0.23217 1.1
-0.23193 1.7
-0.23169 2.2
-0.23144 2.8
-0.2312 3.3
-0.23095 3.9
-0.23071 4.4
-0.23046 4.9
-0.23022 5.4
-0.22998 6.0
-0.22973 6.4
-0.22949 6.9
-0.22924 7.4
-0.229 7.8
-0.22876 8.3
-0.22851 8.7
-0.22827 9.1
-0.22802 9.5
-0.22778 9.8
-0.22754 10.2
-0.22729 10.5
-0.22705 10.8
-0.2268 11.0
-0.22656 11.3
-0.22631 11.5
-0.22607 11.7
-0.22583 11.9
-0.22558 12.0
-0.22534 12.2
-0.22509 12.3
-0.22485 12.3
-0.22461 12.4
-0.22436 12.4
-0.22412 12.4
-0.22387 12.4
-0.22363 12.3
-0.22338 12.2
-0.22314 12.1
-0.2229 12.0
-0.22265 11.8
-0.22241 11.6
-0.22216 11.4
-0.22192 11.2
-0.22168 10.9
-0.22143 10.7
-0.22119 10.3
-0.22094 10.0
-0.2207 9.7
-0.22046 9.3
-0.22021 8.9
-0.21997 8.5
-0.21972 8.0
-0.21948 7.6
-0.21923 7.1
-0.21899 6.6
-0.21875 6.1
-0.2185 5.6
-0.21826 5.1
-0.21801 4.6
-0.21777 4.0
-0.21753 3.5
-0.21728 2.9
-0.21704 2.3
-0.21679 1.8
-0.21655 1.2
-0.2163 0.6
-0.21606 0.0
-0.21582 -0.6
-0.21557 -1.2
-0.21533 -1.7
-0.21508 -2.3
-0.21484 -2.9
-0.2146 -3.5
-0.21435 -4.0
-0.21411 -4.6
-0.21386 -5.1
-0.21362 -5.7
-0.21338 -6.2
-0.21313 -6.7
-0.21289 -7.2
-0.21264 -7.7
-0.2124 -8.1
-0.21215 -8.6
-0.21191 -9.0
-0.21167 -9.4
-0.21142 -9.8
-0.21118 -10.2
-0.21093 -10.5
-0.21069 -10.8
-0.21045 -11.1
-0.2102 -11.4
-0.20996 -11.6
-0.20971 -11.8
-0.20947 -12.0
-0.20922 -12.2
-0.20898 -12.3
-0.20874 -12.5
-0.20849 -12.5
-0.20825 -12.6
-0.208 -12.6
-0.20776 -12.6
-0.20752 -12.6
-0.20727 -12.5
-0.20703 -12.5
-0.20678 -12.4
-0.20654 -12.2
-0.2063 -12.0
-0.20605 -11.8
-0.20581 -11.6
-0.20556 -11.4
-0.20532 -11.1
-0.20507 -10.8
-0.20483 -10.5
-0.20459 -10.1
-0.20434 -9.7
-0.2041 -9.4
-0.20385 -8.9
-0.20361 -8.5
-0.20337 -8.0
-0.20312 -7.6
-0.20288 -7.1
-0.20263 -6.6
-0.20239 -6.0
-0.20214 -5.5
-0.2019 -4.9
-0.20166 -4.4
-0.20141 -3.8
-0.20117 -3.2
-0.20092 -2.6
-0.20068 -2.0
-0.20044 -1.4
-0.20019 -0.8
-0.19995 -0.2
-0.1997 0.4
-0.19946 1.0
-0.19921 1.6
-0.19897 2.3
-0.19873 2.9
-0.19848 3.4
-0.19824 4.0
-0.19799 4.6
-0.19775 5.2
-0.19751 5.7
-0.19726 6.3
-0.19702 6.8
-0.19677 7.3
-0.19653 7.8
-0.19629 8.3
-0.19604 8.8
-0.1958 9.2
-0.19555 9.7
-0.19531 10.1
-0.19506 10.4
-0.19482 10.8
-0.19458 11.1
-0.19433 11.4
-0.19409 11.7
-0.19384 11.9
-0.1936 12.2
-0.19336 12.3
-0.19311 12.5
-0.19287 12.6
-0.19262 12.7
-0.19238 12.8
-0.19213 12.9
-0.19189 12.9
-0.19165 12.9
-0.1914 12.8
-0.19116 12.7
-0.19091 12.6
-0.19067 12.5
-0.19043 12.3
-0.19018 12.1
-0.18994 11.9
-0.18969 11.6
-0.18945 11.3
-0.18921 11.0
-0.18896 10.7
-0.18872 10.3
-0.18847 9.9
-0.18823 9.5
-0.18798 9.1
-0.18774 8.6
-0.1875 8.1
-0.18725 7.6
-0.18701 7.1
-0.18676 6.6
-0.18652 6.0
-0.18628 5.5
-0.18603 4.9
-0.18579 4.3
-0.18554 3.7
-0.1853 3.0
-0.18505 2.4
-0.18481 1.8
-0.18457 1.2
-0.18432 0.5
-0.18408 -0.1
-0.18383 -0.8
-0.18359 -1.4
-0.18335 -2.0
-0.1831 -2.7
-0.18286 -3.3
-0.18261 -3.9
-0.18237 -4.5
-0.18213 -5.1
-0.18188 -5.7
-0.18164 -6.3
-0.18139 -6.9
-0.18115 -7.4
-0.1809 -7.9
-0.18066 -8.4
-0.18042 -8.9
-0.18017 -9.4
-0.17993 -9.8
-0.17968 -10.3
-0.17944 -10.6
-0.1792 -11.0
-0.17895 -11.4
-0.17871 -11.7
-0.17846 -12.0
-0.17822 -12.2
-0.17797 -12.4
-0.17773 -12.6
-0.17749 -12.8
-0.17724 -12.9
-0.177 -13.0
-0.17675 -13.1
-0.17651 -13.1
-0.17627 -13.1
-0.17602 -13.1
-0.17578 -13.0
-0.17553 -12.9
-0.17529 -12.8
-0.17505 -12.6
-0.1748 -12.4
-0.17456 -12.2
-0.17431 -11.9
-0.17407 -11.6
-0.17382 -11.3
-0.17358 -11.0
-0.17334 -10.6
-0.17309 -10.2
-0.17285 -9.8
-0.1726 -9.3
-0.17236 -8.8
-0.17212 -8.3
-0.17187 -7.8
-0.17163 -7.3
-0.17138 -6.7
-0.17114 -6.1
-0.17089 -5.5
-0.17065 -4.9
-0.17041 -4.3
-0.17016 -3.6
-0.16992 -3.0
-0.16967 -2.3
-0.16943 -1.7
-0.16919 -1.0
-0.16894 -0.3
-0.1687 0.4
-0.16845 1.0
-0.16821 1.7
-0.16796 2.4
-0.16772 3.0
-0.16748 3.7
-0.16723 4.3
-0.16699 5.0
-0.16674 5.6
-0.1665 6.2
-0.16626 6.8
-0.16601 7.4
-0.16577 7.9
-0.16552 8.5
-0.16528 9.0
-0.16504 9.5
-0.16479 9.9
-0.16455 10.4
-0.1643 10.8
-0.16406 11.2
-0.16381 11.6
-0.16357 11.9
-0.16333 12.2
-0.16308 12.5
-0.16284 12.7
-0.16259 12.9
-0.16235 13.1
-0.16211 13.2
-0.16186 13.3
-0.16162 13.4
-0.16137 13.4
-0.16113 13.4
-0.16088 13.3
-0.16064 13.2
-0.1604 13.1
-0.16015 13.0
-0.15991 12.8
-0.15966 12.6
-0.15942 12.3
-0.15918 12.0
-0.15893 11.7
-0.15869 11.4
-0.15844 11.0
-0.1582 10.6
-0.15796 10.1
-0.15771 9.6
-0.15747 9.1
-0.15722 8.6
-0.15698 8.1
-0.15673 7.5
-0.15649 6.9
-0.15625 6.3
-0.156 5.7
-0.15576 5.0
-0.15551 4.4
-0.15527 3.7
-0.15503 3.0
-0.15478 2.3
-0.15454 1.6
-0.15429 0.9
-0.15405 0.2
-0.1538 -0.5
-0.15356 -1.2
-0.15332 -1.9
-0.15307 -2.6
-0.15283 -3.3
-0.15258 -4.0
-0.15234 -4.7
-0.1521 -5.3
-0.15185 -6.0
-0.15161 -6.6
-0.15136 -7.2
-0.15112 -7.8
-0.15088 -8.4
-0.15063 -9.0
-0.15039 -9.5
-0.15014 -10.0
-0.1499 -10.5
-0.14965 -10.9
-0.14941 -11.3
-0.14917 -11.7
-0.14892 -12.1
-0.14868 -12.4
-0.14843 -12.7
-0.14819 -12.9
-0.14795 -13.2
-0.1477 -13.3
-0.14746 -13.5
-0.14721 -13.6
-0.14697 -13.6
-0.14672 -13.7
-0.14648 -13.6
-0.14624 -13.6
-0.14599 -13.5
-0.14575 -13.4
-0.1455 -13.2
-0.14526 -13.0
-0.14502 -12.8
-0.14477 -12.5
-0.14453 -12.2
-0.14428 -11.8
-0.14404 -11.4
-0.1438 -11.0
-0.14355 -10.5
-0.14331 -10.1
-0.14306 -9.5
-0.14282 -9.0
-0.14257 -8.4
-0.14233 -7.8
-0.14209 -7.2
-0.14184 -6.6
-0.1416 -5.9
-0.14135 -5.3
-0.14111 -4.6
-0.14087 -3.9
-0.14062 -3.1
-0.14038 -2.4
-0.14013 -1.7
-0.13989 -0.9
-0.13964 -0.2
-0.1394 0.6
-0.13916 1.3
-0.13891 2.1
-0.13867 2.8
-0.13842 3.5
-0.13818 4.3
-0.13794 5.0
-0.13769 5.7
-0.13745 6.4
-0.1372 7.0
-0.13696 7.7
-0.13671 8.3
-0.13647 8.9
-0.13623 9.5
-0.13598 10.0
-0.13574 10.5
-0.13549 11.0
-0.13525 11.5
-0.13501 11.9
-0.13476 12.3
-0.13452 12.6
-0.13427 12.9
-0.13403 13.2
-0.13379 13.4
-0.13354 13.6
-0.1333 13.8
-0.13305 13.9
-0.13281 14.0
-0.13256 14.0
-0.13232 14.0
-0.13208 13.9
-0.13183 13.8
-0.13159 13.7
-0.13134 13.5
-0.1311 13.2
-0.13086 13.0
-0.13061 12.7
-0.13037 12.3
-0.13012 11.9
-0.12988 11.5
-0.12963 11.0
-0.12939 10.5
-0.12915 10.0
-0.1289 9.4
-0.12866 8.9
-0.12841 8.2
-0.12817 7.6
-0.12793 6.9
-0.12768 6.2
-0.12744 5.5
-0.12719 4.8
-0.12695 4.0
-0.12671 3.3
-0.12646 2.5
-0.12622 1.7
-0.12597 0.9
-0.12573 0.1
-0.12548 -0.7
-0.12524 -1.5
-0.125 -2.2
-0.12475 -3.0
-0.12451 -3.8
-0.12426 -4.6
-0.12402 -5.3
-0.12378 -6.1
-0.12353 -6.8
-0.12329 -7.5
-0.12304 -8.2
-0.1228 -8.8
-0.12255 -9.4
-0.12231 -10.0
-0.12207 -10.6
-0.12182 -11.1
-0.12158 -11.6
-0.12133 -12.1
-0.12109 -12.5
-0.12085 -12.9
-0.1206 -13.2
-0.12036 -13.5
-0.12011 -13.7
-0.11987 -14.0
-0.11963 -14.1
-0.11938 -14.2
-0.11914 -14.3
-0.11889 -14.3
-0.11865 -14.3
-0.1184 -14.2
-0.11816 -14.1
-0.11792 -14.0
-0.11767 -13.7
-0.11743 -13.5
-0.11718 -13.2
-0.11694 -12.8
-0.1167 -12.5
-0.11645 -12.0
-0.11621 -11.6
-0.11596 -11.0
-0.11572 -10.5
-0.11547 -9.9
-0.11523 -9.3
-0.11499 -8.6
-0.11474 -8.0
-0.1145 -7.3
-0.11425 -6.5
-0.11401 -5.8
-0.11377 -5.0
-0.11352 -4.2
-0.11328 -3.4
-0.11303 -2.5
-0.11279 -1.7
-0.11255 -0.9
-0.1123 0.0
-0.11206 0.8
-0.11181 1.7
-0.11157 2.5
-0.11132 3.3
-0.11108 4.2
-0.11084 5.0
-0.11059 5.8
-0.11035 6.6
-0.1101 7.3
-0.10986 8.1
-0.10962 8.8
-0.10937 9.4
-0.10913 10.1
-0.10888 10.7
-0.10864 11.3
-0.10839 11.8
-0.10815 12.3
-0.10791 12.8
-0.10766 13.2
-0.10742 13.5
-0.10717 13.9
-0.10693 14.1
-0.10669 14.3
-0.10644 14.5
-0.1062 14.6
-0.10595 14.7
-0.10571 14.7
-0.10546 14.7
-0.10522 14.6
-0.10498 14.5
-0.10473 14.3
-0.10449 14.0
-0.10424 13.7
-0.104 13.4
-0.10376 13.0
-0.10351 12.5
-0.10327 12.1
-0.10302 11.5
-0.10278 10.9
-0.10254 10.3
-0.10229 9.7
-0.10205 9.0
-0.1018 8.3
-0.10156 7.5
-0.10131 6.7
-0.10107 5.9
-0.10083 5.1
-0.10058 4.2
-0.10034 3.4
-0.10009 2.5
-0.09985 1.6
-0.09961 0.7
-0.09936 -0.2
-0.09912 -1.2
-0.09887 -2.1
-0.09863 -3.0
-0.09838 -3.8
-0.09814 -4.7
-0.0979 -5.6
-0.09765 -6.4
-0.09741 -7.3
-0.09716 -8.1
-0.09692 -8.8
-0.09668 -9.6
-0.09643 -10.3
-0.09619 -10.9
-0.09594 -11.5
-0.0957 -12.1
-0.09546 -12.7
-0.09521 -13.1
-0.09497 -13.6
-0.09472 -14.0
-0.09448 -14.3
-0.09423 -14.6
-0.09399 -14.8
-0.09375 -15.0
-0.0935 -15.1
-0.09326 -15.1
-0.09301 -15.1
-0.09277 -15.1
-0.09253 -15.0
-0.09228 -14.8
-0.09204 -14.5
-0.09179 -14.2
-0.09155 -13.9
-0.0913 -13.5
-0.09106 -13.0
-0.09082 -12.5
-0.09057 -11.9
-0.09033 -11.3
-0.09008 -10.7
-0.08984 -10.0
-0.0896 -9.2
-0.08935 -8.4
-0.08911 -7.6
-0.08886 -6.8
-0.08862 -5.9
-0.08838 -5.0
-0.08813 -4.0
-0.08789 -3.1
-0.08764 -2.1
-0.0874 -1.2
-0.08715 -0.2
-0.08691 0.8
-0.08667 1.8
-0.08642 2.7
-0.08618 3.7
-0.08593 4.7
-0.08569 5.6
-0.08545 6.5
-0.0852 7.4
-0.08496 8.3
-0.08471 9.1
-0.08447 9.9
-0.08422 10.6
-0.08398 11.3
-0.08374 12.0
-0.08349 12.6
-0.08325 13.2
-0.083 13.7
-0.08276 14.2
-0.08252 14.6
-0.08227 14.9
-0.08203 15.2
-0.08178 15.4
-0.08154 15.5
-0.0813 15.6
-0.08105 15.6
-0.08081 15.6
-0.08056 15.5
-0.08032 15.3
-0.08007 15.0
-0.07983 14.7
-0.07959 14.3
-0.07934 13.9
-0.0791 13.4
-0.07885 12.8
-0.07861 12.2
-0.07837 11.5
-0.07812 10.8
-0.07788 10.0
-0.07763 9.2
-0.07739 8.3
-0.07714 7.4
-0.0769 6.5
-0.07666 5.5
-0.07641 4.5
-0.07617 3.5
-0.07592 2.5
-0.07568 1.4
-0.07544 0.4
-0.07519 -0.7
-0.07495 -1.8
-0.0747 -2.8
-0.07446 -3.9
-0.07421 -4.9
-0.07397 -5.9
-0.07373 -6.9
-0.07348 -7.9
-0.07324 -8.8
-0.07299 -9.7
-0.07275 -10.5
-0.07251 -11.4
-0.07226 -12.1
-0.07202 -12.8
-0.07177 -13.4
-0.07153 -14.0
-0.07129 -14.5
-0.07104 -15.0
-0.0708 -15.4
-0.07055 -15.7
-0.07031 -15.9
-0.07006 -16.1
-0.06982 -16.2
-0.06958 -16.2
-0.06933 -16.1
-0.06909 -16.0
-0.06884 -15.8
-0.0686 -15.5
-0.06836 -15.1
-0.06811 -14.7
-0.06787 -14.2
-0.06762 -13.6
-0.06738 -12.9
-0.06713 -12.2
-0.06689 -11.4
-0.06665 -10.6
-0.0664 -9.7
-0.06616 -8.8
-0.06591 -7.8
-0.06567 -6.8
-0.06543 -5.7
-0.06518 -4.6
-0.06494 -3.5
-0.06469 -2.3
-0.06445 -1.2
-0.06421 0.0
-0.06396 1.1
-0.06372 2.3
-0.06347 3.5
-0.06323 4.6
-0.06298 5.7
-0.06274 6.8
-0.0625 7.9
-0.06225 8.9
-0.06201 9.9
-0.06176 10.9
-0.06152 11.7
-0.06128 12.6
-0.06103 13.3
-0.06079 14.0
-0.06054 14.7
-0.0603 15.2
-0.06005 15.7
-0.05981 16.1
-0.05957 16.4
-0.05932 16.6
-0.05908 16.8
-0.05883 16.8
-0.05859 16.8
-0.05835 16.7
-0.0581 16.5
-0.05786 16.2
-0.05761 15.8
-0.05737 15.3
-0.05713 14.7
-0.05688 14.1
-0.05664 13.3
-0.05639 12.5
-0.05615 11.7
-0.0559 10.7
-0.05566 9.7
-0.05542 8.7
-0.05517 7.6
-0.05493 6.4
-0.05468 5.2
-0.05444 4.0
-0.0542 2.7
-0.05395 1.4
-0.05371 0.1
-0.05346 -1.2
-0.05322 -2.5
-0.05297 -3.7
-0.05273 -5.0
-0.05249 -6.3
-0.05224 -7.5
-0.052 -8.6
-0.05175 -9.8
-0.05151 -10.8
-0.05127 -11.9
-0.05102 -12.8
-0.05078 -13.7
-0.05053 -14.5
-0.05029 -15.2
-0.05005 -15.9
-0.0498 -16.4
-0.04956 -16.8
-0.04931 -17.2
-0.04907 -17.4
-0.04882 -17.6
-0.04858 -17.6
-0.04834 -17.5
-0.04809 -17.4
-0.04785 -17.1
-0.0476 -16.7
-0.04736 -16.2
-0.04712 -15.6
-0.04687 -14.9
-0.04663 -14.1
-0.04638 -13.2
-0.04614 -12.2
-0.04589 -11.1
-0.04565 -10.0
-0.04541 -8.8
-0.04516 -7.6
-0.04492 -6.2
-0.04467 -4.9
-0.04443 -3.5
-0.04419 -2.0
-0.04394 -0.6
-0.0437 0.9
-0.04345 2.3
-0.04321 3.8
-0.04296 5.2
-0.04272 6.6
-0.04248 8.0
-0.04223 9.3
-0.04199 10.6
-0.04174 11.8
-0.0415 12.9
-0.04126 13.9
-0.04101 14.9
-0.04077 15.8
-0.04052 16.5
-0.04028 17.2
-0.04004 17.7
-0.03979 18.1
-0.03955 18.4
-0.0393 18.5
-0.03906 18.5
-0.03881 18.4
-0.03857 18.2
-0.03833 17.8
-0.03808 17.3
-0.03784 16.7
-0.03759 15.9
-0.03735 15.0
-0.03711 14.0
-0.03686 12.9
-0.03662 11.7
-0.03637 10.4
-0.03613 9.0
-0.03588 7.6
-0.03564 6.1
-0.0354 4.5
-0.03515 2.9
-0.03491 1.2
-0.03466 -0.5
-0.03442 -2.2
-0.03418 -3.8
-0.03393 -5.5
-0.03369 -7.1
-0.03344 -8.7
-0.0332 -10.2
-0.03296 -11.6
-0.03271 -13.0
-0.03247 -14.3
-0.03222 -15.4
-0.03198 -16.5
-0.03173 -17.4
-0.03149 -18.1
-0.03125 -18.8
-0.031 -19.2
-0.03076 -19.5
-0.03051 -19.7
-0.03027 -19.7
-0.03003 -19.5
-0.02978 -19.1
-0.02954 -18.6
-0.02929 -17.9
-0.02905 -17.1
-0.0288 -16.1
-0.02856 -14.9
-0.02832 -13.6
-0.02807 -12.2
-0.02783 -10.6
-0.02758 -9.0
-0.02734 -7.2
-0.0271 -5.4
-0.02685 -3.5
-0.02661 -1.5
-0.02636 0.4
-0.02612 2.4
-0.02588 4.4
-0.02563 6.4
-0.02539 8.3
-0.02514 10.1
-0.0249 11.9
-0.02465 13.5
-0.02441 15.0
-0.02417 16.4
-0.02392 17.7
-0.02368 18.8
-0.02343 19.6
-0.02319 20.3
-0.02295 20.8
-0.0227 21.1
-0.02246 21.2
-0.02221 21.0
-0.02197 20.6
-0.02172 20.0
-0.02148 19.1
-0.02124 18.1
-0.02099 16.8
-0.02075 15.3
-0.0205 13.6
-0.02026 11.8
-0.02002 9.8
-0.01977 7.7
-0.01953 5.4
-0.01928 3.1
-0.01904 0.7
-0.0188 -1.7
-0.01855 -4.1
-0.01831 -6.5
-0.01806 -8.9
-0.01782 -11.2
-0.01757 -13.3
-0.01733 -15.3
-0.01709 -17.2
-0.01684 -18.8
-0.0166 -20.2
-0.01635 -21.3
-0.01611 -22.2
-0.01587 -22.8
-0.01562 -23.1
-0.01538 -23.1
-0.01513 -22.7
-0.01489 -22.0
-0.01464 -21.0
-0.0144 -19.6
-0.01416 -18.0
-0.01391 -16.1
-0.01367 -13.8
-0.01342 -11.4
-0.01318 -8.7
-0.01294 -5.9
-0.01269 -2.9
-0.01245 0.2
-0.0122 3.3
-0.01196 6.5
-0.01171 9.5
-0.01147 12.5
-0.01123 15.3
-0.01098 17.8
-0.01074 20.1
-0.01049 22.1
-0.01025 23.7
-0.01001 24.8
-0.00976 25.5
-0.00952 25.8
-0.00927 25.5
-0.00903 24.7
-0.00879 23.3
-0.00854 21.5
-0.0083 19.1
-0.00805 16.3
-0.00781 13.0
-0.00756 9.4
-0.00732 5.5
-0.00708 1.3
-0.00683 -2.9
-0.00659 -7.3
-0.00634 -11.5
-0.0061 -15.5
-0.00586 -19.3
-0.00561 -22.6
-0.00537 -25.3
-0.00512 -27.4
-0.00488 -28.8
-0.00463 -29.3
-0.00439 -28.9
-0.00415 -27.6
-0.0039 -25.3
-0.00366 -22.0
-0.00341 -17.9
-0.00317 -12.9
-0.00293 -7.3
-0.00268 -1.2
-0.00244 5.2
-0.00219 11.6
-0.00195 17.7
-0.00171 23.3
-0.00146 27.9
-0.00122 31.3
-0.00097 33.1
-0.00073 33.0
-0.00048 30.9
-0.00024 26.7
0.0 20.4
0.00025 12.4
0.00049 3.2
0.00074 -6.4
0.00098 -15.6
0.00122 -23.4
0.00147 -28.9
0.00171 -31.4
0.00196 -30.5
0.0022 -26.3
0.00245 -19.2
0.00269 -10.2
0.00293 -0.4
0.00318 8.9
0.00342 16.5
0.00367 21.4
0.00391 23.2
0.00415 21.7
0.0044 17.3
0.00464 11.0
0.00489 3.8
0.00513 -3.3
0.00537 -9.2
0.00562 -13.1
0.00586 -14.7
0.00611 -13.9
0.00635 -11.1
0.0066 -7.0
0.00684 -2.3
0.00708 2.2
0.00733 5.8
0.00757 8.1
0.00782 8.8
0.00806 8.1
0.0083 6.2
0.00855 3.5
0.00879 0.7
0.00904 -2.0
0.00928 -4.0
0.00953 -5.1
0.00977 -5.2
0.01001 -4.5
0.01026 -3.2
0.0105 -1.5
0.01075 0.2
0.01099 1.7
0.01123 2.7
0.01148 3.2
0.01172 3.0
0.01197 2.5
0.01221 1.5
0.01245 0.5
0.0127 -0.5
0.01294 -1.3
0.01319 -1.8
0.01343 -1.9
0.01368 -1.7
0.01392 -1.3
0.01416 -0.7
0.01441 0.0
0.01465 0.6
0.0149 1.0
0.01514 1.2
0.01538 1.1
0.01563 1.0
0.01587 0.6
0.01612 0.2
0.01636 -0.1
0.01661 -0.5
0.01685 -0.7
0.01709 -0.7
0.01734 -0.7
0.01758 -0.5
0.01783 -0.3
0.01807 0.0
0.01831 0.2
0.01856 0.3
0.0188 0.4
0.01905 0.4
0.01929 0.4
0.01954 0.3
0.01978 0.1
0.02002 0.0
0.02027 -0.2
0.02051 -0.2
0.02076 -0.3
0.021 -0.3
0.02124 -0.2
0.02149 -0.1
0.02173 0.0
0.02198 0.0
0.02222 0.1
0.02246 0.2
0.02271 0.2
0.02295 0.1
0.0232 0.1
0.02344 0.0
0.02369 0.0
0.02393 0.0
0.02417 0.0
0.02442 0.0
0.02466 0.0
0.02491 0.0
0.02515 0.0
0.02539 0.0
0.02564 0.0
0.02588 0.0
0.02613 0.0
0.02637 0.0
0.02662 0.0
0.02686 0.0
0.0271 0.0
0.02735 0.0
0.02759 0.0
0.02784 0.0
0.02808 0.0
0.02832 0.0
0.02857 0.0
0.02881 0.0
0.02906 0.0
0.0293 0.0
0.02954 0.0
0.02979 0.0
0.03003 0.0
0.03028 0.0
0.03052 0.0
0.03077 0.0
0.03101 0.0
0.03125 0.0
0.0315 0.0
0.03174 0.0
0.03199 0.0
0.03223 0.0
0.03247 0.0
0.03272 0.0
0.03296 0.0
0.03321 0.0
0.03345 0.0
0.0337 0.0
0.03394 0.0
0.03418 0.0
0.03443 0.0
0.03467 0.0
0.03492 0.0
0.03516 0.0
0.0354 0.0
0.03565 0.0
0.03589 0.0
0.03614 0.0
0.03638 0.0
0.03662 0.0
0.03687 0.0
0.03711 0.0
0.03736 0.0
0.0376 0.0
0.03785 0.0
0.03809 0.0
0.03833 0.0
0.03858 0.0
0.03882 0.0
0.03907 0.0
0.03931 0.0
0.03955 0.0
0.0398 0.0
0.04004 0.0
0.04029 0.0
0.04053 0.0
0.04078 0.0
0.04102 0.0
0.04126 0.0
0.04151 0.0
0.04175 0.0
0.042 0.0
0.04224 0.0
0.04248 0.0
0.04273 0.0
0.04297 0.0
0.04322 0.0
0.04346 0.0
0.0437 0.0
0.04395 0.0
0.04419 0.0
0.04444 0.0
0.04468 0.0
0.04493 0.0
0.04517 0.0
0.04541 0.0
0.04566 0.0
0.0459 0.0
0.04615 0.0
0.04639 0.0
0.04663 0.0
0.04688 0.0
0.04712 0.0
0.04737 0.0
0.04761 0.0
0.04786 0.0
0.0481 0.0
0.04834 0.0
0.04859 0.0
0.04883 0.0
0.04908 0.0
0.04932 0.0
0.04956 0.0
0.04981 0.0
0.05005 0.0
0.0503 0.0
0.05054 0.0
0.05079 0.0
0.05103 0.0
0.05127 0.0
0.05152 0.0
0.05176 0.0
0.05201 0.0
0.05225 0.0
0.05249 0.0
0.05274 0.0
0.05298 0.0
0.05323 0.0
0.05347 0.0
0.05371 0.0
0.05396 0.0
0.0542 0.0
0.05445 0.0
0.05469 0.0
0.05494 0.0
0.05518 0.0
0.05542 0.0
0.05567 0.0
0.05591 0.0
0.05616 0.0
0.0564 0.0
0.05664 0.0
0.05689 0.0
0.05713 0.0
0.05738 0.0
0.05762 0.0
0.05787 0.0
0.05811 0.0
0.05835 0.0
0.0586 0.0
0.05884 0.0
0.05909 0.0
0.05933 0.0
0.05957 0.0
0.05982 0.0
0.06006 0.0
0.06031 0.0
0.06055 0.0
0.06079 0.0
0.06104 0.0
0.06128 0.0
0.06153 0.0
0.06177 0.0
0.06202 0.0
0.06226 0.0
0.0625 0.0
0.06275 0.0
0.06299 0.0
0.06324 0.0
0.06348 0.0
0.06372 0.0
0.06397 0.0
0.06421 0.0
0.06446 0.0
0.0647 0.0
0.06495 0.0
0.06519 0.0
0.06543 0.0
0.06568 0.0
0.06592 0.0
0.06617 0.0
0.06641 0.0
0.06665 0.0
0.0669 0.0
0.06714 0.0
0.06739 0.0
0.06763 0.0
0.06787 0.0
0.06812 0.0
0.06836 0.0
0.06861 0.0
0.06885 0.0
0.0691 0.0
0.06934 0.0
0.06958 0.0
0.06983 0.0
0.07007 0.0
0.07032 0.0
0.07056 0.0
0.0708 0.0
0.07105 0.0
0.07129 0.0
0.07154 0.0
0.07178 0.0
0.07203 0.0
0.07227 0.0
0.07251 0.0
0.07276 0.0
0.073 0.0
0.07325 0.0
0.07349 0.0
0.07373 0.0
0.07398 0.0
0.07422 0.0
0.07447 0.0
0.07471 0.0
0.07495 0.0
0.0752 0.0
0.07544 0.0
0.07569 0.0
0.07593 0.0
0.07618 0.0
0.07642 0.0
0.07666 0.0
0.07691 0.0
0.07715 0.0
0.0774 0.0
0.07764 0.0
0.07788 0.0
0.07813 0.0
0.07837 0.0
0.07862 0.0
0.07886 0.0
0.07911 0.0
0.07935 0.0
0.07959 0.0
0.07984 0.0
0.08008 0.0
0.08033 0.0
0.08057 0.0
0.08081 0.0
0.08106 0.0
0.0813 0.0
0.08155 0.0
0.08179 0.0
0.08204 0.0
0.08228 0.0
0.08252 0.0
0.08277 0.0
0.08301 0.0
0.08326 0.0
0.0835 0.0
0.08374 0.0
0.08399 0.0
0.08423 0.0
0.08448 0.0
0.08472 0.0
0.08496 0.0
0.08521 0.0
0.08545 0.0
0.0857 0.0
0.08594 0.0
0.08619 0.0
0.08643 0.0
0.08667 0.0
0.08692 0.0
0.08716 0.0
0.08741 0.0
0.08765 0.0
0.08789 0.0
0.08814 0.0
0.08838 0.0
0.08863 0.0
0.08887 0.0
0.08912 0.0
0.08936 0.0
0.0896 0.0
0.08985 0.0
0.09009 0.0
0.09034 0.0
0.09058 0.0
0.09082 0.0
0.09107 0.0
0.09131 0.0
0.09156 0.0
0.0918 0.0
0.09204 0.0
0.09229 0.0
0.09253 0.0
0.09278 0.0
0.09302 0.0
0.09327 0.0
0.09351 0.0
0.09375 0.0
0.094 0.0
0.09424 0.0
0.09449 0.0
0.09473 0.0
0.09497 0.0
0.09522 0.0
0.09546 0.0
0.09571 0.0
0.09595 0.0
0.0962 0.0
0.09644 0.0
0.09668 0.0
0.09693 0.0
0.09717 0.0
0.09742 0.0
0.09766 0.0
0.0979 0.0
0.09815 0.0
0.09839 0.0
0.09864 0.0
0.09888 0.0
0.09912 0.0
0.09937 0.0
0.09961 0.0
0.09986 0.0
0.1001 0.0
0.10035 0.0
0.10059 0.0
0.10083 0.0
0.10108 0.0
0.10132 0.0
0.10157 0.0
0.10181 0.0
0.10205 0.0
0.1023 0.0
0.10254 0.0
0.10279 0.0
0.10303 0.0
0.10328 0.0
0.10352 0.0
0.10376 0.0
0.10401 0.0
0.10425 0.0
0.1045 0.0
0.10474 0.0
0.10498 0.0
0.10523 0.0
0.10547 0.0
0.10572 0.0
0.10596 0.0
0.1062 0.0
0.10645 0.0
0.10669 0.0
0.10694 0.0
0.10718 0.0
0.10743 0.0
0.10767 0.0
0.10791 0.0
0.10816 0.0
0.1084 0.0
0.10865 0.0
0.10889 0.0
0.10913 0.0
0.10938 0.0
0.10962 0.0
0.10987 0.0
0.11011 0.0
0.11036 0.0
0.1106 0.0
0.11084 0.0
0.11109 0.0
0.11133 0.0
0.11158 0.0
0.11182 0.0
0.11206 0.0
0.11231 0.0
0.11255 0.0
0.1128 0.0
0.11304 0.0
0.11329 0.0
0.11353 0.0
0.11377 0.0
0.11402 0.0
0.11426 0.0
0.11451 0.0
0.11475 0.0
0.11499 0.0
0.11524 0.0
0.11548 0.0
0.11573 0.0
0.11597 0.0
0.11621 0.0
0.11646 0.0
0.1167 0.0
0.11695 0.0
0.11719 0.0
0.11744 0.0
0.11768 0.0
0.11792 0.0
0.11817 0.0
0.11841 0.0
0.11866 0.0
0.1189 0.0
0.11914 0.0
0.11939 0.0
0.11963 0.0
0.11988 0.0
0.12012 0.0
0.12037 0.0
0.12061 0.0
0.12085 0.0
0.1211 0.0
0.12134 0.0
0.12159 0.0
0.12183 0.0
0.12207 0.0
0.12232 0.0
0.12256 0.0
0.12281 0.0
0.12305 0.0
0.12329 0.0
0.12354 0.0
0.12378 0.0
0.12403 0.0
0.12427 0.0
0.12452 0.0
0.12476 0.0
0.125 0.0
0.12525 0.0
0.12549 0.0
0.12574 0.0
0.12598 0.0
0.12622 0.0
0.12647 0.0
0.12671 0.0
0.12696 0.0
0.1272 0.0
0.12745 0.0
0.12769 0.0
0.12793 0.0
0.12818 0.0
0.12842 0.0
0.12867 0.0
0.12891 0.0
0.12915 0.0
0.1294 0.0
0.12964 0.0
0.12989 0.0
0.13013 0.0
0.13037 0.0
0.13062 0.0
0.13086 0.0
0.13111 0.0
0.13135 0.0
0.1316 0.0
0.13184 0.0
0.13208 0.0
0.13233 0.0
0.13257 0.0
0.13282 0.0
0.13306 0.0
0.1333 0.0
0.13355 0.0
0.13379 0.0
0.13404 0.0
0.13428 0.0
0.13453 0.0
0.13477 0.0
0.13501 0.0
0.13526 0.0
0.1355 0.0
0.13575 0.0
0.13599 0.0
0.13623 0.0
0.13648 0.0
0.13672 0.0
0.13697 0.0
0.13721 0.0
0.13745 0.0
0.1377 0.0
0.13794 0.0
0.13819 0.0
0.13843 0.0
0.13868 0.0
0.13892 0.0
0.13916 0.0
0.13941 0.0
0.13965 0.0
0.1399 0.0
0.14014 0.0
0.14038 0.0
0.14063 0.0
0.14087 0.0
0.14112 0.0
0.14136 0.0
0.14161 0.0
0.14185 0.0
0.14209 0.0
0.14234 0.0
0.14258 0.0
0.14283 0.0
0.14307 0.0
0.14331 0.0
0.14356 0.0
0.1438 0.0
0.14405 0.0
0.14429 0.0
0.14454 0.0
0.14478 0.0
0.14502 0.0
0.14527 0.0
0.14551 0.0
0.14576 0.0
0.146 0.0
0.14624 0.0
0.14649 0.0
0.14673 0.0
0.14698 0.0
0.14722 0.0
0.14746 0.0
0.14771 0.0
0.14795 0.0
0.1482 0.0
0.14844 0.0
0.14869 0.0
0.14893 0.0
0.14917 0.0
0.14942 0.0
0.14966 0.0
0.14991 0.0
