t strain*1e23
-0.30099 -3.5
-0.30075 -3.9
-0.30051 -4.3
-0.30026 -4.8
-0.30002 -5.2
-0.29977 -5.6
-0.29953 -6.0
-0.29929 -6.4
-0.29904 -6.8
-0.2988 -7.1
-0.29855 -7.5
-0.29831 -7.9
-0.29807 -8.2
-0.29782 -8.6
-0.29758 -8.9
-0.29733 -9.3
-0.29709 -9.6
-0.29684 -9.9
-0.2966 -10.2
-0.29636 -10.5
-0.29611 -10.7
-0.29587 -11.0
-0.29562 -11.2
-0.29538 -11.5
-0.29514 -11.7
-0.29489 -11.9
-0.29465 -12.1
-0.2944 -12.3
-0.29416 -12.5
-0.29391 -12.6
-0.29367 -12.8
-0.29343 -12.9
-0.29318 -13.0
-0.29294 -13.1
-0.29269 -13.2
-0.29245 -13.3
-0.29221 -13.3
-0.29196 -13.4
-0.29172 -13.4
-0.29147 -13.4
-0.29123 -13.4
-0.29099 -13.4
-0.29074 -13.3
-0.2905 -13.3
-0.29025 -13.2
-0.29001 -13.2
-0.28976 -13.1
-0.28952 -12.9
-0.28928 -12.8
-0.28903 -12.7
-0.28879 -12.5
-0.28854 -12.4
-0.2883 -12.2
-0.28806 -12.0
-0.28781 -11.8
-0.28757 -11.5
-0.28732 -11.3
-0.28708 -11.0
-0.28683 -10.8
-0.28659 -10.5
-0.28635 -10.2
-0.2861 -9.9
-0.28586 -9.6
-0.28561 -9.3
-0.28537 -8.9
-0.28513 -8.6
-0.28488 -8.2
-0.28464 -7.9
-0.28439 -7.5
-0.28415 -7.1
-0.28391 -6.7
-0.28366 -6.3
-0.28342 -5.9
-0.28317 -5.5
-0.28293 -5.1
-0.28268 -4.7
-0.28244 -4.2
-0.2822 -3.8
-0.28195 -3.3
-0.28171 -2.9
-0.28146 -2.4
-0.28122 -2.0
-0.28098 -1.5
-0.28073 -1.1
-0.28049 -0.6
-0.28024 -0.2
-0.28 0.3
-0.27975 0.8
-0.27951 1.2
-0.27927 1.7
-0.27902 2.2
-0.27878 2.6
-0.27853 3.1
-0.27829 3.5
-0.27805 4.0
-0.2778 4.4
-0.27756 4.8
-0.27731 5.3
-0.27707 5.7
-0.27682 6.1
-0.27658 6.5
-0.27634 6.9
-0.27609 7.3
-0.27585 7.7
-0.2756 8.1
-0.27536 8.5
-0.27512 8.8
-0.27487 9.2
-0.27463 9.5
-0.27438 9.9
-0.27414 10.2
-0.2739 10.5
-0.27365 10.8
-0.27341 11.1
-0.27316 11.3
-0.27292 11.6
-0.27267 11.8
-0.27243 12.1
-0.27219 12.3
-0.27194 12.5
-0.2717 12.7
-0.27145 12.8
-0.27121 13.0
-0.27097 13.1
-0.27072 13.2
-0.27048 13.3
-0.27023 13.4
-0.26999 13.5
-0.26974 13.6
-0.2695 13.6
-0.26926 13.7
-0.26901 13.7
-0.26877 13.7
-0.26852 13.6
-0.26828 13.6
-0.26804 13.5
-0.26779 13.5
-0.26755 13.4
-0.2673 13.3
-0.26706 13.2
-0.26682 13.0
-0.26657 12.9
-0.26633 12.7
-0.26608 12.5
-0.26584 12.3
-0.26559 12.1
-0.26535 11.9
-0.26511 11.7
-0.26486 11.4
-0.26462 11.1
-0.26437 10.8
-0.26413 10.6
-0.26389 10.2
-0.26364 9.9
-0.2634 9.6
-0.26315 9.2
-0.26291 8.9
-0.26266 8.5
-0.26242 8.1
-0.26218 7.7
-0.26193 7.3
-0.26169 6.9
-0.26144 6.5
-0.2612 6.1
-0.26096 5.7
-0.26071 5.2
-0.26047 4.8
-0.26022 4.3
-0.25998 3.9
-0.25974 3.4
-0.25949 2.9
-0.25925 2.4
-0.259 2.0
-0.25876 1.5
-0.25851 1.0
-0.25827 0.5
-0.25803 0.0
-0.25778 -0.4
-0.25754 -0.9
-0.25729 -1.4
-0.25705 -1.9
-0.25681 -2.4
-0.25656 -2.9
-0.25632 -3.3
-0.25607 -3.8
-0.25583 -4.3
-0.25558 -4.7
-0.25534 -5.2
-0.2551 -5.6
-0.25485 -6.1
-0.25461 -6.5
-0.25436 -6.9
-0.25412 -7.4
-0.25388 -7.8
-0.25363 -8.2
-0.25339 -8.6
-0.25314 -8.9
-0.2529 -9.3
-0.25266 -9.7
-0.25241 -10.0
-0.25217 -10.4
-0.25192 -10.7
-0.25168 -11.0
-0.25143 -11.3
-0.25119 -11.6
-0.25095 -11.8
-0.2507 -12.1
-0.25046 -12.3
-0.25021 -12.5
-0.24997 -12.7
-0.24973 -12.9
-0.24948 -13.1
-0.24924 -13.3
-0.24899 -13.4
-0.24875 -13.5
-0.2485 -13.6
-0.24826 -13.7
-0.24802 -13.8
-0.24777 -13.9
-0.24753 -13.9
-0.24728 -13.9
-0.24704 -13.9
-0.2468 -13.9
-0.24655 -13.9
-0.24631 -13.8
-0.24606 -13.8
-0.24582 -13.7
-0.24557 -13.6
-0.24533 -13.5
-0.24509 -13.3
-0.24484 -13.2
-0.2446 -13.0
-0.24435 -12.8
-0.24411 -12.6
-0.24387 -12.4
-0.24362 -12.1
-0.24338 -11.9
-0.24313 -11.6
-0.24289 -11.3
-0.24265 -11.0
-0.2424 -10.7
-0.24216 -10.4
-0.24191 -10.1
-0.24167 -9.7
-0.24142 -9.3
-0.24118 -9.0
-0.24094 -8.6
-0.24069 -8.2
-0.24045 -7.8
-0.2402 -7.3
-0.23996 -6.9
-0.23972 -6.5
-0.23947 -6.0
-0.23923 -5.5
-0.23898 -5.1
-0.23874 -4.6
-0.23849 -4.1
-0.23825 -3.6
-0.23801 -3.1
-0.23776 -2.6
-0.23752 -2.2
-0.23727 -1.6
-0.23703 -1.1
-0.23679 -0.6
-0.23654 -0.1
-0.2363 0.4
-0.23605 0.9
-0.23581 1.4
-0.23557 1.9
-0.23532 2.4
-0.23508 2.9
-0.23483 3.4
-0.23459 3.9
-0.23434 4.4
-0.2341 4.9
-0.23386 5.4
-0.23361 5.8
-0.23337 6.3
-0.23312 6.7
-0.23288 7.2
-0.23264 7.6
-0.23239 8.1
-0.23215 8.5
-0.2319 8.9
-0.23166 9.3
-0.23141 9.7
-0.23117 10.0
-0.23093 10.4
-0.23068 10.7
-0.23044 11.1
-0.23019 11.4
-0.22995 11.7
-0.22971 12.0
-0.22946 12.2
-0.22922 12.5
-0.22897 12.7
-0.22873 13.0
-0.22849 13.2
-0.22824 13.3
-0.228 13.5
-0.22775 13.7
-0.22751 13.8
-0.22726 13.9
-0.22702 14.0
-0.22678 14.1
-0.22653 14.1
-0.22629 14.2
-0.22604 14.2
-0.2258 14.2
-0.22556 14.2
-0.22531 14.1
-0.22507 14.1
-0.22482 14.0
-0.22458 13.9
-0.22433 13.8
-0.22409 13.7
-0.22385 13.5
-0.2236 13.4
-0.22336 13.2
-0.22311 13.0
-0.22287 12.7
-0.22263 12.5
-0.22238 12.2
-0.22214 12.0
-0.22189 11.7
-0.22165 11.4
-0.22141 11.0
-0.22116 10.7
-0.22092 10.3
-0.22067 10.0
-0.22043 9.6
-0.22018 9.2
-0.21994 8.8
-0.2197 8.4
-0.21945 7.9
-0.21921 7.5
-0.21896 7.0
-0.21872 6.6
-0.21848 6.1
-0.21823 5.6
-0.21799 5.1
-0.21774 4.6
-0.2175 4.1
-0.21725 3.6
-0.21701 3.1
-0.21677 2.6
-0.21652 2.0
-0.21628 1.5
-0.21603 1.0
-0.21579 0.4
-0.21555 0.0
-0.2153 -0.6
-0.21506 -1.2
-0.21481 -1.7
-0.21457 -2.2
-0.21432 -2.8
-0.21408 -3.3
-0.21384 -3.8
-0.21359 -4.3
-0.21335 -4.8
-0.2131 -5.3
-0.21286 -5.8
-0.21262 -6.3
-0.21237 -6.8
-0.21213 -7.3
-0.21188 -7.7
-0.21164 -8.2
-0.2114 -8.6
-0.21115 -9.1
-0.21091 -9.5
-0.21066 -9.9
-0.21042 -10.3
-0.21017 -10.6
-0.20993 -11.0
-0.20969 -11.4
-0.20944 -11.7
-0.2092 -12.0
-0.20895 -12.3
-0.20871 -12.6
-0.20847 -12.8
-0.20822 -13.1
-0.20798 -13.3
-0.20773 -13.5
-0.20749 -13.7
-0.20724 -13.9
-0.207 -14.0
-0.20676 -14.2
-0.20651 -14.3
-0.20627 -14.4
-0.20602 -14.4
-0.20578 -14.5
-0.20554 -14.5
-0.20529 -14.5
-0.20505 -14.5
-0.2048 -14.5
-0.20456 -14.4
-0.20432 -14.3
-0.20407 -14.2
-0.20383 -14.1
-0.20358 -14.0
-0.20334 -13.8
-0.20309 -13.6
-0.20285 -13.4
-0.20261 -13.2
-0.20236 -13.0
-0.20212 -12.7
-0.20187 -12.4
-0.20163 -12.2
-0.20139 -11.8
-0.20114 -11.5
-0.2009 -11.2
-0.20065 -10.8
-0.20041 -10.4
-0.20016 -10.0
-0.19992 -9.6
-0.19968 -9.2
-0.19943 -8.8
-0.19919 -8.3
-0.19894 -7.8
-0.1987 -7.4
-0.19846 -6.9
-0.19821 -6.4
-0.19797 -5.9
-0.19772 -5.4
-0.19748 -4.8
-0.19724 -4.3
-0.19699 -3.8
-0.19675 -3.2
-0.1965 -2.7
-0.19626 -2.1
-0.19601 -1.6
-0.19577 -1.0
-0.19553 -0.4
-0.19528 0.1
-0.19504 0.7
-0.19479 1.3
-0.19455 1.8
-0.19431 2.4
-0.19406 2.9
-0.19382 3.5
-0.19357 4.0
-0.19333 4.6
-0.19308 5.1
-0.19284 5.7
-0.1926 6.2
-0.19235 6.7
-0.19211 7.2
-0.19186 7.7
-0.19162 8.2
-0.19138 8.6
-0.19113 9.1
-0.19089 9.5
-0.19064 10.0
-0.1904 10.4
-0.19016 10.8
-0.18991 11.2
-0.18967 11.5
-0.18942 11.9
-0.18918 12.2
-0.18893 12.6
-0.18869 12.8
-0.18845 13.1
-0.1882 13.4
-0.18796 13.6
-0.18771 13.8
-0.18747 14.0
-0.18723 14.2
-0.18698 14.4
-0.18674 14.5
-0.18649 14.6
-0.18625 14.7
-0.186 14.8
-0.18576 14.8
-0.18552 14.8
-0.18527 14.8
-0.18503 14.8
-0.18478 14.8
-0.18454 14.7
-0.1843 14.6
-0.18405 14.5
-0.18381 14.3
-0.18356 14.2
-0.18332 14.0
-0.18307 13.8
-0.18283 13.6
-0.18259 13.3
-0.18234 13.1
-0.1821 12.8
-0.18185 12.5
-0.18161 12.1
-0.18137 11.8
-0.18112 11.4
-0.18088 11.0
-0.18063 10.6
-0.18039 10.2
-0.18015 9.8
-0.1799 9.3
-0.17966 8.9
-0.17941 8.4
-0.17917 7.9
-0.17892 7.4
-0.17868 6.8
-0.17844 6.3
-0.17819 5.8
-0.17795 5.2
-0.1777 4.7
-0.17746 4.1
-0.17722 3.5
-0.17697 2.9
-0.17673 2.4
-0.17648 1.8
-0.17624 1.2
-0.17599 0.6
-0.17575 0.0
-0.17551 -0.6
-0.17526 -1.2
-0.17502 -1.8
-0.17477 -2.4
-0.17453 -3.0
-0.17429 -3.6
-0.17404 -4.2
-0.1738 -4.8
-0.17355 -5.3
-0.17331 -5.9
-0.17307 -6.4
-0.17282 -7.0
-0.17258 -7.5
-0.17233 -8.0
-0.17209 -8.5
-0.17184 -9.0
-0.1716 -9.5
-0.17136 -10.0
-0.17111 -10.4
-0.17087 -10.9
-0.17062 -11.3
-0.17038 -11.7
-0.17014 -12.1
-0.16989 -12.4
-0.16965 -12.8
-0.1694 -13.1
-0.16916 -13.4
-0.16891 -13.7
-0.16867 -13.9
-0.16843 -14.2
-0.16818 -14.4
-0.16794 -14.6
-0.16769 -14.7
-0.16745 -14.9
-0.16721 -15.0
-0.16696 -15.1
-0.16672 -15.1
-0.16647 -15.2
-0.16623 -15.2
-0.16599 -15.2
-0.16574 -15.2
-0.1655 -15.1
-0.16525 -15.0
-0.16501 -14.9
-0.16476 -14.8
-0.16452 -14.6
-0.16428 -14.4
-0.16403 -14.2
-0.16379 -14.0
-0.16354 -13.7
-0.1633 -13.5
-0.16306 -13.2
-0.16281 -12.8
-0.16257 -12.5
-0.16232 -12.1
-0.16208 -11.7
-0.16183 -11.3
-0.16159 -10.9
-0.16135 -10.5
-0.1611 -10.0
-0.16086 -9.5
-0.16061 -9.0
-0.16037 -8.5
-0.16013 -8.0
-0.15988 -7.4
-0.15964 -6.9
-0.15939 -6.3
-0.15915 -5.7
-0.15891 -5.1
-0.15866 -4.5
-0.15842 -3.9
-0.15817 -3.3
-0.15793 -2.7
-0.15768 -2.1
-0.15744 -1.4
-0.1572 -0.8
-0.15695 -0.1
-0.15671 0.5
-0.15646 1.1
-0.15622 1.8
-0.15598 2.4
-0.15573 3.0
-0.15549 3.7
-0.15524 4.3
-0.155 4.9
-0.15475 5.5
-0.15451 6.1
-0.15427 6.7
-0.15402 7.3
-0.15378 7.8
-0.15353 8.4
-0.15329 8.9
-0.15305 9.5
-0.1528 10.0
-0.15256 10.5
-0.15231 10.9
-0.15207 11.4
-0.15182 11.8
-0.15158 12.2
-0.15134 12.6
-0.15109 13.0
-0.15085 13.4
-0.1506 13.7
-0.15036 14.0
-0.15012 14.3
-0.14987 14.5
-0.14963 14.8
-0.14938 15.0
-0.14914 15.1
-0.1489 15.3
-0.14865 15.4
-0.14841 15.5
-0.14816 15.6
-0.14792 15.6
-0.14767 15.6
-0.14743 15.6
-0.14719 15.6
-0.14694 15.5
-0.1467 15.4
-0.14645 15.3
-0.14621 15.1
-0.14597 14.9
-0.14572 14.7
-0.14548 14.5
-0.14523 14.2
-0.14499 13.9
-0.14474 13.6
-0.1445 13.3
-0.14426 12.9
-0.14401 12.5
-0.14377 12.1
-0.14352 11.7
-0.14328 11.2
-0.14304 10.7
-0.14279 10.2
-0.14255 9.7
-0.1423 9.2
-0.14206 8.6
-0.14182 8.1
-0.14157 7.5
-0.14133 6.9
-0.14108 6.3
-0.14084 5.6
-0.14059 5.0
-0.14035 4.3
-0.14011 3.7
-0.13986 3.0
-0.13962 2.3
-0.13937 1.7
-0.13913 1.0
-0.13889 0.3
-0.13864 -0.4
-0.1384 -1.1
-0.13815 -1.8
-0.13791 -2.4
-0.13766 -3.1
-0.13742 -3.8
-0.13718 -4.5
-0.13693 -5.1
-0.13669 -5.8
-0.13644 -6.4
-0.1362 -7.0
-0.13596 -7.7
-0.13571 -8.3
-0.13547 -8.8
-0.13522 -9.4
-0.13498 -10.0
-0.13474 -10.5
-0.13449 -11.0
-0.13425 -11.5
-0.134 -12.0
-0.13376 -12.5
-0.13351 -12.9
-0.13327 -13.3
-0.13303 -13.7
-0.13278 -14.0
-0.13254 -14.4
-0.13229 -14.7
-0.13205 -14.9
-0.13181 -15.2
-0.13156 -15.4
-0.13132 -15.6
-0.13107 -15.8
-0.13083 -15.9
-0.13058 -16.0
-0.13034 -16.0
-0.1301 -16.1
-0.12985 -16.1
-0.12961 -16.1
-0.12936 -16.0
-0.12912 -15.9
-0.12888 -15.8
-0.12863 -15.6
-0.12839 -15.4
-0.12814 -15.2
-0.1279 -15.0
-0.12766 -14.7
-0.12741 -14.4
-0.12717 -14.1
-0.12692 -13.7
-0.12668 -13.3
-0.12643 -12.9
-0.12619 -12.4
-0.12595 -12.0
-0.1257 -11.5
-0.12546 -11.0
-0.12521 -10.4
-0.12497 -9.9
-0.12473 -9.3
-0.12448 -8.7
-0.12424 -8.0
-0.12399 -7.4
-0.12375 -6.7
-0.1235 -6.1
-0.12326 -5.4
-0.12302 -4.7
-0.12277 -4.0
-0.12253 -3.3
-0.12228 -2.6
-0.12204 -1.8
-0.1218 -1.1
-0.12155 -0.4
-0.12131 0.4
-0.12106 1.1
-0.12082 1.9
-0.12057 2.6
-0.12033 3.3
-0.12009 4.1
-0.11984 4.8
-0.1196 5.5
-0.11935 6.2
-0.11911 6.9
-0.11887 7.5
-0.11862 8.2
-0.11838 8.9
-0.11813 9.5
-0.11789 10.1
-0.11765 10.7
-0.1174 11.2
-0.11716 11.8
-0.11691 12.3
-0.11667 12.8
-0.11642 13.3
-0.11618 13.7
-0.11594 14.1
-0.11569 14.5
-0.11545 14.9
-0.1152 15.2
-0.11496 15.5
-0.11472 15.7
-0.11447 16.0
-0.11423 16.2
-0.11398 16.3
-0.11374 16.4
-0.11349 16.5
-0.11325 16.6
-0.11301 16.6
-0.11276 16.6
-0.11252 16.5
-0.11227 16.4
-0.11203 16.3
-0.11179 16.2
-0.11154 16.0
-0.1113 15.7
-0.11105 15.5
-0.11081 15.2
-0.11057 14.8
-0.11032 14.5
-0.11008 14.1
-0.10983 13.6
-0.10959 13.2
-0.10934 12.7
-0.1091 12.2
-0.10886 11.6
-0.10861 11.0
-0.10837 10.4
-0.10812 9.8
-0.10788 9.2
-0.10764 8.5
-0.10739 7.8
-0.10715 7.1
-0.1069 6.4
-0.10666 5.7
-0.10641 4.9
-0.10617 4.1
-0.10593 3.4
-0.10568 2.6
-0.10544 1.8
-0.10519 1.0
-0.10495 0.2
-0.10471 -0.6
-0.10446 -1.4
-0.10422 -2.2
-0.10397 -3.0
-0.10373 -3.8
-0.10349 -4.6
-0.10324 -5.4
-0.103 -6.1
-0.10275 -6.9
-0.10251 -7.6
-0.10226 -8.4
-0.10202 -9.1
-0.10178 -9.8
-0.10153 -10.4
-0.10129 -11.1
-0.10104 -11.7
-0.1008 -12.3
-0.10056 -12.8
-0.10031 -13.4
-0.10007 -13.9
-0.09982 -14.3
-0.09958 -14.8
-0.09933 -15.2
-0.09909 -15.6
-0.09885 -15.9
-0.0986 -16.2
-0.09836 -16.5
-0.09811 -16.7
-0.09787 -16.9
-0.09763 -17.0
-0.09738 -17.1
-0.09714 -17.2
-0.09689 -17.2
-0.09665 -17.2
-0.09641 -17.1
-0.09616 -17.0
-0.09592 -16.9
-0.09567 -16.7
-0.09543 -16.5
-0.09518 -16.2
-0.09494 -15.9
-0.0947 -15.6
-0.09445 -15.2
-0.09421 -14.8
-0.09396 -14.3
-0.09372 -13.8
-0.09348 -13.3
-0.09323 -12.7
-0.09299 -12.1
-0.09274 -11.5
-0.0925 -10.9
-0.09225 -10.2
-0.09201 -9.5
-0.09177 -8.7
-0.09152 -8.0
-0.09128 -7.2
-0.09103 -6.4
-0.09079 -5.6
-0.09055 -4.8
-0.0903 -3.9
-0.09006 -3.1
-0.08981 -2.2
-0.08957 -1.3
-0.08932 -0.5
-0.08908 0.4
-0.08884 1.3
-0.08859 2.2
-0.08835 3.1
-0.0881 3.9
-0.08786 4.8
-0.08762 5.6
-0.08737 6.5
-0.08713 7.3
-0.08688 8.1
-0.08664 8.9
-0.0864 9.7
-0.08615 10.4
-0.08591 11.1
-0.08566 11.8
-0.08542 12.5
-0.08517 13.1
-0.08493 13.7
-0.08469 14.3
-0.08444 14.8
-0.0842 15.3
-0.08395 15.8
-0.08371 16.2
-0.08347 16.5
-0.08322 16.9
-0.08298 17.2
-0.08273 17.4
-0.08249 17.6
-0.08224 17.7
-0.082 17.8
-0.08176 17.9
-0.08151 17.9
-0.08127 17.8
-0.08102 17.7
-0.08078 17.6
-0.08054 17.4
-0.08029 17.2
-0.08005 16.9
-0.0798 16.6
-0.07956 16.2
-0.07932 15.8
-0.07907 15.3
-0.07883 14.8
-0.07858 14.2
-0.07834 13.6
-0.07809 13.0
-0.07785 12.3
-0.07761 11.6
-0.07736 10.9
-0.07712 10.1
-0.07687 9.3
-0.07663 8.5
-0.07639 7.6
-0.07614 6.8
-0.0759 5.9
-0.07565 4.9
-0.07541 4.0
-0.07516 3.1
-0.07492 2.1
-0.07468 1.1
-0.07443 0.2
-0.07419 -0.8
-0.07394 -1.8
-0.0737 -2.8
-0.07346 -3.7
-0.07321 -4.7
-0.07297 -5.7
-0.07272 -6.6
-0.07248 -7.5
-0.07224 -8.4
-0.07199 -9.3
-0.07175 -10.2
-0.0715 -11.0
-0.07126 -11.8
-0.07101 -12.5
-0.07077 -13.3
-0.07053 -14.0
-0.07028 -14.6
-0.07004 -15.2
-0.06979 -15.8
-0.06955 -16.3
-0.06931 -16.8
-0.06906 -17.2
-0.06882 -17.6
-0.06857 -17.9
-0.06833 -18.2
-0.06808 -18.4
-0.06784 -18.6
-0.0676 -18.7
-0.06735 -18.7
-0.06711 -18.7
-0.06686 -18.6
-0.06662 -18.5
-0.06638 -18.3
-0.06613 -18.1
-0.06589 -17.8
-0.06564 -17.4
-0.0654 -17.0
-0.06516 -16.5
-0.06491 -16.0
-0.06467 -15.5
-0.06442 -14.8
-0.06418 -14.2
-0.06393 -13.4
-0.06369 -12.7
-0.06345 -11.9
-0.0632 -11.0
-0.06296 -10.1
-0.06271 -9.2
-0.06247 -8.3
-0.06223 -7.3
-0.06198 -6.3
-0.06174 -5.3
-0.06149 -4.2
-0.06125 -3.1
-0.061 -2.0
-0.06076 -1.0
-0.06052 0.1
-0.06027 1.3
-0.06003 2.4
-0.05978 3.5
-0.05954 4.5
-0.0593 5.6
-0.05905 6.7
-0.05881 7.7
-0.05856 8.8
-0.05832 9.8
-0.05807 10.7
-0.05783 11.7
-0.05759 12.6
-0.05734 13.4
-0.0571 14.2
-0.05685 15.0
-0.05661 15.7
-0.05637 16.4
-0.05612 17.0
-0.05588 17.6
-0.05563 18.1
-0.05539 18.5
-0.05515 18.9
-0.0549 19.2
-0.05466 19.4
-0.05441 19.6
-0.05417 19.7
-0.05392 19.7
-0.05368 19.7
-0.05344 19.6
-0.05319 19.4
-0.05295 19.1
-0.0527 18.8
-0.05246 18.4
-0.05222 17.9
-0.05197 17.4
-0.05173 16.8
-0.05148 16.2
-0.05124 15.4
-0.05099 14.7
-0.05075 13.8
-0.05051 12.9
-0.05026 12.0
-0.05002 11.0
-0.04977 9.9
-0.04953 8.8
-0.04929 7.7
-0.04904 6.6
-0.0488 5.4
-0.04855 4.2
-0.04831 2.9
-0.04807 1.7
-0.04782 0.4
-0.04758 -0.9
-0.04733 -2.1
-0.04709 -3.4
-0.04684 -4.7
-0.0466 -5.9
-0.04636 -7.1
-0.04611 -8.4
-0.04587 -9.5
-0.04562 -10.7
-0.04538 -11.8
-0.04514 -12.9
-0.04489 -13.9
-0.04465 -14.8
-0.0444 -15.7
-0.04416 -16.6
-0.04391 -17.4
-0.04367 -18.1
-0.04343 -18.7
-0.04318 -19.3
-0.04294 -19.8
-0.04269 -20.2
-0.04245 -20.5
-0.04221 -20.7
-0.04196 -20.9
-0.04172 -21.0
-0.04147 -20.9
-0.04123 -20.8
-0.04099 -20.6
-0.04074 -20.3
-0.0405 -19.9
-0.04025 -19.4
-0.04001 -18.8
-0.03976 -18.2
-0.03952 -17.4
-0.03928 -16.6
-0.03903 -15.7
-0.03879 -14.7
-0.03854 -13.7
-0.0383 -12.5
-0.03806 -11.3
-0.03781 -10.1
-0.03757 -8.8
-0.03732 -7.5
-0.03708 -6.1
-0.03683 -4.6
-0.03659 -3.2
-0.03635 -1.7
-0.0361 -0.2
-0.03586 1.3
-0.03561 2.8
-0.03537 4.3
-0.03513 5.8
-0.03488 7.3
-0.03464 8.7
-0.03439 10.1
-0.03415 11.5
-0.03391 12.8
-0.03366 14.1
-0.03342 15.3
-0.03317 16.4
-0.03293 17.4
-0.03268 18.4
-0.03244 19.3
-0.0322 20.1
-0.03195 20.8
-0.03171 21.3
-0.03146 21.8
-0.03122 22.2
-0.03098 22.4
-0.03073 22.5
-0.03049 22.6
-0.03024 22.4
-0.03 22.2
-0.02975 21.8
-0.02951 21.3
-0.02927 20.7
-0.02902 20.0
-0.02878 19.1
-0.02853 18.2
-0.02829 17.1
-0.02805 15.9
-0.0278 14.6
-0.02756 13.3
-0.02731 11.8
-0.02707 10.3
-0.02682 8.6
-0.02658 7.0
-0.02634 5.2
-0.02609 3.5
-0.02585 1.6
-0.0256 -0.2
-0.02536 -2.1
-0.02512 -3.9
-0.02487 -5.8
-0.02463 -7.6
-0.02438 -9.4
-0.02414 -11.1
-0.0239 -12.8
-0.02365 -14.4
-0.02341 -16.0
-0.02316 -17.4
-0.02292 -18.8
-0.02267 -20.0
-0.02243 -21.1
-0.02219 -22.1
-0.02194 -22.9
-0.0217 -23.6
-0.02145 -24.1
-0.02121 -24.5
-0.02097 -24.7
-0.02072 -24.7
-0.02048 -24.5
-0.02023 -24.2
-0.01999 -23.7
-0.01974 -22.9
-0.0195 -22.1
-0.01926 -21.0
-0.01901 -19.8
-0.01877 -18.4
-0.01852 -16.8
-0.01828 -15.1
-0.01804 -13.3
-0.01779 -11.3
-0.01755 -9.3
-0.0173 -7.1
-0.01706 -4.8
-0.01682 -2.5
-0.01657 -0.1
-0.01633 2.3
-0.01608 4.7
-0.01584 7.1
-0.01559 9.4
-0.01535 11.7
-0.01511 14.0
-0.01486 16.1
-0.01462 18.1
-0.01437 20.0
-0.01413 21.7
-0.01389 23.2
-0.01364 24.6
-0.0134 25.7
-0.01315 26.5
-0.01291 27.2
-0.01266 27.5
-0.01242 27.6
-0.01218 27.4
-0.01193 26.9
-0.01169 26.1
-0.01144 25.0
-0.0112 23.6
-0.01096 21.9
-0.01071 20.0
-0.01047 17.8
-0.01022 15.4
-0.00998 12.7
-0.00974 9.9
-0.00949 6.8
-0.00925 3.7
-0.009 0.4
-0.00876 -2.9
-0.00851 -6.3
-0.00827 -9.6
-0.00803 -12.9
-0.00778 -16.0
-0.00754 -19.0
-0.00729 -21.8
-0.00705 -24.3
-0.00681 -26.5
-0.00656 -28.4
-0.00632 -29.8
-0.00607 -30.8
-0.00583 -31.4
-0.00558 -31.4
-0.00534 -30.9
-0.0051 -29.9
-0.00485 -28.3
-0.00461 -26.2
-0.00436 -23.5
-0.00412 -20.3
-0.00388 -16.7
-0.00363 -12.6
-0.00339 -8.2
-0.00314 -3.5
-0.0029 1.4
-0.00266 6.5
-0.00241 11.5
-0.00217 16.4
-0.00192 21.0
-0.00168 25.2
-0.00143 28.8
-0.00119 31.8
-0.00095 33.9
-0.0007 35.0
-0.00046 35.1
-0.00021 34.0
3e-05 31.7
0.00027 28.2
0.00052 23.6
0.00076 18.0
0.00101 11.6
0.00125 4.7
0.0015 -2.5
0.00174 -9.6
0.00198 -16.2
0.00223 -22.0
0.00247 -26.7
0.00272 -30.0
0.00296 -31.7
0.0032 -31.6
0.00345 -29.8
0.00369 -26.4
0.00394 -21.6
0.00418 -15.7
0.00443 -9.2
0.00467 -2.3
0.00491 4.4
0.00516 10.5
0.0054 15.6
0.00565 19.4
0.00589 21.8
0.00613 22.5
0.00638 21.8
0.00662 19.6
0.00687 16.3
0.00711 12.1
0.00735 7.3
0.0076 2.4
0.00784 -2.3
0.00809 -6.5
0.00833 -9.9
0.00858 -12.3
0.00882 -13.7
0.00906 -13.9
0.00931 -13.1
0.00955 -11.4
0.0098 -9.0
0.01004 -6.2
0.01028 -3.1
0.01053 0.0
0.01077 2.7
0.01102 5.0
0.01126 6.8
0.01151 7.9
0.01175 8.3
0.01199 8.0
0.01224 7.1
0.01248 5.8
0.01273 4.1
0.01297 2.3
0.01321 0.4
0.01346 -1.3
0.0137 -2.8
0.01395 -3.9
0.01419 -4.6
0.01443 -4.9
0.01468 -4.8
0.01492 -4.3
0.01517 -3.5
0.01541 -2.5
0.01566 -1.4
0.0159 -0.3
0.01614 0.7
0.01639 1.6
0.01663 2.3
0.01688 2.7
0.01712 2.9
0.01736 2.9
0.01761 2.6
0.01785 2.1
0.0181 1.5
0.01834 0.9
0.01859 0.2
0.01883 -0.4
0.01907 -0.9
0.01932 -1.4
0.01956 -1.6
0.01981 -1.7
0.02005 -1.7
0.02029 -1.5
0.02054 -1.3
0.02078 -0.9
0.02103 -0.5
0.02127 -0.1
0.02151 0.2
0.02176 0.6
0.022 0.8
0.02225 1.0
0.02249 1.1
0.02274 1.0
0.02298 0.9
0.02322 0.8
0.02347 0.6
0.02371 0.3
0.02396 0.0
0.0242 -0.1
0.02444 -0.3
0.02469 -0.5
0.02493 -0.6
0.02518 -0.6
0.02542 -0.6
0.02567 -0.6
0.02591 -0.5
0.02615 -0.3
0.0264 -0.2
0.02664 0.0
0.02689 0.0
0.02713 0.2
0.02737 0.3
0.02762 0.4
0.02786 0.4
0.02811 0.4
0.02835 0.3
0.02859 0.3
0.02884 0.2
0.02908 0.1
0.02933 0.0
0.02957 0.0
0.02982 -0.1
0.03006 -0.2
0.0303 -0.2
0.03055 -0.2
0.03079 -0.2
0.03104 -0.2
0.03128 -0.2
0.03152 -0.1
0.03177 0.0
0.03201 0.0
0.03226 0.0
0.0325 0.0
0.03275 0.1
0.03299 0.1
0.03323 0.1
0.03348 0.1
0.03372 0.1
0.03397 0.1
0.03421 0.0
0.03445 0.0
0.0347 0.0
0.03494 0.0
0.03519 0.0
0.03543 0.0
0.03568 0.0
0.03592 0.0
0.03616 0.0
0.03641 0.0
0.03665 0.0
0.0369 0.0
0.03714 0.0
0.03738 0.0
0.03763 0.0
0.03787 0.0
0.03812 0.0
0.03836 0.0
0.0386 0.0
0.03885 0.0
0.03909 0.0
0.03934 0.0
0.03958 0.0
0.03983 0.0
0.04007 0.0
0.04031 0.0
0.04056 0.0
0.0408 0.0
0.04105 0.0
0.04129 0.0
0.04153 0.0
0.04178 0.0
0.04202 0.0
0.04227 0.0
0.04251 0.0
0.04276 0.0
0.043 0.0
0.04324 0.0
0.04349 0.0
0.04373 0.0
0.04398 0.0
0.04422 0.0
0.04446 0.0
0.04471 0.0
0.04495 0.0
0.0452 0.0
0.04544 0.0
0.04568 0.0
0.04593 0.0
0.04617 0.0
0.04642 0.0
0.04666 0.0
0.04691 0.0
0.04715 0.0
0.04739 0.0
0.04764 0.0
0.04788 0.0
0.04813 0.0
0.04837 0.0
0.04861 0.0
0.04886 0.0
0.0491 0.0
0.04935 0.0
0.04959 0.0
0.04984 0.0
0.05008 0.0
0.05032 0.0
0.05057 0.0
0.05081 0.0
0.05106 0.0
0.0513 0.0
0.05154 0.0
0.05179 0.0
0.05203 0.0
0.05228 0.0
0.05252 0.0
0.05276 0.0
0.05301 0.0
0.05325 0.0
0.0535 0.0
0.05374 0.0
0.05399 0.0
0.05423 0.0
0.05447 0.0
0.05472 0.0
0.05496 0.0
0.05521 0.0
0.05545 0.0
0.05569 0.0
0.05594 0.0
0.05618 0.0
0.05643 0.0
0.05667 0.0
0.05692 0.0
0.05716 0.0
0.0574 0.0
0.05765 0.0
0.05789 0.0
0.05814 0.0
0.05838 0.0
0.05862 0.0
0.05887 0.0
0.05911 0.0
0.05936 0.0
0.0596 0.0
0.05984 0.0
0.06009 0.0
0.06033 0.0
0.06058 0.0
0.06082 0.0
0.06107 0.0
0.06131 0.0
0.06155 0.0
0.0618 0.0
0.06204 0.0
0.06229 0.0
0.06253 0.0
0.06277 0.0
0.06302 0.0
0.06326 0.0
0.06351 0.0
0.06375 0.0
0.064 0.0
0.06424 0.0
0.06448 0.0
0.06473 0.0
0.06497 0.0
0.06522 0.0
0.06546 0.0
0.0657 0.0
0.06595 0.0
0.06619 0.0
0.06644 0.0
0.06668 0.0
0.06693 0.0
0.06717 0.0
0.06741 0.0
0.06766 0.0
0.0679 0.0
0.06815 0.0
0.06839 0.0
0.06863 0.0
0.06888 0.0
0.06912 0.0
0.06937 0.0
0.06961 0.0
0.06985 0.0
0.0701 0.0
0.07034 0.0
0.07059 0.0
0.07083 0.0
0.07108 0.0
0.07132 0.0
0.07156 0.0
0.07181 0.0
0.07205 0.0
0.0723 0.0
0.07254 0.0
0.07278 0.0
0.07303 0.0
0.07327 0.0
0.07352 0.0
0.07376 0.0
0.07401 0.0
0.07425 0.0
0.07449 0.0
0.07474 0.0
0.07498 0.0
0.07523 0.0
0.07547 0.0
0.07571 0.0
0.07596 0.0
0.0762 0.0
0.07645 0.0
0.07669 0.0
0.07693 0.0
0.07718 0.0
0.07742 0.0
0.07767 0.0
0.07791 0.0
0.07816 0.0
0.0784 0.0
0.07864 0.0
0.07889 0.0
0.07913 0.0
0.07938 0.0
0.07962 0.0
0.07986 0.0
0.08011 0.0
0.08035 0.0
0.0806 0.0
0.08084 0.0
0.08109 0.0
0.08133 0.0
0.08157 0.0
0.08182 0.0
0.08206 0.0
0.08231 0.0
0.08255 0.0
0.08279 0.0
0.08304 0.0
0.08328 0.0
0.08353 0.0
0.08377 0.0
0.08401 0.0
0.08426 0.0
0.0845 0.0
0.08475 0.0
0.08499 0.0
0.08524 0.0
0.08548 0.0
0.08572 0.0
0.08597 0.0
0.08621 0.0
0.08646 0.0
0.0867 0.0
0.08694 0.0
0.08719 0.0
0.08743 0.0
0.08768 0.0
0.08792 0.0
0.08817 0.0
0.08841 0.0
0.08865 0.0
0.0889 0.0
0.08914 0.0
0.08939 0.0
0.08963 0.0
0.08987 0.0
0.09012 0.0
0.09036 0.0
0.09061 0.0
0.09085 0.0
0.09109 0.0
0.09134 0.0
0.09158 0.0
0.09183 0.0
0.09207 0.0
0.09232 0.0
0.09256 0.0
0.0928 0.0
0.09305 0.0
0.09329 0.0
0.09354 0.0
0.09378 0.0
0.09402 0.0
0.09427 0.0
0.09451 0.0
0.09476 0.0
0.095 0.0
0.09525 0.0
0.09549 0.0
0.09573 0.0
0.09598 0.0
0.09622 0.0
0.09647 0.0
0.09671 0.0
0.09695 0.0
0.0972 0.0
0.09744 0.0
0.09769 0.0
0.09793 0.0
0.09818 0.0
0.09842 0.0
0.09866 0.0
0.09891 0.0
0.09915 0.0
0.0994 0.0
0.09964 0.0
0.09988 0.0
0.10013 0.0
0.10037 0.0
0.10062 0.0
0.10086 0.0
0.1011 0.0
0.10135 0.0
0.10159 0.0
0.10184 0.0
0.10208 0.0
0.10233 0.0
0.10257 0.0
0.10281 0.0
0.10306 0.0
0.1033 0.0
0.10355 0.0
0.10379 0.0
0.10403 0.0
0.10428 0.0
0.10452 0.0
0.10477 0.0
0.10501 0.0
0.10526 0.0
0.1055 0.0
0.10574 0.0
0.10599 0.0
0.10623 0.0
0.10648 0.0
0.10672 0.0
0.10696 0.0
0.10721 0.0
0.10745 0.0
0.1077 0.0
0.10794 0.0
0.10818 0.0
0.10843 0.0
0.10867 0.0
0.10892 0.0
0.10916 0.0
0.10941 0.0
0.10965 0.0
0.10989 0.0
0.11014 0.0
0.11038 0.0
0.11063 0.0
0.11087 0.0
0.11111 0.0
0.11136 0.0
0.1116 0.0
0.11185 0.0
0.11209 0.0
0.11234 0.0
0.11258 0.0
0.11282 0.0
0.11307 0.0
0.11331 0.0
0.11356 0.0
0.1138 0.0
0.11404 0.0
0.11429 0.0
0.11453 0.0
0.11478 0.0
0.11502 0.0
0.11526 0.0
0.11551 0.0
0.11575 0.0
0.116 0.0
0.11624 0.0
0.11649 0.0
0.11673 0.0
0.11697 0.0
0.11722 0.0
0.11746 0.0
0.11771 0.0
0.11795 0.0
0.11819 0.0
0.11844 0.0
0.11868 0.0
0.11893 0.0
0.11917 0.0
0.11942 0.0
0.11966 0.0
0.1199 0.0
0.12015 0.0
0.12039 0.0
0.12064 0.0
0.12088 0.0
0.12112 0.0
0.12137 0.0
0.12161 0.0
0.12186 0.0
0.1221 0.0
0.12234 0.0
0.12259 0.0
0.12283 0.0
0.12308 0.0
0.12332 0.0
0.12357 0.0
0.12381 0.0
0.12405 0.0
0.1243 0.0
0.12454 0.0
0.12479 0.0
0.12503 0.0
0.12527 0.0
0.12552 0.0
0.12576 0.0
0.12601 0.0
0.12625 0.0
0.1265 0.0
0.12674 0.0
0.12698 0.0
0.12723 0.0
0.12747 0.0
0.12772 0.0
0.12796 0.0
0.1282 0.0
0.12845 0.0
0.12869 0.0
0.12894 0.0
0.12918 0.0
0.12943 0.0
0.12967 0.0
0.12991 0.0
0.13016 0.0
0.1304 0.0
0.13065 0.0
0.13089 0.0
0.13113 0.0
0.13138 0.0
0.13162 0.0
0.13187 0.0
0.13211 0.0
0.13235 0.0
0.1326 0.0
0.13284 0.0
0.13309 0.0
0.13333 0.0
0.13358 0.0
0.13382 0.0
0.13406 0.0
0.13431 0.0
0.13455 0.0
0.1348 0.0
0.13504 0.0
0.13528 0.0
0.13553 0.0
0.13577 0.0
0.13602 0.0
0.13626 0.0
0.13651 0.0
0.13675 0.0
0.13699 0.0
0.13724 0.0
0.13748 0.0
0.13773 0.0
0.13797 0.0
0.13821 0.0
0.13846 0.0
0.1387 0.0
0.13895 0.0
0.13919 0.0
0.13943 0.0
0.13968 0.0
0.13992 0.0
0.14017 0.0
0.14041 0.0
0.14066 0.0
0.1409 0.0
0.14114 0.0
0.14139 0.0
0.14163 0.0
0.14188 0.0
0.14212 0.0
0.14236 0.0
0.14261 0.0
0.14285 0.0
0.1431 0.0
0.14334 0.0
0.14359 0.0
0.14383 0.0
0.14407 0.0
0.14432 0.0
0.14456 0.0
0.14481 0.0
0.14505 0.0
0.14529 0.0
0.14554 0.0
0.14578 0.0
0.14603 0.0
0.14627 0.0
0.14651 0.0
0.14676 0.0
0.147 0.0
0.14725 0.0
0.14749 0.0
0.14774 0.0
0.14798 0.0
0.14822 0.0
0.14847 0.0
0.14871 0.0
0.14896 0.0
0.1492 0.0
0.14944 0.0
0.14969 0.0
0.14993 0.0
0.15018 0.0
0.15042 0.0
0.15067 0.0
0.15091 0.0
0.15115 0.0
0.1514 0.0
0.15164 0.0
0.15189 0.0
0.15213 0.0
0.15237 0.0
0.15262 0.0
0.15286 0.0
0.15311 0.0
0.15335 0.0
0.15359 0.0
0.15384 0.0
0.15408 0.0
0.15433 0.0
0.15457 0.0
0.15482 0.0
0.15506 0.0
0.1553 0.0
0.15555 0.0
0.15579 0.0
0.15604 0.0
0.15628 0.0
0.15652 0.0
0.15677 0.0
0.15701 0.0
0.15726 0.0
0.1575 0.0
0.15775 0.0
0.15799 0.0
0.15823 0.0
0.15848 0.0
0.15872 0.0
0.15897 0.0
0.15921 0.0
0.15945 0.0
0.1597 0.0
0.15994 0.0
0.16019 0.0
0.16043 0.0
0.16068 0.0
0.16092 0.0
0.16116 0.0
0.16141 0.0
0.16165 0.0
0.1619 0.0
0.16214 0.0
0.16238 0.0
0.16263 0.0
0.16287 0.0
0.16312 0.0
0.16336 0.0
0.1636 0.0
0.16385 0.0
0.16409 0.0
0.16434 0.0
0.16458 0.0
0.16483 0.0
0.16507 0.0
0.16531 0.0
0.16556 0.0
0.1658 0.0
0.16605 0.0
0.16629 0.0
0.16653 0.0
0.16678 0.0
0.16702 0.0
0.16727 0.0
0.16751 0.0
0.16776 0.0
0.168 0.0
0.16824 0.0
0.16849 0.0
0.16873 0.0
0.16898 0.0
0.16922 0.0
0.16946 0.0
0.16971 0.0
0.16995 0.0
0.1702 0.0
0.17044 0.0
0.17068 0.0
0.17093 0.0
0.17117 0.0
0.17142 0.0
0.17166 0.0
0.17191 0.0
0.17215 0.0
0.17239 0.0
0.17264 0.0
0.17288 0.0
0.17313 0.0
0.17337 0.0
0.17361 0.0
0.17386 0.0
0.1741 0.0
0.17435 0.0
0.17459 0.0
0.17484 0.0
0.17508 0.0
0.17532 0.0
0.17557 0.0
0.17581 0.0
0.17606 0.0
0.1763 0.0
0.17654 0.0
0.17679 0.0
0.17703 0.0
0.17728 0.0
0.17752 0.0
0.17776 0.0
0.17801 0.0
0.17825 0.0
0.1785 0.0
0.17874 0.0
0.17899 0.0
0.17923 0.0
0.17947 0.0
0.17972 0.0
0.17996 0.0
0.18021 0.0
0.18045 0.0
0.18069 0.0
0.18094 0.0
0.18118 0.0
0.18143 0.0
0.18167 0.0
0.18192 0.0
0.18216 0.0
0.1824 0.0
0.18265 0.0
0.18289 0.0
0.18314 0.0
0.18338 0.0
0.18362 0.0
0.18387 0.0
0.18411 0.0
0.18436 0.0
0.1846 0.0
0.18484 0.0
0.18509 0.0
0.18533 0.0
0.18558 0.0
0.18582 0.0
0.18607 0.0
0.18631 0.0
0.18655 0.0
0.1868 0.0
0.18704 0.0
0.18729 0.0
0.18753 0.0
0.18777 0.0
0.18802 0.0
0.18826 0.0
0.18851 0.0
0.18875 0.0
0.189 0.0
0.18924 0.0
0.18948 0.0
0.18973 0.0
0.18997 0.0
0.19022 0.0
0.19046 0.0
0.1907 0.0
0.19095 0.0
0.19119 0.0
0.19144 0.0
0.19168 0.0
0.19193 0.0
0.19217 0.0
0.19241 0.0
0.19266 0.0
0.1929 0.0
0.19315 0.0
0.19339 0.0
0.19363 0.0
0.19388 0.0
0.19412 0.0
0.19437 0.0
0.19461 0.0
0.19485 0.0
0.1951 0.0
0.19534 0.0
0.19559 0.0
0.19583 0.0
0.19608 0.0
0.19632 0.0
0.19656 0.0
0.19681 0.0
0.19705 0.0
0.1973 0.0
0.19754 0.0
0.19778 0.0
0.19803 0.0
0.19827 0.0
0.19852 0.0
0.19876 0.0
0.19901 0.0
0.19925 0.0
0.19949 0.0
0.19974 0.0
0.19998 0.0
0.20023 0.0
0.20047 0.0
0.20071 0.0
0.20096 0.0
0.2012 0.0
0.20145 0.0
0.20169 0.0
0.20193 0.0
0.20218 0.0
0.20242 0.0
0.20267 0.0
0.20291 0.0
0.20316 0.0
0.2034 0.0
0.20364 0.0
0.20389 0.0
0.20413 0.0
0.20438 0.0
0.20462 0.0
0.20486 0.0
0.20511 0.0
0.20535 0.0
0.2056 0.0
0.20584 0.0
0.20609 0.0
0.20633 0.0
0.20657 0.0
0.20682 0.0
0.20706 0.0
0.20731 0.0
0.20755 0.0
0.20779 0.0
0.20804 0.0
0.20828 0.0
0.20853 0.0
0.20877 0.0
0.20901 0.0
0.20926 0.0
0.2095 0.0
0.20975 0.0
0.20999 0.0
0.21024 0.0
0.21048 0.0
0.21072 0.0
0.21097 0.0
0.21121 0.0
0.21146 0.0
0.2117 0.0
0.21194 0.0
0.21219 0.0
0.21243 0.0
0.21268 0.0
0.21292 0.0
0.21317 0.0
0.21341 0.0
