t strain*1e23
-0.85207 -6.3
-0.85183 -6.2
-0.85159 -6.2
-0.85134 -6.1
-0.8511 -6.0
-0.85085 -5.9
-0.85061 -5.8
-0.85036 -5.7
-0.85012 -5.6
-0.84988 -5.5
-0.84963 -5.3
-0.84939 -5.2
-0.84914 -5.1
-0.8489 -4.9
-0.84866 -4.8
-0.84841 -4.6
-0.84817 -4.4
-0.84792 -4.2
-0.84768 -4.0
-0.84743 -3.8
-0.84719 -3.7
-0.84695 -3.4
-0.8467 -3.2
-0.84646 -3.0
-0.84621 -2.8
-0.84597 -2.6
-0.84573 -2.4
-0.84548 -2.1
-0.84524 -1.9
-0.84499 -1.7
-0.84475 -1.4
-0.84451 -1.2
-0.84426 -0.9
-0.84402 -0.7
-0.84377 -0.4
-0.84353 -0.2
-0.84328 0.0
-0.84304 0.3
-0.8428 0.5
-0.84255 0.8
-0.84231 1.0
-0.84206 1.3
-0.84182 1.5
-0.84158 1.8
-0.84133 2.0
-0.84109 2.2
-0.84084 2.5
-0.8406 2.7
-0.84035 2.9
-0.84011 3.1
-0.83987 3.3
-0.83962 3.5
-0.83938 3.7
-0.83913 3.9
-0.83889 4.1
-0.83865 4.3
-0.8384 4.5
-0.83816 4.7
-0.83791 4.8
-0.83767 5.0
-0.83743 5.1
-0.83718 5.3
-0.83694 5.4
-0.83669 5.6
-0.83645 5.7
-0.8362 5.8
-0.83596 5.9
-0.83572 6.0
-0.83547 6.1
-0.83523 6.1
-0.83498 6.2
-0.83474 6.3
-0.8345 6.3
-0.83425 6.4
-0.83401 6.4
-0.83376 6.4
-0.83352 6.4
-0.83327 6.4
-0.83303 6.4
-0.83279 6.4
-0.83254 6.4
-0.8323 6.3
-0.83205 6.3
-0.83181 6.2
-0.83157 6.2
-0.83132 6.1
-0.83108 6.0
-0.83083 5.9
-0.83059 5.8
-0.83035 5.7
-0.8301 5.6
-0.82986 5.4
-0.82961 5.3
-0.82937 5.2
-0.82912 5.0
-0.82888 4.8
-0.82864 4.7
-0.82839 4.5
-0.82815 4.3
-0.8279 4.1
-0.82766 3.9
-0.82742 3.8
-0.82717 3.5
-0.82693 3.3
-0.82668 3.1
-0.82644 2.9
-0.82619 2.7
-0.82595 2.4
-0.82571 2.2
-0.82546 2.0
-0.82522 1.7
-0.82497 1.5
-0.82473 1.3
-0.82449 1.0
-0.82424 0.8
-0.824 0.5
-0.82375 0.3
-0.82351 0.0
-0.82327 -0.2
-0.82302 -0.5
-0.82278 -0.7
-0.82253 -1.0
-0.82229 -1.2
-0.82204 -1.5
-0.8218 -1.7
-0.82156 -2.0
-0.82131 -2.2
-0.82107 -2.4
-0.82082 -2.7
-0.82058 -2.9
-0.82034 -3.1
-0.82009 -3.3
-0.81985 -3.5
-0.8196 -3.7
-0.81936 -3.9
-0.81911 -4.1
-0.81887 -4.3
-0.81863 -4.5
-0.81838 -4.7
-0.81814 -4.9
-0.81789 -5.0
-0.81765 -5.2
-0.81741 -5.3
-0.81716 -5.5
-0.81692 -5.6
-0.81667 -5.7
-0.81643 -5.8
-0.81618 -5.9
-0.81594 -6.0
-0.8157 -6.1
-0.81545 -6.2
-0.81521 -6.2
-0.81496 -6.3
-0.81472 -6.4
-0.81448 -6.4
-0.81423 -6.4
-0.81399 -6.4
-0.81374 -6.4
-0.8135 -6.4
-0.81326 -6.4
-0.81301 -6.4
-0.81277 -6.4
-0.81252 -6.4
-0.81228 -6.3
-0.81203 -6.2
-0.81179 -6.2
-0.81155 -6.1
-0.8113 -6.0
-0.81106 -5.9
-0.81081 -5.8
-0.81057 -5.7
-0.81033 -5.6
-0.81008 -5.4
-0.80984 -5.3
-0.80959 -5.2
-0.80935 -5.0
-0.8091 -4.8
-0.80886 -4.7
-0.80862 -4.5
-0.80837 -4.3
-0.80813 -4.1
-0.80788 -3.9
-0.80764 -3.7
-0.8074 -3.5
-0.80715 -3.3
-0.80691 -3.1
-0.80666 -2.8
-0.80642 -2.6
-0.80618 -2.4
-0.80593 -2.1
-0.80569 -1.9
-0.80544 -1.7
-0.8052 -1.4
-0.80495 -1.2
-0.80471 -0.9
-0.80447 -0.7
-0.80422 -0.4
-0.80398 -0.2
-0.80373 0.0
-0.80349 0.3
-0.80325 0.6
-0.803 0.8
-0.80276 1.1
-0.80251 1.3
-0.80227 1.6
-0.80202 1.8
-0.80178 2.1
-0.80154 2.3
-0.80129 2.6
-0.80105 2.8
-0.8008 3.0
-0.80056 3.2
-0.80032 3.5
-0.80007 3.7
-0.79983 3.9
-0.79958 4.1
-0.79934 4.3
-0.7991 4.5
-0.79885 4.6
-0.79861 4.8
-0.79836 5.0
-0.79812 5.1
-0.79787 5.3
-0.79763 5.4
-0.79739 5.6
-0.79714 5.7
-0.7969 5.8
-0.79665 5.9
-0.79641 6.0
-0.79617 6.1
-0.79592 6.2
-0.79568 6.3
-0.79543 6.3
-0.79519 6.4
-0.79494 6.4
-0.7947 6.4
-0.79446 6.5
-0.79421 6.5
-0.79397 6.5
-0.79372 6.5
-0.79348 6.5
-0.79324 6.4
-0.79299 6.4
-0.79275 6.3
-0.7925 6.3
-0.79226 6.2
-0.79202 6.1
-0.79177 6.1
-0.79153 6.0
-0.79128 5.9
-0.79104 5.7
-0.79079 5.6
-0.79055 5.5
-0.79031 5.4
-0.79006 5.2
-0.78982 5.0
-0.78957 4.9
-0.78933 4.7
-0.78909 4.5
-0.78884 4.3
-0.7886 4.1
-0.78835 4.0
-0.78811 3.7
-0.78786 3.5
-0.78762 3.3
-0.78738 3.1
-0.78713 2.9
-0.78689 2.6
-0.78664 2.4
-0.7864 2.2
-0.78616 1.9
-0.78591 1.7
-0.78567 1.4
-0.78542 1.2
-0.78518 0.9
-0.78493 0.7
-0.78469 0.4
-0.78445 0.1
-0.7842 -0.1
-0.78396 -0.4
-0.78371 -0.6
-0.78347 -0.9
-0.78323 -1.1
-0.78298 -1.4
-0.78274 -1.6
-0.78249 -1.9
-0.78225 -2.1
-0.78201 -2.4
-0.78176 -2.6
-0.78152 -2.8
-0.78127 -3.1
-0.78103 -3.3
-0.78078 -3.5
-0.78054 -3.7
-0.7803 -3.9
-0.78005 -4.1
-0.77981 -4.3
-0.77956 -4.5
-0.77932 -4.7
-0.77908 -4.9
-0.77883 -5.1
-0.77859 -5.2
-0.77834 -5.4
-0.7781 -5.5
-0.77785 -5.6
-0.77761 -5.8
-0.77737 -5.9
-0.77712 -6.0
-0.77688 -6.1
-0.77663 -6.2
-0.77639 -6.3
-0.77615 -6.3
-0.7759 -6.4
-0.77566 -6.4
-0.77541 -6.5
-0.77517 -6.5
-0.77493 -6.5
-0.77468 -6.5
-0.77444 -6.5
-0.77419 -6.5
-0.77395 -6.5
-0.7737 -6.5
-0.77346 -6.4
-0.77322 -6.4
-0.77297 -6.3
-0.77273 -6.2
-0.77248 -6.1
-0.77224 -6.0
-0.772 -5.9
-0.77175 -5.8
-0.77151 -5.7
-0.77126 -5.6
-0.77102 -5.4
-0.77077 -5.3
-0.77053 -5.1
-0.77029 -5.0
-0.77004 -4.8
-0.7698 -4.6
-0.76955 -4.4
-0.76931 -4.2
-0.76907 -4.0
-0.76882 -3.8
-0.76858 -3.6
-0.76833 -3.4
-0.76809 -3.2
-0.76785 -3.0
-0.7676 -2.7
-0.76736 -2.5
-0.76711 -2.2
-0.76687 -2.0
-0.76662 -1.7
-0.76638 -1.5
-0.76614 -1.2
-0.76589 -1.0
-0.76565 -0.7
-0.7654 -0.5
-0.76516 -0.2
-0.76492 0.0
-0.76467 0.3
-0.76443 0.6
-0.76418 0.8
-0.76394 1.1
-0.76369 1.4
-0.76345 1.6
-0.76321 1.9
-0.76296 2.1
-0.76272 2.4
-0.76247 2.6
-0.76223 2.8
-0.76199 3.1
-0.76174 3.3
-0.7615 3.5
-0.76125 3.7
-0.76101 3.9
-0.76077 4.2
-0.76052 4.4
-0.76028 4.5
-0.76003 4.7
-0.75979 4.9
-0.75954 5.1
-0.7593 5.2
-0.75906 5.4
-0.75881 5.5
-0.75857 5.7
-0.75832 5.8
-0.75808 5.9
-0.75784 6.0
-0.75759 6.1
-0.75735 6.2
-0.7571 6.3
-0.75686 6.4
-0.75661 6.4
-0.75637 6.5
-0.75613 6.5
-0.75588 6.5
-0.75564 6.6
-0.75539 6.6
-0.75515 6.6
-0.75491 6.5
-0.75466 6.5
-0.75442 6.5
-0.75417 6.4
-0.75393 6.4
-0.75368 6.3
-0.75344 6.2
-0.7532 6.2
-0.75295 6.1
-0.75271 6.0
-0.75246 5.8
-0.75222 5.7
-0.75198 5.6
-0.75173 5.4
-0.75149 5.3
-0.75124 5.1
-0.751 5.0
-0.75076 4.8
-0.75051 4.6
-0.75027 4.4
-0.75002 4.2
-0.74978 4.0
-0.74953 3.8
-0.74929 3.6
-0.74905 3.3
-0.7488 3.1
-0.74856 2.9
-0.74831 2.6
-0.74807 2.4
-0.74783 2.1
-0.74758 1.9
-0.74734 1.6
-0.74709 1.4
-0.74685 1.1
-0.7466 0.9
-0.74636 0.6
-0.74612 0.3
-0.74587 0.0
-0.74563 -0.2
-0.74538 -0.5
-0.74514 -0.7
-0.7449 -1.0
-0.74465 -1.2
-0.74441 -1.5
-0.74416 -1.8
-0.74392 -2.0
-0.74368 -2.3
-0.74343 -2.5
-0.74319 -2.8
-0.74294 -3.0
-0.7427 -3.2
-0.74245 -3.5
-0.74221 -3.7
-0.74197 -3.9
-0.74172 -4.1
-0.74148 -4.3
-0.74123 -4.5
-0.74099 -4.7
-0.74075 -4.9
-0.7405 -5.1
-0.74026 -5.2
-0.74001 -5.4
-0.73977 -5.5
-0.73952 -5.7
-0.73928 -5.8
-0.73904 -5.9
-0.73879 -6.0
-0.73855 -6.1
-0.7383 -6.2
-0.73806 -6.3
-0.73782 -6.4
-0.73757 -6.4
-0.73733 -6.5
-0.73708 -6.5
-0.73684 -6.6
-0.7366 -6.6
-0.73635 -6.6
-0.73611 -6.6
-0.73586 -6.6
-0.73562 -6.6
-0.73537 -6.5
-0.73513 -6.5
-0.73489 -6.4
-0.73464 -6.4
-0.7344 -6.3
-0.73415 -6.2
-0.73391 -6.1
-0.73367 -6.0
-0.73342 -5.9
-0.73318 -5.8
-0.73293 -5.6
-0.73269 -5.5
-0.73244 -5.3
-0.7322 -5.2
-0.73196 -5.0
-0.73171 -4.8
-0.73147 -4.6
-0.73122 -4.4
-0.73098 -4.2
-0.73074 -4.0
-0.73049 -3.8
-0.73025 -3.6
-0.73 -3.3
-0.72976 -3.1
-0.72952 -2.9
-0.72927 -2.6
-0.72903 -2.4
-0.72878 -2.1
-0.72854 -1.9
-0.72829 -1.6
-0.72805 -1.4
-0.72781 -1.1
-0.72756 -0.8
-0.72732 -0.6
-0.72707 -0.3
-0.72683 0.0
-0.72659 0.2
-0.72634 0.5
-0.7261 0.8
-0.72585 1.0
-0.72561 1.3
-0.72536 1.6
-0.72512 1.8
-0.72488 2.1
-0.72463 2.3
-0.72439 2.6
-0.72414 2.8
-0.7239 3.1
-0.72366 3.3
-0.72341 3.5
-0.72317 3.8
-0.72292 4.0
-0.72268 4.2
-0.72243 4.4
-0.72219 4.6
-0.72195 4.8
-0.7217 5.0
-0.72146 5.2
-0.72121 5.3
-0.72097 5.5
-0.72073 5.6
-0.72048 5.8
-0.72024 5.9
-0.71999 6.0
-0.71975 6.1
-0.71951 6.2
-0.71926 6.3
-0.71902 6.4
-0.71877 6.5
-0.71853 6.5
-0.71828 6.6
-0.71804 6.6
-0.7178 6.6
-0.71755 6.6
-0.71731 6.6
-0.71706 6.6
-0.71682 6.6
-0.71658 6.6
-0.71633 6.5
-0.71609 6.5
-0.71584 6.4
-0.7156 6.4
-0.71535 6.3
-0.71511 6.2
-0.71487 6.1
-0.71462 6.0
-0.71438 5.8
-0.71413 5.7
-0.71389 5.6
-0.71365 5.4
-0.7134 5.2
-0.71316 5.1
-0.71291 4.9
-0.71267 4.7
-0.71243 4.5
-0.71218 4.3
-0.71194 4.1
-0.71169 3.9
-0.71145 3.7
-0.7112 3.4
-0.71096 3.2
-0.71072 2.9
-0.71047 2.7
-0.71023 2.4
-0.70998 2.2
-0.70974 1.9
-0.7095 1.7
-0.70925 1.4
-0.70901 1.1
-0.70876 0.9
-0.70852 0.6
-0.70827 0.3
-0.70803 0.0
-0.70779 -0.2
-0.70754 -0.5
-0.7073 -0.8
-0.70705 -1.0
-0.70681 -1.3
-0.70657 -1.6
-0.70632 -1.8
-0.70608 -2.1
-0.70583 -2.3
-0.70559 -2.6
-0.70535 -2.9
-0.7051 -3.1
-0.70486 -3.3
-0.70461 -3.6
-0.70437 -3.8
-0.70412 -4.0
-0.70388 -4.2
-0.70364 -4.4
-0.70339 -4.6
-0.70315 -4.8
-0.7029 -5.0
-0.70266 -5.2
-0.70242 -5.4
-0.70217 -5.5
-0.70193 -5.7
-0.70168 -5.8
-0.70144 -5.9
-0.70119 -6.1
-0.70095 -6.2
-0.70071 -6.3
-0.70046 -6.4
-0.70022 -6.4
-0.69997 -6.5
-0.69973 -6.6
-0.69949 -6.6
-0.69924 -6.6
-0.699 -6.7
-0.69875 -6.7
-0.69851 -6.7
-0.69827 -6.7
-0.69802 -6.6
-0.69778 -6.6
-0.69753 -6.6
-0.69729 -6.5
-0.69704 -6.4
-0.6968 -6.4
-0.69656 -6.3
-0.69631 -6.2
-0.69607 -6.1
-0.69582 -6.0
-0.69558 -5.8
-0.69534 -5.7
-0.69509 -5.5
-0.69485 -5.4
-0.6946 -5.2
-0.69436 -5.0
-0.69411 -4.8
-0.69387 -4.6
-0.69363 -4.4
-0.69338 -4.2
-0.69314 -4.0
-0.69289 -3.8
-0.69265 -3.6
-0.69241 -3.3
-0.69216 -3.1
-0.69192 -2.8
-0.69167 -2.6
-0.69143 -2.3
-0.69118 -2.1
-0.69094 -1.8
-0.6907 -1.5
-0.69045 -1.3
-0.69021 -1.0
-0.68996 -0.7
-0.68972 -0.4
-0.68948 -0.2
-0.68923 0.1
-0.68899 0.4
-0.68874 0.7
-0.6885 0.9
-0.68826 1.2
-0.68801 1.5
-0.68777 1.7
-0.68752 2.0
-0.68728 2.3
-0.68703 2.5
-0.68679 2.8
-0.68655 3.0
-0.6863 3.3
-0.68606 3.5
-0.68581 3.8
-0.68557 4.0
-0.68533 4.2
-0.68508 4.4
-0.68484 4.6
-0.68459 4.8
-0.68435 5.0
-0.6841 5.2
-0.68386 5.4
-0.68362 5.5
-0.68337 5.7
-0.68313 5.8
-0.68288 6.0
-0.68264 6.1
-0.6824 6.2
-0.68215 6.3
-0.68191 6.4
-0.68166 6.5
-0.68142 6.5
-0.68118 6.6
-0.68093 6.6
-0.68069 6.7
-0.68044 6.7
-0.6802 6.7
-0.67995 6.7
-0.67971 6.7
-0.67947 6.7
-0.67922 6.7
-0.67898 6.6
-0.67873 6.6
-0.67849 6.5
-0.67825 6.4
-0.678 6.3
-0.67776 6.2
-0.67751 6.1
-0.67727 6.0
-0.67702 5.8
-0.67678 5.7
-0.67654 5.6
-0.67629 5.4
-0.67605 5.2
-0.6758 5.0
-0.67556 4.8
-0.67532 4.6
-0.67507 4.4
-0.67483 4.2
-0.67458 4.0
-0.67434 3.8
-0.6741 3.5
-0.67385 3.3
-0.67361 3.1
-0.67336 2.8
-0.67312 2.5
-0.67287 2.3
-0.67263 2.0
-0.67239 1.7
-0.67214 1.5
-0.6719 1.2
-0.67165 0.9
-0.67141 0.6
-0.67117 0.4
-0.67092 0.0
-0.67068 -0.2
-0.67043 -0.5
-0.67019 -0.8
-0.66994 -1.0
-0.6697 -1.3
-0.66946 -1.6
-0.66921 -1.9
-0.66897 -2.1
-0.66872 -2.4
-0.66848 -2.7
-0.66824 -2.9
-0.66799 -3.2
-0.66775 -3.4
-0.6675 -3.7
-0.66726 -3.9
-0.66702 -4.1
-0.66677 -4.3
-0.66653 -4.5
-0.66628 -4.8
-0.66604 -5.0
-0.66579 -5.1
-0.66555 -5.3
-0.66531 -5.5
-0.66506 -5.6
-0.66482 -5.8
-0.66457 -5.9
-0.66433 -6.1
-0.66409 -6.2
-0.66384 -6.3
-0.6636 -6.4
-0.66335 -6.5
-0.66311 -6.6
-0.66286 -6.6
-0.66262 -6.7
-0.66238 -6.7
-0.66213 -6.7
-0.66189 -6.8
-0.66164 -6.8
-0.6614 -6.8
-0.66116 -6.7
-0.66091 -6.7
-0.66067 -6.7
-0.66042 -6.6
-0.66018 -6.5
-0.65993 -6.5
-0.65969 -6.4
-0.65945 -6.3
-0.6592 -6.2
-0.65896 -6.0
-0.65871 -5.9
-0.65847 -5.8
-0.65823 -5.6
-0.65798 -5.5
-0.65774 -5.3
-0.65749 -5.1
-0.65725 -4.9
-0.65701 -4.7
-0.65676 -4.5
-0.65652 -4.3
-0.65627 -4.1
-0.65603 -3.8
-0.65578 -3.6
-0.65554 -3.3
-0.6553 -3.1
-0.65505 -2.8
-0.65481 -2.6
-0.65456 -2.3
-0.65432 -2.0
-0.65408 -1.8
-0.65383 -1.5
-0.65359 -1.2
-0.65334 -0.9
-0.6531 -0.6
-0.65285 -0.4
-0.65261 0.0
-0.65237 0.2
-0.65212 0.5
-0.65188 0.8
-0.65163 1.1
-0.65139 1.3
-0.65115 1.6
-0.6509 1.9
-0.65066 2.2
-0.65041 2.4
-0.65017 2.7
-0.64993 3.0
-0.64968 3.2
-0.64944 3.5
-0.64919 3.7
-0.64895 4.0
-0.6487 4.2
-0.64846 4.4
-0.64822 4.6
-0.64797 4.8
-0.64773 5.0
-0.64748 5.2
-0.64724 5.4
-0.647 5.6
-0.64675 5.7
-0.64651 5.9
-0.64626 6.0
-0.64602 6.1
-0.64577 6.3
-0.64553 6.4
-0.64529 6.5
-0.64504 6.5
-0.6448 6.6
-0.64455 6.7
-0.64431 6.7
-0.64407 6.8
-0.64382 6.8
-0.64358 6.8
-0.64333 6.8
-0.64309 6.8
-0.64285 6.8
-0.6426 6.7
-0.64236 6.7
-0.64211 6.6
-0.64187 6.6
-0.64162 6.5
-0.64138 6.4
-0.64114 6.3
-0.64089 6.1
-0.64065 6.0
-0.6404 5.9
-0.64016 5.7
-0.63992 5.6
-0.63967 5.4
-0.63943 5.2
-0.63918 5.0
-0.63894 4.8
-0.63869 4.6
-0.63845 4.4
-0.63821 4.2
-0.63796 3.9
-0.63772 3.7
-0.63747 3.5
-0.63723 3.2
-0.63699 2.9
-0.63674 2.7
-0.6365 2.4
-0.63625 2.1
-0.63601 1.9
-0.63577 1.6
-0.63552 1.3
-0.63528 1.0
-0.63503 0.7
-0.63479 0.4
-0.63454 0.1
-0.6343 -0.1
-0.63406 -0.4
-0.63381 -0.7
-0.63357 -1.0
-0.63332 -1.3
-0.63308 -1.6
-0.63284 -1.9
-0.63259 -2.1
-0.63235 -2.4
-0.6321 -2.7
-0.63186 -3.0
-0.63161 -3.2
-0.63137 -3.5
-0.63113 -3.7
-0.63088 -4.0
-0.63064 -4.2
-0.63039 -4.4
-0.63015 -4.6
-0.62991 -4.8
-0.62966 -5.1
-0.62942 -5.2
-0.62917 -5.4
-0.62893 -5.6
-0.62868 -5.8
-0.62844 -5.9
-0.6282 -6.1
-0.62795 -6.2
-0.62771 -6.3
-0.62746 -6.4
-0.62722 -6.5
-0.62698 -6.6
-0.62673 -6.7
-0.62649 -6.7
-0.62624 -6.8
-0.626 -6.8
-0.62576 -6.8
-0.62551 -6.8
-0.62527 -6.8
-0.62502 -6.8
-0.62478 -6.8
-0.62453 -6.8
-0.62429 -6.7
-0.62405 -6.7
-0.6238 -6.6
-0.62356 -6.5
-0.62331 -6.4
-0.62307 -6.3
-0.62283 -6.2
-0.62258 -6.0
-0.62234 -5.9
-0.62209 -5.7
-0.62185 -5.6
-0.6216 -5.4
-0.62136 -5.2
-0.62112 -5.0
-0.62087 -4.8
-0.62063 -4.6
-0.62038 -4.3
-0.62014 -4.1
-0.6199 -3.9
-0.61965 -3.6
-0.61941 -3.4
-0.61916 -3.1
-0.61892 -2.9
-0.61868 -2.6
-0.61843 -2.3
-0.61819 -2.0
-0.61794 -1.7
-0.6177 -1.5
-0.61745 -1.2
-0.61721 -0.9
-0.61697 -0.6
-0.61672 -0.3
-0.61648 0.0
-0.61623 0.3
-0.61599 0.6
-0.61575 0.9
-0.6155 1.2
-0.61526 1.5
-0.61501 1.8
-0.61477 2.0
-0.61452 2.3
-0.61428 2.6
-0.61404 2.9
-0.61379 3.1
-0.61355 3.4
-0.6133 3.6
-0.61306 3.9
-0.61282 4.1
-0.61257 4.4
-0.61233 4.6
-0.61208 4.8
-0.61184 5.0
-0.6116 5.2
-0.61135 5.4
-0.61111 5.6
-0.61086 5.8
-0.61062 5.9
-0.61037 6.1
-0.61013 6.2
-0.60989 6.3
-0.60964 6.4
-0.6094 6.5
-0.60915 6.6
-0.60891 6.7
-0.60867 6.8
-0.60842 6.8
-0.60818 6.9
-0.60793 6.9
-0.60769 6.9
-0.60744 6.9
-0.6072 6.9
-0.60696 6.9
-0.60671 6.8
-0.60647 6.8
-0.60622 6.7
-0.60598 6.6
-0.60574 6.5
-0.60549 6.4
-0.60525 6.3
-0.605 6.2
-0.60476 6.1
-0.60452 5.9
-0.60427 5.8
-0.60403 5.6
-0.60378 5.4
-0.60354 5.2
-0.60329 5.0
-0.60305 4.8
-0.60281 4.6
-0.60256 4.4
-0.60232 4.1
-0.60207 3.9
-0.60183 3.6
-0.60159 3.4
-0.60134 3.1
-0.6011 2.8
-0.60085 2.6
-0.60061 2.3
-0.60036 2.0
-0.60012 1.7
-0.59988 1.4
-0.59963 1.1
-0.59939 0.8
-0.59914 0.5
-0.5989 0.2
-0.59866 0.0
-0.59841 -0.4
-0.59817 -0.7
-0.59792 -1.0
-0.59768 -1.3
-0.59743 -1.6
-0.59719 -1.8
-0.59695 -2.1
-0.5967 -2.4
-0.59646 -2.7
-0.59621 -3.0
-0.59597 -3.2
-0.59573 -3.5
-0.59548 -3.8
-0.59524 -4.0
-0.59499 -4.3
-0.59475 -4.5
-0.59451 -4.7
-0.59426 -4.9
-0.59402 -5.1
-0.59377 -5.3
-0.59353 -5.5
-0.59328 -5.7
-0.59304 -5.9
-0.5928 -6.0
-0.59255 -6.2
-0.59231 -6.3
-0.59206 -6.4
-0.59182 -6.5
-0.59158 -6.6
-0.59133 -6.7
-0.59109 -6.8
-0.59084 -6.8
-0.5906 -6.9
-0.59035 -6.9
-0.59011 -6.9
-0.58987 -6.9
-0.58962 -6.9
-0.58938 -6.9
-0.58913 -6.9
-0.58889 -6.8
-0.58865 -6.8
-0.5884 -6.7
-0.58816 -6.6
-0.58791 -6.5
-0.58767 -6.4
-0.58743 -6.3
-0.58718 -6.1
-0.58694 -6.0
-0.58669 -5.8
-0.58645 -5.7
-0.5862 -5.5
-0.58596 -5.3
-0.58572 -5.1
-0.58547 -4.9
-0.58523 -4.7
-0.58498 -4.4
-0.58474 -4.2
-0.5845 -4.0
-0.58425 -3.7
-0.58401 -3.4
-0.58376 -3.2
-0.58352 -2.9
-0.58327 -2.6
-0.58303 -2.3
-0.58279 -2.0
-0.58254 -1.8
-0.5823 -1.5
-0.58205 -1.2
-0.58181 -0.9
-0.58157 -0.5
-0.58132 -0.2
-0.58108 0.0
-0.58083 0.4
-0.58059 0.7
-0.58035 1.0
-0.5801 1.3
-0.57986 1.6
-0.57961 1.9
-0.57937 2.2
-0.57912 2.5
-0.57888 2.7
-0.57864 3.0
-0.57839 3.3
-0.57815 3.6
-0.5779 3.8
-0.57766 4.1
-0.57742 4.3
-0.57717 4.6
-0.57693 4.8
-0.57668 5.0
-0.57644 5.2
-0.57619 5.4
-0.57595 5.6
-0.57571 5.8
-0.57546 5.9
-0.57522 6.1
-0.57497 6.2
-0.57473 6.4
-0.57449 6.5
-0.57424 6.6
-0.574 6.7
-0.57375 6.8
-0.57351 6.8
-0.57327 6.9
-0.57302 6.9
-0.57278 7.0
-0.57253 7.0
-0.57229 7.0
-0.57204 7.0
-0.5718 6.9
-0.57156 6.9
-0.57131 6.9
-0.57107 6.8
-0.57082 6.7
-0.57058 6.6
-0.57034 6.5
-0.57009 6.4
-0.56985 6.3
-0.5696 6.1
-0.56936 6.0
-0.56911 5.8
-0.56887 5.6
-0.56863 5.4
-0.56838 5.2
-0.56814 5.0
-0.56789 4.8
-0.56765 4.6
-0.56741 4.3
-0.56716 4.1
-0.56692 3.8
-0.56667 3.6
-0.56643 3.3
-0.56618 3.0
-0.56594 2.7
-0.5657 2.5
-0.56545 2.2
-0.56521 1.9
-0.56496 1.6
-0.56472 1.3
-0.56448 1.0
-0.56423 0.6
-0.56399 0.3
-0.56374 0.0
-0.5635 -0.3
-0.56326 -0.6
-0.56301 -0.9
-0.56277 -1.2
-0.56252 -1.5
-0.56228 -1.8
-0.56203 -2.1
-0.56179 -2.4
-0.56155 -2.7
-0.5613 -3.0
-0.56106 -3.3
-0.56081 -3.5
-0.56057 -3.8
-0.56033 -4.1
-0.56008 -4.3
-0.55984 -4.6
-0.55959 -4.8
-0.55935 -5.0
-0.5591 -5.2
-0.55886 -5.4
-0.55862 -5.6
-0.55837 -5.8
-0.55813 -6.0
-0.55788 -6.1
-0.55764 -6.3
-0.5574 -6.4
-0.55715 -6.5
-0.55691 -6.7
-0.55666 -6.7
-0.55642 -6.8
-0.55618 -6.9
-0.55593 -7.0
-0.55569 -7.0
-0.55544 -7.0
-0.5552 -7.0
-0.55495 -7.0
-0.55471 -7.0
-0.55447 -7.0
-0.55422 -7.0
-0.55398 -6.9
-0.55373 -6.8
-0.55349 -6.7
-0.55325 -6.6
-0.553 -6.5
-0.55276 -6.4
-0.55251 -6.3
-0.55227 -6.1
-0.55202 -6.0
-0.55178 -5.8
-0.55154 -5.6
-0.55129 -5.4
-0.55105 -5.2
-0.5508 -5.0
-0.55056 -4.8
-0.55032 -4.5
-0.55007 -4.3
-0.54983 -4.0
-0.54958 -3.8
-0.54934 -3.5
-0.5491 -3.2
-0.54885 -2.9
-0.54861 -2.6
-0.54836 -2.3
-0.54812 -2.0
-0.54787 -1.7
-0.54763 -1.4
-0.54739 -1.1
-0.54714 -0.8
-0.5469 -0.5
-0.54665 -0.2
-0.54641 0.1
-0.54617 0.4
-0.54592 0.8
-0.54568 1.1
-0.54543 1.4
-0.54519 1.7
-0.54494 2.0
-0.5447 2.3
-0.54446 2.6
-0.54421 2.9
-0.54397 3.2
-0.54372 3.5
-0.54348 3.7
-0.54324 4.0
-0.54299 4.3
-0.54275 4.5
-0.5425 4.8
-0.54226 5.0
-0.54202 5.2
-0.54177 5.4
-0.54153 5.6
-0.54128 5.8
-0.54104 6.0
-0.54079 6.1
-0.54055 6.3
-0.54031 6.4
-0.54006 6.6
-0.53982 6.7
-0.53957 6.8
-0.53933 6.9
-0.53909 6.9
-0.53884 7.0
-0.5386 7.0
-0.53835 7.1
-0.53811 7.1
-0.53786 7.1
-0.53762 7.1
-0.53738 7.0
-0.53713 7.0
-0.53689 6.9
-0.53664 6.9
-0.5364 6.8
-0.53616 6.7
-0.53591 6.6
-0.53567 6.5
-0.53542 6.3
-0.53518 6.2
-0.53493 6.0
-0.53469 5.8
-0.53445 5.6
-0.5342 5.4
-0.53396 5.2
-0.53371 5.0
-0.53347 4.8
-0.53323 4.5
-0.53298 4.3
-0.53274 4.0
-0.53249 3.8
-0.53225 3.5
-0.53201 3.2
-0.53176 2.9
-0.53152 2.6
-0.53127 2.3
-0.53103 2.0
-0.53078 1.7
-0.53054 1.4
-0.5303 1.1
-0.53005 0.8
-0.52981 0.4
-0.52956 0.1
-0.52932 -0.2
-0.52908 -0.5
-0.52883 -0.9
-0.52859 -1.2
-0.52834 -1.5
-0.5281 -1.8
-0.52785 -2.1
-0.52761 -2.4
-0.52737 -2.7
-0.52712 -3.0
-0.52688 -3.3
-0.52663 -3.6
-0.52639 -3.9
-0.52615 -4.1
-0.5259 -4.4
-0.52566 -4.6
-0.52541 -4.9
-0.52517 -5.1
-0.52493 -5.3
-0.52468 -5.5
-0.52444 -5.7
-0.52419 -5.9
-0.52395 -6.1
-0.5237 -6.3
-0.52346 -6.4
-0.52322 -6.6
-0.52297 -6.7
-0.52273 -6.8
-0.52248 -6.9
-0.52224 -7.0
-0.522 -7.0
-0.52175 -7.1
-0.52151 -7.1
-0.52126 -7.1
-0.52102 -7.1
-0.52077 -7.1
-0.52053 -7.1
-0.52029 -7.1
-0.52004 -7.0
-0.5198 -7.0
-0.51955 -6.9
-0.51931 -6.8
-0.51907 -6.7
-0.51882 -6.5
-0.51858 -6.4
-0.51833 -6.3
-0.51809 -6.1
-0.51785 -5.9
-0.5176 -5.7
-0.51736 -5.5
-0.51711 -5.3
-0.51687 -5.1
-0.51662 -4.9
-0.51638 -4.6
-0.51614 -4.4
-0.51589 -4.1
-0.51565 -3.8
-0.5154 -3.5
-0.51516 -3.3
-0.51492 -3.0
-0.51467 -2.7
-0.51443 -2.4
-0.51418 -2.0
-0.51394 -1.7
-0.51369 -1.4
-0.51345 -1.1
-0.51321 -0.8
-0.51296 -0.4
-0.51272 -0.1
-0.51247 0.2
-0.51223 0.5
-0.51199 0.9
-0.51174 1.2
-0.5115 1.5
-0.51125 1.8
-0.51101 2.2
-0.51077 2.5
-0.51052 2.8
-0.51028 3.1
-0.51003 3.4
-0.50979 3.7
-0.50954 3.9
-0.5093 4.2
-0.50906 4.5
-0.50881 4.7
-0.50857 5.0
-0.50832 5.2
-0.50808 5.4
-0.50784 5.6
-0.50759 5.8
-0.50735 6.0
-0.5071 6.2
-0.50686 6.4
-0.50661 6.5
-0.50637 6.6
-0.50613 6.8
-0.50588 6.9
-0.50564 7.0
-0.50539 7.0
-0.50515 7.1
-0.50491 7.1
-0.50466 7.2
-0.50442 7.2
-0.50417 7.2
-0.50393 7.2
-0.50368 7.1
-0.50344 7.1
-0.5032 7.0
-0.50295 7.0
-0.50271 6.9
-0.50246 6.8
-0.50222 6.7
-0.50198 6.5
-0.50173 6.4
-0.50149 6.2
-0.50124 6.0
-0.501 5.9
-0.50076 5.7
-0.50051 5.4
-0.50027 5.2
-0.50002 5.0
-0.49978 4.7
-0.49953 4.5
-0.49929 4.2
-0.49905 4.0
-0.4988 3.7
-0.49856 3.4
-0.49831 3.1
-0.49807 2.8
-0.49783 2.5
-0.49758 2.2
-0.49734 1.8
-0.49709 1.5
-0.49685 1.2
-0.4966 0.8
-0.49636 0.5
-0.49612 0.2
-0.49587 -0.2
-0.49563 -0.5
-0.49538 -0.8
-0.49514 -1.2
-0.4949 -1.5
-0.49465 -1.8
-0.49441 -2.1
-0.49416 -2.4
-0.49392 -2.8
-0.49368 -3.1
-0.49343 -3.4
-0.49319 -3.7
-0.49294 -3.9
-0.4927 -4.2
-0.49245 -4.5
-0.49221 -4.8
-0.49197 -5.0
-0.49172 -5.2
-0.49148 -5.5
-0.49123 -5.7
-0.49099 -5.9
-0.49075 -6.1
-0.4905 -6.3
-0.49026 -6.4
-0.49001 -6.6
-0.48977 -6.7
-0.48952 -6.8
-0.48928 -6.9
-0.48904 -7.0
-0.48879 -7.1
-0.48855 -7.2
-0.4883 -7.2
-0.48806 -7.2
-0.48782 -7.2
-0.48757 -7.2
-0.48733 -7.2
-0.48708 -7.2
-0.48684 -7.1
-0.4866 -7.1
-0.48635 -7.0
-0.48611 -6.9
-0.48586 -6.8
-0.48562 -6.7
-0.48537 -6.5
-0.48513 -6.4
-0.48489 -6.2
-0.48464 -6.0
-0.4844 -5.8
-0.48415 -5.6
-0.48391 -5.4
-0.48367 -5.2
-0.48342 -4.9
-0.48318 -4.7
-0.48293 -4.4
-0.48269 -4.1
-0.48244 -3.9
-0.4822 -3.6
-0.48196 -3.3
-0.48171 -3.0
-0.48147 -2.6
-0.48122 -2.3
-0.48098 -2.0
-0.48074 -1.7
-0.48049 -1.3
-0.48025 -1.0
-0.48 -0.7
-0.47976 -0.3
-0.47952 0.0
-0.47927 0.4
-0.47903 0.7
-0.47878 1.0
-0.47854 1.4
-0.47829 1.7
-0.47805 2.0
-0.47781 2.4
-0.47756 2.7
-0.47732 3.0
-0.47707 3.3
-0.47683 3.6
-0.47659 3.9
-0.47634 4.2
-0.4761 4.5
-0.47585 4.7
-0.47561 5.0
-0.47536 5.2
-0.47512 5.5
-0.47488 5.7
-0.47463 5.9
-0.47439 6.1
-0.47414 6.3
-0.4739 6.4
-0.47366 6.6
-0.47341 6.7
-0.47317 6.9
-0.47292 7.0
-0.47268 7.1
-0.47243 7.1
-0.47219 7.2
-0.47195 7.3
-0.4717 7.3
-0.47146 7.3
-0.47121 7.3
-0.47097 7.3
-0.47073 7.2
-0.47048 7.2
-0.47024 7.1
-0.46999 7.1
-0.46975 7.0
-0.46951 6.8
-0.46926 6.7
-0.46902 6.6
-0.46877 6.4
-0.46853 6.2
-0.46828 6.1
-0.46804 5.9
-0.4678 5.6
-0.46755 5.4
-0.46731 5.2
-0.46706 4.9
-0.46682 4.7
-0.46658 4.4
-0.46633 4.1
-0.46609 3.8
-0.46584 3.5
-0.4656 3.2
-0.46535 2.9
-0.46511 2.6
-0.46487 2.3
-0.46462 1.9
-0.46438 1.6
-0.46413 1.2
-0.46389 0.9
-0.46365 0.6
-0.4634 0.2
-0.46316 -0.1
-0.46291 -0.5
-0.46267 -0.8
-0.46243 -1.2
-0.46218 -1.5
-0.46194 -1.9
-0.46169 -2.2
-0.46145 -2.5
-0.4612 -2.9
-0.46096 -3.2
-0.46072 -3.5
-0.46047 -3.8
-0.46023 -4.1
-0.45998 -4.4
-0.45974 -4.6
-0.4595 -4.9
-0.45925 -5.2
-0.45901 -5.4
-0.45876 -5.6
-0.45852 -5.9
-0.45827 -6.1
-0.45803 -6.3
-0.45779 -6.4
-0.45754 -6.6
-0.4573 -6.7
-0.45705 -6.9
-0.45681 -7.0
-0.45657 -7.1
-0.45632 -7.2
-0.45608 -7.2
-0.45583 -7.3
-0.45559 -7.3
-0.45535 -7.4
-0.4551 -7.4
-0.45486 -7.3
-0.45461 -7.3
-0.45437 -7.3
-0.45412 -7.2
-0.45388 -7.1
-0.45364 -7.0
-0.45339 -6.9
-0.45315 -6.8
-0.4529 -6.6
-0.45266 -6.5
-0.45242 -6.3
-0.45217 -6.1
-0.45193 -5.9
-0.45168 -5.7
-0.45144 -5.5
-0.45119 -5.2
-0.45095 -5.0
-0.45071 -4.7
-0.45046 -4.4
-0.45022 -4.1
-0.44997 -3.8
-0.44973 -3.5
-0.44949 -3.2
-0.44924 -2.9
-0.449 -2.6
-0.44875 -2.2
-0.44851 -1.9
-0.44827 -1.6
-0.44802 -1.2
-0.44778 -0.9
-0.44753 -0.5
-0.44729 -0.2
-0.44704 0.2
-0.4468 0.6
-0.44656 0.9
-0.44631 1.3
-0.44607 1.6
-0.44582 2.0
-0.44558 2.3
-0.44534 2.6
-0.44509 3.0
-0.44485 3.3
-0.4446 3.6
-0.44436 3.9
-0.44411 4.2
-0.44387 4.5
-0.44363 4.8
-0.44338 5.0
-0.44314 5.3
-0.44289 5.5
-0.44265 5.8
-0.44241 6.0
-0.44216 6.2
-0.44192 6.4
-0.44167 6.6
-0.44143 6.7
-0.44118 6.9
-0.44094 7.0
-0.4407 7.1
-0.44045 7.2
-0.44021 7.3
-0.43996 7.3
-0.43972 7.4
-0.43948 7.4
-0.43923 7.4
-0.43899 7.4
-0.43874 7.4
-0.4385 7.3
-0.43826 7.3
-0.43801 7.2
-0.43777 7.1
-0.43752 7.0
-0.43728 6.9
-0.43703 6.7
-0.43679 6.6
-0.43655 6.4
-0.4363 6.2
-0.43606 6.0
-0.43581 5.8
-0.43557 5.6
-0.43533 5.3
-0.43508 5.1
-0.43484 4.8
-0.43459 4.5
-0.43435 4.2
-0.4341 3.9
-0.43386 3.6
-0.43362 3.3
-0.43337 3.0
-0.43313 2.6
-0.43288 2.3
-0.43264 2.0
-0.4324 1.6
-0.43215 1.2
-0.43191 0.9
-0.43166 0.5
-0.43142 0.2
-0.43118 -0.2
-0.43093 -0.6
-0.43069 -0.9
-0.43044 -1.3
-0.4302 -1.6
-0.42995 -2.0
-0.42971 -2.3
-0.42947 -2.7
-0.42922 -3.0
-0.42898 -3.3
-0.42873 -3.7
-0.42849 -4.0
-0.42825 -4.3
-0.428 -4.6
-0.42776 -4.9
-0.42751 -5.1
-0.42727 -5.4
-0.42702 -5.6
-0.42678 -5.9
-0.42654 -6.1
-0.42629 -6.3
-0.42605 -6.5
-0.4258 -6.7
-0.42556 -6.8
-0.42532 -7.0
-0.42507 -7.1
-0.42483 -7.2
-0.42458 -7.3
-0.42434 -7.4
-0.4241 -7.4
-0.42385 -7.5
-0.42361 -7.5
-0.42336 -7.5
-0.42312 -7.5
-0.42287 -7.4
-0.42263 -7.4
-0.42239 -7.3
-0.42214 -7.2
-0.4219 -7.1
-0.42165 -7.0
-0.42141 -6.9
-0.42117 -6.7
-0.42092 -6.6
-0.42068 -6.4
-0.42043 -6.2
-0.42019 -6.0
-0.41994 -5.7
-0.4197 -5.5
-0.41946 -5.2
-0.41921 -5.0
-0.41897 -4.7
-0.41872 -4.4
-0.41848 -4.1
-0.41824 -3.8
-0.41799 -3.4
-0.41775 -3.1
-0.4175 -2.8
-0.41726 -2.4
-0.41702 -2.1
-0.41677 -1.7
-0.41653 -1.3
-0.41628 -1.0
-0.41604 -0.6
-0.41579 -0.2
-0.41555 0.1
-0.41531 0.5
-0.41506 0.9
-0.41482 1.2
-0.41457 1.6
-0.41433 2.0
-0.41409 2.3
-0.41384 2.7
-0.4136 3.0
-0.41335 3.3
-0.41311 3.7
-0.41286 4.0
-0.41262 4.3
-0.41238 4.6
-0.41213 4.9
-0.41189 5.2
-0.41164 5.4
-0.4114 5.7
-0.41116 5.9
-0.41091 6.1
-0.41067 6.4
-0.41042 6.5
-0.41018 6.7
-0.40993 6.9
-0.40969 7.0
-0.40945 7.2
-0.4092 7.3
-0.40896 7.4
-0.40871 7.4
-0.40847 7.5
-0.40823 7.5
-0.40798 7.5
-0.40774 7.5
-0.40749 7.5
-0.40725 7.5
-0.40701 7.4
-0.40676 7.4
-0.40652 7.3
-0.40627 7.2
-0.40603 7.0
-0.40578 6.9
-0.40554 6.7
-0.4053 6.5
-0.40505 6.4
-0.40481 6.1
-0.40456 5.9
-0.40432 5.7
-0.40408 5.4
-0.40383 5.2
-0.40359 4.9
-0.40334 4.6
-0.4031 4.3
-0.40285 4.0
-0.40261 3.6
-0.40237 3.3
-0.40212 3.0
-0.40188 2.6
-0.40163 2.3
-0.40139 1.9
-0.40115 1.5
-0.4009 1.2
-0.40066 0.8
-0.40041 0.4
-0.40017 0.0
-0.39993 -0.4
-0.39968 -0.7
-0.39944 -1.1
-0.39919 -1.5
-0.39895 -1.9
-0.3987 -2.2
-0.39846 -2.6
-0.39822 -2.9
-0.39797 -3.3
-0.39773 -3.6
-0.39748 -3.9
-0.39724 -4.3
-0.397 -4.6
-0.39675 -4.9
-0.39651 -5.2
-0.39626 -5.4
-0.39602 -5.7
-0.39577 -5.9
-0.39553 -6.2
-0.39529 -6.4
-0.39504 -6.6
-0.3948 -6.8
-0.39455 -6.9
-0.39431 -7.1
-0.39407 -7.2
-0.39382 -7.3
-0.39358 -7.4
-0.39333 -7.5
-0.39309 -7.6
-0.39285 -7.6
-0.3926 -7.6
-0.39236 -7.6
-0.39211 -7.6
-0.39187 -7.6
-0.39162 -7.5
-0.39138 -7.4
-0.39114 -7.3
-0.39089 -7.2
-0.39065 -7.1
-0.3904 -6.9
-0.39016 -6.8
-0.38992 -6.6
-0.38967 -6.4
-0.38943 -6.2
-0.38918 -5.9
-0.38894 -5.7
-0.38869 -5.4
-0.38845 -5.1
-0.38821 -4.8
-0.38796 -4.5
-0.38772 -4.2
-0.38747 -3.9
-0.38723 -3.6
-0.38699 -3.2
-0.38674 -2.9
-0.3865 -2.5
-0.38625 -2.1
-0.38601 -1.8
-0.38577 -1.4
-0.38552 -1.0
-0.38528 -0.6
-0.38503 -0.2
-0.38479 0.2
-0.38454 0.5
-0.3843 0.9
-0.38406 1.3
-0.38381 1.7
-0.38357 2.1
-0.38332 2.4
-0.38308 2.8
-0.38284 3.2
-0.38259 3.5
-0.38235 3.8
-0.3821 4.2
-0.38186 4.5
-0.38161 4.8
-0.38137 5.1
-0.38113 5.4
-0.38088 5.7
-0.38064 5.9
-0.38039 6.2
-0.38015 6.4
-0.37991 6.6
-0.37966 6.8
-0.37942 7.0
-0.37917 7.1
-0.37893 7.2
-0.37868 7.4
-0.37844 7.5
-0.3782 7.5
-0.37795 7.6
-0.37771 7.7
-0.37746 7.7
-0.37722 7.7
-0.37698 7.7
-0.37673 7.6
-0.37649 7.6
-0.37624 7.5
-0.376 7.4
-0.37576 7.3
-0.37551 7.1
-0.37527 7.0
-0.37502 6.8
-0.37478 6.6
-0.37453 6.4
-0.37429 6.2
-0.37405 6.0
-0.3738 5.7
-0.37356 5.4
-0.37331 5.1
-0.37307 4.8
-0.37283 4.5
-0.37258 4.2
-0.37234 3.9
-0.37209 3.5
-0.37185 3.2
-0.3716 2.8
-0.37136 2.4
-0.37112 2.1
-0.37087 1.7
-0.37063 1.3
-0.37038 0.9
-0.37014 0.5
-0.3699 0.1
-0.36965 -0.3
-0.36941 -0.7
-0.36916 -1.1
-0.36892 -1.4
-0.36868 -1.8
-0.36843 -2.2
-0.36819 -2.6
-0.36794 -3.0
-0.3677 -3.3
-0.36745 -3.7
-0.36721 -4.0
-0.36697 -4.4
-0.36672 -4.7
-0.36648 -5.0
-0.36623 -5.3
-0.36599 -5.6
-0.36575 -5.8
-0.3655 -6.1
-0.36526 -6.3
-0.36501 -6.6
-0.36477 -6.8
-0.36452 -6.9
-0.36428 -7.1
-0.36404 -7.3
-0.36379 -7.4
-0.36355 -7.5
-0.3633 -7.6
-0.36306 -7.7
-0.36282 -7.7
-0.36257 -7.7
-0.36233 -7.7
-0.36208 -7.7
-0.36184 -7.7
-0.3616 -7.6
-0.36135 -7.6
-0.36111 -7.5
-0.36086 -7.4
-0.36062 -7.2
-0.36037 -7.1
-0.36013 -6.9
-0.35989 -6.7
-0.35964 -6.5
-0.3594 -6.3
-0.35915 -6.0
-0.35891 -5.8
-0.35867 -5.5
-0.35842 -5.2
-0.35818 -4.9
-0.35793 -4.6
-0.35769 -4.3
-0.35744 -3.9
-0.3572 -3.6
-0.35696 -3.2
-0.35671 -2.8
-0.35647 -2.5
-0.35622 -2.1
-0.35598 -1.7
-0.35574 -1.3
-0.35549 -0.9
-0.35525 -0.5
-0.355 0.0
-0.35476 0.3
-0.35452 0.7
-0.35427 1.1
-0.35403 1.5
-0.35378 1.9
-0.35354 2.3
-0.35329 2.7
-0.35305 3.1
-0.35281 3.5
-0.35256 3.8
-0.35232 4.2
-0.35207 4.5
-0.35183 4.8
-0.35159 5.1
-0.35134 5.4
-0.3511 5.7
-0.35085 6.0
-0.35061 6.3
-0.35036 6.5
-0.35012 6.7
-0.34988 6.9
-0.34963 7.1
-0.34939 7.3
-0.34914 7.4
-0.3489 7.5
-0.34866 7.6
-0.34841 7.7
-0.34817 7.8
-0.34792 7.8
-0.34768 7.8
-0.34743 7.8
-0.34719 7.8
-0.34695 7.7
-0.3467 7.7
-0.34646 7.6
-0.34621 7.5
-0.34597 7.3
-0.34573 7.2
-0.34548 7.0
-0.34524 6.8
-0.34499 6.6
-0.34475 6.4
-0.34451 6.2
-0.34426 5.9
-0.34402 5.6
-0.34377 5.3
-0.34353 5.0
-0.34328 4.7
-0.34304 4.4
-0.3428 4.0
-0.34255 3.6
-0.34231 3.3
-0.34206 2.9
-0.34182 2.5
-0.34158 2.1
-0.34133 1.7
-0.34109 1.3
-0.34084 0.9
-0.3406 0.5
-0.34035 0.0
-0.34011 -0.3
-0.33987 -0.8
-0.33962 -1.2
-0.33938 -1.6
-0.33913 -2.0
-0.33889 -2.4
-0.33865 -2.8
-0.3384 -3.2
-0.33816 -3.5
-0.33791 -3.9
-0.33767 -4.3
-0.33743 -4.6
-0.33718 -4.9
-0.33694 -5.3
-0.33669 -5.6
-0.33645 -5.8
-0.3362 -6.1
-0.33596 -6.4
-0.33572 -6.6
-0.33547 -6.8
-0.33523 -7.0
-0.33498 -7.2
-0.33474 -7.4
-0.3345 -7.5
-0.33425 -7.6
-0.33401 -7.7
-0.33376 -7.8
-0.33352 -7.9
-0.33327 -7.9
-0.33303 -7.9
-0.33279 -7.9
-0.33254 -7.8
-0.3323 -7.8
-0.33205 -7.7
-0.33181 -7.6
-0.33157 -7.5
-0.33132 -7.3
-0.33108 -7.2
-0.33083 -7.0
-0.33059 -6.8
-0.33035 -6.6
-0.3301 -6.3
-0.32986 -6.1
-0.32961 -5.8
-0.32937 -5.5
-0.32912 -5.2
-0.32888 -4.8
-0.32864 -4.5
-0.32839 -4.1
-0.32815 -3.8
-0.3279 -3.4
-0.32766 -3.0
-0.32742 -2.6
-0.32717 -2.2
-0.32693 -1.8
-0.32668 -1.4
-0.32644 -1.0
-0.32619 -0.6
-0.32595 -0.1
-0.32571 0.3
-0.32546 0.7
-0.32522 1.1
-0.32497 1.6
-0.32473 2.0
-0.32449 2.4
-0.32424 2.8
-0.324 3.2
-0.32375 3.6
-0.32351 4.0
-0.32327 4.3
-0.32302 4.7
-0.32278 5.0
-0.32253 5.3
-0.32229 5.6
-0.32204 5.9
-0.3218 6.2
-0.32156 6.5
-0.32131 6.7
-0.32107 6.9
-0.32082 7.1
-0.32058 7.3
-0.32034 7.5
-0.32009 7.6
-0.31985 7.7
-0.3196 7.8
-0.31936 7.9
-0.31911 7.9
-0.31887 8.0
-0.31863 8.0
-0.31838 8.0
-0.31814 7.9
-0.31789 7.8
-0.31765 7.8
-0.31741 7.6
-0.31716 7.5
-0.31692 7.3
-0.31667 7.2
-0.31643 7.0
-0.31618 6.7
-0.31594 6.5
-0.3157 6.2
-0.31545 6.0
-0.31521 5.7
-0.31496 5.4
-0.31472 5.0
-0.31448 4.7
-0.31423 4.3
-0.31399 4.0
-0.31374 3.6
-0.3135 3.2
-0.31326 2.8
-0.31301 2.4
-0.31277 2.0
-0.31252 1.5
-0.31228 1.1
-0.31203 0.7
-0.31179 0.2
-0.31155 -0.2
-0.3113 -0.6
-0.31106 -1.1
-0.31081 -1.5
-0.31057 -1.9
-0.31033 -2.4
-0.31008 -2.8
-0.30984 -3.2
-0.30959 -3.6
-0.30935 -4.0
-0.3091 -4.3
-0.30886 -4.7
-0.30862 -5.0
-0.30837 -5.4
-0.30813 -5.7
-0.30788 -6.0
-0.30764 -6.3
-0.3074 -6.5
-0.30715 -6.8
-0.30691 -7.0
-0.30666 -7.2
-0.30642 -7.4
-0.30618 -7.6
-0.30593 -7.7
-0.30569 -7.8
-0.30544 -7.9
-0.3052 -8.0
-0.30495 -8.0
-0.30471 -8.1
-0.30447 -8.1
-0.30422 -8.0
-0.30398 -8.0
-0.30373 -7.9
-0.30349 -7.8
-0.30325 -7.7
-0.303 -7.5
-0.30276 -7.4
-0.30251 -7.2
-0.30227 -7.0
-0.30202 -6.7
-0.30178 -6.5
-0.30154 -6.2
-0.30129 -5.9
-0.30105 -5.6
-0.3008 -5.3
-0.30056 -4.9
-0.30032 -4.6
-0.30007 -4.2
-0.29983 -3.8
-0.29958 -3.4
-0.29934 -3.0
-0.2991 -2.6
-0.29885 -2.1
-0.29861 -1.7
-0.29836 -1.3
-0.29812 -0.8
-0.29787 -0.4
-0.29763 0.0
-0.29739 0.5
-0.29714 1.0
-0.2969 1.4
-0.29665 1.8
-0.29641 2.3
-0.29617 2.7
-0.29592 3.1
-0.29568 3.5
-0.29543 3.9
-0.29519 4.3
-0.29494 4.7
-0.2947 5.0
-0.29446 5.4
-0.29421 5.7
-0.29397 6.0
-0.29372 6.3
-0.29348 6.6
-0.29324 6.9
-0.29299 7.1
-0.29275 7.3
-0.2925 7.5
-0.29226 7.7
-0.29202 7.8
-0.29177 7.9
-0.29153 8.0
-0.29128 8.1
-0.29104 8.1
-0.29079 8.1
-0.29055 8.1
-0.29031 8.1
-0.29006 8.0
-0.28982 8.0
-0.28957 7.9
-0.28933 7.7
-0.28909 7.6
-0.28884 7.4
-0.2886 7.2
-0.28835 7.0
-0.28811 6.7
-0.28786 6.5
-0.28762 6.2
-0.28738 5.9
-0.28713 5.5
-0.28689 5.2
-0.28664 4.8
-0.2864 4.5
-0.28616 4.1
-0.28591 3.7
-0.28567 3.3
-0.28542 2.8
-0.28518 2.4
-0.28493 2.0
-0.28469 1.5
-0.28445 1.1
-0.2842 0.6
-0.28396 0.1
-0.28371 -0.3
-0.28347 -0.8
-0.28323 -1.2
-0.28298 -1.7
-0.28274 -2.1
-0.28249 -2.6
-0.28225 -3.0
-0.28201 -3.4
-0.28176 -3.8
-0.28152 -4.3
-0.28127 -4.6
-0.28103 -5.0
-0.28078 -5.4
-0.28054 -5.7
-0.2803 -6.0
-0.28005 -6.3
-0.27981 -6.6
-0.27956 -6.9
-0.27932 -7.1
-0.27908 -7.4
-0.27883 -7.6
-0.27859 -7.7
-0.27834 -7.9
-0.2781 -8.0
-0.27785 -8.1
-0.27761 -8.2
-0.27737 -8.2
-0.27712 -8.2
-0.27688 -8.2
-0.27663 -8.2
-0.27639 -8.1
-0.27615 -8.0
-0.2759 -7.9
-0.27566 -7.8
-0.27541 -7.6
-0.27517 -7.4
-0.27493 -7.2
-0.27468 -7.0
-0.27444 -6.7
-0.27419 -6.5
-0.27395 -6.2
-0.2737 -5.8
-0.27346 -5.5
-0.27322 -5.1
-0.27297 -4.8
-0.27273 -4.4
-0.27248 -4.0
-0.27224 -3.6
-0.272 -3.1
-0.27175 -2.7
-0.27151 -2.2
-0.27126 -1.8
-0.27102 -1.3
-0.27077 -0.9
-0.27053 -0.4
-0.27029 0.0
-0.27004 0.6
-0.2698 1.0
-0.26955 1.5
-0.26931 2.0
-0.26907 2.4
-0.26882 2.9
-0.26858 3.3
-0.26833 3.7
-0.26809 4.2
-0.26785 4.6
-0.2676 4.9
-0.26736 5.3
-0.26711 5.7
-0.26687 6.0
-0.26662 6.3
-0.26638 6.6
-0.26614 6.9
-0.26589 7.2
-0.26565 7.4
-0.2654 7.6
-0.26516 7.8
-0.26492 7.9
-0.26467 8.1
-0.26443 8.2
-0.26418 8.2
-0.26394 8.3
-0.26369 8.3
-0.26345 8.3
-0.26321 8.3
-0.26296 8.2
-0.26272 8.1
-0.26247 8.0
-0.26223 7.9
-0.26199 7.7
-0.26174 7.5
-0.2615 7.3
-0.26125 7.1
-0.26101 6.8
-0.26077 6.5
-0.26052 6.2
-0.26028 5.8
-0.26003 5.5
-0.25979 5.1
-0.25954 4.7
-0.2593 4.3
-0.25906 3.9
-0.25881 3.5
-0.25857 3.0
-0.25832 2.6
-0.25808 2.1
-0.25784 1.6
-0.25759 1.2
-0.25735 0.7
-0.2571 0.2
-0.25686 -0.3
-0.25661 -0.8
-0.25637 -1.3
-0.25613 -1.7
-0.25588 -2.2
-0.25564 -2.7
-0.25539 -3.1
-0.25515 -3.6
-0.25491 -4.0
-0.25466 -4.4
-0.25442 -4.8
-0.25417 -5.2
-0.25393 -5.6
-0.25368 -6.0
-0.25344 -6.3
-0.2532 -6.6
-0.25295 -6.9
-0.25271 -7.2
-0.25246 -7.4
-0.25222 -7.6
-0.25198 -7.8
-0.25173 -8.0
-0.25149 -8.1
-0.25124 -8.3
-0.251 -8.3
-0.25076 -8.4
-0.25051 -8.4
-0.25027 -8.4
-0.25002 -8.4
-0.24978 -8.3
-0.24953 -8.2
-0.24929 -8.1
-0.24905 -8.0
-0.2488 -7.8
-0.24856 -7.6
-0.24831 -7.4
-0.24807 -7.1
-0.24783 -6.8
-0.24758 -6.5
-0.24734 -6.2
-0.24709 -5.9
-0.24685 -5.5
-0.2466 -5.1
-0.24636 -4.7
-0.24612 -4.3
-0.24587 -3.9
-0.24563 -3.4
-0.24538 -2.9
-0.24514 -2.5
-0.2449 -2.0
-0.24465 -1.5
-0.24441 -1.0
-0.24416 -0.5
-0.24392 0.0
-0.24368 0.5
-0.24343 1.0
-0.24319 1.5
-0.24294 2.0
-0.2427 2.5
-0.24245 2.9
-0.24221 3.4
-0.24197 3.9
-0.24172 4.3
-0.24148 4.7
-0.24123 5.1
-0.24099 5.5
-0.24075 5.9
-0.2405 6.3
-0.24026 6.6
-0.24001 6.9
-0.23977 7.2
-0.23952 7.4
-0.23928 7.7
-0.23904 7.9
-0.23879 8.1
-0.23855 8.2
-0.2383 8.3
-0.23806 8.4
-0.23782 8.5
-0.23757 8.5
-0.23733 8.5
-0.23708 8.5
-0.23684 8.4
-0.2366 8.3
-0.23635 8.2
-0.23611 8.1
-0.23586 7.9
-0.23562 7.7
-0.23537 7.5
-0.23513 7.2
-0.23489 6.9
-0.23464 6.6
-0.2344 6.3
-0.23415 5.9
-0.23391 5.5
-0.23367 5.1
-0.23342 4.7
-0.23318 4.3
-0.23293 3.8
-0.23269 3.4
-0.23244 2.9
-0.2322 2.4
-0.23196 1.9
-0.23171 1.4
-0.23147 0.9
-0.23122 0.4
-0.23098 -0.2
-0.23074 -0.7
-0.23049 -1.2
-0.23025 -1.7
-0.23 -2.2
-0.22976 -2.7
-0.22952 -3.2
-0.22927 -3.7
-0.22903 -4.1
-0.22878 -4.6
-0.22854 -5.0
-0.22829 -5.4
-0.22805 -5.8
-0.22781 -6.2
-0.22756 -6.5
-0.22732 -6.9
-0.22707 -7.2
-0.22683 -7.4
-0.22659 -7.7
-0.22634 -7.9
-0.2261 -8.1
-0.22585 -8.3
-0.22561 -8.4
-0.22536 -8.5
-0.22512 -8.6
-0.22488 -8.6
-0.22463 -8.6
-0.22439 -8.6
-0.22414 -8.5
-0.2239 -8.5
-0.22366 -8.3
-0.22341 -8.2
-0.22317 -8.0
-0.22292 -7.8
-0.22268 -7.6
-0.22243 -7.3
-0.22219 -7.0
-0.22195 -6.7
-0.2217 -6.3
-0.22146 -5.9
-0.22121 -5.6
-0.22097 -5.1
-0.22073 -4.7
-0.22048 -4.3
-0.22024 -3.8
-0.21999 -3.3
-0.21975 -2.8
-0.21951 -2.3
-0.21926 -1.8
-0.21902 -1.3
-0.21877 -0.7
-0.21853 -0.2
-0.21828 0.3
-0.21804 0.9
-0.2178 1.4
-0.21755 1.9
-0.21731 2.4
-0.21706 2.9
-0.21682 3.4
-0.21658 3.9
-0.21633 4.4
-0.21609 4.9
-0.21584 5.3
-0.2156 5.7
-0.21535 6.1
-0.21511 6.5
-0.21487 6.8
-0.21462 7.1
-0.21438 7.4
-0.21413 7.7
-0.21389 7.9
-0.21365 8.2
-0.2134 8.3
-0.21316 8.5
-0.21291 8.6
-0.21267 8.7
-0.21243 8.7
-0.21218 8.7
-0.21194 8.7
-0.21169 8.7
-0.21145 8.6
-0.2112 8.5
-0.21096 8.3
-0.21072 8.1
-0.21047 7.9
-0.21023 7.7
-0.20998 7.4
-0.20974 7.1
-0.2095 6.7
-0.20925 6.4
-0.20901 6.0
-0.20876 5.6
-0.20852 5.2
-0.20827 4.7
-0.20803 4.2
-0.20779 3.8
-0.20754 3.3
-0.2073 2.7
-0.20705 2.2
-0.20681 1.7
-0.20657 1.1
-0.20632 0.6
-0.20608 0.0
-0.20583 -0.5
-0.20559 -1.1
-0.20535 -1.6
-0.2051 -2.1
-0.20486 -2.7
-0.20461 -3.2
-0.20437 -3.7
-0.20412 -4.2
-0.20388 -4.7
-0.20364 -5.1
-0.20339 -5.6
-0.20315 -6.0
-0.2029 -6.4
-0.20266 -6.8
-0.20242 -7.1
-0.20217 -7.4
-0.20193 -7.7
-0.20168 -8.0
-0.20144 -8.2
-0.20119 -8.4
-0.20095 -8.6
-0.20071 -8.7
-0.20046 -8.8
-0.20022 -8.8
-0.19997 -8.9
-0.19973 -8.8
-0.19949 -8.8
-0.19924 -8.7
-0.199 -8.6
-0.19875 -8.4
-0.19851 -8.2
-0.19827 -8.0
-0.19802 -7.8
-0.19778 -7.5
-0.19753 -7.2
-0.19729 -6.8
-0.19704 -6.5
-0.1968 -6.1
-0.19656 -5.6
-0.19631 -5.2
-0.19607 -4.7
-0.19582 -4.2
-0.19558 -3.7
-0.19534 -3.2
-0.19509 -2.7
-0.19485 -2.1
-0.1946 -1.6
-0.19436 -1.0
-0.19411 -0.4
-0.19387 0.1
-0.19363 0.7
-0.19338 1.3
-0.19314 1.8
-0.19289 2.4
-0.19265 2.9
-0.19241 3.5
-0.19216 4.0
-0.19192 4.5
-0.19167 5.0
-0.19143 5.5
-0.19118 5.9
-0.19094 6.3
-0.1907 6.7
-0.19045 7.1
-0.19021 7.4
-0.18996 7.7
-0.18972 8.0
-0.18948 8.3
-0.18923 8.5
-0.18899 8.6
-0.18874 8.8
-0.1885 8.9
-0.18826 8.9
-0.18801 9.0
-0.18777 9.0
-0.18752 8.9
-0.18728 8.8
-0.18703 8.7
-0.18679 8.6
-0.18655 8.4
-0.1863 8.1
-0.18606 7.9
-0.18581 7.6
-0.18557 7.3
-0.18533 6.9
-0.18508 6.5
-0.18484 6.1
-0.18459 5.6
-0.18435 5.2
-0.1841 4.7
-0.18386 4.2
-0.18362 3.7
-0.18337 3.1
-0.18313 2.6
-0.18288 2.0
-0.18264 1.4
-0.1824 0.8
-0.18215 0.2
-0.18191 -0.4
-0.18166 -0.9
-0.18142 -1.5
-0.18118 -2.1
-0.18093 -2.7
-0.18069 -3.2
-0.18044 -3.8
-0.1802 -4.3
-0.17995 -4.8
-0.17971 -5.3
-0.17947 -5.8
-0.17922 -6.2
-0.17898 -6.7
-0.17873 -7.1
-0.17849 -7.4
-0.17825 -7.8
-0.178 -8.0
-0.17776 -8.3
-0.17751 -8.5
-0.17727 -8.7
-0.17702 -8.9
-0.17678 -9.0
-0.17654 -9.1
-0.17629 -9.1
-0.17605 -9.1
-0.1758 -9.1
-0.17556 -9.0
-0.17532 -8.9
-0.17507 -8.7
-0.17483 -8.5
-0.17458 -8.3
-0.17434 -8.0
-0.1741 -7.7
-0.17385 -7.3
-0.17361 -7.0
-0.17336 -6.5
-0.17312 -6.1
-0.17287 -5.6
-0.17263 -5.2
-0.17239 -4.6
-0.17214 -4.1
-0.1719 -3.6
-0.17165 -3.0
-0.17141 -2.4
-0.17117 -1.8
-0.17092 -1.2
-0.17068 -0.6
-0.17043 0.0
-0.17019 0.6
-0.16994 1.2
-0.1697 1.8
-0.16946 2.4
-0.16921 3.0
-0.16897 3.6
-0.16872 4.2
-0.16848 4.7
-0.16824 5.2
-0.16799 5.7
-0.16775 6.2
-0.1675 6.6
-0.16726 7.1
-0.16702 7.4
-0.16677 7.8
-0.16653 8.1
-0.16628 8.4
-0.16604 8.6
-0.16579 8.8
-0.16555 9.0
-0.16531 9.1
-0.16506 9.2
-0.16482 9.2
-0.16457 9.2
-0.16433 9.2
-0.16409 9.1
-0.16384 9.0
-0.1636 8.8
-0.16335 8.6
-0.16311 8.4
-0.16286 8.1
-0.16262 7.7
-0.16238 7.4
-0.16213 7.0
-0.16189 6.6
-0.16164 6.1
-0.1614 5.6
-0.16116 5.1
-0.16091 4.6
-0.16067 4.0
-0.16042 3.4
-0.16018 2.8
-0.15993 2.2
-0.15969 1.6
-0.15945 1.0
-0.1592 0.3
-0.15896 -0.3
-0.15871 -1.0
-0.15847 -1.6
-0.15823 -2.2
-0.15798 -2.8
-0.15774 -3.4
-0.15749 -4.0
-0.15725 -4.6
-0.15701 -5.1
-0.15676 -5.7
-0.15652 -6.2
-0.15627 -6.6
-0.15603 -7.1
-0.15578 -7.5
-0.15554 -7.9
-0.1553 -8.2
-0.15505 -8.5
-0.15481 -8.7
-0.15456 -9.0
-0.15432 -9.1
-0.15408 -9.3
-0.15383 -9.3
-0.15359 -9.4
-0.15334 -9.4
-0.1531 -9.3
-0.15285 -9.2
-0.15261 -9.1
-0.15237 -8.9
-0.15212 -8.7
-0.15188 -8.4
-0.15163 -8.1
-0.15139 -7.8
-0.15115 -7.4
-0.1509 -7.0
-0.15066 -6.5
-0.15041 -6.0
-0.15017 -5.5
-0.14993 -5.0
-0.14968 -4.4
-0.14944 -3.8
-0.14919 -3.2
-0.14895 -2.6
-0.1487 -1.9
-0.14846 -1.3
-0.14822 -0.6
-0.14797 0.0
-0.14773 0.7
-0.14748 1.4
-0.14724 2.0
-0.147 2.7
-0.14675 3.3
-0.14651 3.9
-0.14626 4.5
-0.14602 5.1
-0.14577 5.7
-0.14553 6.2
-0.14529 6.7
-0.14504 7.1
-0.1448 7.6
-0.14455 8.0
-0.14431 8.3
-0.14407 8.6
-0.14382 8.9
-0.14358 9.1
-0.14333 9.3
-0.14309 9.4
-0.14285 9.5
-0.1426 9.5
-0.14236 9.5
-0.14211 9.5
-0.14187 9.4
-0.14162 9.2
-0.14138 9.0
-0.14114 8.8
-0.14089 8.5
-0.14065 8.1
-0.1404 7.8
-0.14016 7.4
-0.13992 6.9
-0.13967 6.4
-0.13943 5.9
-0.13918 5.3
-0.13894 4.8
-0.13869 4.1
-0.13845 3.5
-0.13821 2.9
-0.13796 2.2
-0.13772 1.5
-0.13747 0.8
-0.13723 0.2
-0.13699 -0.5
-0.13674 -1.2
-0.1365 -1.9
-0.13625 -2.6
-0.13601 -3.3
-0.13577 -3.9
-0.13552 -4.5
-0.13528 -5.1
-0.13503 -5.7
-0.13479 -6.3
-0.13454 -6.8
-0.1343 -7.3
-0.13406 -7.7
-0.13381 -8.1
-0.13357 -8.5
-0.13332 -8.8
-0.13308 -9.1
-0.13284 -9.3
-0.13259 -9.5
-0.13235 -9.6
-0.1321 -9.7
-0.13186 -9.7
-0.13161 -9.7
-0.13137 -9.6
-0.13113 -9.5
-0.13088 -9.3
-0.13064 -9.1
-0.13039 -8.8
-0.13015 -8.5
-0.12991 -8.1
-0.12966 -7.7
-0.12942 -7.2
-0.12917 -6.7
-0.12893 -6.2
-0.12868 -5.6
-0.12844 -5.0
-0.1282 -4.4
-0.12795 -3.8
-0.12771 -3.1
-0.12746 -2.4
-0.12722 -1.7
-0.12698 -1.0
-0.12673 -0.3
-0.12649 0.5
-0.12624 1.2
-0.126 1.9
-0.12576 2.6
-0.12551 3.3
-0.12527 4.0
-0.12502 4.6
-0.12478 5.3
-0.12453 5.9
-0.12429 6.4
-0.12405 7.0
-0.1238 7.5
-0.12356 7.9
-0.12331 8.4
-0.12307 8.7
-0.12283 9.1
-0.12258 9.3
-0.12234 9.5
-0.12209 9.7
-0.12185 9.8
-0.1216 9.9
-0.12136 9.9
-0.12112 9.8
-0.12087 9.7
-0.12063 9.6
-0.12038 9.4
-0.12014 9.1
-0.1199 8.8
-0.11965 8.4
-0.11941 8.0
-0.11916 7.5
-0.11892 7.0
-0.11868 6.5
-0.11843 5.9
-0.11819 5.2
-0.11794 4.6
-0.1177 3.9
-0.11745 3.2
-0.11721 2.5
-0.11697 1.8
-0.11672 1.0
-0.11648 0.2
-0.11623 -0.5
-0.11599 -1.3
-0.11575 -2.0
-0.1155 -2.8
-0.11526 -3.5
-0.11501 -4.2
-0.11477 -4.9
-0.11452 -5.5
-0.11428 -6.2
-0.11404 -6.8
-0.11379 -7.3
-0.11355 -7.8
-0.1133 -8.3
-0.11306 -8.7
-0.11282 -9.1
-0.11257 -9.4
-0.11233 -9.6
-0.11208 -9.8
-0.11184 -10.0
-0.1116 -10.1
-0.11135 -10.1
-0.11111 -10.1
-0.11086 -10.0
-0.11062 -9.8
-0.11037 -9.6
-0.11013 -9.3
-0.10989 -9.0
-0.10964 -8.6
-0.1094 -8.2
-0.10915 -7.7
-0.10891 -7.2
-0.10867 -6.6
-0.10842 -6.0
-0.10818 -5.3
-0.10793 -4.6
-0.10769 -3.9
-0.10744 -3.2
-0.1072 -2.4
-0.10696 -1.6
-0.10671 -0.9
-0.10647 0.0
-0.10622 0.7
-0.10598 1.5
-0.10574 2.3
-0.10549 3.1
-0.10525 3.9
-0.105 4.6
-0.10476 5.3
-0.10452 6.0
-0.10427 6.6
-0.10403 7.2
-0.10378 7.8
-0.10354 8.3
-0.10329 8.7
-0.10305 9.1
-0.10281 9.5
-0.10256 9.8
-0.10232 10.0
-0.10207 10.2
-0.10183 10.3
-0.10159 10.3
-0.10134 10.3
-0.1011 10.2
-0.10085 10.0
-0.10061 9.8
-0.10036 9.5
-0.10012 9.2
-0.09988 8.8
-0.09963 8.3
-0.09939 7.8
-0.09914 7.2
-0.0989 6.6
-0.09866 5.9
-0.09841 5.2
-0.09817 4.5
-0.09792 3.7
-0.09768 3.0
-0.09743 2.1
-0.09719 1.3
-0.09695 0.5
-0.0967 -0.4
-0.09646 -1.2
-0.09621 -2.0
-0.09597 -2.9
-0.09573 -3.7
-0.09548 -4.5
-0.09524 -5.2
-0.09499 -5.9
-0.09475 -6.6
-0.09451 -7.3
-0.09426 -7.9
-0.09402 -8.4
-0.09377 -8.9
-0.09353 -9.3
-0.09328 -9.7
-0.09304 -10.0
-0.0928 -10.2
-0.09255 -10.4
-0.09231 -10.5
-0.09206 -10.5
-0.09182 -10.5
-0.09158 -10.4
-0.09133 -10.2
-0.09109 -9.9
-0.09084 -9.6
-0.0906 -9.2
-0.09035 -8.8
-0.09011 -8.3
-0.08987 -7.7
-0.08962 -7.1
-0.08938 -6.4
-0.08913 -5.7
-0.08889 -4.9
-0.08865 -4.1
-0.0884 -3.3
-0.08816 -2.4
-0.08791 -1.6
-0.08767 -0.7
-0.08743 0.2
-0.08718 1.1
-0.08694 2.0
-0.08669 2.8
-0.08645 3.7
-0.0862 4.5
-0.08596 5.3
-0.08572 6.1
-0.08547 6.8
-0.08523 7.5
-0.08498 8.1
-0.08474 8.7
-0.0845 9.2
-0.08425 9.6
-0.08401 10.0
-0.08376 10.3
-0.08352 10.5
-0.08327 10.7
-0.08303 10.8
-0.08279 10.8
-0.08254 10.7
-0.0823 10.5
-0.08205 10.3
-0.08181 10.0
-0.08157 9.6
-0.08132 9.1
-0.08108 8.6
-0.08083 8.0
-0.08059 7.4
-0.08035 6.7
-0.0801 5.9
-0.07986 5.1
-0.07961 4.3
-0.07937 3.4
-0.07912 2.5
-0.07888 1.6
-0.07864 0.6
-0.07839 -0.3
-0.07815 -1.3
-0.0779 -2.2
-0.07766 -3.1
-0.07742 -4.0
-0.07717 -4.9
-0.07693 -5.8
-0.07668 -6.6
-0.07644 -7.3
-0.07619 -8.0
-0.07595 -8.6
-0.07571 -9.2
-0.07546 -9.7
-0.07522 -10.1
-0.07497 -10.5
-0.07473 -10.8
-0.07449 -10.9
-0.07424 -11.0
-0.074 -11.1
-0.07375 -11.0
-0.07351 -10.8
-0.07327 -10.6
-0.07302 -10.3
-0.07278 -9.8
-0.07253 -9.4
-0.07229 -8.8
-0.07204 -8.2
-0.0718 -7.4
-0.07156 -6.7
-0.07131 -5.9
-0.07107 -5.0
-0.07082 -4.1
-0.07058 -3.1
-0.07034 -2.1
-0.07009 -1.2
-0.06985 -0.1
-0.0696 0.9
-0.06936 1.9
-0.06911 2.9
-0.06887 3.9
-0.06863 4.8
-0.06838 5.7
-0.06814 6.6
-0.06789 7.4
-0.06765 8.1
-0.06741 8.8
-0.06716 9.4
-0.06692 10.0
-0.06667 10.4
-0.06643 10.8
-0.06618 11.1
-0.06594 11.3
-0.0657 11.4
-0.06545 11.4
-0.06521 11.3
-0.06496 11.1
-0.06472 10.8
-0.06448 10.4
-0.06423 9.9
-0.06399 9.3
-0.06374 8.7
-0.0635 8.0
-0.06326 7.2
-0.06301 6.3
-0.06277 5.4
-0.06252 4.4
-0.06228 3.4
-0.06203 2.4
-0.06179 1.3
-0.06155 0.2
-0.0613 -0.9
-0.06106 -2.0
-0.06081 -3.0
-0.06057 -4.1
-0.06033 -5.1
-0.06008 -6.1
-0.05984 -7.0
-0.05959 -7.8
-0.05935 -8.6
-0.0591 -9.4
-0.05886 -10.0
-0.05862 -10.5
-0.05837 -11.0
-0.05813 -11.3
-0.05788 -11.6
-0.05764 -11.7
-0.0574 -11.7
-0.05715 -11.6
-0.05691 -11.5
-0.05666 -11.2
-0.05642 -10.7
-0.05618 -10.2
-0.05593 -9.6
-0.05569 -8.9
-0.05544 -8.1
-0.0552 -7.3
-0.05495 -6.3
-0.05471 -5.3
-0.05447 -4.3
-0.05422 -3.2
-0.05398 -2.0
-0.05373 -0.9
-0.05349 0.3
-0.05325 1.5
-0.053 2.7
-0.05276 3.8
-0.05251 4.9
-0.05227 6.0
-0.05202 7.0
-0.05178 7.9
-0.05154 8.8
-0.05129 9.6
-0.05105 10.3
-0.0508 10.9
-0.05056 11.4
-0.05032 11.7
-0.05007 12.0
-0.04983 12.1
-0.04958 12.1
-0.04934 12.0
-0.0491 11.7
-0.04885 11.4
-0.04861 10.9
-0.04836 10.3
-0.04812 9.6
-0.04787 8.7
-0.04763 7.8
-0.04739 6.8
-0.04714 5.7
-0.0469 4.6
-0.04665 3.4
-0.04641 2.2
-0.04617 0.9
-0.04592 -0.4
-0.04568 -1.7
-0.04543 -3.0
-0.04519 -4.2
-0.04494 -5.4
-0.0447 -6.6
-0.04446 -7.6
-0.04421 -8.6
-0.04397 -9.6
-0.04372 -10.4
-0.04348 -11.1
-0.04324 -11.6
-0.04299 -12.1
-0.04275 -12.4
-0.0425 -12.5
-0.04226 -12.6
-0.04202 -12.5
-0.04177 -12.2
-0.04153 -11.8
-0.04128 -11.2
-0.04104 -10.5
-0.04079 -9.7
-0.04055 -8.8
-0.04031 -7.8
-0.04006 -6.6
-0.03982 -5.4
-0.03957 -4.1
-0.03933 -2.8
-0.03909 -1.4
-0.03884 0.0
-0.0386 1.5
-0.03835 2.9
-0.03811 4.2
-0.03786 5.6
-0.03762 6.9
-0.03738 8.0
-0.03713 9.1
-0.03689 10.1
-0.03664 11.0
-0.0364 11.7
-0.03616 12.3
-0.03591 12.8
-0.03567 13.0
-0.03542 13.1
-0.03518 13.0
-0.03493 12.8
-0.03469 12.4
-0.03445 11.8
-0.0342 11.1
-0.03396 10.2
-0.03371 9.1
-0.03347 8.0
-0.03323 6.7
-0.03298 5.3
-0.03274 3.9
-0.03249 2.3
-0.03225 0.8
-0.03201 -0.8
-0.03176 -2.4
-0.03152 -4.0
-0.03127 -5.5
-0.03103 -6.9
-0.03078 -8.3
-0.03054 -9.5
-0.0303 -10.6
-0.03005 -11.6
-0.02981 -12.4
-0.02956 -13.0
-0.02932 -13.5
-0.02908 -13.7
-0.02883 -13.7
-0.02859 -13.6
-0.02834 -13.2
-0.0281 -12.6
-0.02785 -11.8
-0.02761 -10.9
-0.02737 -9.7
-0.02712 -8.4
-0.02688 -7.0
-0.02663 -5.4
-0.02639 -3.7
-0.02615 -2.0
-0.0259 -0.2
-0.02566 1.6
-0.02541 3.4
-0.02517 5.2
-0.02493 6.8
-0.02468 8.4
-0.02444 9.9
-0.02419 11.2
-0.02395 12.3
-0.0237 13.2
-0.02346 13.9
-0.02322 14.3
-0.02297 14.5
-0.02273 14.5
-0.02248 14.2
-0.02224 13.6
-0.022 12.8
-0.02175 11.7
-0.02151 10.4
-0.02126 8.9
-0.02102 7.2
-0.02077 5.4
-0.02053 3.5
-0.02029 1.4
-0.02004 -0.7
-0.0198 -2.8
-0.01955 -4.8
-0.01931 -6.8
-0.01907 -8.7
-0.01882 -10.4
-0.01858 -11.9
-0.01833 -13.2
-0.01809 -14.3
-0.01785 -15.0
-0.0176 -15.4
-0.01736 -15.5
-0.01711 -15.3
-0.01687 -14.7
-0.01662 -13.8
-0.01638 -12.6
-0.01614 -11.0
-0.01589 -9.2
-0.01565 -7.2
-0.0154 -4.9
-0.01516 -2.5
-0.01492 0.0
-0.01467 2.5
-0.01443 5.0
-0.01418 7.4
-0.01394 9.6
-0.01369 11.7
-0.01345 13.5
-0.01321 14.9
-0.01296 16.0
-0.01272 16.6
-0.01247 16.8
-0.01223 16.6
-0.01199 15.8
-0.01174 14.6
-0.0115 13.0
-0.01125 10.9
-0.01101 8.5
-0.01077 5.8
-0.01052 2.8
-0.01028 -0.3
-0.01003 -3.5
-0.00979 -6.6
-0.00954 -9.5
-0.0093 -12.2
-0.00906 -14.6
-0.00881 -16.4
-0.00857 -17.7
-0.00832 -18.4
-0.00808 -18.5
-0.00784 -17.8
-0.00759 -16.4
-0.00735 -14.3
-0.0071 -11.5
-0.00686 -8.3
-0.00661 -4.5
-0.00637 -0.5
-0.00613 3.7
-0.00588 7.9
-0.00564 11.8
-0.00539 15.2
-0.00515 18.0
-0.00491 19.9
-0.00466 20.8
-0.00442 20.6
-0.00417 19.2
-0.00393 16.5
-0.00368 12.7
-0.00344 7.9
-0.0032 2.4
-0.00295 -3.5
-0.00271 -9.5
-0.00246 -15.0
-0.00222 -19.6
-0.00198 -22.7
-0.00173 -23.9
-0.00149 -22.9
-0.00124 -19.5
-0.001 -13.8
-0.00076 -6.0
-0.00051 3.0
-0.00027 12.2
-2e-05 20.0
0.00022 24.8
0.00047 25.1
0.00071 20.4
0.00095 11.3
0.0012 -0.2
0.00144 -11.3
0.00169 -19.0
0.00193 -21.1
0.00217 -17.2
0.00242 -8.8
0.00266 1.2
0.00291 9.6
0.00315 13.9
0.0034 13.2
0.00364 8.5
0.00388 1.8
0.00413 -4.4
0.00437 -8.1
0.00462 -8.4
0.00486 -5.9
0.0051 -1.8
0.00535 2.1
0.00559 4.7
0.00584 5.1
0.00608 3.7
0.00632 1.3
0.00657 -1.2
0.00681 -2.8
0.00706 -3.1
0.0073 -2.3
0.00755 -0.8
0.00779 0.7
0.00803 1.7
0.00828 1.9
0.00852 1.4
0.00877 0.5
0.00901 -0.4
0.00925 -1.0
0.0095 -1.1
0.00974 -0.8
0.00999 -0.3
0.01023 0.3
0.01048 0.6
0.01072 0.7
0.01096 0.5
0.01121 0.2
0.01145 -0.2
0.0117 -0.4
0.01194 -0.4
0.01218 -0.3
0.01243 -0.1
0.01267 0.1
0.01292 0.2
0.01316 0.3
0.0134 0.2
0.01365 0.0
0.01389 0.0
0.01414 -0.1
0.01438 -0.2
0.01463 -0.1
0.01487 0.0
0.01511 0.0
0.01536 0.0
0.0156 0.0
0.01585 0.0
0.01609 0.0
0.01633 0.0
0.01658 0.0
0.01682 0.0
0.01707 0.0
0.01731 0.0
0.01756 0.0
0.0178 0.0
0.01804 0.0
0.01829 0.0
0.01853 0.0
0.01878 0.0
0.01902 0.0
0.01926 0.0
0.01951 0.0
0.01975 0.0
0.02 0.0
0.02024 0.0
0.02048 0.0
0.02073 0.0
0.02097 0.0
0.02122 0.0
0.02146 0.0
0.02171 0.0
0.02195 0.0
0.02219 0.0
0.02244 0.0
0.02268 0.0
0.02293 0.0
0.02317 0.0
0.02341 0.0
0.02366 0.0
0.0239 0.0
0.02415 0.0
0.02439 0.0
0.02464 0.0
0.02488 0.0
0.02512 0.0
0.02537 0.0
0.02561 0.0
0.02586 0.0
0.0261 0.0
0.02634 0.0
0.02659 0.0
0.02683 0.0
0.02708 0.0
0.02732 0.0
0.02757 0.0
0.02781 0.0
0.02805 0.0
0.0283 0.0
0.02854 0.0
0.02879 0.0
0.02903 0.0
0.02927 0.0
0.02952 0.0
0.02976 0.0
0.03001 0.0
0.03025 0.0
0.03049 0.0
0.03074 0.0
0.03098 0.0
0.03123 0.0
0.03147 0.0
0.03172 0.0
0.03196 0.0
0.0322 0.0
0.03245 0.0
0.03269 0.0
0.03294 0.0
0.03318 0.0
0.03342 0.0
0.03367 0.0
0.03391 0.0
0.03416 0.0
0.0344 0.0
0.03465 0.0
0.03489 0.0
0.03513 0.0
0.03538 0.0
0.03562 0.0
0.03587 0.0
0.03611 0.0
0.03635 0.0
0.0366 0.0
0.03684 0.0
0.03709 0.0
0.03733 0.0
0.03757 0.0
0.03782 0.0
0.03806 0.0
0.03831 0.0
0.03855 0.0
0.0388 0.0
0.03904 0.0
0.03928 0.0
0.03953 0.0
0.03977 0.0
0.04002 0.0
0.04026 0.0
0.0405 0.0
0.04075 0.0
0.04099 0.0
0.04124 0.0
0.04148 0.0
0.04173 0.0
0.04197 0.0
0.04221 0.0
0.04246 0.0
0.0427 0.0
0.04295 0.0
0.04319 0.0
0.04343 0.0
0.04368 0.0
0.04392 0.0
0.04417 0.0
0.04441 0.0
0.04465 0.0
0.0449 0.0
0.04514 0.0
0.04539 0.0
0.04563 0.0
0.04588 0.0
0.04612 0.0
0.04636 0.0
0.04661 0.0
0.04685 0.0
0.0471 0.0
0.04734 0.0
0.04758 0.0
0.04783 0.0
0.04807 0.0
0.04832 0.0
0.04856 0.0
0.04881 0.0
0.04905 0.0
0.04929 0.0
0.04954 0.0
0.04978 0.0
0.05003 0.0
0.05027 0.0
0.05051 0.0
0.05076 0.0
0.051 0.0
0.05125 0.0
0.05149 0.0
0.05173 0.0
0.05198 0.0
0.05222 0.0
0.05247 0.0
0.05271 0.0
0.05296 0.0
0.0532 0.0
0.05344 0.0
0.05369 0.0
0.05393 0.0
0.05418 0.0
0.05442 0.0
0.05466 0.0
0.05491 0.0
0.05515 0.0
0.0554 0.0
0.05564 0.0
0.05589 0.0
0.05613 0.0
0.05637 0.0
0.05662 0.0
0.05686 0.0
0.05711 0.0
0.05735 0.0
0.05759 0.0
0.05784 0.0
0.05808 0.0
0.05833 0.0
0.05857 0.0
0.05882 0.0
0.05906 0.0
0.0593 0.0
0.05955 0.0
0.05979 0.0
0.06004 0.0
0.06028 0.0
0.06052 0.0
0.06077 0.0
0.06101 0.0
0.06126 0.0
0.0615 0.0
0.06174 0.0
0.06199 0.0
0.06223 0.0
0.06248 0.0
0.06272 0.0
0.06297 0.0
0.06321 0.0
0.06345 0.0
0.0637 0.0
0.06394 0.0
0.06419 0.0
0.06443 0.0
0.06467 0.0
0.06492 0.0
0.06516 0.0
0.06541 0.0
0.06565 0.0
0.0659 0.0
0.06614 0.0
0.06638 0.0
0.06663 0.0
0.06687 0.0
0.06712 0.0
0.06736 0.0
0.0676 0.0
0.06785 0.0
0.06809 0.0
0.06834 0.0
0.06858 0.0
0.06882 0.0
0.06907 0.0
0.06931 0.0
0.06956 0.0
0.0698 0.0
0.07005 0.0
0.07029 0.0
0.07053 0.0
0.07078 0.0
0.07102 0.0
0.07127 0.0
0.07151 0.0
0.07175 0.0
0.072 0.0
0.07224 0.0
0.07249 0.0
0.07273 0.0
0.07298 0.0
0.07322 0.0
0.07346 0.0
0.07371 0.0
0.07395 0.0
0.0742 0.0
0.07444 0.0
0.07468 0.0
0.07493 0.0
0.07517 0.0
0.07542 0.0
0.07566 0.0
0.0759 0.0
0.07615 0.0
0.07639 0.0
0.07664 0.0
0.07688 0.0
0.07713 0.0
0.07737 0.0
0.07761 0.0
0.07786 0.0
0.0781 0.0
0.07835 0.0
0.07859 0.0
0.07883 0.0
0.07908 0.0
0.07932 0.0
0.07957 0.0
0.07981 0.0
0.08006 0.0
0.0803 0.0
0.08054 0.0
0.08079 0.0
0.08103 0.0
0.08128 0.0
0.08152 0.0
0.08176 0.0
0.08201 0.0
0.08225 0.0
0.0825 0.0
0.08274 0.0
0.08298 0.0
0.08323 0.0
0.08347 0.0
0.08372 0.0
0.08396 0.0
0.08421 0.0
0.08445 0.0
0.08469 0.0
0.08494 0.0
0.08518 0.0
0.08543 0.0
0.08567 0.0
0.08591 0.0
0.08616 0.0
0.0864 0.0
0.08665 0.0
0.08689 0.0
0.08714 0.0
0.08738 0.0
0.08762 0.0
0.08787 0.0
0.08811 0.0
0.08836 0.0
0.0886 0.0
0.08884 0.0
0.08909 0.0
0.08933 0.0
0.08958 0.0
0.08982 0.0
0.09007 0.0
0.09031 0.0
0.09055 0.0
0.0908 0.0
0.09104 0.0
0.09129 0.0
0.09153 0.0
0.09177 0.0
0.09202 0.0
0.09226 0.0
0.09251 0.0
0.09275 0.0
0.09299 0.0
0.09324 0.0
0.09348 0.0
0.09373 0.0
0.09397 0.0
0.09422 0.0
0.09446 0.0
0.0947 0.0
0.09495 0.0
0.09519 0.0
0.09544 0.0
0.09568 0.0
0.09592 0.0
0.09617 0.0
0.09641 0.0
0.09666 0.0
0.0969 0.0
0.09715 0.0
0.09739 0.0
0.09763 0.0
0.09788 0.0
0.09812 0.0
0.09837 0.0
0.09861 0.0
0.09885 0.0
