t strain*1e23
-0.47542 -0.2
-0.47517 -0.4
-0.47493 -0.6
-0.47469 -0.9
-0.47444 -1.1
-0.4742 -1.3
-0.47395 -1.5
-0.47371 -1.7
-0.47346 -1.9
-0.47322 -2.1
-0.47298 -2.2
-0.47273 -2.4
-0.47249 -2.6
-0.47224 -2.8
-0.472 -3.0
-0.47176 -3.2
-0.47151 -3.3
-0.47127 -3.5
-0.47102 -3.7
-0.47078 -3.8
-0.47054 -4.0
-0.47029 -4.1
-0.47005 -4.3
-0.4698 -4.4
-0.46956 -4.6
-0.46931 -4.7
-0.46907 -4.8
-0.46883 -4.9
-0.46858 -5.1
-0.46834 -5.2
-0.46809 -5.3
-0.46785 -5.4
-0.46761 -5.4
-0.46736 -5.5
-0.46712 -5.6
-0.46687 -5.7
-0.46663 -5.7
-0.46638 -5.8
-0.46614 -5.8
-0.4659 -5.9
-0.46565 -5.9
-0.46541 -5.9
-0.46516 -5.9
-0.46492 -5.9
-0.46468 -5.9
-0.46443 -5.9
-0.46419 -5.9
-0.46394 -5.9
-0.4637 -5.9
-0.46346 -5.8
-0.46321 -5.8
-0.46297 -5.7
-0.46272 -5.7
-0.46248 -5.6
-0.46223 -5.5
-0.46199 -5.5
-0.46175 -5.4
-0.4615 -5.3
-0.46126 -5.2
-0.46101 -5.1
-0.46077 -5.0
-0.46053 -4.9
-0.46028 -4.7
-0.46004 -4.6
-0.45979 -4.5
-0.45955 -4.3
-0.4593 -4.2
-0.45906 -4.0
-0.45882 -3.9
-0.45857 -3.7
-0.45833 -3.5
-0.45808 -3.4
-0.45784 -3.2
-0.4576 -3.0
-0.45735 -2.8
-0.45711 -2.6
-0.45686 -2.4
-0.45662 -2.3
-0.45638 -2.1
-0.45613 -1.9
-0.45589 -1.7
-0.45564 -1.5
-0.4554 -1.2
-0.45515 -1.0
-0.45491 -0.8
-0.45467 -0.6
-0.45442 -0.4
-0.45418 -0.2
-0.45393 0.0
-0.45369 0.2
-0.45345 0.4
-0.4532 0.7
-0.45296 0.9
-0.45271 1.1
-0.45247 1.3
-0.45222 1.5
-0.45198 1.7
-0.45174 1.9
-0.45149 2.1
-0.45125 2.3
-0.451 2.5
-0.45076 2.7
-0.45052 2.9
-0.45027 3.1
-0.45003 3.2
-0.44978 3.4
-0.44954 3.6
-0.4493 3.8
-0.44905 3.9
-0.44881 4.1
-0.44856 4.2
-0.44832 4.4
-0.44807 4.5
-0.44783 4.7
-0.44759 4.8
-0.44734 4.9
-0.4471 5.0
-0.44685 5.2
-0.44661 5.3
-0.44637 5.4
-0.44612 5.5
-0.44588 5.5
-0.44563 5.6
-0.44539 5.7
-0.44514 5.8
-0.4449 5.8
-0.44466 5.9
-0.44441 5.9
-0.44417 5.9
-0.44392 6.0
-0.44368 6.0
-0.44344 6.0
-0.44319 6.0
-0.44295 6.0
-0.4427 6.0
-0.44246 6.0
-0.44221 5.9
-0.44197 5.9
-0.44173 5.9
-0.44148 5.8
-0.44124 5.8
-0.44099 5.7
-0.44075 5.6
-0.44051 5.5
-0.44026 5.5
-0.44002 5.4
-0.43977 5.3
-0.43953 5.2
-0.43929 5.0
-0.43904 4.9
-0.4388 4.8
-0.43855 4.7
-0.43831 4.5
-0.43806 4.4
-0.43782 4.2
-0.43758 4.1
-0.43733 3.9
-0.43709 3.7
-0.43684 3.6
-0.4366 3.4
-0.43636 3.2
-0.43611 3.0
-0.43587 2.8
-0.43562 2.6
-0.43538 2.4
-0.43513 2.2
-0.43489 2.0
-0.43465 1.8
-0.4344 1.6
-0.43416 1.4
-0.43391 1.2
-0.43367 1.0
-0.43343 0.8
-0.43318 0.5
-0.43294 0.3
-0.43269 0.1
-0.43245 -0.1
-0.43221 -0.3
-0.43196 -0.5
-0.43172 -0.8
-0.43147 -1.0
-0.43123 -1.2
-0.43098 -1.4
-0.43074 -1.6
-0.4305 -1.8
-0.43025 -2.0
-0.43001 -2.2
-0.42976 -2.4
-0.42952 -2.6
-0.42928 -2.8
-0.42903 -3.0
-0.42879 -3.2
-0.42854 -3.4
-0.4283 -3.6
-0.42805 -3.8
-0.42781 -3.9
-0.42757 -4.1
-0.42732 -4.2
-0.42708 -4.4
-0.42683 -4.6
-0.42659 -4.7
-0.42635 -4.8
-0.4261 -5.0
-0.42586 -5.1
-0.42561 -5.2
-0.42537 -5.3
-0.42513 -5.4
-0.42488 -5.5
-0.42464 -5.6
-0.42439 -5.7
-0.42415 -5.8
-0.4239 -5.8
-0.42366 -5.9
-0.42342 -5.9
-0.42317 -6.0
-0.42293 -6.0
-0.42268 -6.0
-0.42244 -6.1
-0.4222 -6.1
-0.42195 -6.1
-0.42171 -6.1
-0.42146 -6.1
-0.42122 -6.0
-0.42097 -6.0
-0.42073 -6.0
-0.42049 -5.9
-0.42024 -5.9
-0.42 -5.8
-0.41975 -5.7
-0.41951 -5.7
-0.41927 -5.6
-0.41902 -5.5
-0.41878 -5.4
-0.41853 -5.3
-0.41829 -5.2
-0.41805 -5.0
-0.4178 -4.9
-0.41756 -4.8
-0.41731 -4.6
-0.41707 -4.5
-0.41682 -4.3
-0.41658 -4.2
-0.41634 -4.0
-0.41609 -3.9
-0.41585 -3.7
-0.4156 -3.5
-0.41536 -3.3
-0.41512 -3.1
-0.41487 -2.9
-0.41463 -2.7
-0.41438 -2.5
-0.41414 -2.3
-0.41389 -2.1
-0.41365 -1.9
-0.41341 -1.7
-0.41316 -1.5
-0.41292 -1.3
-0.41267 -1.0
-0.41243 -0.8
-0.41219 -0.6
-0.41194 -0.4
-0.4117 -0.2
-0.41145 0.0
-0.41121 0.3
-0.41096 0.5
-0.41072 0.7
-0.41048 1.0
-0.41023 1.2
-0.40999 1.4
-0.40974 1.6
-0.4095 1.8
-0.40926 2.1
-0.40901 2.3
-0.40877 2.5
-0.40852 2.7
-0.40828 2.9
-0.40804 3.1
-0.40779 3.3
-0.40755 3.5
-0.4073 3.6
-0.40706 3.8
-0.40681 4.0
-0.40657 4.2
-0.40633 4.3
-0.40608 4.5
-0.40584 4.6
-0.40559 4.8
-0.40535 4.9
-0.40511 5.1
-0.40486 5.2
-0.40462 5.3
-0.40437 5.4
-0.40413 5.5
-0.40388 5.6
-0.40364 5.7
-0.4034 5.8
-0.40315 5.8
-0.40291 5.9
-0.40266 6.0
-0.40242 6.0
-0.40218 6.1
-0.40193 6.1
-0.40169 6.1
-0.40144 6.1
-0.4012 6.1
-0.40096 6.1
-0.40071 6.1
-0.40047 6.1
-0.40022 6.1
-0.39998 6.0
-0.39973 6.0
-0.39949 5.9
-0.39925 5.9
-0.399 5.8
-0.39876 5.7
-0.39851 5.7
-0.39827 5.6
-0.39803 5.5
-0.39778 5.4
-0.39754 5.2
-0.39729 5.1
-0.39705 5.0
-0.3968 4.9
-0.39656 4.7
-0.39632 4.6
-0.39607 4.4
-0.39583 4.2
-0.39558 4.1
-0.39534 3.9
-0.3951 3.7
-0.39485 3.5
-0.39461 3.3
-0.39436 3.2
-0.39412 3.0
-0.39388 2.8
-0.39363 2.5
-0.39339 2.3
-0.39314 2.1
-0.3929 1.9
-0.39265 1.7
-0.39241 1.5
-0.39217 1.2
-0.39192 1.0
-0.39168 0.8
-0.39143 0.6
-0.39119 0.3
-0.39095 0.0
-0.3907 -0.1
-0.39046 -0.4
-0.39021 -0.6
-0.38997 -0.8
-0.38972 -1.1
-0.38948 -1.3
-0.38924 -1.5
-0.38899 -1.7
-0.38875 -2.0
-0.3885 -2.2
-0.38826 -2.4
-0.38802 -2.6
-0.38777 -2.8
-0.38753 -3.0
-0.38728 -3.2
-0.38704 -3.4
-0.3868 -3.6
-0.38655 -3.8
-0.38631 -4.0
-0.38606 -4.2
-0.38582 -4.3
-0.38557 -4.5
-0.38533 -4.6
-0.38509 -4.8
-0.38484 -4.9
-0.3846 -5.1
-0.38435 -5.2
-0.38411 -5.3
-0.38387 -5.4
-0.38362 -5.6
-0.38338 -5.7
-0.38313 -5.7
-0.38289 -5.8
-0.38264 -5.9
-0.3824 -6.0
-0.38216 -6.0
-0.38191 -6.1
-0.38167 -6.1
-0.38142 -6.2
-0.38118 -6.2
-0.38094 -6.2
-0.38069 -6.2
-0.38045 -6.2
-0.3802 -6.2
-0.37996 -6.2
-0.37971 -6.1
-0.37947 -6.1
-0.37923 -6.1
-0.37898 -6.0
-0.37874 -5.9
-0.37849 -5.9
-0.37825 -5.8
-0.37801 -5.7
-0.37776 -5.6
-0.37752 -5.5
-0.37727 -5.4
-0.37703 -5.3
-0.37679 -5.1
-0.37654 -5.0
-0.3763 -4.9
-0.37605 -4.7
-0.37581 -4.6
-0.37556 -4.4
-0.37532 -4.2
-0.37508 -4.0
-0.37483 -3.9
-0.37459 -3.7
-0.37434 -3.5
-0.3741 -3.3
-0.37386 -3.1
-0.37361 -2.9
-0.37337 -2.7
-0.37312 -2.4
-0.37288 -2.2
-0.37263 -2.0
-0.37239 -1.8
-0.37215 -1.6
-0.3719 -1.3
-0.37166 -1.1
-0.37141 -0.9
-0.37117 -0.6
-0.37093 -0.4
-0.37068 -0.1
-0.37044 0.0
-0.37019 0.3
-0.36995 0.6
-0.36971 0.8
-0.36946 1.0
-0.36922 1.3
-0.36897 1.5
-0.36873 1.7
-0.36848 2.0
-0.36824 2.2
-0.368 2.4
-0.36775 2.6
-0.36751 2.9
-0.36726 3.1
-0.36702 3.3
-0.36678 3.5
-0.36653 3.7
-0.36629 3.9
-0.36604 4.0
-0.3658 4.2
-0.36555 4.4
-0.36531 4.6
-0.36507 4.7
-0.36482 4.9
-0.36458 5.0
-0.36433 5.2
-0.36409 5.3
-0.36385 5.4
-0.3636 5.6
-0.36336 5.7
-0.36311 5.8
-0.36287 5.9
-0.36263 5.9
-0.36238 6.0
-0.36214 6.1
-0.36189 6.1
-0.36165 6.2
-0.3614 6.2
-0.36116 6.3
-0.36092 6.3
-0.36067 6.3
-0.36043 6.3
-0.36018 6.3
-0.35994 6.3
-0.3597 6.2
-0.35945 6.2
-0.35921 6.2
-0.35896 6.1
-0.35872 6.0
-0.35847 6.0
-0.35823 5.9
-0.35799 5.8
-0.35774 5.7
-0.3575 5.6
-0.35725 5.5
-0.35701 5.4
-0.35677 5.2
-0.35652 5.1
-0.35628 4.9
-0.35603 4.8
-0.35579 4.6
-0.35555 4.5
-0.3553 4.3
-0.35506 4.1
-0.35481 3.9
-0.35457 3.7
-0.35432 3.5
-0.35408 3.3
-0.35384 3.1
-0.35359 2.9
-0.35335 2.7
-0.3531 2.4
-0.35286 2.2
-0.35262 2.0
-0.35237 1.8
-0.35213 1.5
-0.35188 1.3
-0.35164 1.0
-0.35139 0.8
-0.35115 0.6
-0.35091 0.3
-0.35066 0.0
-0.35042 -0.2
-0.35017 -0.4
-0.34993 -0.7
-0.34969 -0.9
-0.34944 -1.2
-0.3492 -1.4
-0.34895 -1.6
-0.34871 -1.9
-0.34846 -2.1
-0.34822 -2.3
-0.34798 -2.6
-0.34773 -2.8
-0.34749 -3.0
-0.34724 -3.2
-0.347 -3.4
-0.34676 -3.6
-0.34651 -3.8
-0.34627 -4.0
-0.34602 -4.2
-0.34578 -4.4
-0.34554 -4.6
-0.34529 -4.8
-0.34505 -4.9
-0.3448 -5.1
-0.34456 -5.2
-0.34431 -5.4
-0.34407 -5.5
-0.34383 -5.6
-0.34358 -5.7
-0.34334 -5.8
-0.34309 -5.9
-0.34285 -6.0
-0.34261 -6.1
-0.34236 -6.2
-0.34212 -6.2
-0.34187 -6.3
-0.34163 -6.3
-0.34138 -6.3
-0.34114 -6.4
-0.3409 -6.4
-0.34065 -6.4
-0.34041 -6.4
-0.34016 -6.3
-0.33992 -6.3
-0.33968 -6.3
-0.33943 -6.2
-0.33919 -6.2
-0.33894 -6.1
-0.3387 -6.0
-0.33846 -5.9
-0.33821 -5.8
-0.33797 -5.7
-0.33772 -5.6
-0.33748 -5.5
-0.33723 -5.4
-0.33699 -5.2
-0.33675 -5.1
-0.3365 -4.9
-0.33626 -4.8
-0.33601 -4.6
-0.33577 -4.4
-0.33553 -4.2
-0.33528 -4.1
-0.33504 -3.9
-0.33479 -3.6
-0.33455 -3.4
-0.3343 -3.2
-0.33406 -3.0
-0.33382 -2.8
-0.33357 -2.6
-0.33333 -2.3
-0.33308 -2.1
-0.33284 -1.8
-0.3326 -1.6
-0.33235 -1.4
-0.33211 -1.1
-0.33186 -0.9
-0.33162 -0.6
-0.33138 -0.3
-0.33113 0.0
-0.33089 0.2
-0.33064 0.4
-0.3304 0.7
-0.33015 0.9
-0.32991 1.2
-0.32967 1.4
-0.32942 1.7
-0.32918 1.9
-0.32893 2.2
-0.32869 2.4
-0.32845 2.6
-0.3282 2.9
-0.32796 3.1
-0.32771 3.3
-0.32747 3.5
-0.32722 3.7
-0.32698 3.9
-0.32674 4.1
-0.32649 4.3
-0.32625 4.5
-0.326 4.7
-0.32576 4.9
-0.32552 5.0
-0.32527 5.2
-0.32503 5.3
-0.32478 5.5
-0.32454 5.6
-0.3243 5.7
-0.32405 5.8
-0.32381 6.0
-0.32356 6.0
-0.32332 6.1
-0.32307 6.2
-0.32283 6.3
-0.32259 6.3
-0.32234 6.4
-0.3221 6.4
-0.32185 6.4
-0.32161 6.4
-0.32137 6.5
-0.32112 6.4
-0.32088 6.4
-0.32063 6.4
-0.32039 6.4
-0.32014 6.3
-0.3199 6.3
-0.31966 6.2
-0.31941 6.1
-0.31917 6.0
-0.31892 5.9
-0.31868 5.8
-0.31844 5.7
-0.31819 5.6
-0.31795 5.5
-0.3177 5.3
-0.31746 5.2
-0.31721 5.0
-0.31697 4.8
-0.31673 4.7
-0.31648 4.5
-0.31624 4.3
-0.31599 4.1
-0.31575 3.9
-0.31551 3.7
-0.31526 3.4
-0.31502 3.2
-0.31477 3.0
-0.31453 2.8
-0.31429 2.5
-0.31404 2.3
-0.3138 2.0
-0.31355 1.8
-0.31331 1.5
-0.31306 1.3
-0.31282 1.0
-0.31258 0.8
-0.31233 0.5
-0.31209 0.2
-0.31184 0.0
-0.3116 -0.3
-0.31136 -0.6
-0.31111 -0.8
-0.31087 -1.1
-0.31062 -1.3
-0.31038 -1.6
-0.31013 -1.8
-0.30989 -2.1
-0.30965 -2.3
-0.3094 -2.6
-0.30916 -2.8
-0.30891 -3.1
-0.30867 -3.3
-0.30843 -3.5
-0.30818 -3.7
-0.30794 -4.0
-0.30769 -4.2
-0.30745 -4.4
-0.30721 -4.6
-0.30696 -4.7
-0.30672 -4.9
-0.30647 -5.1
-0.30623 -5.3
-0.30598 -5.4
-0.30574 -5.6
-0.3055 -5.7
-0.30525 -5.8
-0.30501 -5.9
-0.30476 -6.0
-0.30452 -6.1
-0.30428 -6.2
-0.30403 -6.3
-0.30379 -6.4
-0.30354 -6.4
-0.3033 -6.5
-0.30305 -6.5
-0.30281 -6.5
-0.30257 -6.5
-0.30232 -6.5
-0.30208 -6.5
-0.30183 -6.5
-0.30159 -6.5
-0.30135 -6.4
-0.3011 -6.4
-0.30086 -6.3
-0.30061 -6.2
-0.30037 -6.2
-0.30013 -6.1
-0.29988 -6.0
-0.29964 -5.8
-0.29939 -5.7
-0.29915 -5.6
-0.2989 -5.4
-0.29866 -5.3
-0.29842 -5.1
-0.29817 -5.0
-0.29793 -4.8
-0.29768 -4.6
-0.29744 -4.4
-0.2972 -4.2
-0.29695 -4.0
-0.29671 -3.8
-0.29646 -3.5
-0.29622 -3.3
-0.29597 -3.1
-0.29573 -2.8
-0.29549 -2.6
-0.29524 -2.3
-0.295 -2.1
-0.29475 -1.8
-0.29451 -1.6
-0.29427 -1.3
-0.29402 -1.0
-0.29378 -0.8
-0.29353 -0.5
-0.29329 -0.2
-0.29305 0.0
-0.2928 0.3
-0.29256 0.6
-0.29231 0.9
-0.29207 1.1
-0.29182 1.4
-0.29158 1.7
-0.29134 1.9
-0.29109 2.2
-0.29085 2.4
-0.2906 2.7
-0.29036 2.9
-0.29012 3.2
-0.28987 3.4
-0.28963 3.7
-0.28938 3.9
-0.28914 4.1
-0.28889 4.3
-0.28865 4.5
-0.28841 4.7
-0.28816 4.9
-0.28792 5.1
-0.28767 5.3
-0.28743 5.4
-0.28719 5.6
-0.28694 5.7
-0.2867 5.8
-0.28645 6.0
-0.28621 6.1
-0.28596 6.2
-0.28572 6.3
-0.28548 6.4
-0.28523 6.4
-0.28499 6.5
-0.28474 6.5
-0.2845 6.6
-0.28426 6.6
-0.28401 6.6
-0.28377 6.6
-0.28352 6.6
-0.28328 6.6
-0.28304 6.6
-0.28279 6.5
-0.28255 6.5
-0.2823 6.4
-0.28206 6.3
-0.28181 6.2
-0.28157 6.1
-0.28133 6.0
-0.28108 5.9
-0.28084 5.8
-0.28059 5.6
-0.28035 5.5
-0.28011 5.3
-0.27986 5.2
-0.27962 5.0
-0.27937 4.8
-0.27913 4.6
-0.27888 4.4
-0.27864 4.2
-0.2784 4.0
-0.27815 3.7
-0.27791 3.5
-0.27766 3.3
-0.27742 3.0
-0.27718 2.8
-0.27693 2.5
-0.27669 2.2
-0.27644 2.0
-0.2762 1.7
-0.27596 1.4
-0.27571 1.2
-0.27547 0.9
-0.27522 0.6
-0.27498 0.3
-0.27473 0.0
-0.27449 -0.2
-0.27425 -0.5
-0.274 -0.8
-0.27376 -1.1
-0.27351 -1.4
-0.27327 -1.6
-0.27303 -1.9
-0.27278 -2.2
-0.27254 -2.4
-0.27229 -2.7
-0.27205 -3.0
-0.2718 -3.2
-0.27156 -3.5
-0.27132 -3.7
-0.27107 -3.9
-0.27083 -4.2
-0.27058 -4.4
-0.27034 -4.6
-0.2701 -4.8
-0.26985 -5.0
-0.26961 -5.2
-0.26936 -5.4
-0.26912 -5.5
-0.26888 -5.7
-0.26863 -5.8
-0.26839 -6.0
-0.26814 -6.1
-0.2679 -6.2
-0.26765 -6.3
-0.26741 -6.4
-0.26717 -6.5
-0.26692 -6.6
-0.26668 -6.6
-0.26643 -6.7
-0.26619 -6.7
-0.26595 -6.7
-0.2657 -6.7
-0.26546 -6.7
-0.26521 -6.7
-0.26497 -6.7
-0.26472 -6.6
-0.26448 -6.6
-0.26424 -6.5
-0.26399 -6.5
-0.26375 -6.4
-0.2635 -6.3
-0.26326 -6.2
-0.26302 -6.0
-0.26277 -5.9
-0.26253 -5.8
-0.26228 -5.6
-0.26204 -5.4
-0.2618 -5.3
-0.26155 -5.1
-0.26131 -4.9
-0.26106 -4.7
-0.26082 -4.5
-0.26057 -4.2
-0.26033 -4.0
-0.26009 -3.8
-0.25984 -3.5
-0.2596 -3.3
-0.25935 -3.0
-0.25911 -2.8
-0.25887 -2.5
-0.25862 -2.2
-0.25838 -1.9
-0.25813 -1.7
-0.25789 -1.4
-0.25764 -1.1
-0.2574 -0.8
-0.25716 -0.5
-0.25691 -0.2
-0.25667 0.0
-0.25642 0.4
-0.25618 0.7
-0.25594 0.9
-0.25569 1.2
-0.25545 1.5
-0.2552 1.8
-0.25496 2.1
-0.25471 2.4
-0.25447 2.6
-0.25423 2.9
-0.25398 3.2
-0.25374 3.4
-0.25349 3.7
-0.25325 3.9
-0.25301 4.2
-0.25276 4.4
-0.25252 4.6
-0.25227 4.8
-0.25203 5.0
-0.25179 5.2
-0.25154 5.4
-0.2513 5.6
-0.25105 5.8
-0.25081 5.9
-0.25056 6.1
-0.25032 6.2
-0.25008 6.3
-0.24983 6.4
-0.24959 6.5
-0.24934 6.6
-0.2491 6.7
-0.24886 6.7
-0.24861 6.8
-0.24837 6.8
-0.24812 6.8
-0.24788 6.8
-0.24763 6.8
-0.24739 6.8
-0.24715 6.8
-0.2469 6.7
-0.24666 6.7
-0.24641 6.6
-0.24617 6.5
-0.24593 6.4
-0.24568 6.3
-0.24544 6.2
-0.24519 6.1
-0.24495 5.9
-0.24471 5.8
-0.24446 5.6
-0.24422 5.4
-0.24397 5.2
-0.24373 5.0
-0.24348 4.8
-0.24324 4.6
-0.243 4.4
-0.24275 4.1
-0.24251 3.9
-0.24226 3.6
-0.24202 3.4
-0.24178 3.1
-0.24153 2.9
-0.24129 2.6
-0.24104 2.3
-0.2408 2.0
-0.24055 1.7
-0.24031 1.4
-0.24007 1.1
-0.23982 0.8
-0.23958 0.5
-0.23933 0.2
-0.23909 0.0
-0.23885 -0.4
-0.2386 -0.7
-0.23836 -1.0
-0.23811 -1.3
-0.23787 -1.6
-0.23763 -1.9
-0.23738 -2.2
-0.23714 -2.5
-0.23689 -2.8
-0.23665 -3.0
-0.2364 -3.3
-0.23616 -3.6
-0.23592 -3.8
-0.23567 -4.1
-0.23543 -4.3
-0.23518 -4.6
-0.23494 -4.8
-0.2347 -5.0
-0.23445 -5.2
-0.23421 -5.4
-0.23396 -5.6
-0.23372 -5.8
-0.23347 -6.0
-0.23323 -6.1
-0.23299 -6.3
-0.23274 -6.4
-0.2325 -6.5
-0.23225 -6.6
-0.23201 -6.7
-0.23177 -6.8
-0.23152 -6.8
-0.23128 -6.9
-0.23103 -6.9
-0.23079 -6.9
-0.23055 -6.9
-0.2303 -6.9
-0.23006 -6.9
-0.22981 -6.9
-0.22957 -6.8
-0.22932 -6.8
-0.22908 -6.7
-0.22884 -6.6
-0.22859 -6.5
-0.22835 -6.4
-0.2281 -6.3
-0.22786 -6.1
-0.22762 -6.0
-0.22737 -5.8
-0.22713 -5.6
-0.22688 -5.4
-0.22664 -5.2
-0.22639 -5.0
-0.22615 -4.8
-0.22591 -4.6
-0.22566 -4.3
-0.22542 -4.1
-0.22517 -3.8
-0.22493 -3.6
-0.22469 -3.3
-0.22444 -3.0
-0.2242 -2.7
-0.22395 -2.4
-0.22371 -2.1
-0.22346 -1.8
-0.22322 -1.5
-0.22298 -1.2
-0.22273 -0.9
-0.22249 -0.6
-0.22224 -0.3
-0.222 0.0
-0.22176 0.4
-0.22151 0.7
-0.22127 1.0
-0.22102 1.3
-0.22078 1.6
-0.22054 1.9
-0.22029 2.2
-0.22005 2.5
-0.2198 2.8
-0.21956 3.1
-0.21931 3.4
-0.21907 3.7
-0.21883 4.0
-0.21858 4.2
-0.21834 4.5
-0.21809 4.7
-0.21785 5.0
-0.21761 5.2
-0.21736 5.4
-0.21712 5.6
-0.21687 5.8
-0.21663 6.0
-0.21638 6.1
-0.21614 6.3
-0.2159 6.4
-0.21565 6.6
-0.21541 6.7
-0.21516 6.8
-0.21492 6.9
-0.21468 6.9
-0.21443 7.0
-0.21419 7.0
-0.21394 7.1
-0.2137 7.1
-0.21346 7.1
-0.21321 7.0
-0.21297 7.0
-0.21272 7.0
-0.21248 6.9
-0.21223 6.8
-0.21199 6.7
-0.21175 6.6
-0.2115 6.5
-0.21126 6.4
-0.21101 6.2
-0.21077 6.1
-0.21053 5.9
-0.21028 5.7
-0.21004 5.5
-0.20979 5.3
-0.20955 5.1
-0.2093 4.9
-0.20906 4.6
-0.20882 4.4
-0.20857 4.1
-0.20833 3.8
-0.20808 3.5
-0.20784 3.3
-0.2076 3.0
-0.20735 2.7
-0.20711 2.3
-0.20686 2.0
-0.20662 1.7
-0.20638 1.4
-0.20613 1.1
-0.20589 0.7
-0.20564 0.4
-0.2054 0.0
-0.20515 -0.3
-0.20491 -0.6
-0.20467 -0.9
-0.20442 -1.2
-0.20418 -1.6
-0.20393 -1.9
-0.20369 -2.2
-0.20345 -2.5
-0.2032 -2.8
-0.20296 -3.1
-0.20271 -3.4
-0.20247 -3.7
-0.20222 -4.0
-0.20198 -4.3
-0.20174 -4.6
-0.20149 -4.8
-0.20125 -5.1
-0.201 -5.3
-0.20076 -5.5
-0.20052 -5.7
-0.20027 -5.9
-0.20003 -6.1
-0.19978 -6.3
-0.19954 -6.4
-0.1993 -6.6
-0.19905 -6.7
-0.19881 -6.8
-0.19856 -6.9
-0.19832 -7.0
-0.19807 -7.1
-0.19783 -7.1
-0.19759 -7.2
-0.19734 -7.2
-0.1971 -7.2
-0.19685 -7.2
-0.19661 -7.2
-0.19637 -7.1
-0.19612 -7.1
-0.19588 -7.0
-0.19563 -6.9
-0.19539 -6.8
-0.19514 -6.7
-0.1949 -6.5
-0.19466 -6.4
-0.19441 -6.2
-0.19417 -6.0
-0.19392 -5.8
-0.19368 -5.6
-0.19344 -5.4
-0.19319 -5.2
-0.19295 -4.9
-0.1927 -4.7
-0.19246 -4.4
-0.19221 -4.1
-0.19197 -3.9
-0.19173 -3.6
-0.19148 -3.3
-0.19124 -3.0
-0.19099 -2.6
-0.19075 -2.3
-0.19051 -2.0
-0.19026 -1.6
-0.19002 -1.3
-0.18977 -1.0
-0.18953 -0.6
-0.18929 -0.3
-0.18904 0.0
-0.1888 0.4
-0.18855 0.8
-0.18831 1.1
-0.18806 1.5
-0.18782 1.8
-0.18758 2.1
-0.18733 2.5
-0.18709 2.8
-0.18684 3.1
-0.1866 3.4
-0.18636 3.7
-0.18611 4.0
-0.18587 4.3
-0.18562 4.6
-0.18538 4.9
-0.18513 5.1
-0.18489 5.4
-0.18465 5.6
-0.1844 5.8
-0.18416 6.0
-0.18391 6.2
-0.18367 6.4
-0.18343 6.6
-0.18318 6.7
-0.18294 6.9
-0.18269 7.0
-0.18245 7.1
-0.18221 7.2
-0.18196 7.2
-0.18172 7.3
-0.18147 7.3
-0.18123 7.3
-0.18098 7.3
-0.18074 7.3
-0.1805 7.3
-0.18025 7.2
-0.18001 7.2
-0.17976 7.1
-0.17952 7.0
-0.17928 6.8
-0.17903 6.7
-0.17879 6.6
-0.17854 6.4
-0.1783 6.2
-0.17805 6.0
-0.17781 5.8
-0.17757 5.6
-0.17732 5.3
-0.17708 5.1
-0.17683 4.8
-0.17659 4.5
-0.17635 4.2
-0.1761 3.9
-0.17586 3.6
-0.17561 3.3
-0.17537 3.0
-0.17513 2.7
-0.17488 2.3
-0.17464 2.0
-0.17439 1.6
-0.17415 1.3
-0.1739 0.9
-0.17366 0.5
-0.17342 0.2
-0.17317 -0.2
-0.17293 -0.6
-0.17268 -0.9
-0.17244 -1.3
-0.1722 -1.6
-0.17195 -2.0
-0.17171 -2.4
-0.17146 -2.7
-0.17122 -3.0
-0.17097 -3.4
-0.17073 -3.7
-0.17049 -4.0
-0.17024 -4.3
-0.17 -4.6
-0.16975 -4.9
-0.16951 -5.2
-0.16927 -5.4
-0.16902 -5.7
-0.16878 -5.9
-0.16853 -6.1
-0.16829 -6.3
-0.16805 -6.5
-0.1678 -6.7
-0.16756 -6.9
-0.16731 -7.0
-0.16707 -7.1
-0.16682 -7.2
-0.16658 -7.3
-0.16634 -7.4
-0.16609 -7.4
-0.16585 -7.5
-0.1656 -7.5
-0.16536 -7.5
-0.16512 -7.5
-0.16487 -7.4
-0.16463 -7.3
-0.16438 -7.3
-0.16414 -7.2
-0.16389 -7.1
-0.16365 -6.9
-0.16341 -6.8
-0.16316 -6.6
-0.16292 -6.4
-0.16267 -6.2
-0.16243 -6.0
-0.16219 -5.8
-0.16194 -5.5
-0.1617 -5.2
-0.16145 -5.0
-0.16121 -4.7
-0.16096 -4.4
-0.16072 -4.1
-0.16048 -3.7
-0.16023 -3.4
-0.15999 -3.1
-0.15974 -2.7
-0.1595 -2.3
-0.15926 -2.0
-0.15901 -1.6
-0.15877 -1.2
-0.15852 -0.8
-0.15828 -0.5
-0.15804 0.0
-0.15779 0.3
-0.15755 0.7
-0.1573 1.1
-0.15706 1.5
-0.15681 1.8
-0.15657 2.2
-0.15633 2.6
-0.15608 2.9
-0.15584 3.3
-0.15559 3.6
-0.15535 4.0
-0.15511 4.3
-0.15486 4.6
-0.15462 4.9
-0.15437 5.2
-0.15413 5.5
-0.15388 5.8
-0.15364 6.0
-0.1534 6.2
-0.15315 6.5
-0.15291 6.7
-0.15266 6.8
-0.15242 7.0
-0.15218 7.2
-0.15193 7.3
-0.15169 7.4
-0.15144 7.5
-0.1512 7.6
-0.15096 7.6
-0.15071 7.6
-0.15047 7.6
-0.15022 7.6
-0.14998 7.6
-0.14973 7.6
-0.14949 7.5
-0.14925 7.4
-0.149 7.3
-0.14876 7.1
-0.14851 7.0
-0.14827 6.8
-0.14803 6.6
-0.14778 6.4
-0.14754 6.2
-0.14729 6.0
-0.14705 5.7
-0.1468 5.4
-0.14656 5.1
-0.14632 4.8
-0.14607 4.5
-0.14583 4.2
-0.14558 3.8
-0.14534 3.5
-0.1451 3.1
-0.14485 2.8
-0.14461 2.4
-0.14436 2.0
-0.14412 1.6
-0.14388 1.2
-0.14363 0.8
-0.14339 0.4
-0.14314 0.0
-0.1429 -0.4
-0.14265 -0.8
-0.14241 -1.2
-0.14217 -1.6
-0.14192 -2.0
-0.14168 -2.4
-0.14143 -2.8
-0.14119 -3.2
-0.14095 -3.6
-0.1407 -3.9
-0.14046 -4.3
-0.14021 -4.6
-0.13997 -4.9
-0.13972 -5.3
-0.13948 -5.6
-0.13924 -5.8
-0.13899 -6.1
-0.13875 -6.4
-0.1385 -6.6
-0.13826 -6.8
-0.13802 -7.0
-0.13777 -7.2
-0.13753 -7.3
-0.13728 -7.5
-0.13704 -7.6
-0.1368 -7.7
-0.13655 -7.7
-0.13631 -7.8
-0.13606 -7.8
-0.13582 -7.8
-0.13557 -7.8
-0.13533 -7.8
-0.13509 -7.7
-0.13484 -7.6
-0.1346 -7.5
-0.13435 -7.4
-0.13411 -7.2
-0.13387 -7.1
-0.13362 -6.9
-0.13338 -6.7
-0.13313 -6.4
-0.13289 -6.2
-0.13264 -5.9
-0.1324 -5.6
-0.13216 -5.3
-0.13191 -5.0
-0.13167 -4.7
-0.13142 -4.3
-0.13118 -3.9
-0.13094 -3.6
-0.13069 -3.2
-0.13045 -2.8
-0.1302 -2.4
-0.12996 -2.0
-0.12971 -1.6
-0.12947 -1.1
-0.12923 -0.7
-0.12898 -0.3
-0.12874 0.2
-0.12849 0.6
-0.12825 1.0
-0.12801 1.5
-0.12776 1.9
-0.12752 2.3
-0.12727 2.7
-0.12703 3.1
-0.12679 3.5
-0.12654 3.9
-0.1263 4.3
-0.12605 4.6
-0.12581 5.0
-0.12556 5.3
-0.12532 5.6
-0.12508 6.0
-0.12483 6.2
-0.12459 6.5
-0.12434 6.8
-0.1241 7.0
-0.12386 7.2
-0.12361 7.4
-0.12337 7.5
-0.12312 7.7
-0.12288 7.8
-0.12263 7.9
-0.12239 8.0
-0.12215 8.0
-0.1219 8.0
-0.12166 8.0
-0.12141 8.0
-0.12117 7.9
-0.12093 7.9
-0.12068 7.7
-0.12044 7.6
-0.12019 7.5
-0.11995 7.3
-0.11971 7.1
-0.11946 6.9
-0.11922 6.6
-0.11897 6.4
-0.11873 6.1
-0.11848 5.8
-0.11824 5.5
-0.118 5.1
-0.11775 4.8
-0.11751 4.4
-0.11726 4.0
-0.11702 3.6
-0.11678 3.2
-0.11653 2.8
-0.11629 2.3
-0.11604 1.9
-0.1158 1.4
-0.11555 1.0
-0.11531 0.5
-0.11507 0.0
-0.11482 -0.4
-0.11458 -0.8
-0.11433 -1.3
-0.11409 -1.8
-0.11385 -2.2
-0.1136 -2.7
-0.11336 -3.1
-0.11311 -3.5
-0.11287 -3.9
-0.11263 -4.3
-0.11238 -4.7
-0.11214 -5.1
-0.11189 -5.5
-0.11165 -5.8
-0.1114 -6.1
-0.11116 -6.4
-0.11092 -6.7
-0.11067 -7.0
-0.11043 -7.2
-0.11018 -7.4
-0.10994 -7.6
-0.1097 -7.8
-0.10945 -7.9
-0.10921 -8.0
-0.10896 -8.1
-0.10872 -8.2
-0.10847 -8.2
-0.10823 -8.2
-0.10799 -8.2
-0.10774 -8.2
-0.1075 -8.1
-0.10725 -8.0
-0.10701 -7.9
-0.10677 -7.7
-0.10652 -7.5
-0.10628 -7.3
-0.10603 -7.1
-0.10579 -6.8
-0.10555 -6.5
-0.1053 -6.2
-0.10506 -5.9
-0.10481 -5.6
-0.10457 -5.2
-0.10432 -4.8
-0.10408 -4.4
-0.10384 -4.0
-0.10359 -3.6
-0.10335 -3.1
-0.1031 -2.6
-0.10286 -2.2
-0.10262 -1.7
-0.10237 -1.2
-0.10213 -0.7
-0.10188 -0.2
-0.10164 0.3
-0.10139 0.7
-0.10115 1.2
-0.10091 1.7
-0.10066 2.2
-0.10042 2.7
-0.10017 3.2
-0.09993 3.6
-0.09969 4.1
-0.09944 4.5
-0.0992 4.9
-0.09895 5.3
-0.09871 5.7
-0.09846 6.1
-0.09822 6.4
-0.09798 6.7
-0.09773 7.0
-0.09749 7.3
-0.09724 7.5
-0.097 7.8
-0.09676 7.9
-0.09651 8.1
-0.09627 8.2
-0.09602 8.3
-0.09578 8.4
-0.09554 8.5
-0.09529 8.5
-0.09505 8.5
-0.0948 8.4
-0.09456 8.3
-0.09431 8.2
-0.09407 8.1
-0.09383 7.9
-0.09358 7.7
-0.09334 7.5
-0.09309 7.2
-0.09285 6.9
-0.09261 6.6
-0.09236 6.3
-0.09212 5.9
-0.09187 5.6
-0.09163 5.1
-0.09138 4.7
-0.09114 4.3
-0.0909 3.8
-0.09065 3.3
-0.09041 2.9
-0.09016 2.4
-0.08992 1.8
-0.08968 1.3
-0.08943 0.8
-0.08919 0.3
-0.08894 -0.3
-0.0887 -0.8
-0.08846 -1.3
-0.08821 -1.9
-0.08797 -2.4
-0.08772 -2.9
-0.08748 -3.4
-0.08723 -3.9
-0.08699 -4.4
-0.08675 -4.8
-0.0865 -5.3
-0.08626 -5.7
-0.08601 -6.1
-0.08577 -6.5
-0.08553 -6.8
-0.08528 -7.2
-0.08504 -7.5
-0.08479 -7.7
-0.08455 -8.0
-0.0843 -8.2
-0.08406 -8.4
-0.08382 -8.5
-0.08357 -8.6
-0.08333 -8.7
-0.08308 -8.7
-0.08284 -8.8
-0.0826 -8.7
-0.08235 -8.7
-0.08211 -8.6
-0.08186 -8.4
-0.08162 -8.3
-0.08138 -8.1
-0.08113 -7.8
-0.08089 -7.6
-0.08064 -7.3
-0.0804 -7.0
-0.08015 -6.6
-0.07991 -6.2
-0.07967 -5.8
-0.07942 -5.4
-0.07918 -4.9
-0.07893 -4.4
-0.07869 -3.9
-0.07845 -3.4
-0.0782 -2.9
-0.07796 -2.3
-0.07771 -1.8
-0.07747 -1.2
-0.07722 -0.6
-0.07698 0.0
-0.07674 0.5
-0.07649 1.1
-0.07625 1.7
-0.076 2.3
-0.07576 2.8
-0.07552 3.4
-0.07527 3.9
-0.07503 4.4
-0.07478 4.9
-0.07454 5.4
-0.0743 5.9
-0.07405 6.3
-0.07381 6.7
-0.07356 7.1
-0.07332 7.5
-0.07307 7.8
-0.07283 8.1
-0.07259 8.3
-0.07234 8.6
-0.0721 8.7
-0.07185 8.9
-0.07161 9.0
-0.07137 9.0
-0.07112 9.1
-0.07088 9.1
-0.07063 9.0
-0.07039 8.9
-0.07014 8.8
-0.0699 8.6
-0.06966 8.4
-0.06941 8.1
-0.06917 7.8
-0.06892 7.5
-0.06868 7.1
-0.06844 6.7
-0.06819 6.3
-0.06795 5.8
-0.0677 5.3
-0.06746 4.8
-0.06721 4.3
-0.06697 3.7
-0.06673 3.2
-0.06648 2.6
-0.06624 1.9
-0.06599 1.3
-0.06575 0.7
-0.06551 0.0
-0.06526 -0.6
-0.06502 -1.2
-0.06477 -1.8
-0.06453 -2.5
-0.06429 -3.1
-0.06404 -3.7
-0.0638 -4.3
-0.06355 -4.8
-0.06331 -5.4
-0.06306 -5.9
-0.06282 -6.4
-0.06258 -6.9
-0.06233 -7.3
-0.06209 -7.7
-0.06184 -8.1
-0.0616 -8.4
-0.06136 -8.7
-0.06111 -8.9
-0.06087 -9.1
-0.06062 -9.3
-0.06038 -9.4
-0.06013 -9.4
-0.05989 -9.4
-0.05965 -9.4
-0.0594 -9.3
-0.05916 -9.2
-0.05891 -9.0
-0.05867 -8.8
-0.05843 -8.5
-0.05818 -8.2
-0.05794 -7.9
-0.05769 -7.5
-0.05745 -7.0
-0.05721 -6.5
-0.05696 -6.0
-0.05672 -5.5
-0.05647 -4.9
-0.05623 -4.3
-0.05598 -3.7
-0.05574 -3.0
-0.0555 -2.4
-0.05525 -1.7
-0.05501 -1.0
-0.05476 -0.3
-0.05452 0.4
-0.05428 1.1
-0.05403 1.8
-0.05379 2.5
-0.05354 3.2
-0.0533 3.9
-0.05305 4.5
-0.05281 5.2
-0.05257 5.8
-0.05232 6.3
-0.05208 6.9
-0.05183 7.4
-0.05159 7.9
-0.05135 8.3
-0.0511 8.7
-0.05086 9.0
-0.05061 9.3
-0.05037 9.5
-0.05013 9.7
-0.04988 9.8
-0.04964 9.9
-0.04939 9.9
-0.04915 9.8
-0.0489 9.7
-0.04866 9.6
-0.04842 9.3
-0.04817 9.1
-0.04793 8.7
-0.04768 8.4
-0.04744 7.9
-0.0472 7.5
-0.04695 6.9
-0.04671 6.4
-0.04646 5.8
-0.04622 5.1
-0.04597 4.4
-0.04573 3.7
-0.04549 3.0
-0.04524 2.2
-0.045 1.4
-0.04475 0.7
-0.04451 -0.1
-0.04427 -0.9
-0.04402 -1.7
-0.04378 -2.5
-0.04353 -3.3
-0.04329 -4.1
-0.04305 -4.8
-0.0428 -5.5
-0.04256 -6.2
-0.04231 -6.8
-0.04207 -7.4
-0.04182 -8.0
-0.04158 -8.5
-0.04134 -8.9
-0.04109 -9.3
-0.04085 -9.7
-0.0406 -10.0
-0.04036 -10.2
-0.04012 -10.3
-0.03987 -10.4
-0.03963 -10.4
-0.03938 -10.3
-0.03914 -10.2
-0.03889 -10.0
-0.03865 -9.7
-0.03841 -9.4
-0.03816 -9.0
-0.03792 -8.5
-0.03767 -8.0
-0.03743 -7.4
-0.03719 -6.7
-0.03694 -6.0
-0.0367 -5.3
-0.03645 -4.5
-0.03621 -3.7
-0.03596 -2.8
-0.03572 -1.9
-0.03548 -1.0
-0.03523 -0.1
-0.03499 0.8
-0.03474 1.7
-0.0345 2.6
-0.03426 3.5
-0.03401 4.4
-0.03377 5.2
-0.03352 6.1
-0.03328 6.8
-0.03304 7.6
-0.03279 8.2
-0.03255 8.8
-0.0323 9.4
-0.03206 9.9
-0.03181 10.3
-0.03157 10.6
-0.03133 10.8
-0.03108 11.0
-0.03084 11.1
-0.03059 11.0
-0.03035 10.9
-0.03011 10.7
-0.02986 10.4
-0.02962 10.1
-0.02937 9.6
-0.02913 9.0
-0.02888 8.4
-0.02864 7.7
-0.0284 6.9
-0.02815 6.1
-0.02791 5.2
-0.02766 4.2
-0.02742 3.2
-0.02718 2.2
-0.02693 1.2
-0.02669 0.0
-0.02644 -1.0
-0.0262 -2.1
-0.02596 -3.2
-0.02571 -4.2
-0.02547 -5.3
-0.02522 -6.2
-0.02498 -7.2
-0.02473 -8.0
-0.02449 -8.9
-0.02425 -9.6
-0.024 -10.2
-0.02376 -10.8
-0.02351 -11.2
-0.02327 -11.6
-0.02303 -11.8
-0.02278 -11.9
-0.02254 -11.9
-0.02229 -11.8
-0.02205 -11.5
-0.0218 -11.1
-0.02156 -10.6
-0.02132 -10.0
-0.02107 -9.3
-0.02083 -8.5
-0.02058 -7.5
-0.02034 -6.5
-0.0201 -5.4
-0.01985 -4.3
-0.01961 -3.0
-0.01936 -1.7
-0.01912 -0.4
-0.01888 0.9
-0.01863 2.2
-0.01839 3.6
-0.01814 4.9
-0.0179 6.1
-0.01765 7.3
-0.01741 8.4
-0.01717 9.5
-0.01692 10.4
-0.01668 11.2
-0.01643 11.9
-0.01619 12.4
-0.01595 12.8
-0.0157 13.0
-0.01546 13.0
-0.01521 12.9
-0.01497 12.6
-0.01472 12.1
-0.01448 11.4
-0.01424 10.6
-0.01399 9.6
-0.01375 8.4
-0.0135 7.1
-0.01326 5.7
-0.01302 4.2
-0.01277 2.6
-0.01253 0.9
-0.01228 -0.8
-0.01204 -2.6
-0.0118 -4.3
-0.01155 -6.0
-0.01131 -7.6
-0.01106 -9.1
-0.01082 -10.4
-0.01057 -11.7
-0.01033 -12.7
-0.01009 -13.5
-0.00984 -14.1
-0.0096 -14.4
-0.00935 -14.5
-0.00911 -14.3
-0.00887 -13.8
-0.00862 -13.0
-0.00838 -12.0
-0.00813 -10.6
-0.00789 -9.0
-0.00764 -7.2
-0.0074 -5.2
-0.00716 -3.0
-0.00691 -0.7
-0.00667 1.7
-0.00642 4.1
-0.00618 6.4
-0.00594 8.7
-0.00569 10.8
-0.00545 12.6
-0.0052 14.2
-0.00496 15.4
-0.00471 16.2
-0.00447 16.5
-0.00423 16.4
-0.00398 15.7
-0.00374 14.5
-0.00349 12.8
-0.00325 10.5
-0.00301 7.8
-0.00276 4.8
-0.00252 1.4
-0.00227 -2.1
-0.00203 -5.7
-0.00179 -9.2
-0.00154 -12.4
-0.0013 -15.1
-0.00105 -17.2
-0.00081 -18.4
-0.00056 -18.7
-0.00032 -17.8
-8e-05 -15.6
0.00017 -12.4
0.00041 -8.2
0.00066 -3.2
0.0009 2.1
0.00114 7.2
0.00139 11.7
0.00163 15.1
0.00188 17.0
0.00212 17.1
0.00237 15.5
0.00261 12.2
0.00285 7.7
0.0031 2.5
0.00334 -2.6
0.00359 -7.1
0.00383 -10.5
0.00407 -12.2
0.00432 -12.3
0.00456 -10.9
0.00481 -8.1
0.00505 -4.5
0.00529 -0.7
0.00554 2.9
0.00578 5.6
0.00603 7.4
0.00627 7.9
0.00652 7.2
0.00676 5.6
0.007 3.4
0.00725 1.0
0.00749 -1.3
0.00774 -3.2
0.00798 -4.3
0.00822 -4.7
0.00847 -4.4
0.00871 -3.4
0.00896 -2.1
0.0092 -0.6
0.00945 0.8
0.00969 1.9
0.00993 2.6
0.01018 2.8
0.01042 2.6
0.01067 2.0
0.01091 1.1
0.01115 0.2
0.0114 -0.6
0.01164 -1.2
0.01189 -1.6
0.01213 -1.7
0.01237 -1.5
0.01262 -1.1
0.01286 -0.6
0.01311 0.0
0.01335 0.4
0.0136 0.8
0.01384 1.0
0.01408 1.0
0.01433 0.9
0.01457 0.6
0.01482 0.3
0.01506 0.0
0.0153 -0.3
0.01555 -0.5
0.01579 -0.6
0.01604 -0.6
0.01628 -0.5
0.01653 -0.4
0.01677 -0.2
0.01701 0.0
0.01726 0.2
0.0175 0.3
0.01775 0.4
0.01799 0.4
0.01823 0.3
0.01848 0.2
0.01872 0.0
0.01897 0.0
0.01921 -0.1
0.01945 -0.2
0.0197 -0.2
0.01994 -0.2
0.02019 -0.2
0.02043 -0.1
0.02068 0.0
0.02092 0.0
0.02116 0.0
0.02141 0.1
0.02165 0.1
0.0219 0.1
0.02214 0.0
0.02238 0.0
0.02263 0.0
0.02287 0.0
0.02312 0.0
0.02336 0.0
0.02361 0.0
0.02385 0.0
0.02409 0.0
0.02434 0.0
0.02458 0.0
0.02483 0.0
0.02507 0.0
0.02531 0.0
0.02556 0.0
0.0258 0.0
0.02605 0.0
0.02629 0.0
0.02654 0.0
0.02678 0.0
0.02702 0.0
0.02727 0.0
0.02751 0.0
0.02776 0.0
0.028 0.0
0.02824 0.0
0.02849 0.0
0.02873 0.0
0.02898 0.0
0.02922 0.0
0.02946 0.0
0.02971 0.0
0.02995 0.0
0.0302 0.0
0.03044 0.0
0.03069 0.0
0.03093 0.0
0.03117 0.0
0.03142 0.0
0.03166 0.0
0.03191 0.0
0.03215 0.0
0.03239 0.0
0.03264 0.0
0.03288 0.0
0.03313 0.0
0.03337 0.0
0.03362 0.0
0.03386 0.0
0.0341 0.0
0.03435 0.0
0.03459 0.0
0.03484 0.0
0.03508 0.0
0.03532 0.0
0.03557 0.0
0.03581 0.0
0.03606 0.0
0.0363 0.0
0.03654 0.0
0.03679 0.0
0.03703 0.0
0.03728 0.0
0.03752 0.0
0.03777 0.0
0.03801 0.0
0.03825 0.0
0.0385 0.0
0.03874 0.0
0.03899 0.0
0.03923 0.0
0.03947 0.0
0.03972 0.0
0.03996 0.0
0.04021 0.0
0.04045 0.0
0.0407 0.0
0.04094 0.0
0.04118 0.0
0.04143 0.0
0.04167 0.0
0.04192 0.0
0.04216 0.0
0.0424 0.0
0.04265 0.0
0.04289 0.0
0.04314 0.0
0.04338 0.0
0.04362 0.0
0.04387 0.0
0.04411 0.0
0.04436 0.0
0.0446 0.0
0.04485 0.0
0.04509 0.0
0.04533 0.0
0.04558 0.0
0.04582 0.0
0.04607 0.0
0.04631 0.0
0.04655 0.0
0.0468 0.0
0.04704 0.0
0.04729 0.0
0.04753 0.0
0.04778 0.0
0.04802 0.0
0.04826 0.0
0.04851 0.0
0.04875 0.0
0.049 0.0
0.04924 0.0
0.04948 0.0
0.04973 0.0
0.04997 0.0
0.05022 0.0
0.05046 0.0
0.0507 0.0
0.05095 0.0
0.05119 0.0
0.05144 0.0
0.05168 0.0
0.05193 0.0
0.05217 0.0
0.05241 0.0
0.05266 0.0
0.0529 0.0
0.05315 0.0
0.05339 0.0
0.05363 0.0
0.05388 0.0
0.05412 0.0
0.05437 0.0
0.05461 0.0
0.05486 0.0
0.0551 0.0
0.05534 0.0
0.05559 0.0
0.05583 0.0
0.05608 0.0
0.05632 0.0
0.05656 0.0
0.05681 0.0
0.05705 0.0
0.0573 0.0
0.05754 0.0
0.05779 0.0
0.05803 0.0
0.05827 0.0
0.05852 0.0
0.05876 0.0
0.05901 0.0
0.05925 0.0
0.05949 0.0
0.05974 0.0
0.05998 0.0
0.06023 0.0
0.06047 0.0
0.06071 0.0
0.06096 0.0
0.0612 0.0
0.06145 0.0
0.06169 0.0
0.06194 0.0
0.06218 0.0
0.06242 0.0
0.06267 0.0
0.06291 0.0
0.06316 0.0
0.0634 0.0
0.06364 0.0
0.06389 0.0
0.06413 0.0
0.06438 0.0
0.06462 0.0
0.06487 0.0
0.06511 0.0
0.06535 0.0
0.0656 0.0
0.06584 0.0
0.06609 0.0
0.06633 0.0
0.06657 0.0
0.06682 0.0
0.06706 0.0
0.06731 0.0
0.06755 0.0
0.06779 0.0
0.06804 0.0
0.06828 0.0
0.06853 0.0
0.06877 0.0
0.06902 0.0
0.06926 0.0
0.0695 0.0
0.06975 0.0
0.06999 0.0
0.07024 0.0
0.07048 0.0
0.07072 0.0
0.07097 0.0
0.07121 0.0
0.07146 0.0
0.0717 0.0
0.07195 0.0
0.07219 0.0
0.07243 0.0
0.07268 0.0
0.07292 0.0
0.07317 0.0
0.07341 0.0
0.07365 0.0
0.0739 0.0
0.07414 0.0
0.07439 0.0
0.07463 0.0
0.07487 0.0
0.07512 0.0
0.07536 0.0
0.07561 0.0
0.07585 0.0
0.0761 0.0
0.07634 0.0
0.07658 0.0
0.07683 0.0
0.07707 0.0
0.07732 0.0
0.07756 0.0
0.0778 0.0
0.07805 0.0
0.07829 0.0
0.07854 0.0
0.07878 0.0
0.07903 0.0
0.07927 0.0
0.07951 0.0
0.07976 0.0
0.08 0.0
0.08025 0.0
0.08049 0.0
0.08073 0.0
0.08098 0.0
0.08122 0.0
0.08147 0.0
0.08171 0.0
0.08195 0.0
0.0822 0.0
0.08244 0.0
0.08269 0.0
0.08293 0.0
0.08318 0.0
0.08342 0.0
0.08366 0.0
0.08391 0.0
0.08415 0.0
0.0844 0.0
0.08464 0.0
0.08488 0.0
0.08513 0.0
0.08537 0.0
0.08562 0.0
0.08586 0.0
0.08611 0.0
0.08635 0.0
0.08659 0.0
0.08684 0.0
0.08708 0.0
0.08733 0.0
0.08757 0.0
0.08781 0.0
0.08806 0.0
0.0883 0.0
0.08855 0.0
0.08879 0.0
0.08904 0.0
0.08928 0.0
0.08952 0.0
0.08977 0.0
0.09001 0.0
0.09026 0.0
0.0905 0.0
0.09074 0.0
0.09099 0.0
0.09123 0.0
0.09148 0.0
0.09172 0.0
0.09196 0.0
0.09221 0.0
0.09245 0.0
0.0927 0.0
0.09294 0.0
0.09319 0.0
0.09343 0.0
0.09367 0.0
0.09392 0.0
0.09416 0.0
0.09441 0.0
0.09465 0.0
0.09489 0.0
0.09514 0.0
0.09538 0.0
0.09563 0.0
0.09587 0.0
0.09612 0.0
0.09636 0.0
0.0966 0.0
0.09685 0.0
0.09709 0.0
0.09734 0.0
0.09758 0.0
0.09782 0.0
0.09807 0.0
0.09831 0.0
0.09856 0.0
0.0988 0.0
0.09904 0.0
0.09929 0.0
0.09953 0.0
0.09978 0.0
0.10002 0.0
0.10027 0.0
0.10051 0.0
0.10075 0.0
0.101 0.0
0.10124 0.0
0.10149 0.0
0.10173 0.0
0.10197 0.0
0.10222 0.0
0.10246 0.0
0.10271 0.0
0.10295 0.0
0.1032 0.0
0.10344 0.0
0.10368 0.0
0.10393 0.0
0.10417 0.0
0.10442 0.0
0.10466 0.0
0.1049 0.0
0.10515 0.0
0.10539 0.0
0.10564 0.0
0.10588 0.0
0.10612 0.0
0.10637 0.0
0.10661 0.0
0.10686 0.0
0.1071 0.0
0.10735 0.0
0.10759 0.0
0.10783 0.0
0.10808 0.0
0.10832 0.0
0.10857 0.0
0.10881 0.0
0.10905 0.0
0.1093 0.0
0.10954 0.0
0.10979 0.0
0.11003 0.0
0.11028 0.0
0.11052 0.0
0.11076 0.0
0.11101 0.0
0.11125 0.0
0.1115 0.0
0.11174 0.0
0.11198 0.0
0.11223 0.0
0.11247 0.0
0.11272 0.0
0.11296 0.0
0.1132 0.0
0.11345 0.0
0.11369 0.0
0.11394 0.0
0.11418 0.0
0.11443 0.0
0.11467 0.0
0.11491 0.0
0.11516 0.0
0.1154 0.0
0.11565 0.0
0.11589 0.0
0.11613 0.0
0.11638 0.0
0.11662 0.0
0.11687 0.0
0.11711 0.0
0.11736 0.0
0.1176 0.0
0.11784 0.0
0.11809 0.0
0.11833 0.0
0.11858 0.0
0.11882 0.0
0.11906 0.0
0.11931 0.0
0.11955 0.0
0.1198 0.0
0.12004 0.0
0.12029 0.0
0.12053 0.0
0.12077 0.0
0.12102 0.0
0.12126 0.0
0.12151 0.0
0.12175 0.0
0.12199 0.0
0.12224 0.0
0.12248 0.0
0.12273 0.0
0.12297 0.0
0.12321 0.0
0.12346 0.0
0.1237 0.0
0.12395 0.0
0.12419 0.0
0.12444 0.0
0.12468 0.0
0.12492 0.0
0.12517 0.0
0.12541 0.0
0.12566 0.0
0.1259 0.0
0.12614 0.0
0.12639 0.0
0.12663 0.0
0.12688 0.0
0.12712 0.0
0.12737 0.0
0.12761 0.0
0.12785 0.0
0.1281 0.0
0.12834 0.0
0.12859 0.0
0.12883 0.0
0.12907 0.0
0.12932 0.0
0.12956 0.0
0.12981 0.0
0.13005 0.0
0.13029 0.0
0.13054 0.0
0.13078 0.0
0.13103 0.0
0.13127 0.0
0.13152 0.0
0.13176 0.0
0.132 0.0
0.13225 0.0
0.13249 0.0
0.13274 0.0
0.13298 0.0
0.13322 0.0
0.13347 0.0
0.13371 0.0
0.13396 0.0
0.1342 0.0
0.13445 0.0
0.13469 0.0
0.13493 0.0
0.13518 0.0
0.13542 0.0
0.13567 0.0
0.13591 0.0
0.13615 0.0
0.1364 0.0
0.13664 0.0
0.13689 0.0
0.13713 0.0
0.13737 0.0
0.13762 0.0
0.13786 0.0
0.13811 0.0
0.13835 0.0
0.1386 0.0
0.13884 0.0
0.13908 0.0
0.13933 0.0
0.13957 0.0
0.13982 0.0
0.14006 0.0
0.1403 0.0
0.14055 0.0
0.14079 0.0
0.14104 0.0
0.14128 0.0
0.14153 0.0
0.14177 0.0
0.14201 0.0
0.14226 0.0
0.1425 0.0
0.14275 0.0
0.14299 0.0
0.14323 0.0
0.14348 0.0
0.14372 0.0
0.14397 0.0
0.14421 0.0
0.14445 0.0
0.1447 0.0
0.14494 0.0
0.14519 0.0
0.14543 0.0
0.14568 0.0
0.14592 0.0
0.14616 0.0
0.14641 0.0
0.14665 0.0
0.1469 0.0
0.14714 0.0
0.14738 0.0
0.14763 0.0
0.14787 0.0
0.14812 0.0
0.14836 0.0
0.14861 0.0
0.14885 0.0
0.14909 0.0
0.14934 0.0
0.14958 0.0
0.14983 0.0
0.15007 0.0
0.15031 0.0
0.15056 0.0
0.1508 0.0
0.15105 0.0
0.15129 0.0
0.15154 0.0
0.15178 0.0
0.15202 0.0
0.15227 0.0
0.15251 0.0
0.15276 0.0
0.153 0.0
0.15324 0.0
0.15349 0.0
0.15373 0.0
0.15398 0.0
0.15422 0.0
0.15446 0.0
0.15471 0.0
0.15495 0.0
0.1552 0.0
