t strain*1e23
-1.15818 -9.9
-1.15793 -9.8
-1.15769 -9.7
-1.15745 -9.6
-1.1572 -9.5
-1.15696 -9.4
-1.15671 -9.3
-1.15647 -9.1
-1.15623 -8.9
-1.15598 -8.7
-1.15574 -8.5
-1.15549 -8.3
-1.15525 -8.1
-1.155 -7.9
-1.15476 -7.6
-1.15452 -7.4
-1.15427 -7.1
-1.15403 -6.8
-1.15378 -6.5
-1.15354 -6.2
-1.1533 -5.9
-1.15305 -5.6
-1.15281 -5.3
-1.15256 -5.0
-1.15232 -4.6
-1.15207 -4.3
-1.15183 -3.9
-1.15159 -3.6
-1.15134 -3.2
-1.1511 -2.8
-1.15085 -2.4
-1.15061 -2.1
-1.15037 -1.7
-1.15012 -1.3
-1.14988 -0.9
-1.14963 -0.5
-1.14939 -0.1
-1.14915 0.2
-1.1489 0.6
-1.14866 1.0
-1.14841 1.4
-1.14817 1.8
-1.14792 2.2
-1.14768 2.5
-1.14744 2.9
-1.14719 3.3
-1.14695 3.6
-1.1467 4.0
-1.14646 4.4
-1.14622 4.7
-1.14597 5.0
-1.14573 5.4
-1.14548 5.7
-1.14524 6.0
-1.14499 6.3
-1.14475 6.6
-1.14451 6.9
-1.14426 7.2
-1.14402 7.5
-1.14377 7.7
-1.14353 8.0
-1.14329 8.2
-1.14304 8.4
-1.1428 8.6
-1.14255 8.8
-1.14231 9.0
-1.14207 9.2
-1.14182 9.3
-1.14158 9.5
-1.14133 9.6
-1.14109 9.7
-1.14084 9.8
-1.1406 9.9
-1.14036 10.0
-1.14011 10.0
-1.13987 10.1
-1.13962 10.1
-1.13938 10.1
-1.13914 10.1
-1.13889 10.1
-1.13865 10.0
-1.1384 10.0
-1.13816 9.9
-1.13791 9.8
-1.13767 9.7
-1.13743 9.6
-1.13718 9.5
-1.13694 9.4
-1.13669 9.2
-1.13645 9.1
-1.13621 8.9
-1.13596 8.7
-1.13572 8.5
-1.13547 8.3
-1.13523 8.0
-1.13498 7.8
-1.13474 7.5
-1.1345 7.3
-1.13425 7.0
-1.13401 6.7
-1.13376 6.4
-1.13352 6.1
-1.13328 5.8
-1.13303 5.5
-1.13279 5.1
-1.13254 4.8
-1.1323 4.5
-1.13206 4.1
-1.13181 3.7
-1.13157 3.4
-1.13132 3.0
-1.13108 2.6
-1.13083 2.3
-1.13059 1.9
-1.13035 1.5
-1.1301 1.1
-1.12986 0.7
-1.12961 0.3
-1.12937 0.0
-1.12913 -0.5
-1.12888 -0.9
-1.12864 -1.2
-1.12839 -1.6
-1.12815 -2.0
-1.1279 -2.4
-1.12766 -2.8
-1.12742 -3.2
-1.12717 -3.5
-1.12693 -3.9
-1.12668 -4.3
-1.12644 -4.6
-1.1262 -4.9
-1.12595 -5.3
-1.12571 -5.6
-1.12546 -5.9
-1.12522 -6.3
-1.12498 -6.6
-1.12473 -6.9
-1.12449 -7.1
-1.12424 -7.4
-1.124 -7.7
-1.12375 -7.9
-1.12351 -8.2
-1.12327 -8.4
-1.12302 -8.6
-1.12278 -8.8
-1.12253 -9.0
-1.12229 -9.2
-1.12205 -9.3
-1.1218 -9.5
-1.12156 -9.6
-1.12131 -9.7
-1.12107 -9.8
-1.12082 -9.9
-1.12058 -10.0
-1.12034 -10.0
-1.12009 -10.1
-1.11985 -10.1
-1.1196 -10.1
-1.11936 -10.1
-1.11912 -10.1
-1.11887 -10.1
-1.11863 -10.0
-1.11838 -10.0
-1.11814 -9.9
-1.1179 -9.8
-1.11765 -9.7
-1.11741 -9.6
-1.11716 -9.4
-1.11692 -9.3
-1.11667 -9.1
-1.11643 -8.9
-1.11619 -8.7
-1.11594 -8.5
-1.1157 -8.3
-1.11545 -8.1
-1.11521 -7.8
-1.11497 -7.6
-1.11472 -7.3
-1.11448 -7.0
-1.11423 -6.8
-1.11399 -6.5
-1.11374 -6.1
-1.1135 -5.8
-1.11326 -5.5
-1.11301 -5.2
-1.11277 -4.8
-1.11252 -4.5
-1.11228 -4.1
-1.11204 -3.8
-1.11179 -3.4
-1.11155 -3.0
-1.1113 -2.6
-1.11106 -2.2
-1.11082 -1.9
-1.11057 -1.5
-1.11033 -1.1
-1.11008 -0.7
-1.10984 -0.3
-1.10959 0.1
-1.10935 0.5
-1.10911 0.9
-1.10886 1.3
-1.10862 1.7
-1.10837 2.1
-1.10813 2.5
-1.10789 2.8
-1.10764 3.2
-1.1074 3.6
-1.10715 4.0
-1.10691 4.3
-1.10666 4.7
-1.10642 5.0
-1.10618 5.4
-1.10593 5.7
-1.10569 6.0
-1.10544 6.3
-1.1052 6.6
-1.10496 6.9
-1.10471 7.2
-1.10447 7.5
-1.10422 7.8
-1.10398 8.0
-1.10373 8.2
-1.10349 8.5
-1.10325 8.7
-1.103 8.9
-1.10276 9.1
-1.10251 9.2
-1.10227 9.4
-1.10203 9.5
-1.10178 9.7
-1.10154 9.8
-1.10129 9.9
-1.10105 10.0
-1.10081 10.1
-1.10056 10.1
-1.10032 10.1
-1.10007 10.2
-1.09983 10.2
-1.09958 10.2
-1.09934 10.1
-1.0991 10.1
-1.09885 10.1
-1.09861 10.0
-1.09836 9.9
-1.09812 9.8
-1.09788 9.7
-1.09763 9.6
-1.09739 9.4
-1.09714 9.3
-1.0969 9.1
-1.09665 8.9
-1.09641 8.7
-1.09617 8.5
-1.09592 8.3
-1.09568 8.0
-1.09543 7.8
-1.09519 7.5
-1.09495 7.2
-1.0947 6.9
-1.09446 6.6
-1.09421 6.3
-1.09397 6.0
-1.09373 5.7
-1.09348 5.4
-1.09324 5.0
-1.09299 4.7
-1.09275 4.3
-1.0925 3.9
-1.09226 3.6
-1.09202 3.2
-1.09177 2.8
-1.09153 2.4
-1.09128 2.0
-1.09104 1.7
-1.0908 1.3
-1.09055 0.9
-1.09031 0.5
-1.09006 0.0
-1.08982 -0.3
-1.08957 -0.7
-1.08933 -1.1
-1.08909 -1.5
-1.08884 -1.9
-1.0886 -2.3
-1.08835 -2.7
-1.08811 -3.1
-1.08787 -3.5
-1.08762 -3.8
-1.08738 -4.2
-1.08713 -4.6
-1.08689 -4.9
-1.08665 -5.3
-1.0864 -5.6
-1.08616 -5.9
-1.08591 -6.3
-1.08567 -6.6
-1.08542 -6.9
-1.08518 -7.2
-1.08494 -7.4
-1.08469 -7.7
-1.08445 -8.0
-1.0842 -8.2
-1.08396 -8.5
-1.08372 -8.7
-1.08347 -8.9
-1.08323 -9.1
-1.08298 -9.2
-1.08274 -9.4
-1.08249 -9.6
-1.08225 -9.7
-1.08201 -9.8
-1.08176 -9.9
-1.08152 -10.0
-1.08127 -10.1
-1.08103 -10.1
-1.08079 -10.2
-1.08054 -10.2
-1.0803 -10.2
-1.08005 -10.2
-1.07981 -10.2
-1.07957 -10.2
-1.07932 -10.1
-1.07908 -10.0
-1.07883 -10.0
-1.07859 -9.9
-1.07834 -9.7
-1.0781 -9.6
-1.07786 -9.5
-1.07761 -9.3
-1.07737 -9.1
-1.07712 -9.0
-1.07688 -8.7
-1.07664 -8.5
-1.07639 -8.3
-1.07615 -8.1
-1.0759 -7.8
-1.07566 -7.5
-1.07541 -7.3
-1.07517 -7.0
-1.07493 -6.7
-1.07468 -6.4
-1.07444 -6.1
-1.07419 -5.7
-1.07395 -5.4
-1.07371 -5.0
-1.07346 -4.7
-1.07322 -4.3
-1.07297 -4.0
-1.07273 -3.6
-1.07248 -3.2
-1.07224 -2.8
-1.072 -2.4
-1.07175 -2.0
-1.07151 -1.6
-1.07126 -1.2
-1.07102 -0.8
-1.07078 -0.4
-1.07053 0.0
-1.07029 0.4
-1.07004 0.8
-1.0698 1.2
-1.06956 1.6
-1.06931 2.0
-1.06907 2.4
-1.06882 2.8
-1.06858 3.2
-1.06833 3.5
-1.06809 3.9
-1.06785 4.3
-1.0676 4.7
-1.06736 5.0
-1.06711 5.4
-1.06687 5.7
-1.06663 6.0
-1.06638 6.4
-1.06614 6.7
-1.06589 7.0
-1.06565 7.3
-1.0654 7.5
-1.06516 7.8
-1.06492 8.1
-1.06467 8.3
-1.06443 8.5
-1.06418 8.8
-1.06394 9.0
-1.0637 9.2
-1.06345 9.3
-1.06321 9.5
-1.06296 9.6
-1.06272 9.8
-1.06248 9.9
-1.06223 10.0
-1.06199 10.1
-1.06174 10.1
-1.0615 10.2
-1.06125 10.2
-1.06101 10.3
-1.06077 10.3
-1.06052 10.3
-1.06028 10.2
-1.06003 10.2
-1.05979 10.1
-1.05955 10.0
-1.0593 10.0
-1.05906 9.9
-1.05881 9.7
-1.05857 9.6
-1.05832 9.4
-1.05808 9.3
-1.05784 9.1
-1.05759 8.9
-1.05735 8.7
-1.0571 8.5
-1.05686 8.2
-1.05662 8.0
-1.05637 7.7
-1.05613 7.4
-1.05588 7.2
-1.05564 6.9
-1.0554 6.6
-1.05515 6.2
-1.05491 5.9
-1.05466 5.6
-1.05442 5.2
-1.05417 4.9
-1.05393 4.5
-1.05369 4.1
-1.05344 3.8
-1.0532 3.4
-1.05295 3.0
-1.05271 2.6
-1.05247 2.2
-1.05222 1.8
-1.05198 1.4
-1.05173 1.0
-1.05149 0.6
-1.05124 0.2
-1.051 -0.2
-1.05076 -0.6
-1.05051 -1.0
-1.05027 -1.4
-1.05002 -1.9
-1.04978 -2.3
-1.04954 -2.6
-1.04929 -3.0
-1.04905 -3.4
-1.0488 -3.8
-1.04856 -4.2
-1.04832 -4.6
-1.04807 -4.9
-1.04783 -5.3
-1.04758 -5.6
-1.04734 -6.0
-1.04709 -6.3
-1.04685 -6.6
-1.04661 -6.9
-1.04636 -7.2
-1.04612 -7.5
-1.04587 -7.8
-1.04563 -8.0
-1.04539 -8.3
-1.04514 -8.5
-1.0449 -8.8
-1.04465 -9.0
-1.04441 -9.2
-1.04416 -9.3
-1.04392 -9.5
-1.04368 -9.7
-1.04343 -9.8
-1.04319 -9.9
-1.04294 -10.0
-1.0427 -10.1
-1.04246 -10.2
-1.04221 -10.2
-1.04197 -10.3
-1.04172 -10.3
-1.04148 -10.3
-1.04123 -10.3
-1.04099 -10.3
-1.04075 -10.2
-1.0405 -10.2
-1.04026 -10.1
-1.04001 -10.0
-1.03977 -9.9
-1.03953 -9.8
-1.03928 -9.6
-1.03904 -9.5
-1.03879 -9.3
-1.03855 -9.1
-1.03831 -8.9
-1.03806 -8.7
-1.03782 -8.5
-1.03757 -8.3
-1.03733 -8.0
-1.03708 -7.8
-1.03684 -7.5
-1.0366 -7.2
-1.03635 -6.9
-1.03611 -6.6
-1.03586 -6.3
-1.03562 -5.9
-1.03538 -5.6
-1.03513 -5.2
-1.03489 -4.9
-1.03464 -4.5
-1.0344 -4.1
-1.03415 -3.8
-1.03391 -3.4
-1.03367 -3.0
-1.03342 -2.6
-1.03318 -2.2
-1.03293 -1.8
-1.03269 -1.4
-1.03245 -1.0
-1.0322 -0.5
-1.03196 -0.1
-1.03171 0.3
-1.03147 0.7
-1.03123 1.1
-1.03098 1.5
-1.03074 1.9
-1.03049 2.3
-1.03025 2.7
-1.03 3.1
-1.02976 3.5
-1.02952 3.9
-1.02927 4.3
-1.02903 4.7
-1.02878 5.0
-1.02854 5.4
-1.0283 5.7
-1.02805 6.1
-1.02781 6.4
-1.02756 6.7
-1.02732 7.0
-1.02707 7.3
-1.02683 7.6
-1.02659 7.9
-1.02634 8.1
-1.0261 8.4
-1.02585 8.6
-1.02561 8.9
-1.02537 9.1
-1.02512 9.3
-1.02488 9.4
-1.02463 9.6
-1.02439 9.7
-1.02415 9.9
-1.0239 10.0
-1.02366 10.1
-1.02341 10.2
-1.02317 10.2
-1.02292 10.3
-1.02268 10.3
-1.02244 10.3
-1.02219 10.3
-1.02195 10.3
-1.0217 10.3
-1.02146 10.3
-1.02122 10.2
-1.02097 10.1
-1.02073 10.0
-1.02048 9.9
-1.02024 9.8
-1.01999 9.6
-1.01975 9.5
-1.01951 9.3
-1.01926 9.1
-1.01902 8.9
-1.01877 8.7
-1.01853 8.4
-1.01829 8.2
-1.01804 7.9
-1.0178 7.7
-1.01755 7.4
-1.01731 7.1
-1.01707 6.8
-1.01682 6.4
-1.01658 6.1
-1.01633 5.8
-1.01609 5.4
-1.01584 5.1
-1.0156 4.7
-1.01536 4.3
-1.01511 3.9
-1.01487 3.5
-1.01462 3.2
-1.01438 2.8
-1.01414 2.3
-1.01389 1.9
-1.01365 1.5
-1.0134 1.1
-1.01316 0.7
-1.01291 0.3
-1.01267 -0.1
-1.01243 -0.5
-1.01218 -1.0
-1.01194 -1.4
-1.01169 -1.8
-1.01145 -2.2
-1.01121 -2.6
-1.01096 -3.0
-1.01072 -3.4
-1.01047 -3.8
-1.01023 -4.2
-1.00998 -4.6
-1.00974 -4.9
-1.0095 -5.3
-1.00925 -5.7
-1.00901 -6.0
-1.00876 -6.3
-1.00852 -6.7
-1.00828 -7.0
-1.00803 -7.3
-1.00779 -7.6
-1.00754 -7.9
-1.0073 -8.1
-1.00706 -8.4
-1.00681 -8.6
-1.00657 -8.8
-1.00632 -9.1
-1.00608 -9.3
-1.00583 -9.4
-1.00559 -9.6
-1.00535 -9.8
-1.0051 -9.9
-1.00486 -10.0
-1.00461 -10.1
-1.00437 -10.2
-1.00413 -10.3
-1.00388 -10.3
-1.00364 -10.4
-1.00339 -10.4
-1.00315 -10.4
-1.0029 -10.4
-1.00266 -10.3
-1.00242 -10.3
-1.00217 -10.2
-1.00193 -10.2
-1.00168 -10.1
-1.00144 -9.9
-1.0012 -9.8
-1.00095 -9.7
-1.00071 -9.5
-1.00046 -9.3
-1.00022 -9.1
-0.99998 -8.9
-0.99973 -8.7
-0.99949 -8.5
-0.99924 -8.2
-0.999 -8.0
-0.99875 -7.7
-0.99851 -7.4
-0.99827 -7.1
-0.99802 -6.8
-0.99778 -6.5
-0.99753 -6.1
-0.99729 -5.8
-0.99705 -5.4
-0.9968 -5.1
-0.99656 -4.7
-0.99631 -4.3
-0.99607 -3.9
-0.99582 -3.5
-0.99558 -3.1
-0.99534 -2.7
-0.99509 -2.3
-0.99485 -1.9
-0.9946 -1.5
-0.99436 -1.1
-0.99412 -0.6
-0.99387 -0.2
-0.99363 0.2
-0.99338 0.6
-0.99314 1.0
-0.9929 1.5
-0.99265 1.9
-0.99241 2.3
-0.99216 2.7
-0.99192 3.1
-0.99167 3.5
-0.99143 3.9
-0.99119 4.3
-0.99094 4.7
-0.9907 5.0
-0.99045 5.4
-0.99021 5.8
-0.98997 6.1
-0.98972 6.5
-0.98948 6.8
-0.98923 7.1
-0.98899 7.4
-0.98874 7.7
-0.9885 8.0
-0.98826 8.2
-0.98801 8.5
-0.98777 8.7
-0.98752 9.0
-0.98728 9.2
-0.98704 9.4
-0.98679 9.5
-0.98655 9.7
-0.9863 9.9
-0.98606 10.0
-0.98582 10.1
-0.98557 10.2
-0.98533 10.3
-0.98508 10.3
-0.98484 10.4
-0.98459 10.4
-0.98435 10.4
-0.98411 10.4
-0.98386 10.4
-0.98362 10.4
-0.98337 10.3
-0.98313 10.2
-0.98289 10.2
-0.98264 10.1
-0.9824 9.9
-0.98215 9.8
-0.98191 9.6
-0.98166 9.5
-0.98142 9.3
-0.98118 9.1
-0.98093 8.9
-0.98069 8.6
-0.98044 8.4
-0.9802 8.1
-0.97996 7.8
-0.97971 7.6
-0.97947 7.3
-0.97922 6.9
-0.97898 6.6
-0.97873 6.3
-0.97849 5.9
-0.97825 5.6
-0.978 5.2
-0.97776 4.8
-0.97751 4.5
-0.97727 4.1
-0.97703 3.7
-0.97678 3.3
-0.97654 2.9
-0.97629 2.5
-0.97605 2.0
-0.97581 1.6
-0.97556 1.2
-0.97532 0.8
-0.97507 0.4
-0.97483 0.0
-0.97458 -0.5
-0.97434 -0.9
-0.9741 -1.3
-0.97385 -1.8
-0.97361 -2.2
-0.97336 -2.6
-0.97312 -3.0
-0.97288 -3.4
-0.97263 -3.8
-0.97239 -4.2
-0.97214 -4.6
-0.9719 -5.0
-0.97165 -5.4
-0.97141 -5.7
-0.97117 -6.1
-0.97092 -6.4
-0.97068 -6.8
-0.97043 -7.1
-0.97019 -7.4
-0.96995 -7.7
-0.9697 -8.0
-0.96946 -8.2
-0.96921 -8.5
-0.96897 -8.7
-0.96873 -9.0
-0.96848 -9.2
-0.96824 -9.4
-0.96799 -9.6
-0.96775 -9.7
-0.9675 -9.9
-0.96726 -10.0
-0.96702 -10.1
-0.96677 -10.2
-0.96653 -10.3
-0.96628 -10.4
-0.96604 -10.4
-0.9658 -10.5
-0.96555 -10.5
-0.96531 -10.5
-0.96506 -10.5
-0.96482 -10.4
-0.96457 -10.4
-0.96433 -10.3
-0.96409 -10.2
-0.96384 -10.1
-0.9636 -10.0
-0.96335 -9.8
-0.96311 -9.7
-0.96287 -9.5
-0.96262 -9.3
-0.96238 -9.1
-0.96213 -8.9
-0.96189 -8.6
-0.96165 -8.4
-0.9614 -8.1
-0.96116 -7.9
-0.96091 -7.6
-0.96067 -7.3
-0.96042 -6.9
-0.96018 -6.6
-0.95994 -6.3
-0.95969 -5.9
-0.95945 -5.6
-0.9592 -5.2
-0.95896 -4.8
-0.95872 -4.4
-0.95847 -4.0
-0.95823 -3.6
-0.95798 -3.2
-0.95774 -2.8
-0.95749 -2.4
-0.95725 -2.0
-0.95701 -1.6
-0.95676 -1.1
-0.95652 -0.7
-0.95627 -0.3
-0.95603 0.2
-0.95579 0.6
-0.95554 1.0
-0.9553 1.5
-0.95505 1.9
-0.95481 2.3
-0.95457 2.7
-0.95432 3.1
-0.95408 3.5
-0.95383 4.0
-0.95359 4.3
-0.95334 4.7
-0.9531 5.1
-0.95286 5.5
-0.95261 5.9
-0.95237 6.2
-0.95212 6.6
-0.95188 6.9
-0.95164 7.2
-0.95139 7.5
-0.95115 7.8
-0.9509 8.1
-0.95066 8.4
-0.95041 8.6
-0.95017 8.9
-0.94993 9.1
-0.94968 9.3
-0.94944 9.5
-0.94919 9.7
-0.94895 9.8
-0.94871 10.0
-0.94846 10.1
-0.94822 10.2
-0.94797 10.3
-0.94773 10.4
-0.94748 10.5
-0.94724 10.5
-0.947 10.5
-0.94675 10.5
-0.94651 10.5
-0.94626 10.5
-0.94602 10.4
-0.94578 10.4
-0.94553 10.3
-0.94529 10.2
-0.94504 10.1
-0.9448 9.9
-0.94456 9.8
-0.94431 9.6
-0.94407 9.4
-0.94382 9.2
-0.94358 9.0
-0.94333 8.8
-0.94309 8.5
-0.94285 8.3
-0.9426 8.0
-0.94236 7.7
-0.94211 7.4
-0.94187 7.1
-0.94163 6.8
-0.94138 6.4
-0.94114 6.1
-0.94089 5.7
-0.94065 5.4
-0.9404 5.0
-0.94016 4.6
-0.93992 4.2
-0.93967 3.8
-0.93943 3.4
-0.93918 3.0
-0.93894 2.5
-0.9387 2.1
-0.93845 1.7
-0.93821 1.3
-0.93796 0.8
-0.93772 0.4
-0.93748 0.0
-0.93723 -0.5
-0.93699 -0.9
-0.93674 -1.4
-0.9365 -1.8
-0.93625 -2.2
-0.93601 -2.6
-0.93577 -3.1
-0.93552 -3.5
-0.93528 -3.9
-0.93503 -4.3
-0.93479 -4.7
-0.93455 -5.1
-0.9343 -5.5
-0.93406 -5.8
-0.93381 -6.2
-0.93357 -6.5
-0.93332 -6.9
-0.93308 -7.2
-0.93284 -7.5
-0.93259 -7.8
-0.93235 -8.1
-0.9321 -8.4
-0.93186 -8.6
-0.93162 -8.9
-0.93137 -9.1
-0.93113 -9.3
-0.93088 -9.5
-0.93064 -9.7
-0.9304 -9.9
-0.93015 -10.0
-0.92991 -10.2
-0.92966 -10.3
-0.92942 -10.4
-0.92917 -10.4
-0.92893 -10.5
-0.92869 -10.6
-0.92844 -10.6
-0.9282 -10.6
-0.92795 -10.6
-0.92771 -10.5
-0.92747 -10.5
-0.92722 -10.4
-0.92698 -10.3
-0.92673 -10.2
-0.92649 -10.1
-0.92624 -10.0
-0.926 -9.8
-0.92576 -9.7
-0.92551 -9.5
-0.92527 -9.3
-0.92502 -9.0
-0.92478 -8.8
-0.92454 -8.6
-0.92429 -8.3
-0.92405 -8.0
-0.9238 -7.7
-0.92356 -7.4
-0.92332 -7.1
-0.92307 -6.8
-0.92283 -6.4
-0.92258 -6.1
-0.92234 -5.7
-0.92209 -5.3
-0.92185 -4.9
-0.92161 -4.5
-0.92136 -4.1
-0.92112 -3.7
-0.92087 -3.3
-0.92063 -2.9
-0.92039 -2.5
-0.92014 -2.0
-0.9199 -1.6
-0.91965 -1.1
-0.91941 -0.7
-0.91916 -0.3
-0.91892 0.2
-0.91868 0.6
-0.91843 1.1
-0.91819 1.5
-0.91794 1.9
-0.9177 2.4
-0.91746 2.8
-0.91721 3.2
-0.91697 3.6
-0.91672 4.0
-0.91648 4.5
-0.91623 4.8
-0.91599 5.2
-0.91575 5.6
-0.9155 6.0
-0.91526 6.4
-0.91501 6.7
-0.91477 7.0
-0.91453 7.4
-0.91428 7.7
-0.91404 8.0
-0.91379 8.3
-0.91355 8.5
-0.91331 8.8
-0.91306 9.0
-0.91282 9.3
-0.91257 9.5
-0.91233 9.7
-0.91208 9.8
-0.91184 10.0
-0.9116 10.1
-0.91135 10.3
-0.91111 10.4
-0.91086 10.5
-0.91062 10.5
-0.91038 10.6
-0.91013 10.6
-0.90989 10.6
-0.90964 10.6
-0.9094 10.6
-0.90915 10.6
-0.90891 10.5
-0.90867 10.4
-0.90842 10.3
-0.90818 10.2
-0.90793 10.1
-0.90769 9.9
-0.90745 9.8
-0.9072 9.6
-0.90696 9.4
-0.90671 9.2
-0.90647 8.9
-0.90623 8.7
-0.90598 8.4
-0.90574 8.1
-0.90549 7.8
-0.90525 7.5
-0.905 7.2
-0.90476 6.9
-0.90452 6.5
-0.90427 6.2
-0.90403 5.8
-0.90378 5.4
-0.90354 5.1
-0.9033 4.7
-0.90305 4.3
-0.90281 3.8
-0.90256 3.4
-0.90232 3.0
-0.90207 2.6
-0.90183 2.1
-0.90159 1.7
-0.90134 1.2
-0.9011 0.8
-0.90085 0.4
-0.90061 0.0
-0.90037 -0.5
-0.90012 -1.0
-0.89988 -1.4
-0.89963 -1.9
-0.89939 -2.3
-0.89915 -2.7
-0.8989 -3.2
-0.89866 -3.6
-0.89841 -4.0
-0.89817 -4.4
-0.89792 -4.8
-0.89768 -5.2
-0.89744 -5.6
-0.89719 -6.0
-0.89695 -6.3
-0.8967 -6.7
-0.89646 -7.0
-0.89622 -7.4
-0.89597 -7.7
-0.89573 -8.0
-0.89548 -8.3
-0.89524 -8.6
-0.89499 -8.8
-0.89475 -9.1
-0.89451 -9.3
-0.89426 -9.5
-0.89402 -9.7
-0.89377 -9.9
-0.89353 -10.0
-0.89329 -10.2
-0.89304 -10.3
-0.8928 -10.4
-0.89255 -10.5
-0.89231 -10.6
-0.89207 -10.6
-0.89182 -10.7
-0.89158 -10.7
-0.89133 -10.7
-0.89109 -10.7
-0.89084 -10.6
-0.8906 -10.5
-0.89036 -10.5
-0.89011 -10.4
-0.88987 -10.3
-0.88962 -10.1
-0.88938 -10.0
-0.88914 -9.8
-0.88889 -9.6
-0.88865 -9.4
-0.8884 -9.2
-0.88816 -8.9
-0.88791 -8.7
-0.88767 -8.4
-0.88743 -8.1
-0.88718 -7.8
-0.88694 -7.5
-0.88669 -7.2
-0.88645 -6.8
-0.88621 -6.5
-0.88596 -6.1
-0.88572 -5.8
-0.88547 -5.4
-0.88523 -5.0
-0.88498 -4.6
-0.88474 -4.2
-0.8845 -3.7
-0.88425 -3.3
-0.88401 -2.9
-0.88376 -2.4
-0.88352 -2.0
-0.88328 -1.6
-0.88303 -1.1
-0.88279 -0.7
-0.88254 -0.2
-0.8823 0.2
-0.88206 0.7
-0.88181 1.1
-0.88157 1.6
-0.88132 2.0
-0.88108 2.5
-0.88083 2.9
-0.88059 3.4
-0.88035 3.8
-0.8801 4.2
-0.87986 4.6
-0.87961 5.0
-0.87937 5.4
-0.87913 5.8
-0.87888 6.2
-0.87864 6.5
-0.87839 6.9
-0.87815 7.2
-0.8779 7.6
-0.87766 7.9
-0.87742 8.2
-0.87717 8.5
-0.87693 8.7
-0.87668 9.0
-0.87644 9.2
-0.8762 9.5
-0.87595 9.7
-0.87571 9.9
-0.87546 10.0
-0.87522 10.2
-0.87498 10.3
-0.87473 10.4
-0.87449 10.5
-0.87424 10.6
-0.874 10.7
-0.87375 10.7
-0.87351 10.7
-0.87327 10.7
-0.87302 10.7
-0.87278 10.7
-0.87253 10.6
-0.87229 10.5
-0.87205 10.5
-0.8718 10.3
-0.87156 10.2
-0.87131 10.1
-0.87107 9.9
-0.87082 9.7
-0.87058 9.5
-0.87034 9.3
-0.87009 9.0
-0.86985 8.8
-0.8696 8.5
-0.86936 8.2
-0.86912 7.9
-0.86887 7.6
-0.86863 7.3
-0.86838 7.0
-0.86814 6.6
-0.8679 6.2
-0.86765 5.9
-0.86741 5.5
-0.86716 5.1
-0.86692 4.7
-0.86667 4.3
-0.86643 3.8
-0.86619 3.4
-0.86594 3.0
-0.8657 2.5
-0.86545 2.1
-0.86521 1.6
-0.86497 1.2
-0.86472 0.7
-0.86448 0.3
-0.86423 -0.2
-0.86399 -0.7
-0.86374 -1.1
-0.8635 -1.6
-0.86326 -2.0
-0.86301 -2.5
-0.86277 -2.9
-0.86252 -3.3
-0.86228 -3.8
-0.86204 -4.2
-0.86179 -4.6
-0.86155 -5.0
-0.8613 -5.4
-0.86106 -5.8
-0.86082 -6.2
-0.86057 -6.6
-0.86033 -6.9
-0.86008 -7.3
-0.85984 -7.6
-0.85959 -7.9
-0.85935 -8.2
-0.85911 -8.5
-0.85886 -8.8
-0.85862 -9.1
-0.85837 -9.3
-0.85813 -9.5
-0.85789 -9.7
-0.85764 -9.9
-0.8574 -10.1
-0.85715 -10.2
-0.85691 -10.4
-0.85666 -10.5
-0.85642 -10.6
-0.85618 -10.7
-0.85593 -10.7
-0.85569 -10.8
-0.85544 -10.8
-0.8552 -10.8
-0.85496 -10.8
-0.85471 -10.7
-0.85447 -10.7
-0.85422 -10.6
-0.85398 -10.5
-0.85373 -10.4
-0.85349 -10.2
-0.85325 -10.1
-0.853 -9.9
-0.85276 -9.7
-0.85251 -9.5
-0.85227 -9.3
-0.85203 -9.0
-0.85178 -8.8
-0.85154 -8.5
-0.85129 -8.2
-0.85105 -7.9
-0.85081 -7.6
-0.85056 -7.2
-0.85032 -6.9
-0.85007 -6.5
-0.84983 -6.1
-0.84958 -5.8
-0.84934 -5.4
-0.8491 -5.0
-0.84885 -4.5
-0.84861 -4.1
-0.84836 -3.7
-0.84812 -3.3
-0.84788 -2.8
-0.84763 -2.4
-0.84739 -1.9
-0.84714 -1.4
-0.8469 -1.0
-0.84665 -0.5
-0.84641 0.0
-0.84617 0.4
-0.84592 0.9
-0.84568 1.3
-0.84543 1.8
-0.84519 2.2
-0.84495 2.7
-0.8447 3.1
-0.84446 3.6
-0.84421 4.0
-0.84397 4.4
-0.84373 4.9
-0.84348 5.3
-0.84324 5.7
-0.84299 6.1
-0.84275 6.4
-0.8425 6.8
-0.84226 7.2
-0.84202 7.5
-0.84177 7.8
-0.84153 8.1
-0.84128 8.4
-0.84104 8.7
-0.8408 9.0
-0.84055 9.2
-0.84031 9.5
-0.84006 9.7
-0.83982 9.9
-0.83957 10.1
-0.83933 10.2
-0.83909 10.4
-0.83884 10.5
-0.8386 10.6
-0.83835 10.7
-0.83811 10.8
-0.83787 10.8
-0.83762 10.8
-0.83738 10.8
-0.83713 10.8
-0.83689 10.8
-0.83665 10.7
-0.8364 10.7
-0.83616 10.6
-0.83591 10.4
-0.83567 10.3
-0.83542 10.2
-0.83518 10.0
-0.83494 9.8
-0.83469 9.6
-0.83445 9.4
-0.8342 9.1
-0.83396 8.9
-0.83372 8.6
-0.83347 8.3
-0.83323 8.0
-0.83298 7.7
-0.83274 7.3
-0.83249 7.0
-0.83225 6.6
-0.83201 6.2
-0.83176 5.8
-0.83152 5.4
-0.83127 5.0
-0.83103 4.6
-0.83079 4.2
-0.83054 3.7
-0.8303 3.3
-0.83005 2.9
-0.82981 2.4
-0.82957 1.9
-0.82932 1.5
-0.82908 1.0
-0.82883 0.5
-0.82859 0.0
-0.82834 -0.4
-0.8281 -0.9
-0.82786 -1.3
-0.82761 -1.8
-0.82737 -2.3
-0.82712 -2.7
-0.82688 -3.2
-0.82664 -3.6
-0.82639 -4.0
-0.82615 -4.5
-0.8259 -4.9
-0.82566 -5.3
-0.82541 -5.7
-0.82517 -6.1
-0.82493 -6.5
-0.82468 -6.9
-0.82444 -7.2
-0.82419 -7.6
-0.82395 -7.9
-0.82371 -8.2
-0.82346 -8.5
-0.82322 -8.8
-0.82297 -9.1
-0.82273 -9.3
-0.82248 -9.6
-0.82224 -9.8
-0.822 -10.0
-0.82175 -10.2
-0.82151 -10.3
-0.82126 -10.5
-0.82102 -10.6
-0.82078 -10.7
-0.82053 -10.8
-0.82029 -10.8
-0.82004 -10.9
-0.8198 -10.9
-0.81956 -10.9
-0.81931 -10.9
-0.81907 -10.8
-0.81882 -10.8
-0.81858 -10.7
-0.81833 -10.6
-0.81809 -10.5
-0.81785 -10.3
-0.8176 -10.2
-0.81736 -10.0
-0.81711 -9.8
-0.81687 -9.6
-0.81663 -9.3
-0.81638 -9.1
-0.81614 -8.8
-0.81589 -8.5
-0.81565 -8.2
-0.8154 -7.9
-0.81516 -7.6
-0.81492 -7.2
-0.81467 -6.9
-0.81443 -6.5
-0.81418 -6.1
-0.81394 -5.7
-0.8137 -5.3
-0.81345 -4.9
-0.81321 -4.4
-0.81296 -4.0
-0.81272 -3.6
-0.81248 -3.1
-0.81223 -2.7
-0.81199 -2.2
-0.81174 -1.7
-0.8115 -1.3
-0.81125 -0.8
-0.81101 -0.3
-0.81077 0.2
-0.81052 0.6
-0.81028 1.1
-0.81003 1.6
-0.80979 2.1
-0.80955 2.5
-0.8093 3.0
-0.80906 3.4
-0.80881 3.9
-0.80857 4.3
-0.80832 4.8
-0.80808 5.2
-0.80784 5.6
-0.80759 6.0
-0.80735 6.4
-0.8071 6.8
-0.80686 7.1
-0.80662 7.5
-0.80637 7.8
-0.80613 8.2
-0.80588 8.5
-0.80564 8.8
-0.8054 9.0
-0.80515 9.3
-0.80491 9.5
-0.80466 9.8
-0.80442 10.0
-0.80417 10.2
-0.80393 10.3
-0.80369 10.5
-0.80344 10.6
-0.8032 10.7
-0.80295 10.8
-0.80271 10.9
-0.80247 10.9
-0.80222 10.9
-0.80198 10.9
-0.80173 10.9
-0.80149 10.9
-0.80124 10.8
-0.801 10.8
-0.80076 10.7
-0.80051 10.5
-0.80027 10.4
-0.80002 10.2
-0.79978 10.1
-0.79954 9.9
-0.79929 9.6
-0.79905 9.4
-0.7988 9.1
-0.79856 8.9
-0.79832 8.6
-0.79807 8.3
-0.79783 8.0
-0.79758 7.6
-0.79734 7.3
-0.79709 6.9
-0.79685 6.5
-0.79661 6.1
-0.79636 5.7
-0.79612 5.3
-0.79587 4.9
-0.79563 4.5
-0.79539 4.0
-0.79514 3.6
-0.7949 3.1
-0.79465 2.6
-0.79441 2.2
-0.79416 1.7
-0.79392 1.2
-0.79368 0.8
-0.79343 0.3
-0.79319 -0.2
-0.79294 -0.7
-0.7927 -1.2
-0.79246 -1.6
-0.79221 -2.1
-0.79197 -2.6
-0.79172 -3.1
-0.79148 -3.5
-0.79123 -4.0
-0.79099 -4.4
-0.79075 -4.9
-0.7905 -5.3
-0.79026 -5.7
-0.79001 -6.1
-0.78977 -6.5
-0.78953 -6.9
-0.78928 -7.3
-0.78904 -7.6
-0.78879 -8.0
-0.78855 -8.3
-0.78831 -8.6
-0.78806 -8.9
-0.78782 -9.2
-0.78757 -9.4
-0.78733 -9.7
-0.78708 -9.9
-0.78684 -10.1
-0.7866 -10.3
-0.78635 -10.4
-0.78611 -10.6
-0.78586 -10.7
-0.78562 -10.8
-0.78538 -10.9
-0.78513 -10.9
-0.78489 -11.0
-0.78464 -11.0
-0.7844 -11.0
-0.78415 -11.0
-0.78391 -10.9
-0.78367 -10.9
-0.78342 -10.8
-0.78318 -10.7
-0.78293 -10.5
-0.78269 -10.4
-0.78245 -10.2
-0.7822 -10.0
-0.78196 -9.8
-0.78171 -9.6
-0.78147 -9.3
-0.78123 -9.1
-0.78098 -8.8
-0.78074 -8.5
-0.78049 -8.2
-0.78025 -7.8
-0.78 -7.5
-0.77976 -7.1
-0.77952 -6.7
-0.77927 -6.4
-0.77903 -6.0
-0.77878 -5.5
-0.77854 -5.1
-0.7783 -4.7
-0.77805 -4.2
-0.77781 -3.8
-0.77756 -3.3
-0.77732 -2.9
-0.77707 -2.4
-0.77683 -1.9
-0.77659 -1.4
-0.77634 -0.9
-0.7761 -0.5
-0.77585 0.0
-0.77561 0.5
-0.77537 1.0
-0.77512 1.5
-0.77488 2.0
-0.77463 2.5
-0.77439 2.9
-0.77415 3.4
-0.7739 3.9
-0.77366 4.3
-0.77341 4.8
-0.77317 5.2
-0.77292 5.6
-0.77268 6.0
-0.77244 6.4
-0.77219 6.8
-0.77195 7.2
-0.7717 7.6
-0.77146 7.9
-0.77122 8.3
-0.77097 8.6
-0.77073 8.9
-0.77048 9.2
-0.77024 9.4
-0.76999 9.7
-0.76975 9.9
-0.76951 10.1
-0.76926 10.3
-0.76902 10.5
-0.76877 10.6
-0.76853 10.7
-0.76829 10.8
-0.76804 10.9
-0.7678 11.0
-0.76755 11.0
-0.76731 11.1
-0.76707 11.1
-0.76682 11.0
-0.76658 11.0
-0.76633 10.9
-0.76609 10.8
-0.76584 10.7
-0.7656 10.6
-0.76536 10.4
-0.76511 10.3
-0.76487 10.1
-0.76462 9.9
-0.76438 9.6
-0.76414 9.4
-0.76389 9.1
-0.76365 8.8
-0.7634 8.5
-0.76316 8.2
-0.76291 7.9
-0.76267 7.5
-0.76243 7.1
-0.76218 6.7
-0.76194 6.4
-0.76169 5.9
-0.76145 5.5
-0.76121 5.1
-0.76096 4.6
-0.76072 4.2
-0.76047 3.7
-0.76023 3.3
-0.75998 2.8
-0.75974 2.3
-0.7595 1.8
-0.75925 1.3
-0.75901 0.9
-0.75876 0.4
-0.75852 -0.1
-0.75828 -0.6
-0.75803 -1.1
-0.75779 -1.6
-0.75754 -2.1
-0.7573 -2.6
-0.75706 -3.1
-0.75681 -3.5
-0.75657 -4.0
-0.75632 -4.5
-0.75608 -4.9
-0.75583 -5.3
-0.75559 -5.8
-0.75535 -6.2
-0.7551 -6.6
-0.75486 -7.0
-0.75461 -7.4
-0.75437 -7.7
-0.75413 -8.1
-0.75388 -8.4
-0.75364 -8.7
-0.75339 -9.0
-0.75315 -9.3
-0.7529 -9.6
-0.75266 -9.8
-0.75242 -10.0
-0.75217 -10.2
-0.75193 -10.4
-0.75168 -10.6
-0.75144 -10.7
-0.7512 -10.8
-0.75095 -10.9
-0.75071 -11.0
-0.75046 -11.1
-0.75022 -11.1
-0.74998 -11.1
-0.74973 -11.1
-0.74949 -11.1
-0.74924 -11.0
-0.749 -10.9
-0.74875 -10.8
-0.74851 -10.7
-0.74827 -10.6
-0.74802 -10.4
-0.74778 -10.2
-0.74753 -10.0
-0.74729 -9.8
-0.74705 -9.5
-0.7468 -9.3
-0.74656 -9.0
-0.74631 -8.7
-0.74607 -8.4
-0.74582 -8.0
-0.74558 -7.7
-0.74534 -7.3
-0.74509 -6.9
-0.74485 -6.5
-0.7446 -6.1
-0.74436 -5.7
-0.74412 -5.3
-0.74387 -4.8
-0.74363 -4.4
-0.74338 -3.9
-0.74314 -3.4
-0.7429 -3.0
-0.74265 -2.5
-0.74241 -2.0
-0.74216 -1.5
-0.74192 -1.0
-0.74167 -0.5
-0.74143 0.0
-0.74119 0.5
-0.74094 1.0
-0.7407 1.5
-0.74045 2.0
-0.74021 2.5
-0.73997 3.0
-0.73972 3.5
-0.73948 3.9
-0.73923 4.4
-0.73899 4.9
-0.73874 5.3
-0.7385 5.7
-0.73826 6.2
-0.73801 6.6
-0.73777 7.0
-0.73752 7.4
-0.73728 7.7
-0.73704 8.1
-0.73679 8.4
-0.73655 8.7
-0.7363 9.0
-0.73606 9.3
-0.73582 9.6
-0.73557 9.8
-0.73533 10.1
-0.73508 10.3
-0.73484 10.5
-0.73459 10.6
-0.73435 10.8
-0.73411 10.9
-0.73386 11.0
-0.73362 11.1
-0.73337 11.1
-0.73313 11.2
-0.73289 11.2
-0.73264 11.2
-0.7324 11.1
-0.73215 11.1
-0.73191 11.0
-0.73166 10.9
-0.73142 10.8
-0.73118 10.6
-0.73093 10.4
-0.73069 10.2
-0.73044 10.0
-0.7302 9.8
-0.72996 9.6
-0.72971 9.3
-0.72947 9.0
-0.72922 8.7
-0.72898 8.4
-0.72873 8.0
-0.72849 7.7
-0.72825 7.3
-0.728 6.9
-0.72776 6.5
-0.72751 6.1
-0.72727 5.6
-0.72703 5.2
-0.72678 4.7
-0.72654 4.3
-0.72629 3.8
-0.72605 3.3
-0.72581 2.8
-0.72556 2.3
-0.72532 1.8
-0.72507 1.3
-0.72483 0.8
-0.72458 0.3
-0.72434 -0.2
-0.7241 -0.7
-0.72385 -1.2
-0.72361 -1.7
-0.72336 -2.2
-0.72312 -2.7
-0.72288 -3.2
-0.72263 -3.7
-0.72239 -4.1
-0.72214 -4.6
-0.7219 -5.1
-0.72165 -5.5
-0.72141 -5.9
-0.72117 -6.4
-0.72092 -6.8
-0.72068 -7.2
-0.72043 -7.6
-0.72019 -7.9
-0.71995 -8.3
-0.7197 -8.6
-0.71946 -8.9
-0.71921 -9.2
-0.71897 -9.5
-0.71873 -9.8
-0.71848 -10.0
-0.71824 -10.2
-0.71799 -10.4
-0.71775 -10.6
-0.7175 -10.8
-0.71726 -10.9
-0.71702 -11.0
-0.71677 -11.1
-0.71653 -11.2
-0.71628 -11.2
-0.71604 -11.2
-0.7158 -11.2
-0.71555 -11.2
-0.71531 -11.1
-0.71506 -11.1
-0.71482 -11.0
-0.71457 -10.9
-0.71433 -10.7
-0.71409 -10.6
-0.71384 -10.4
-0.7136 -10.2
-0.71335 -9.9
-0.71311 -9.7
-0.71287 -9.4
-0.71262 -9.1
-0.71238 -8.8
-0.71213 -8.5
-0.71189 -8.1
-0.71165 -7.8
-0.7114 -7.4
-0.71116 -7.0
-0.71091 -6.6
-0.71067 -6.2
-0.71042 -5.8
-0.71018 -5.3
-0.70994 -4.8
-0.70969 -4.4
-0.70945 -3.9
-0.7092 -3.4
-0.70896 -2.9
-0.70872 -2.4
-0.70847 -1.9
-0.70823 -1.4
-0.70798 -0.9
-0.70774 -0.4
-0.70749 0.1
-0.70725 0.6
-0.70701 1.1
-0.70676 1.7
-0.70652 2.2
-0.70627 2.7
-0.70603 3.2
-0.70579 3.7
-0.70554 4.1
-0.7053 4.6
-0.70505 5.1
-0.70481 5.5
-0.70457 6.0
-0.70432 6.4
-0.70408 6.8
-0.70383 7.2
-0.70359 7.6
-0.70334 8.0
-0.7031 8.3
-0.70286 8.7
-0.70261 9.0
-0.70237 9.3
-0.70212 9.6
-0.70188 9.9
-0.70164 10.1
-0.70139 10.3
-0.70115 10.5
-0.7009 10.7
-0.70066 10.8
-0.70041 11.0
-0.70017 11.1
-0.69993 11.2
-0.69968 11.2
-0.69944 11.3
-0.69919 11.3
-0.69895 11.3
-0.69871 11.3
-0.69846 11.2
-0.69822 11.1
-0.69797 11.0
-0.69773 10.9
-0.69748 10.7
-0.69724 10.6
-0.697 10.4
-0.69675 10.2
-0.69651 9.9
-0.69626 9.7
-0.69602 9.4
-0.69578 9.1
-0.69553 8.8
-0.69529 8.4
-0.69504 8.1
-0.6948 7.7
-0.69456 7.3
-0.69431 6.9
-0.69407 6.5
-0.69382 6.1
-0.69358 5.6
-0.69333 5.2
-0.69309 4.7
-0.69285 4.2
-0.6926 3.7
-0.69236 3.2
-0.69211 2.7
-0.69187 2.2
-0.69163 1.7
-0.69138 1.2
-0.69114 0.7
-0.69089 0.2
-0.69065 -0.4
-0.6904 -0.9
-0.69016 -1.4
-0.68992 -1.9
-0.68967 -2.4
-0.68943 -2.9
-0.68918 -3.4
-0.68894 -3.9
-0.6887 -4.4
-0.68845 -4.9
-0.68821 -5.4
-0.68796 -5.8
-0.68772 -6.3
-0.68748 -6.7
-0.68723 -7.1
-0.68699 -7.5
-0.68674 -7.9
-0.6865 -8.3
-0.68625 -8.6
-0.68601 -8.9
-0.68577 -9.3
-0.68552 -9.5
-0.68528 -9.8
-0.68503 -10.1
-0.68479 -10.3
-0.68455 -10.5
-0.6843 -10.7
-0.68406 -10.9
-0.68381 -11.0
-0.68357 -11.1
-0.68332 -11.2
-0.68308 -11.3
-0.68284 -11.3
-0.68259 -11.4
-0.68235 -11.3
-0.6821 -11.3
-0.68186 -11.3
-0.68162 -11.2
-0.68137 -11.1
-0.68113 -11.0
-0.68088 -10.8
-0.68064 -10.7
-0.6804 -10.5
-0.68015 -10.2
-0.67991 -10.0
-0.67966 -9.8
-0.67942 -9.5
-0.67917 -9.2
-0.67893 -8.9
-0.67869 -8.5
-0.67844 -8.2
-0.6782 -7.8
-0.67795 -7.4
-0.67771 -7.0
-0.67747 -6.6
-0.67722 -6.1
-0.67698 -5.7
-0.67673 -5.2
-0.67649 -4.7
-0.67624 -4.2
-0.676 -3.8
-0.67576 -3.3
-0.67551 -2.7
-0.67527 -2.2
-0.67502 -1.7
-0.67478 -1.2
-0.67454 -0.7
-0.67429 -0.1
-0.67405 0.4
-0.6738 0.9
-0.67356 1.5
-0.67332 2.0
-0.67307 2.5
-0.67283 3.0
-0.67258 3.5
-0.67234 4.0
-0.67209 4.5
-0.67185 5.0
-0.67161 5.5
-0.67136 5.9
-0.67112 6.4
-0.67087 6.8
-0.67063 7.2
-0.67039 7.6
-0.67014 8.0
-0.6699 8.4
-0.66965 8.7
-0.66941 9.1
-0.66916 9.4
-0.66892 9.7
-0.66868 9.9
-0.66843 10.2
-0.66819 10.4
-0.66794 10.6
-0.6677 10.8
-0.66746 11.0
-0.66721 11.1
-0.66697 11.2
-0.66672 11.3
-0.66648 11.4
-0.66623 11.4
-0.66599 11.4
-0.66575 11.4
-0.6655 11.4
-0.66526 11.3
-0.66501 11.2
-0.66477 11.1
-0.66453 11.0
-0.66428 10.8
-0.66404 10.6
-0.66379 10.4
-0.66355 10.2
-0.66331 10.0
-0.66306 9.7
-0.66282 9.4
-0.66257 9.1
-0.66233 8.7
-0.66208 8.4
-0.66184 8.0
-0.6616 7.6
-0.66135 7.2
-0.66111 6.8
-0.66086 6.4
-0.66062 5.9
-0.66038 5.5
-0.66013 5.0
-0.65989 4.5
-0.65964 4.0
-0.6594 3.5
-0.65915 3.0
-0.65891 2.5
-0.65867 1.9
-0.65842 1.4
-0.65818 0.9
-0.65793 0.3
-0.65769 -0.2
-0.65745 -0.7
-0.6572 -1.3
-0.65696 -1.8
-0.65671 -2.3
-0.65647 -2.9
-0.65623 -3.4
-0.65598 -3.9
-0.65574 -4.4
-0.65549 -4.9
-0.65525 -5.4
-0.655 -5.8
-0.65476 -6.3
-0.65452 -6.7
-0.65427 -7.2
-0.65403 -7.6
-0.65378 -8.0
-0.65354 -8.3
-0.6533 -8.7
-0.65305 -9.0
-0.65281 -9.4
-0.65256 -9.7
-0.65232 -9.9
-0.65207 -10.2
-0.65183 -10.4
-0.65159 -10.7
-0.65134 -10.8
-0.6511 -11.0
-0.65085 -11.2
-0.65061 -11.3
-0.65037 -11.4
-0.65012 -11.4
-0.64988 -11.5
-0.64963 -11.5
-0.64939 -11.5
-0.64915 -11.4
-0.6489 -11.4
-0.64866 -11.3
-0.64841 -11.2
-0.64817 -11.0
-0.64792 -10.9
-0.64768 -10.7
-0.64744 -10.5
-0.64719 -10.3
-0.64695 -10.0
-0.6467 -9.7
-0.64646 -9.4
-0.64622 -9.1
-0.64597 -8.8
-0.64573 -8.4
-0.64548 -8.0
-0.64524 -7.6
-0.64499 -7.2
-0.64475 -6.8
-0.64451 -6.4
-0.64426 -5.9
-0.64402 -5.4
-0.64377 -4.9
-0.64353 -4.5
-0.64329 -3.9
-0.64304 -3.4
-0.6428 -2.9
-0.64255 -2.4
-0.64231 -1.8
-0.64207 -1.3
-0.64182 -0.8
-0.64158 -0.2
-0.64133 0.3
-0.64109 0.9
-0.64084 1.4
-0.6406 1.9
-0.64036 2.5
-0.64011 3.0
-0.63987 3.5
-0.63962 4.0
-0.63938 4.6
-0.63914 5.0
-0.63889 5.5
-0.63865 6.0
-0.6384 6.5
-0.63816 6.9
-0.63791 7.3
-0.63767 7.8
-0.63743 8.1
-0.63718 8.5
-0.63694 8.9
-0.63669 9.2
-0.63645 9.5
-0.63621 9.8
-0.63596 10.1
-0.63572 10.4
-0.63547 10.6
-0.63523 10.8
-0.63498 11.0
-0.63474 11.1
-0.6345 11.3
-0.63425 11.4
-0.63401 11.5
-0.63376 11.5
-0.63352 11.5
-0.63328 11.5
-0.63303 11.5
-0.63279 11.5
-0.63254 11.4
-0.6323 11.3
-0.63206 11.2
-0.63181 11.0
-0.63157 10.8
-0.63132 10.6
-0.63108 10.4
-0.63083 10.2
-0.63059 9.9
-0.63035 9.6
-0.6301 9.3
-0.62986 9.0
-0.62961 8.6
-0.62937 8.2
-0.62913 7.8
-0.62888 7.4
-0.62864 7.0
-0.62839 6.5
-0.62815 6.1
-0.6279 5.6
-0.62766 5.1
-0.62742 4.6
-0.62717 4.1
-0.62693 3.6
-0.62668 3.1
-0.62644 2.5
-0.6262 2.0
-0.62595 1.4
-0.62571 0.9
-0.62546 0.3
-0.62522 -0.2
-0.62498 -0.8
-0.62473 -1.3
-0.62449 -1.9
-0.62424 -2.4
-0.624 -2.9
-0.62375 -3.5
-0.62351 -4.0
-0.62327 -4.5
-0.62302 -5.0
-0.62278 -5.5
-0.62253 -6.0
-0.62229 -6.5
-0.62205 -6.9
-0.6218 -7.4
-0.62156 -7.8
-0.62131 -8.2
-0.62107 -8.6
-0.62082 -8.9
-0.62058 -9.3
-0.62034 -9.6
-0.62009 -9.9
-0.61985 -10.2
-0.6196 -10.4
-0.61936 -10.7
-0.61912 -10.9
-0.61887 -11.1
-0.61863 -11.2
-0.61838 -11.3
-0.61814 -11.5
-0.6179 -11.5
-0.61765 -11.6
-0.61741 -11.6
-0.61716 -11.6
-0.61692 -11.6
-0.61667 -11.5
-0.61643 -11.5
-0.61619 -11.4
-0.61594 -11.2
-0.6157 -11.1
-0.61545 -10.9
-0.61521 -10.7
-0.61497 -10.4
-0.61472 -10.2
-0.61448 -9.9
-0.61423 -9.6
-0.61399 -9.3
-0.61374 -8.9
-0.6135 -8.6
-0.61326 -8.2
-0.61301 -7.8
-0.61277 -7.3
-0.61252 -6.9
-0.61228 -6.4
-0.61204 -6.0
-0.61179 -5.5
-0.61155 -5.0
-0.6113 -4.5
-0.61106 -4.0
-0.61082 -3.4
-0.61057 -2.9
-0.61033 -2.3
-0.61008 -1.8
-0.60984 -1.2
-0.60959 -0.7
-0.60935 -0.1
-0.60911 0.4
-0.60886 1.0
-0.60862 1.6
-0.60837 2.1
-0.60813 2.7
-0.60789 3.2
-0.60764 3.7
-0.6074 4.3
-0.60715 4.8
-0.60691 5.3
-0.60666 5.8
-0.60642 6.3
-0.60618 6.7
-0.60593 7.2
-0.60569 7.6
-0.60544 8.0
-0.6052 8.4
-0.60496 8.8
-0.60471 9.2
-0.60447 9.5
-0.60422 9.8
-0.60398 10.1
-0.60373 10.4
-0.60349 10.6
-0.60325 10.9
-0.603 11.1
-0.60276 11.2
-0.60251 11.4
-0.60227 11.5
-0.60203 11.6
-0.60178 11.6
-0.60154 11.7
-0.60129 11.7
-0.60105 11.7
-0.60081 11.6
-0.60056 11.5
-0.60032 11.4
-0.60007 11.3
-0.59983 11.2
-0.59958 11.0
-0.59934 10.8
-0.5991 10.6
-0.59885 10.3
-0.59861 10.0
-0.59836 9.7
-0.59812 9.4
-0.59788 9.0
-0.59763 8.7
-0.59739 8.3
-0.59714 7.9
-0.5969 7.4
-0.59665 7.0
-0.59641 6.5
-0.59617 6.1
-0.59592 5.6
-0.59568 5.1
-0.59543 4.5
-0.59519 4.0
-0.59495 3.5
-0.5947 2.9
-0.59446 2.4
-0.59421 1.8
-0.59397 1.3
-0.59373 0.7
-0.59348 0.1
-0.59324 -0.4
-0.59299 -1.0
-0.59275 -1.6
-0.5925 -2.1
-0.59226 -2.7
-0.59202 -3.3
-0.59177 -3.8
-0.59153 -4.3
-0.59128 -4.9
-0.59104 -5.4
-0.5908 -5.9
-0.59055 -6.4
-0.59031 -6.8
-0.59006 -7.3
-0.58982 -7.7
-0.58957 -8.1
-0.58933 -8.5
-0.58909 -8.9
-0.58884 -9.3
-0.5886 -9.6
-0.58835 -9.9
-0.58811 -10.2
-0.58787 -10.5
-0.58762 -10.8
-0.58738 -11.0
-0.58713 -11.2
-0.58689 -11.3
-0.58665 -11.5
-0.5864 -11.6
-0.58616 -11.7
-0.58591 -11.7
-0.58567 -11.8
-0.58542 -11.8
-0.58518 -11.7
-0.58494 -11.7
-0.58469 -11.6
-0.58445 -11.5
-0.5842 -11.3
-0.58396 -11.2
-0.58372 -11.0
-0.58347 -10.8
-0.58323 -10.5
-0.58298 -10.3
-0.58274 -10.0
-0.58249 -9.6
-0.58225 -9.3
-0.58201 -8.9
-0.58176 -8.6
-0.58152 -8.2
-0.58127 -7.7
-0.58103 -7.3
-0.58079 -6.8
-0.58054 -6.3
-0.5803 -5.9
-0.58005 -5.4
-0.57981 -4.8
-0.57957 -4.3
-0.57932 -3.8
-0.57908 -3.2
-0.57883 -2.6
-0.57859 -2.1
-0.57834 -1.5
-0.5781 -0.9
-0.57786 -0.4
-0.57761 0.2
-0.57737 0.8
-0.57712 1.4
-0.57688 1.9
-0.57664 2.5
-0.57639 3.1
-0.57615 3.6
-0.5759 4.2
-0.57566 4.7
-0.57541 5.2
-0.57517 5.8
-0.57493 6.3
-0.57468 6.7
-0.57444 7.2
-0.57419 7.7
-0.57395 8.1
-0.57371 8.5
-0.57346 8.9
-0.57322 9.3
-0.57297 9.6
-0.57273 9.9
-0.57248 10.2
-0.57224 10.5
-0.572 10.8
-0.57175 11.0
-0.57151 11.2
-0.57126 11.4
-0.57102 11.5
-0.57078 11.6
-0.57053 11.7
-0.57029 11.8
-0.57004 11.8
-0.5698 11.8
-0.56956 11.8
-0.56931 11.8
-0.56907 11.7
-0.56882 11.6
-0.56858 11.4
-0.56833 11.3
-0.56809 11.1
-0.56785 10.8
-0.5676 10.6
-0.56736 10.3
-0.56711 10.0
-0.56687 9.7
-0.56663 9.4
-0.56638 9.0
-0.56614 8.6
-0.56589 8.2
-0.56565 7.8
-0.5654 7.3
-0.56516 6.8
-0.56492 6.3
-0.56467 5.8
-0.56443 5.3
-0.56418 4.8
-0.56394 4.3
-0.5637 3.7
-0.56345 3.1
-0.56321 2.6
-0.56296 2.0
-0.56272 1.4
-0.56248 0.8
-0.56223 0.2
-0.56199 -0.3
-0.56174 -0.9
-0.5615 -1.5
-0.56125 -2.1
-0.56101 -2.7
-0.56077 -3.2
-0.56052 -3.8
-0.56028 -4.3
-0.56003 -4.9
-0.55979 -5.4
-0.55955 -5.9
-0.5593 -6.4
-0.55906 -6.9
-0.55881 -7.4
-0.55857 -7.9
-0.55832 -8.3
-0.55808 -8.7
-0.55784 -9.1
-0.55759 -9.5
-0.55735 -9.8
-0.5571 -10.1
-0.55686 -10.4
-0.55662 -10.7
-0.55637 -10.9
-0.55613 -11.2
-0.55588 -11.4
-0.55564 -11.5
-0.5554 -11.7
-0.55515 -11.8
-0.55491 -11.8
-0.55466 -11.9
-0.55442 -11.9
-0.55417 -11.9
-0.55393 -11.9
-0.55369 -11.8
-0.55344 -11.7
-0.5532 -11.6
-0.55295 -11.4
-0.55271 -11.2
-0.55247 -11.0
-0.55222 -10.8
-0.55198 -10.5
-0.55173 -10.2
-0.55149 -9.9
-0.55124 -9.5
-0.551 -9.2
-0.55076 -8.8
-0.55051 -8.4
-0.55027 -7.9
-0.55002 -7.5
-0.54978 -7.0
-0.54954 -6.5
-0.54929 -6.0
-0.54905 -5.5
-0.5488 -5.0
-0.54856 -4.4
-0.54832 -3.9
-0.54807 -3.3
-0.54783 -2.7
-0.54758 -2.1
-0.54734 -1.6
-0.54709 -1.0
-0.54685 -0.4
-0.54661 0.2
-0.54636 0.8
-0.54612 1.4
-0.54587 2.0
-0.54563 2.6
-0.54539 3.2
-0.54514 3.8
-0.5449 4.3
-0.54465 4.9
-0.54441 5.4
-0.54416 5.9
-0.54392 6.4
-0.54368 6.9
-0.54343 7.4
-0.54319 7.9
-0.54294 8.3
-0.5427 8.7
-0.54246 9.1
-0.54221 9.5
-0.54197 9.9
-0.54172 10.2
-0.54148 10.5
-0.54123 10.8
-0.54099 11.0
-0.54075 11.2
-0.5405 11.4
-0.54026 11.6
-0.54001 11.7
-0.53977 11.8
-0.53953 11.9
-0.53928 12.0
-0.53904 12.0
-0.53879 12.0
-0.53855 11.9
-0.53831 11.8
-0.53806 11.7
-0.53782 11.6
-0.53757 11.4
-0.53733 11.3
-0.53708 11.0
-0.53684 10.8
-0.5366 10.5
-0.53635 10.2
-0.53611 9.9
-0.53586 9.5
-0.53562 9.1
-0.53538 8.7
-0.53513 8.3
-0.53489 7.9
-0.53464 7.4
-0.5344 6.9
-0.53415 6.4
-0.53391 5.9
-0.53367 5.4
-0.53342 4.8
-0.53318 4.3
-0.53293 3.7
-0.53269 3.1
-0.53245 2.5
-0.5322 1.9
-0.53196 1.3
-0.53171 0.7
-0.53147 0.1
-0.53123 -0.5
-0.53098 -1.1
-0.53074 -1.7
-0.53049 -2.3
-0.53025 -2.9
-0.53 -3.5
-0.52976 -4.1
-0.52952 -4.6
-0.52927 -5.2
-0.52903 -5.7
-0.52878 -6.3
-0.52854 -6.8
-0.5283 -7.3
-0.52805 -7.7
-0.52781 -8.2
-0.52756 -8.6
-0.52732 -9.0
-0.52707 -9.4
-0.52683 -9.8
-0.52659 -10.1
-0.52634 -10.5
-0.5261 -10.8
-0.52585 -11.0
-0.52561 -11.2
-0.52537 -11.5
-0.52512 -11.6
-0.52488 -11.8
-0.52463 -11.9
-0.52439 -12.0
-0.52415 -12.0
-0.5239 -12.1
-0.52366 -12.1
-0.52341 -12.0
-0.52317 -11.9
-0.52292 -11.8
-0.52268 -11.7
-0.52244 -11.6
-0.52219 -11.4
-0.52195 -11.1
-0.5217 -10.9
-0.52146 -10.6
-0.52122 -10.3
-0.52097 -10.0
-0.52073 -9.6
-0.52048 -9.2
-0.52024 -8.8
-0.51999 -8.4
-0.51975 -8.0
-0.51951 -7.5
-0.51926 -7.0
-0.51902 -6.5
-0.51877 -6.0
-0.51853 -5.4
-0.51829 -4.9
-0.51804 -4.3
-0.5178 -3.7
-0.51755 -3.1
-0.51731 -2.5
-0.51707 -1.9
-0.51682 -1.3
-0.51658 -0.7
-0.51633 0.0
-0.51609 0.5
-0.51584 1.2
-0.5156 1.8
-0.51536 2.4
-0.51511 3.0
-0.51487 3.6
-0.51462 4.2
-0.51438 4.7
-0.51414 5.3
-0.51389 5.8
-0.51365 6.4
-0.5134 6.9
-0.51316 7.4
-0.51291 7.9
-0.51267 8.3
-0.51243 8.8
-0.51218 9.2
-0.51194 9.6
-0.51169 10.0
-0.51145 10.3
-0.51121 10.6
-0.51096 10.9
-0.51072 11.2
-0.51047 11.4
-0.51023 11.6
-0.50998 11.8
-0.50974 11.9
-0.5095 12.0
-0.50925 12.1
-0.50901 12.1
-0.50876 12.1
-0.50852 12.1
-0.50828 12.1
-0.50803 12.0
-0.50779 11.9
-0.50754 11.7
-0.5073 11.6
-0.50706 11.3
-0.50681 11.1
-0.50657 10.8
-0.50632 10.6
-0.50608 10.2
-0.50583 9.9
-0.50559 9.5
-0.50535 9.1
-0.5051 8.7
-0.50486 8.2
-0.50461 7.8
-0.50437 7.3
-0.50413 6.8
-0.50388 6.2
-0.50364 5.7
-0.50339 5.1
-0.50315 4.6
-0.5029 4.0
-0.50266 3.4
-0.50242 2.8
-0.50217 2.2
-0.50193 1.5
-0.50168 0.9
-0.50144 0.3
-0.5012 -0.3
-0.50095 -1.0
-0.50071 -1.6
-0.50046 -2.2
-0.50022 -2.8
-0.49998 -3.4
-0.49973 -4.0
-0.49949 -4.6
-0.49924 -5.2
-0.499 -5.8
-0.49875 -6.3
-0.49851 -6.8
-0.49827 -7.3
-0.49802 -7.8
-0.49778 -8.3
-0.49753 -8.8
-0.49729 -9.2
-0.49705 -9.6
-0.4968 -10.0
-0.49656 -10.3
-0.49631 -10.6
-0.49607 -10.9
-0.49582 -11.2
-0.49558 -11.4
-0.49534 -11.7
-0.49509 -11.8
-0.49485 -12.0
-0.4946 -12.1
-0.49436 -12.2
-0.49412 -12.2
-0.49387 -12.2
-0.49363 -12.2
-0.49338 -12.2
-0.49314 -12.1
-0.4929 -12.0
-0.49265 -11.8
-0.49241 -11.6
-0.49216 -11.4
-0.49192 -11.2
-0.49167 -10.9
-0.49143 -10.6
-0.49119 -10.3
-0.49094 -9.9
-0.4907 -9.5
-0.49045 -9.1
-0.49021 -8.7
-0.48997 -8.2
-0.48972 -7.7
-0.48948 -7.2
-0.48923 -6.7
-0.48899 -6.2
-0.48874 -5.6
-0.4885 -5.0
-0.48826 -4.5
-0.48801 -3.9
-0.48777 -3.2
-0.48752 -2.6
-0.48728 -2.0
-0.48704 -1.4
-0.48679 -0.7
-0.48655 0.0
-0.4863 0.5
-0.48606 1.2
-0.48582 1.8
-0.48557 2.4
-0.48533 3.1
-0.48508 3.7
-0.48484 4.3
-0.48459 4.9
-0.48435 5.5
-0.48411 6.0
-0.48386 6.6
-0.48362 7.1
-0.48337 7.6
-0.48313 8.1
-0.48289 8.6
-0.48264 9.0
-0.4824 9.5
-0.48215 9.9
-0.48191 10.2
-0.48166 10.6
-0.48142 10.9
-0.48118 11.2
-0.48093 11.4
-0.48069 11.6
-0.48044 11.8
-0.4802 12.0
-0.47996 12.1
-0.47971 12.2
-0.47947 12.3
-0.47922 12.3
-0.47898 12.3
-0.47873 12.3
-0.47849 12.2
-0.47825 12.1
-0.478 11.9
-0.47776 11.8
-0.47751 11.6
-0.47727 11.3
-0.47703 11.1
-0.47678 10.8
-0.47654 10.4
-0.47629 10.1
-0.47605 9.7
-0.47581 9.3
-0.47556 8.8
-0.47532 8.4
-0.47507 7.9
-0.47483 7.4
-0.47458 6.9
-0.47434 6.3
-0.4741 5.7
-0.47385 5.2
-0.47361 4.6
-0.47336 4.0
-0.47312 3.3
-0.47288 2.7
-0.47263 2.1
-0.47239 1.4
-0.47214 0.8
-0.4719 0.1
-0.47165 -0.5
-0.47141 -1.2
-0.47117 -1.8
-0.47092 -2.4
-0.47068 -3.1
-0.47043 -3.7
-0.47019 -4.3
-0.46995 -4.9
-0.4697 -5.5
-0.46946 -6.1
-0.46921 -6.7
-0.46897 -7.2
-0.46873 -7.7
-0.46848 -8.2
-0.46824 -8.7
-0.46799 -9.1
-0.46775 -9.6
-0.4675 -10.0
-0.46726 -10.3
-0.46702 -10.7
-0.46677 -11.0
-0.46653 -11.3
-0.46628 -11.5
-0.46604 -11.8
-0.4658 -12.0
-0.46555 -12.1
-0.46531 -12.2
-0.46506 -12.3
-0.46482 -12.4
-0.46457 -12.4
-0.46433 -12.4
-0.46409 -12.3
-0.46384 -12.2
-0.4636 -12.1
-0.46335 -12.0
-0.46311 -11.8
-0.46287 -11.6
-0.46262 -11.3
-0.46238 -11.0
-0.46213 -10.7
-0.46189 -10.4
-0.46165 -10.0
-0.4614 -9.6
-0.46116 -9.2
-0.46091 -8.7
-0.46067 -8.2
-0.46042 -7.7
-0.46018 -7.2
-0.45994 -6.6
-0.45969 -6.1
-0.45945 -5.5
-0.4592 -4.9
-0.45896 -4.3
-0.45872 -3.7
-0.45847 -3.0
-0.45823 -2.4
-0.45798 -1.7
-0.45774 -1.1
-0.45749 -0.4
-0.45725 0.2
-0.45701 0.9
-0.45676 1.6
-0.45652 2.2
-0.45627 2.9
-0.45603 3.5
-0.45579 4.1
-0.45554 4.8
-0.4553 5.4
-0.45505 6.0
-0.45481 6.5
-0.45457 7.1
-0.45432 7.6
-0.45408 8.1
-0.45383 8.6
-0.45359 9.1
-0.45334 9.5
-0.4531 10.0
-0.45286 10.3
-0.45261 10.7
-0.45237 11.0
-0.45212 11.3
-0.45188 11.6
-0.45164 11.8
-0.45139 12.0
-0.45115 12.2
-0.4509 12.3
-0.45066 12.4
-0.45041 12.5
-0.45017 12.5
-0.44993 12.5
-0.44968 12.4
-0.44944 12.3
-0.44919 12.2
-0.44895 12.1
-0.44871 11.9
-0.44846 11.6
-0.44822 11.4
-0.44797 11.1
-0.44773 10.8
-0.44748 10.4
-0.44724 10.0
-0.447 9.6
-0.44675 9.2
-0.44651 8.7
-0.44626 8.2
-0.44602 7.7
-0.44578 7.2
-0.44553 6.6
-0.44529 6.0
-0.44504 5.5
-0.4448 4.8
-0.44456 4.2
-0.44431 3.6
-0.44407 2.9
-0.44382 2.3
-0.44358 1.6
-0.44333 0.9
-0.44309 0.3
-0.44285 -0.4
-0.4426 -1.1
-0.44236 -1.8
-0.44211 -2.4
-0.44187 -3.1
-0.44163 -3.7
-0.44138 -4.4
-0.44114 -5.0
-0.44089 -5.6
-0.44065 -6.2
-0.4404 -6.8
-0.44016 -7.3
-0.43992 -7.9
-0.43967 -8.4
-0.43943 -8.9
-0.43918 -9.3
-0.43894 -9.8
-0.4387 -10.2
-0.43845 -10.6
-0.43821 -10.9
-0.43796 -11.2
-0.43772 -11.5
-0.43748 -11.8
-0.43723 -12.0
-0.43699 -12.2
-0.43674 -12.3
-0.4365 -12.5
-0.43625 -12.5
-0.43601 -12.6
-0.43577 -12.6
-0.43552 -12.5
-0.43528 -12.5
-0.43503 -12.4
-0.43479 -12.2
-0.43455 -12.0
-0.4343 -11.8
-0.43406 -11.6
-0.43381 -11.3
-0.43357 -11.0
-0.43332 -10.6
-0.43308 -10.2
-0.43284 -9.8
-0.43259 -9.4
-0.43235 -8.9
-0.4321 -8.4
-0.43186 -7.9
-0.43162 -7.4
-0.43137 -6.8
-0.43113 -6.2
-0.43088 -5.6
-0.43064 -5.0
-0.4304 -4.4
-0.43015 -3.7
-0.42991 -3.1
-0.42966 -2.4
-0.42942 -1.7
-0.42917 -1.0
-0.42893 -0.3
-0.42869 0.3
-0.42844 1.0
-0.4282 1.7
-0.42795 2.4
-0.42771 3.1
-0.42747 3.7
-0.42722 4.4
-0.42698 5.0
-0.42673 5.6
-0.42649 6.2
-0.42624 6.8
-0.426 7.4
-0.42576 7.9
-0.42551 8.5
-0.42527 9.0
-0.42502 9.4
-0.42478 9.9
-0.42454 10.3
-0.42429 10.7
-0.42405 11.0
-0.4238 11.4
-0.42356 11.7
-0.42332 11.9
-0.42307 12.1
-0.42283 12.3
-0.42258 12.5
-0.42234 12.6
-0.42209 12.6
-0.42185 12.7
-0.42161 12.7
-0.42136 12.6
-0.42112 12.5
-0.42087 12.4
-0.42063 12.3
-0.42039 12.1
-0.42014 11.8
-0.4199 11.6
-0.41965 11.3
-0.41941 10.9
-0.41916 10.6
-0.41892 10.2
-0.41868 9.8
-0.41843 9.3
-0.41819 8.8
-0.41794 8.3
-0.4177 7.8
-0.41746 7.2
-0.41721 6.6
-0.41697 6.0
-0.41672 5.4
-0.41648 4.7
-0.41623 4.1
-0.41599 3.4
-0.41575 2.7
-0.4155 2.1
-0.41526 1.4
-0.41501 0.7
-0.41477 0.0
-0.41453 -0.7
-0.41428 -1.4
-0.41404 -2.1
-0.41379 -2.8
-0.41355 -3.5
-0.41331 -4.1
-0.41306 -4.8
-0.41282 -5.4
-0.41257 -6.1
-0.41233 -6.7
-0.41208 -7.3
-0.41184 -7.8
-0.4116 -8.4
-0.41135 -8.9
-0.41111 -9.4
-0.41086 -9.8
-0.41062 -10.3
-0.41038 -10.7
-0.41013 -11.0
-0.40989 -11.4
-0.40964 -11.7
-0.4094 -12.0
-0.40915 -12.2
-0.40891 -12.4
-0.40867 -12.5
-0.40842 -12.6
-0.40818 -12.7
-0.40793 -12.8
-0.40769 -12.8
-0.40745 -12.7
-0.4072 -12.6
-0.40696 -12.5
-0.40671 -12.4
-0.40647 -12.2
-0.40623 -11.9
-0.40598 -11.7
-0.40574 -11.4
-0.40549 -11.0
-0.40525 -10.7
-0.405 -10.3
-0.40476 -9.8
-0.40452 -9.3
-0.40427 -8.9
-0.40403 -8.3
-0.40378 -7.8
-0.40354 -7.2
-0.4033 -6.6
-0.40305 -6.0
-0.40281 -5.4
-0.40256 -4.7
-0.40232 -4.0
-0.40207 -3.3
-0.40183 -2.7
-0.40159 -2.0
-0.40134 -1.3
-0.4011 -0.5
-0.40085 0.2
-0.40061 0.9
-0.40037 1.6
-0.40012 2.3
-0.39988 3.0
-0.39963 3.7
-0.39939 4.4
-0.39915 5.0
-0.3989 5.7
-0.39866 6.3
-0.39841 6.9
-0.39817 7.5
-0.39792 8.1
-0.39768 8.6
-0.39744 9.2
-0.39719 9.6
-0.39695 10.1
-0.3967 10.5
-0.39646 10.9
-0.39622 11.3
-0.39597 11.6
-0.39573 11.9
-0.39548 12.2
-0.39524 12.4
-0.39499 12.6
-0.39475 12.7
-0.39451 12.8
-0.39426 12.8
-0.39402 12.9
-0.39377 12.8
-0.39353 12.8
-0.39329 12.7
-0.39304 12.5
-0.3928 12.4
-0.39255 12.1
-0.39231 11.9
-0.39207 11.6
-0.39182 11.2
-0.39158 10.9
-0.39133 10.5
-0.39109 10.0
-0.39084 9.6
-0.3906 9.1
-0.39036 8.5
-0.39011 8.0
-0.38987 7.4
-0.38962 6.8
-0.38938 6.2
-0.38914 5.5
-0.38889 4.9
-0.38865 4.2
-0.3884 3.5
-0.38816 2.8
-0.38791 2.1
-0.38767 1.4
-0.38743 0.6
-0.38718 0.0
-0.38694 -0.8
-0.38669 -1.5
-0.38645 -2.3
-0.38621 -3.0
-0.38596 -3.7
-0.38572 -4.4
-0.38547 -5.1
-0.38523 -5.7
-0.38498 -6.4
-0.38474 -7.0
-0.3845 -7.6
-0.38425 -8.2
-0.38401 -8.7
-0.38376 -9.3
-0.38352 -9.8
-0.38328 -10.2
-0.38303 -10.7
-0.38279 -11.1
-0.38254 -11.4
-0.3823 -11.7
-0.38206 -12.0
-0.38181 -12.3
-0.38157 -12.5
-0.38132 -12.7
-0.38108 -12.8
-0.38083 -12.9
-0.38059 -13.0
-0.38035 -13.0
-0.3801 -12.9
-0.37986 -12.9
-0.37961 -12.7
-0.37937 -12.6
-0.37913 -12.4
-0.37888 -12.2
-0.37864 -11.9
-0.37839 -11.6
-0.37815 -11.2
-0.3779 -10.8
-0.37766 -10.4
-0.37742 -9.9
-0.37717 -9.5
-0.37693 -8.9
-0.37668 -8.4
-0.37644 -7.8
-0.3762 -7.2
-0.37595 -6.6
-0.37571 -5.9
-0.37546 -5.3
-0.37522 -4.6
-0.37498 -3.9
-0.37473 -3.2
-0.37449 -2.4
-0.37424 -1.7
-0.374 -1.0
-0.37375 -0.2
-0.37351 0.5
-0.37327 1.2
-0.37302 2.0
-0.37278 2.7
-0.37253 3.4
-0.37229 4.2
-0.37205 4.9
-0.3718 5.5
-0.37156 6.2
-0.37131 6.8
-0.37107 7.5
-0.37082 8.1
-0.37058 8.6
-0.37034 9.2
-0.37009 9.7
-0.36985 10.2
-0.3696 10.6
-0.36936 11.1
-0.36912 11.4
-0.36887 11.8
-0.36863 12.1
-0.36838 12.3
-0.36814 12.6
-0.3679 12.8
-0.36765 12.9
-0.36741 13.0
-0.36716 13.1
-0.36692 13.1
-0.36667 13.0
-0.36643 13.0
-0.36619 12.9
-0.36594 12.7
-0.3657 12.5
-0.36545 12.3
-0.36521 12.0
-0.36497 11.7
-0.36472 11.3
-0.36448 10.9
-0.36423 10.5
-0.36399 10.0
-0.36374 9.5
-0.3635 9.0
-0.36326 8.4
-0.36301 7.8
-0.36277 7.2
-0.36252 6.5
-0.36228 5.9
-0.36204 5.2
-0.36179 4.5
-0.36155 3.8
-0.3613 3.1
-0.36106 2.3
-0.36082 1.6
-0.36057 0.8
-0.36033 0.0
-0.36008 -0.7
-0.35984 -1.5
-0.35959 -2.2
-0.35935 -3.0
-0.35911 -3.7
-0.35886 -4.4
-0.35862 -5.1
-0.35837 -5.8
-0.35813 -6.5
-0.35789 -7.1
-0.35764 -7.8
-0.3574 -8.4
-0.35715 -8.9
-0.35691 -9.5
-0.35666 -10.0
-0.35642 -10.5
-0.35618 -10.9
-0.35593 -11.3
-0.35569 -11.7
-0.35544 -12.0
-0.3552 -12.3
-0.35496 -12.6
-0.35471 -12.8
-0.35447 -12.9
-0.35422 -13.1
-0.35398 -13.1
-0.35373 -13.2
-0.35349 -13.2
-0.35325 -13.1
-0.353 -13.0
-0.35276 -12.9
-0.35251 -12.7
-0.35227 -12.4
-0.35203 -12.2
-0.35178 -11.9
-0.35154 -11.5
-0.35129 -11.1
-0.35105 -10.7
-0.35081 -10.2
-0.35056 -9.7
-0.35032 -9.2
-0.35007 -8.6
-0.34983 -8.0
-0.34958 -7.4
-0.34934 -6.7
-0.3491 -6.1
-0.34885 -5.4
-0.34861 -4.6
-0.34836 -3.9
-0.34812 -3.2
-0.34788 -2.4
-0.34763 -1.6
-0.34739 -0.9
-0.34714 -0.1
-0.3469 0.7
-0.34665 1.4
-0.34641 2.2
-0.34617 3.0
-0.34592 3.7
-0.34568 4.5
-0.34543 5.2
-0.34519 5.9
-0.34495 6.6
-0.3447 7.2
-0.34446 7.9
-0.34421 8.5
-0.34397 9.1
-0.34373 9.6
-0.34348 10.1
-0.34324 10.6
-0.34299 11.1
-0.34275 11.5
-0.3425 11.9
-0.34226 12.2
-0.34202 12.5
-0.34177 12.7
-0.34153 12.9
-0.34128 13.1
-0.34104 13.2
-0.3408 13.3
-0.34055 13.3
-0.34031 13.3
-0.34006 13.2
-0.33982 13.1
-0.33957 12.9
-0.33933 12.7
-0.33909 12.5
-0.33884 12.2
-0.3386 11.8
-0.33835 11.4
-0.33811 11.0
-0.33787 10.6
-0.33762 10.1
-0.33738 9.5
-0.33713 9.0
-0.33689 8.4
-0.33665 7.8
-0.3364 7.1
-0.33616 6.4
-0.33591 5.7
-0.33567 5.0
-0.33542 4.3
-0.33518 3.5
-0.33494 2.7
-0.33469 2.0
-0.33445 1.2
-0.3342 0.4
-0.33396 -0.4
-0.33372 -1.2
-0.33347 -2.0
-0.33323 -2.8
-0.33298 -3.5
-0.33274 -4.3
-0.33249 -5.0
-0.33225 -5.8
-0.33201 -6.5
-0.33176 -7.1
-0.33152 -7.8
-0.33127 -8.4
-0.33103 -9.0
-0.33079 -9.6
-0.33054 -10.1
-0.3303 -10.7
-0.33005 -11.1
-0.32981 -11.5
-0.32957 -11.9
-0.32932 -12.3
-0.32908 -12.6
-0.32883 -12.8
-0.32859 -13.0
-0.32834 -13.2
-0.3281 -13.3
-0.32786 -13.4
-0.32761 -13.4
-0.32737 -13.4
-0.32712 -13.3
-0.32688 -13.2
-0.32664 -13.0
-0.32639 -12.8
-0.32615 -12.5
-0.3259 -12.2
-0.32566 -11.9
-0.32541 -11.5
-0.32517 -11.1
-0.32493 -10.6
-0.32468 -10.1
-0.32444 -9.5
-0.32419 -9.0
-0.32395 -8.3
-0.32371 -7.7
-0.32346 -7.0
-0.32322 -6.3
-0.32297 -5.6
-0.32273 -4.9
-0.32248 -4.1
-0.32224 -3.3
-0.322 -2.5
-0.32175 -1.7
-0.32151 -0.9
-0.32126 -0.1
-0.32102 0.7
-0.32078 1.5
-0.32053 2.3
-0.32029 3.1
-0.32004 3.9
-0.3198 4.6
-0.31956 5.4
-0.31931 6.1
-0.31907 6.8
-0.31882 7.5
-0.31858 8.2
-0.31833 8.8
-0.31809 9.4
-0.31785 10.0
-0.3176 10.5
-0.31736 11.0
-0.31711 11.5
-0.31687 11.9
-0.31663 12.2
-0.31638 12.6
-0.31614 12.9
-0.31589 13.1
-0.31565 13.3
-0.3154 13.4
-0.31516 13.5
-0.31492 13.5
-0.31467 13.5
-0.31443 13.5
-0.31418 13.3
-0.31394 13.2
-0.3137 13.0
-0.31345 12.7
-0.31321 12.4
-0.31296 12.1
-0.31272 11.7
-0.31248 11.2
-0.31223 10.8
-0.31199 10.2
-0.31174 9.7
-0.3115 9.1
-0.31125 8.5
-0.31101 7.8
-0.31077 7.1
-0.31052 6.4
-0.31028 5.7
-0.31003 4.9
-0.30979 4.1
-0.30955 3.4
-0.3093 2.5
-0.30906 1.7
-0.30881 0.9
-0.30857 0.0
-0.30832 -0.7
-0.30808 -1.6
-0.30784 -2.4
-0.30759 -3.2
-0.30735 -4.0
-0.3071 -4.8
-0.30686 -5.6
-0.30662 -6.3
-0.30637 -7.0
-0.30613 -7.7
-0.30588 -8.4
-0.30564 -9.0
-0.3054 -9.7
-0.30515 -10.2
-0.30491 -10.8
-0.30466 -11.3
-0.30442 -11.7
-0.30417 -12.1
-0.30393 -12.5
-0.30369 -12.8
-0.30344 -13.1
-0.3032 -13.3
-0.30295 -13.4
-0.30271 -13.6
-0.30247 -13.6
-0.30222 -13.7
-0.30198 -13.6
-0.30173 -13.5
-0.30149 -13.4
-0.30124 -13.2
-0.301 -13.0
-0.30076 -12.7
-0.30051 -12.4
-0.30027 -12.0
-0.30002 -11.5
-0.29978 -11.1
-0.29954 -10.6
-0.29929 -10.0
-0.29905 -9.4
-0.2988 -8.8
-0.29856 -8.1
-0.29832 -7.4
-0.29807 -6.7
-0.29783 -6.0
-0.29758 -5.2
-0.29734 -4.4
-0.29709 -3.6
-0.29685 -2.8
-0.29661 -2.0
-0.29636 -1.1
-0.29612 -0.3
-0.29587 0.6
-0.29563 1.4
-0.29539 2.3
-0.29514 3.1
-0.2949 3.9
-0.29465 4.7
-0.29441 5.5
-0.29416 6.3
-0.29392 7.0
-0.29368 7.8
-0.29343 8.4
-0.29319 9.1
-0.29294 9.7
-0.2927 10.3
-0.29246 10.9
-0.29221 11.4
-0.29197 11.8
-0.29172 12.2
-0.29148 12.6
-0.29123 12.9
-0.29099 13.2
-0.29075 13.4
-0.2905 13.6
-0.29026 13.7
-0.29001 13.8
-0.28977 13.8
-0.28953 13.7
-0.28928 13.6
-0.28904 13.5
-0.28879 13.3
-0.28855 13.0
-0.28831 12.7
-0.28806 12.4
-0.28782 12.0
-0.28757 11.5
-0.28733 11.0
-0.28708 10.5
-0.28684 9.9
-0.2866 9.3
-0.28635 8.6
-0.28611 8.0
-0.28586 7.2
-0.28562 6.5
-0.28538 5.7
-0.28513 4.9
-0.28489 4.1
-0.28464 3.3
-0.2844 2.4
-0.28415 1.6
-0.28391 0.7
-0.28367 -0.2
-0.28342 -1.0
-0.28318 -1.9
-0.28293 -2.8
-0.28269 -3.6
-0.28245 -4.4
-0.2822 -5.3
-0.28196 -6.1
-0.28171 -6.8
-0.28147 -7.6
-0.28123 -8.3
-0.28098 -9.0
-0.28074 -9.6
-0.28049 -10.2
-0.28025 -10.8
-0.28 -11.3
-0.27976 -11.8
-0.27952 -12.3
-0.27927 -12.7
-0.27903 -13.0
-0.27878 -13.3
-0.27854 -13.5
-0.2783 -13.7
-0.27805 -13.8
-0.27781 -13.9
-0.27756 -13.9
-0.27732 -13.9
-0.27707 -13.8
-0.27683 -13.6
-0.27659 -13.4
-0.27634 -13.2
-0.2761 -12.9
-0.27585 -12.5
-0.27561 -12.1
-0.27537 -11.6
-0.27512 -11.1
-0.27488 -10.6
-0.27463 -10.0
-0.27439 -9.3
-0.27415 -8.7
-0.2739 -8.0
-0.27366 -7.2
-0.27341 -6.4
-0.27317 -5.6
-0.27292 -4.8
-0.27268 -4.0
-0.27244 -3.1
-0.27219 -2.2
-0.27195 -1.4
-0.2717 -0.5
-0.27146 0.4
-0.27122 1.3
-0.27097 2.2
-0.27073 3.1
-0.27048 3.9
-0.27024 4.8
-0.26999 5.6
-0.26975 6.4
-0.26951 7.2
-0.26926 7.9
-0.26902 8.7
-0.26877 9.4
-0.26853 10.0
-0.26829 10.6
-0.26804 11.2
-0.2678 11.7
-0.26755 12.2
-0.26731 12.6
-0.26707 13.0
-0.26682 13.3
-0.26658 13.6
-0.26633 13.8
-0.26609 13.9
-0.26584 14.0
-0.2656 14.1
-0.26536 14.0
-0.26511 14.0
-0.26487 13.8
-0.26462 13.6
-0.26438 13.4
-0.26414 13.1
-0.26389 12.7
-0.26365 12.3
-0.2634 11.9
-0.26316 11.3
-0.26291 10.8
-0.26267 10.2
-0.26243 9.5
-0.26218 8.9
-0.26194 8.1
-0.26169 7.4
-0.26145 6.6
-0.26121 5.8
-0.26096 4.9
-0.26072 4.1
-0.26047 3.2
-0.26023 2.3
-0.25998 1.4
-0.25974 0.5
-0.2595 -0.4
-0.25925 -1.3
-0.25901 -2.2
-0.25876 -3.1
-0.25852 -4.0
-0.25828 -4.9
-0.25803 -5.8
-0.25779 -6.6
-0.25754 -7.4
-0.2573 -8.1
-0.25706 -8.9
-0.25681 -9.6
-0.25657 -10.2
-0.25632 -10.9
-0.25608 -11.4
-0.25583 -11.9
-0.25559 -12.4
-0.25535 -12.8
-0.2551 -13.2
-0.25486 -13.5
-0.25461 -13.8
-0.25437 -14.0
-0.25413 -14.1
-0.25388 -14.2
-0.25364 -14.2
-0.25339 -14.2
-0.25315 -14.1
-0.2529 -13.9
-0.25266 -13.7
-0.25242 -13.4
-0.25217 -13.1
-0.25193 -12.7
-0.25168 -12.2
-0.25144 -11.7
-0.2512 -11.2
-0.25095 -10.6
-0.25071 -9.9
-0.25046 -9.2
-0.25022 -8.5
-0.24998 -7.7
-0.24973 -6.9
-0.24949 -6.1
-0.24924 -5.3
-0.249 -4.4
-0.24875 -3.5
-0.24851 -2.6
-0.24827 -1.6
-0.24802 -0.7
-0.24778 0.2
-0.24753 1.2
-0.24729 2.1
-0.24705 3.0
-0.2468 3.9
-0.24656 4.8
-0.24631 5.7
-0.24607 6.6
-0.24582 7.4
-0.24558 8.2
-0.24534 8.9
-0.24509 9.6
-0.24485 10.3
-0.2446 11.0
-0.24436 11.5
-0.24412 12.1
-0.24387 12.6
-0.24363 13.0
-0.24338 13.4
-0.24314 13.7
-0.2429 13.9
-0.24265 14.1
-0.24241 14.3
-0.24216 14.3
-0.24192 14.4
-0.24167 14.3
-0.24143 14.2
-0.24119 14.0
-0.24094 13.8
-0.2407 13.5
-0.24045 13.1
-0.24021 12.7
-0.23997 12.2
-0.23972 11.7
-0.23948 11.1
-0.23923 10.5
-0.23899 9.8
-0.23874 9.1
-0.2385 8.3
-0.23826 7.5
-0.23801 6.7
-0.23777 5.8
-0.23752 4.9
-0.23728 4.0
-0.23704 3.1
-0.23679 2.1
-0.23655 1.2
-0.2363 0.2
-0.23606 -0.8
-0.23582 -1.7
-0.23557 -2.7
-0.23533 -3.6
-0.23508 -4.5
-0.23484 -5.4
-0.23459 -6.3
-0.23435 -7.2
-0.23411 -8.0
-0.23386 -8.8
-0.23362 -9.6
-0.23337 -10.3
-0.23313 -10.9
-0.23289 -11.5
-0.23264 -12.1
-0.2324 -12.6
-0.23215 -13.1
-0.23191 -13.5
-0.23166 -13.8
-0.23142 -14.1
-0.23118 -14.3
-0.23093 -14.4
-0.23069 -14.5
-0.23044 -14.5
-0.2302 -14.5
-0.22996 -14.3
-0.22971 -14.2
-0.22947 -13.9
-0.22922 -13.6
-0.22898 -13.2
-0.22873 -12.8
-0.22849 -12.3
-0.22825 -11.7
-0.228 -11.1
-0.22776 -10.5
-0.22751 -9.8
-0.22727 -9.0
-0.22703 -8.3
-0.22678 -7.4
-0.22654 -6.6
-0.22629 -5.7
-0.22605 -4.7
-0.22581 -3.8
-0.22556 -2.8
-0.22532 -1.9
-0.22507 -0.9
-0.22483 0.1
-0.22458 1.1
-0.22434 2.1
-0.2241 3.1
-0.22385 4.0
-0.22361 5.0
-0.22336 5.9
-0.22312 6.8
-0.22288 7.7
-0.22263 8.5
-0.22239 9.3
-0.22214 10.0
-0.2219 10.7
-0.22165 11.4
-0.22141 12.0
-0.22117 12.5
-0.22092 13.0
-0.22068 13.5
-0.22043 13.8
-0.22019 14.1
-0.21995 14.4
-0.2197 14.5
-0.21946 14.6
-0.21921 14.7
-0.21897 14.6
-0.21873 14.5
-0.21848 14.4
-0.21824 14.1
-0.21799 13.8
-0.21775 13.4
-0.2175 13.0
-0.21726 12.5
-0.21702 12.0
-0.21677 11.3
-0.21653 10.7
-0.21628 10.0
-0.21604 9.2
-0.2158 8.4
-0.21555 7.5
-0.21531 6.6
-0.21506 5.7
-0.21482 4.8
-0.21457 3.8
-0.21433 2.8
-0.21409 1.8
-0.21384 0.8
-0.2136 -0.2
-0.21335 -1.3
-0.21311 -2.3
-0.21287 -3.3
-0.21262 -4.3
-0.21238 -5.2
-0.21213 -6.2
-0.21189 -7.1
-0.21165 -8.0
-0.2114 -8.8
-0.21116 -9.6
-0.21091 -10.4
-0.21067 -11.1
-0.21042 -11.7
-0.21018 -12.4
-0.20994 -12.9
-0.20969 -13.4
-0.20945 -13.8
-0.2092 -14.1
-0.20896 -14.4
-0.20872 -14.6
-0.20847 -14.8
-0.20823 -14.8
-0.20798 -14.8
-0.20774 -14.8
-0.20749 -14.6
-0.20725 -14.4
-0.20701 -14.1
-0.20676 -13.8
-0.20652 -13.3
-0.20627 -12.8
-0.20603 -12.3
-0.20579 -11.7
-0.20554 -11.0
-0.2053 -10.3
-0.20505 -9.5
-0.20481 -8.7
-0.20457 -7.8
-0.20432 -6.9
-0.20408 -6.0
-0.20383 -5.0
-0.20359 -4.0
-0.20334 -3.0
-0.2031 -1.9
-0.20286 -0.9
-0.20261 0.2
-0.20237 1.2
-0.20212 2.3
-0.20188 3.3
-0.20164 4.3
-0.20139 5.3
-0.20115 6.3
-0.2009 7.2
-0.20066 8.1
-0.20041 9.0
-0.20017 9.8
-0.19993 10.6
-0.19968 11.3
-0.19944 12.0
-0.19919 12.6
-0.19895 13.2
-0.19871 13.6
-0.19846 14.0
-0.19822 14.4
-0.19797 14.7
-0.19773 14.9
-0.19748 15.0
-0.19724 15.0
-0.197 15.0
-0.19675 14.9
-0.19651 14.7
-0.19626 14.5
-0.19602 14.1
-0.19578 13.7
-0.19553 13.3
-0.19529 12.7
-0.19504 12.1
-0.1948 11.5
-0.19456 10.7
-0.19431 10.0
-0.19407 9.1
-0.19382 8.3
-0.19358 7.3
-0.19333 6.4
-0.19309 5.4
-0.19285 4.4
-0.1926 3.3
-0.19236 2.3
-0.19211 1.2
-0.19187 0.1
-0.19163 -1.0
-0.19138 -2.1
-0.19114 -3.1
-0.19089 -4.2
-0.19065 -5.2
-0.1904 -6.2
-0.19016 -7.2
-0.18992 -8.1
-0.18967 -9.0
-0.18943 -9.9
-0.18918 -10.7
-0.18894 -11.4
-0.1887 -12.1
-0.18845 -12.8
-0.18821 -13.3
-0.18796 -13.8
-0.18772 -14.2
-0.18748 -14.6
-0.18723 -14.9
-0.18699 -15.1
-0.18674 -15.2
-0.1865 -15.2
-0.18625 -15.2
-0.18601 -15.1
-0.18577 -14.9
-0.18552 -14.6
-0.18528 -14.2
-0.18503 -13.8
-0.18479 -13.3
-0.18455 -12.7
-0.1843 -12.1
-0.18406 -11.4
-0.18381 -10.6
-0.18357 -9.8
-0.18332 -8.9
-0.18308 -8.0
-0.18284 -7.0
-0.18259 -6.0
-0.18235 -5.0
-0.1821 -3.9
-0.18186 -2.8
-0.18162 -1.7
-0.18137 -0.6
-0.18113 0.5
-0.18088 1.7
-0.18064 2.8
-0.1804 3.9
-0.18015 4.9
-0.17991 6.0
-0.17966 7.0
-0.17942 8.0
-0.17917 8.9
-0.17893 9.8
-0.17869 10.7
-0.17844 11.5
-0.1782 12.2
-0.17795 12.8
-0.17771 13.4
-0.17747 13.9
-0.17722 14.4
-0.17698 14.8
-0.17673 15.0
-0.17649 15.3
-0.17624 15.4
-0.176 15.4
-0.17576 15.4
-0.17551 15.2
-0.17527 15.0
-0.17502 14.7
-0.17478 14.4
-0.17454 13.9
-0.17429 13.4
-0.17405 12.8
-0.1738 12.1
-0.17356 11.4
-0.17332 10.6
-0.17307 9.7
-0.17283 8.8
-0.17258 7.8
-0.17234 6.8
-0.17209 5.7
-0.17185 4.7
-0.17161 3.5
-0.17136 2.4
-0.17112 1.3
-0.17087 0.1
-0.17063 -1.0
-0.17039 -2.2
-0.17014 -3.3
-0.1699 -4.5
-0.16965 -5.6
-0.16941 -6.6
-0.16916 -7.7
-0.16892 -8.7
-0.16868 -9.6
-0.16843 -10.5
-0.16819 -11.3
-0.16794 -12.1
-0.1677 -12.8
-0.16746 -13.4
-0.16721 -14.0
-0.16697 -14.5
-0.16672 -14.9
-0.16648 -15.2
-0.16623 -15.4
-0.16599 -15.6
-0.16575 -15.6
-0.1655 -15.6
-0.16526 -15.5
-0.16501 -15.3
-0.16477 -15.0
-0.16453 -14.6
-0.16428 -14.1
-0.16404 -13.6
-0.16379 -12.9
-0.16355 -12.2
-0.16331 -11.5
-0.16306 -10.6
-0.16282 -9.7
-0.16257 -8.8
-0.16233 -7.8
-0.16208 -6.7
-0.16184 -5.6
-0.1616 -4.5
-0.16135 -3.3
-0.16111 -2.2
-0.16086 -1.0
-0.16062 0.2
-0.16038 1.4
-0.16013 2.6
-0.15989 3.8
-0.15964 4.9
-0.1594 6.1
-0.15915 7.2
-0.15891 8.2
-0.15867 9.2
-0.15842 10.2
-0.15818 11.1
-0.15793 11.9
-0.15769 12.7
-0.15745 13.4
-0.1572 14.0
-0.15696 14.5
-0.15671 15.0
-0.15647 15.3
-0.15623 15.6
-0.15598 15.8
-0.15574 15.8
-0.15549 15.8
-0.15525 15.7
-0.155 15.5
-0.15476 15.2
-0.15452 14.9
-0.15427 14.4
-0.15403 13.8
-0.15378 13.2
-0.15354 12.5
-0.1533 11.7
-0.15305 10.8
-0.15281 9.9
-0.15256 8.9
-0.15232 7.9
-0.15207 6.8
-0.15183 5.6
-0.15159 4.5
-0.15134 3.3
-0.1511 2.0
-0.15085 0.8
-0.15061 -0.4
-0.15037 -1.7
-0.15012 -2.9
-0.14988 -4.1
-0.14963 -5.3
-0.14939 -6.5
-0.14915 -7.6
-0.1489 -8.7
-0.14866 -9.7
-0.14841 -10.7
-0.14817 -11.6
-0.14792 -12.4
-0.14768 -13.2
-0.14744 -13.9
-0.14719 -14.5
-0.14695 -15.0
-0.1467 -15.4
-0.14646 -15.7
-0.14622 -15.9
-0.14597 -16.1
-0.14573 -16.1
-0.14548 -16.0
-0.14524 -15.8
-0.14499 -15.6
-0.14475 -15.2
-0.14451 -14.7
-0.14426 -14.2
-0.14402 -13.5
-0.14377 -12.8
-0.14353 -12.0
-0.14329 -11.1
-0.14304 -10.2
-0.1428 -9.1
-0.14255 -8.1
-0.14231 -6.9
-0.14207 -5.8
-0.14182 -4.5
-0.14158 -3.3
-0.14133 -2.0
-0.14109 -0.7
-0.14084 0.5
-0.1406 1.8
-0.14036 3.1
-0.14011 4.4
-0.13987 5.6
-0.13962 6.8
-0.13938 8.0
-0.13914 9.1
-0.13889 10.1
-0.13865 11.1
-0.1384 12.0
-0.13816 12.9
-0.13791 13.6
-0.13767 14.3
-0.13743 14.9
-0.13718 15.4
-0.13694 15.8
-0.13669 16.1
-0.13645 16.2
-0.13621 16.3
-0.13596 16.3
-0.13572 16.2
-0.13547 15.9
-0.13523 15.6
-0.13498 15.2
-0.13474 14.6
-0.1345 14.0
-0.13425 13.2
-0.13401 12.4
-0.13376 11.5
-0.13352 10.6
-0.13328 9.5
-0.13303 8.4
-0.13279 7.2
-0.13254 6.0
-0.1323 4.7
-0.13206 3.5
-0.13181 2.1
-0.13157 0.8
-0.13132 -0.5
-0.13108 -1.9
-0.13083 -3.2
-0.13059 -4.5
-0.13035 -5.8
-0.1301 -7.0
-0.12986 -8.2
-0.12961 -9.4
-0.12937 -10.5
-0.12913 -11.5
-0.12888 -12.4
-0.12864 -13.3
-0.12839 -14.0
-0.12815 -14.7
-0.1279 -15.3
-0.12766 -15.8
-0.12742 -16.1
-0.12717 -16.4
-0.12693 -16.6
-0.12668 -16.6
-0.12644 -16.5
-0.1262 -16.3
-0.12595 -16.0
-0.12571 -15.6
-0.12546 -15.1
-0.12522 -14.5
-0.12498 -13.8
-0.12473 -12.9
-0.12449 -12.0
-0.12424 -11.0
-0.124 -10.0
-0.12375 -8.8
-0.12351 -7.6
-0.12327 -6.4
-0.12302 -5.1
-0.12278 -3.7
-0.12253 -2.3
-0.12229 -1.0
-0.12205 0.4
-0.1218 1.8
-0.12156 3.2
-0.12131 4.6
-0.12107 5.9
-0.12082 7.2
-0.12058 8.5
-0.12034 9.7
-0.12009 10.8
-0.11985 11.8
-0.1196 12.8
-0.11936 13.7
-0.11912 14.4
-0.11887 15.1
-0.11863 15.7
-0.11838 16.2
-0.11814 16.5
-0.1179 16.8
-0.11765 16.9
-0.11741 16.9
-0.11716 16.7
-0.11692 16.5
-0.11667 16.1
-0.11643 15.6
-0.11619 15.0
-0.11594 14.3
-0.1157 13.5
-0.11545 12.6
-0.11521 11.6
-0.11497 10.5
-0.11472 9.3
-0.11448 8.1
-0.11423 6.8
-0.11399 5.4
-0.11374 4.1
-0.1135 2.6
-0.11326 1.2
-0.11301 -0.3
-0.11277 -1.7
-0.11252 -3.2
-0.11228 -4.6
-0.11204 -6.0
-0.11179 -7.4
-0.11155 -8.7
-0.1113 -9.9
-0.11106 -11.1
-0.11082 -12.2
-0.11057 -13.1
-0.11033 -14.1
-0.11008 -14.9
-0.10984 -15.5
-0.10959 -16.1
-0.10935 -16.6
-0.10911 -16.9
-0.10886 -17.1
-0.10862 -17.2
-0.10837 -17.1
-0.10813 -16.9
-0.10789 -16.6
-0.10764 -16.2
-0.1074 -15.6
-0.10715 -14.9
-0.10691 -14.1
-0.10666 -13.2
-0.10642 -12.2
-0.10618 -11.1
-0.10593 -9.9
-0.10569 -8.6
-0.10544 -7.3
-0.1052 -5.9
-0.10496 -4.5
-0.10471 -3.0
-0.10447 -1.5
-0.10422 0.0
-0.10398 1.6
-0.10373 3.1
-0.10349 4.6
-0.10325 6.1
-0.103 7.5
-0.10276 8.8
-0.10251 10.1
-0.10227 11.4
-0.10203 12.5
-0.10178 13.5
-0.10154 14.5
-0.10129 15.3
-0.10105 16.0
-0.10081 16.5
-0.10056 17.0
-0.10032 17.3
-0.10007 17.5
-0.09983 17.5
-0.09958 17.4
-0.09934 17.1
-0.0991 16.8
-0.09885 16.2
-0.09861 15.6
-0.09836 14.8
-0.09812 13.9
-0.09788 12.9
-0.09763 11.8
-0.09739 10.5
-0.09714 9.2
-0.0969 7.8
-0.09665 6.4
-0.09641 4.9
-0.09617 3.3
-0.09592 1.8
-0.09568 0.2
-0.09543 -1.4
-0.09519 -3.0
-0.09495 -4.6
-0.0947 -6.2
-0.09446 -7.6
-0.09421 -9.1
-0.09397 -10.4
-0.09373 -11.7
-0.09348 -12.9
-0.09324 -13.9
-0.09299 -14.9
-0.09275 -15.7
-0.0925 -16.4
-0.09226 -17.0
-0.09202 -17.4
-0.09177 -17.7
-0.09153 -17.8
-0.09128 -17.8
-0.09104 -17.6
-0.0908 -17.3
-0.09055 -16.8
-0.09031 -16.2
-0.09006 -15.5
-0.08982 -14.6
-0.08957 -13.6
-0.08933 -12.4
-0.08909 -11.2
-0.08884 -9.8
-0.0886 -8.4
-0.08835 -6.9
-0.08811 -5.3
-0.08787 -3.7
-0.08762 -2.0
-0.08738 -0.3
-0.08713 1.4
-0.08689 3.0
-0.08665 4.7
-0.0864 6.3
-0.08616 7.9
-0.08591 9.4
-0.08567 10.8
-0.08542 12.1
-0.08518 13.3
-0.08494 14.5
-0.08469 15.4
-0.08445 16.3
-0.0842 17.0
-0.08396 17.5
-0.08372 17.9
-0.08347 18.2
-0.08323 18.2
-0.08298 18.1
-0.08274 17.9
-0.08249 17.5
-0.08225 16.9
-0.08201 16.1
-0.08176 15.3
-0.08152 14.2
-0.08127 13.1
-0.08103 11.8
-0.08079 10.4
-0.08054 8.9
-0.0803 7.3
-0.08005 5.7
-0.07981 3.9
-0.07957 2.2
-0.07932 0.4
-0.07908 -1.4
-0.07883 -3.1
-0.07859 -4.9
-0.07834 -6.6
-0.0781 -8.2
-0.07786 -9.8
-0.07761 -11.3
-0.07737 -12.7
-0.07712 -14.0
-0.07688 -15.1
-0.07664 -16.1
-0.07639 -16.9
-0.07615 -17.6
-0.0759 -18.1
-0.07566 -18.5
-0.07541 -18.6
-0.07517 -18.6
-0.07493 -18.4
-0.07468 -18.0
-0.07444 -17.5
-0.07419 -16.8
-0.07395 -15.9
-0.07371 -14.8
-0.07346 -13.6
-0.07322 -12.3
-0.07297 -10.8
-0.07273 -9.3
-0.07248 -7.6
-0.07224 -5.9
-0.072 -4.0
-0.07175 -2.2
-0.07151 -0.3
-0.07126 1.6
-0.07102 3.5
-0.07078 5.3
-0.07053 7.1
-0.07029 8.8
-0.07004 10.5
-0.0698 12.0
-0.06956 13.5
-0.06931 14.8
-0.06907 15.9
-0.06882 16.9
-0.06858 17.7
-0.06833 18.3
-0.06809 18.8
-0.06785 19.0
-0.0676 19.1
-0.06736 19.0
-0.06711 18.6
-0.06687 18.1
-0.06663 17.4
-0.06638 16.4
-0.06614 15.4
-0.06589 14.1
-0.06565 12.7
-0.0654 11.1
-0.06516 9.5
-0.06492 7.7
-0.06467 5.8
-0.06443 3.9
-0.06418 1.9
-0.06394 0.0
-0.0637 -2.1
-0.06345 -4.1
-0.06321 -6.1
-0.06296 -8.0
-0.06272 -9.8
-0.06248 -11.5
-0.06223 -13.1
-0.06199 -14.5
-0.06174 -15.8
-0.0615 -17.0
-0.06125 -17.9
-0.06101 -18.6
-0.06077 -19.2
-0.06052 -19.5
-0.06028 -19.6
-0.06003 -19.5
-0.05979 -19.2
-0.05955 -18.6
-0.0593 -17.9
-0.05906 -16.9
-0.05881 -15.7
-0.05857 -14.4
-0.05832 -12.8
-0.05808 -11.2
-0.05784 -9.4
-0.05759 -7.4
-0.05735 -5.4
-0.0571 -3.3
-0.05686 -1.2
-0.05662 0.9
-0.05637 3.1
-0.05613 5.2
-0.05588 7.3
-0.05564 9.3
-0.0554 11.2
-0.05515 12.9
-0.05491 14.5
-0.05466 16.0
-0.05442 17.2
-0.05417 18.3
-0.05393 19.1
-0.05369 19.7
-0.05344 20.1
-0.0532 20.2
-0.05295 20.1
-0.05271 19.7
-0.05247 19.1
-0.05222 18.2
-0.05198 17.1
-0.05173 15.8
-0.05149 14.3
-0.05124 12.6
-0.051 10.8
-0.05076 8.8
-0.05051 6.6
-0.05027 4.4
-0.05002 2.1
-0.04978 -0.2
-0.04954 -2.5
-0.04929 -4.8
-0.04905 -7.0
-0.0488 -9.2
-0.04856 -11.2
-0.04832 -13.2
-0.04807 -14.9
-0.04783 -16.5
-0.04758 -17.8
-0.04734 -18.9
-0.04709 -19.8
-0.04685 -20.4
-0.04661 -20.7
-0.04636 -20.8
-0.04612 -20.6
-0.04587 -20.1
-0.04563 -19.3
-0.04539 -18.3
-0.04514 -17.0
-0.0449 -15.5
-0.04465 -13.7
-0.04441 -11.7
-0.04416 -9.6
-0.04392 -7.4
-0.04368 -5.0
-0.04343 -2.5
-0.04319 0.0
-0.04294 2.5
-0.0427 5.0
-0.04246 7.4
-0.04221 9.8
-0.04197 12.0
-0.04172 14.0
-0.04148 15.9
-0.04123 17.5
-0.04099 18.9
-0.04075 20.0
-0.0405 20.8
-0.04026 21.3
-0.04001 21.5
-0.03977 21.4
-0.03953 21.0
-0.03928 20.2
-0.03904 19.2
-0.03879 17.8
-0.03855 16.2
-0.03831 14.3
-0.03806 12.1
-0.03782 9.8
-0.03757 7.3
-0.03733 4.7
-0.03708 2.0
-0.03684 -0.8
-0.0366 -3.5
-0.03635 -6.2
-0.03611 -8.9
-0.03586 -11.4
-0.03562 -13.7
-0.03538 -15.8
-0.03513 -17.7
-0.03489 -19.3
-0.03464 -20.6
-0.0344 -21.5
-0.03415 -22.2
-0.03391 -22.4
-0.03367 -22.3
-0.03342 -21.7
-0.03318 -20.9
-0.03293 -19.6
-0.03269 -18.0
-0.03245 -16.1
-0.0322 -13.9
-0.03196 -11.5
-0.03171 -8.8
-0.03147 -6.0
-0.03123 -3.0
-0.03098 0.0
-0.03074 3.1
-0.03049 6.1
-0.03025 9.0
-0.03 11.8
-0.02976 14.4
-0.02952 16.7
-0.02927 18.8
-0.02903 20.5
-0.02878 21.8
-0.02854 22.8
-0.0283 23.3
-0.02805 23.4
-0.02781 23.0
-0.02756 22.2
-0.02732 20.9
-0.02707 19.3
-0.02683 17.2
-0.02659 14.8
-0.02634 12.1
-0.0261 9.1
-0.02585 5.9
-0.02561 2.5
-0.02537 -0.9
-0.02512 -4.3
-0.02488 -7.7
-0.02463 -10.9
-0.02439 -13.9
-0.02415 -16.7
-0.0239 -19.1
-0.02366 -21.2
-0.02341 -22.8
-0.02317 -23.9
-0.02292 -24.5
-0.02268 -24.6
-0.02244 -24.1
-0.02219 -23.0
-0.02195 -21.5
-0.0217 -19.4
-0.02146 -16.9
-0.02122 -14.0
-0.02097 -10.7
-0.02073 -7.1
-0.02048 -3.3
-0.02024 0.6
-0.01999 4.5
-0.01975 8.4
-0.01951 12.1
-0.01926 15.5
-0.01902 18.6
-0.01877 21.2
-0.01853 23.4
-0.01829 24.9
-0.01804 25.8
-0.0178 26.1
-0.01755 25.6
-0.01731 24.5
-0.01707 22.7
-0.01682 20.2
-0.01658 17.2
-0.01633 13.6
-0.01609 9.6
-0.01584 5.3
-0.0156 0.8
-0.01536 -3.8
-0.01511 -8.4
-0.01487 -12.8
-0.01462 -16.8
-0.01438 -20.4
-0.01414 -23.4
-0.01389 -25.7
-0.01365 -27.3
-0.0134 -27.9
-0.01316 -27.7
-0.01291 -26.6
-0.01267 -24.5
-0.01243 -21.6
-0.01218 -17.8
-0.01194 -13.4
-0.01169 -8.5
-0.01145 -3.1
-0.01121 2.5
-0.01096 8.1
-0.01072 13.5
-0.01047 18.4
-0.01023 22.8
-0.00998 26.3
-0.00974 28.8
-0.0095 30.2
-0.00925 30.3
-0.00901 29.2
-0.00876 26.7
-0.00852 23.0
-0.00828 18.1
-0.00803 12.3
-0.00779 5.7
-0.00754 -1.3
-0.0073 -8.5
-0.00706 -15.4
-0.00681 -21.6
-0.00657 -26.9
-0.00632 -30.9
-0.00608 -33.2
-0.00583 -33.7
-0.00559 -32.1
-0.00535 -28.5
-0.0051 -22.9
-0.00486 -15.6
-0.00461 -7.0
-0.00437 2.5
-0.00413 12.2
-0.00388 21.3
-0.00364 29.2
-0.00339 35.0
-0.00315 38.0
-0.0029 37.7
-0.00266 33.8
-0.00242 26.3
-0.00217 15.6
-0.00193 2.5
-0.00168 -11.7
-0.00144 -25.3
-0.0012 -36.4
-0.00095 -42.9
-0.00071 -43.0
-0.00046 -35.6
-0.00022 -20.6
2e-05 0.0
0.00027 21.6
0.00051 38.0
0.00076 43.5
0.001 35.2
0.00125 15.3
0.00149 -8.7
0.00173 -27.3
0.00198 -33.3
0.00222 -25.2
0.00247 -8.0
0.00271 9.8
0.00295 20.3
0.0032 20.1
0.00344 11.0
0.00369 -1.3
0.00393 -10.4
0.00418 -12.9
0.00442 -8.9
0.00466 -1.6
0.00491 5.0
0.00515 7.8
0.0054 6.3
0.00564 2.1
0.00588 -2.2
0.00613 -4.5
0.00637 -4.2
0.00662 -1.9
0.00686 0.8
0.0071 2.6
0.00735 2.7
0.00759 1.5
0.00784 -0.2
0.00808 -1.4
0.00833 -1.7
0.00857 -1.1
0.00881 0.0
0.00906 0.8
0.0093 1.1
0.00955 0.8
0.00979 0.2
0.01003 -0.4
0.01028 -0.6
0.01052 -0.5
0.01077 -0.2
0.01101 0.2
0.01126 0.4
0.0115 0.4
0.01174 0.2
0.01199 0.0
0.01223 -0.2
0.01248 -0.2
0.01272 -0.1
0.01296 0.0
0.01321 0.1
0.01345 0.1
0.0137 0.0
0.01394 0.0
0.01418 0.0
0.01443 0.0
0.01467 0.0
0.01492 0.0
0.01516 0.0
0.01541 0.0
0.01565 0.0
0.01589 0.0
0.01614 0.0
0.01638 0.0
0.01663 0.0
0.01687 0.0
0.01711 0.0
0.01736 0.0
0.0176 0.0
0.01785 0.0
0.01809 0.0
0.01834 0.0
0.01858 0.0
0.01882 0.0
0.01907 0.0
0.01931 0.0
0.01956 0.0
0.0198 0.0
0.02004 0.0
0.02029 0.0
0.02053 0.0
0.02078 0.0
0.02102 0.0
0.02127 0.0
0.02151 0.0
0.02175 0.0
0.022 0.0
0.02224 0.0
0.02249 0.0
0.02273 0.0
0.02297 0.0
0.02322 0.0
0.02346 0.0
0.02371 0.0
0.02395 0.0
0.02419 0.0
0.02444 0.0
0.02468 0.0
0.02493 0.0
0.02517 0.0
0.02542 0.0
0.02566 0.0
0.0259 0.0
0.02615 0.0
0.02639 0.0
0.02664 0.0
0.02688 0.0
0.02712 0.0
0.02737 0.0
0.02761 0.0
0.02786 0.0
0.0281 0.0
0.02835 0.0
0.02859 0.0
0.02883 0.0
0.02908 0.0
0.02932 0.0
0.02957 0.0
0.02981 0.0
0.03005 0.0
0.0303 0.0
0.03054 0.0
0.03079 0.0
0.03103 0.0
0.03127 0.0
0.03152 0.0
0.03176 0.0
0.03201 0.0
0.03225 0.0
0.0325 0.0
0.03274 0.0
0.03298 0.0
0.03323 0.0
0.03347 0.0
0.03372 0.0
0.03396 0.0
0.0342 0.0
0.03445 0.0
0.03469 0.0
0.03494 0.0
0.03518 0.0
0.03543 0.0
0.03567 0.0
0.03591 0.0
0.03616 0.0
0.0364 0.0
0.03665 0.0
0.03689 0.0
0.03713 0.0
0.03738 0.0
0.03762 0.0
0.03787 0.0
0.03811 0.0
0.03835 0.0
0.0386 0.0
0.03884 0.0
0.03909 0.0
0.03933 0.0
0.03958 0.0
0.03982 0.0
0.04006 0.0
0.04031 0.0
0.04055 0.0
0.0408 0.0
0.04104 0.0
0.04128 0.0
0.04153 0.0
0.04177 0.0
0.04202 0.0
0.04226 0.0
0.04251 0.0
0.04275 0.0
0.04299 0.0
0.04324 0.0
0.04348 0.0
0.04373 0.0
0.04397 0.0
0.04421 0.0
0.04446 0.0
0.0447 0.0
0.04495 0.0
0.04519 0.0
0.04543 0.0
0.04568 0.0
0.04592 0.0
0.04617 0.0
0.04641 0.0
0.04666 0.0
0.0469 0.0
0.04714 0.0
0.04739 0.0
0.04763 0.0
0.04788 0.0
0.04812 0.0
0.04836 0.0
0.04861 0.0
0.04885 0.0
0.0491 0.0
0.04934 0.0
0.04959 0.0
0.04983 0.0
0.05007 0.0
0.05032 0.0
0.05056 0.0
0.05081 0.0
0.05105 0.0
0.05129 0.0
0.05154 0.0
0.05178 0.0
0.05203 0.0
0.05227 0.0
0.05252 0.0
0.05276 0.0
0.053 0.0
0.05325 0.0
0.05349 0.0
0.05374 0.0
0.05398 0.0
0.05422 0.0
0.05447 0.0
0.05471 0.0
0.05496 0.0
0.0552 0.0
0.05544 0.0
0.05569 0.0
0.05593 0.0
0.05618 0.0
0.05642 0.0
0.05667 0.0
0.05691 0.0
0.05715 0.0
0.0574 0.0
0.05764 0.0
0.05789 0.0
0.05813 0.0
0.05837 0.0
0.05862 0.0
0.05886 0.0
0.05911 0.0
0.05935 0.0
0.0596 0.0
0.05984 0.0
0.06008 0.0
0.06033 0.0
0.06057 0.0
0.06082 0.0
0.06106 0.0
0.0613 0.0
0.06155 0.0
0.06179 0.0
0.06204 0.0
0.06228 0.0
0.06252 0.0
0.06277 0.0
0.06301 0.0
0.06326 0.0
0.0635 0.0
0.06375 0.0
0.06399 0.0
0.06423 0.0
0.06448 0.0
0.06472 0.0
0.06497 0.0
0.06521 0.0
0.06545 0.0
0.0657 0.0
0.06594 0.0
0.06619 0.0
0.06643 0.0
0.06668 0.0
0.06692 0.0
0.06716 0.0
0.06741 0.0
0.06765 0.0
0.0679 0.0
0.06814 0.0
0.06838 0.0
0.06863 0.0
0.06887 0.0
0.06912 0.0
0.06936 0.0
0.0696 0.0
0.06985 0.0
0.07009 0.0
0.07034 0.0
0.07058 0.0
0.07083 0.0
0.07107 0.0
0.07131 0.0
0.07156 0.0
0.0718 0.0
0.07205 0.0
0.07229 0.0
0.07253 0.0
0.07278 0.0
0.07302 0.0
0.07327 0.0
0.07351 0.0
0.07376 0.0
0.074 0.0
0.07424 0.0
0.07449 0.0
0.07473 0.0
0.07498 0.0
0.07522 0.0
0.07546 0.0
0.07571 0.0
0.07595 0.0
0.0762 0.0
0.07644 0.0
0.07668 0.0
0.07693 0.0
0.07717 0.0
0.07742 0.0
0.07766 0.0
0.07791 0.0
0.07815 0.0
0.07839 0.0
0.07864 0.0
0.07888 0.0
0.07913 0.0
0.07937 0.0
0.07961 0.0
0.07986 0.0
0.0801 0.0
0.08035 0.0
0.08059 0.0
0.08084 0.0
0.08108 0.0
0.08132 0.0
0.08157 0.0
0.08181 0.0
0.08206 0.0
0.0823 0.0
0.08254 0.0
0.08279 0.0
0.08303 0.0
0.08328 0.0
0.08352 0.0
