t strain*1e23
-1.45459 -9.4
-1.45435 -9.3
-1.4541 -9.2
-1.45386 -9.1
-1.45362 -9.0
-1.45337 -8.9
-1.45313 -8.8
-1.45288 -8.6
-1.45264 -8.5
-1.45239 -8.3
-1.45215 -8.1
-1.45191 -7.9
-1.45166 -7.7
-1.45142 -7.5
-1.45117 -7.2
-1.45093 -7.0
-1.45069 -6.7
-1.45044 -6.4
-1.4502 -6.2
-1.44995 -5.9
-1.44971 -5.6
-1.44946 -5.3
-1.44922 -5.0
-1.44898 -4.7
-1.44873 -4.3
-1.44849 -4.0
-1.44824 -3.7
-1.448 -3.3
-1.44776 -3.0
-1.44751 -2.6
-1.44727 -2.3
-1.44702 -1.9
-1.44678 -1.6
-1.44654 -1.2
-1.44629 -0.8
-1.44605 -0.5
-1.4458 -0.1
-1.44556 0.3
-1.44531 0.6
-1.44507 1.0
-1.44483 1.4
-1.44458 1.7
-1.44434 2.1
-1.44409 2.4
-1.44385 2.8
-1.44361 3.2
-1.44336 3.5
-1.44312 3.8
-1.44287 4.2
-1.44263 4.5
-1.44238 4.8
-1.44214 5.1
-1.4419 5.4
-1.44165 5.7
-1.44141 6.0
-1.44116 6.3
-1.44092 6.6
-1.44068 6.8
-1.44043 7.1
-1.44019 7.3
-1.43994 7.6
-1.4397 7.8
-1.43946 8.0
-1.43921 8.2
-1.43897 8.4
-1.43872 8.6
-1.43848 8.7
-1.43823 8.9
-1.43799 9.0
-1.43775 9.1
-1.4375 9.2
-1.43726 9.3
-1.43701 9.4
-1.43677 9.5
-1.43653 9.5
-1.43628 9.5
-1.43604 9.6
-1.43579 9.6
-1.43555 9.6
-1.4353 9.6
-1.43506 9.5
-1.43482 9.5
-1.43457 9.4
-1.43433 9.3
-1.43408 9.2
-1.43384 9.1
-1.4336 9.0
-1.43335 8.9
-1.43311 8.8
-1.43286 8.6
-1.43262 8.4
-1.43237 8.2
-1.43213 8.0
-1.43189 7.8
-1.43164 7.6
-1.4314 7.4
-1.43115 7.2
-1.43091 6.9
-1.43067 6.6
-1.43042 6.4
-1.43018 6.1
-1.42993 5.8
-1.42969 5.5
-1.42945 5.2
-1.4292 4.9
-1.42896 4.6
-1.42871 4.2
-1.42847 3.9
-1.42822 3.5
-1.42798 3.2
-1.42774 2.8
-1.42749 2.5
-1.42725 2.1
-1.427 1.8
-1.42676 1.4
-1.42652 1.0
-1.42627 0.7
-1.42603 0.3
-1.42578 0.0
-1.42554 -0.4
-1.42529 -0.8
-1.42505 -1.2
-1.42481 -1.5
-1.42456 -1.9
-1.42432 -2.3
-1.42407 -2.6
-1.42383 -3.0
-1.42359 -3.3
-1.42334 -3.7
-1.4231 -4.0
-1.42285 -4.4
-1.42261 -4.7
-1.42237 -5.0
-1.42212 -5.3
-1.42188 -5.6
-1.42163 -5.9
-1.42139 -6.2
-1.42114 -6.5
-1.4209 -6.8
-1.42066 -7.0
-1.42041 -7.3
-1.42017 -7.5
-1.41992 -7.7
-1.41968 -7.9
-1.41944 -8.1
-1.41919 -8.3
-1.41895 -8.5
-1.4187 -8.7
-1.41846 -8.8
-1.41821 -9.0
-1.41797 -9.1
-1.41773 -9.2
-1.41748 -9.3
-1.41724 -9.4
-1.41699 -9.5
-1.41675 -9.5
-1.41651 -9.6
-1.41626 -9.6
-1.41602 -9.6
-1.41577 -9.6
-1.41553 -9.6
-1.41529 -9.6
-1.41504 -9.5
-1.4148 -9.5
-1.41455 -9.4
-1.41431 -9.3
-1.41406 -9.2
-1.41382 -9.1
-1.41358 -9.0
-1.41333 -8.8
-1.41309 -8.7
-1.41284 -8.5
-1.4126 -8.3
-1.41236 -8.1
-1.41211 -7.9
-1.41187 -7.7
-1.41162 -7.5
-1.41138 -7.2
-1.41113 -7.0
-1.41089 -6.7
-1.41065 -6.5
-1.4104 -6.2
-1.41016 -5.9
-1.40991 -5.6
-1.40967 -5.3
-1.40943 -5.0
-1.40918 -4.6
-1.40894 -4.3
-1.40869 -4.0
-1.40845 -3.6
-1.40821 -3.3
-1.40796 -2.9
-1.40772 -2.6
-1.40747 -2.2
-1.40723 -1.8
-1.40698 -1.5
-1.40674 -1.1
-1.4065 -0.7
-1.40625 -0.4
-1.40601 0.0
-1.40576 0.4
-1.40552 0.8
-1.40528 1.1
-1.40503 1.5
-1.40479 1.9
-1.40454 2.2
-1.4043 2.6
-1.40405 3.0
-1.40381 3.3
-1.40357 3.7
-1.40332 4.0
-1.40308 4.3
-1.40283 4.7
-1.40259 5.0
-1.40235 5.3
-1.4021 5.6
-1.40186 5.9
-1.40161 6.2
-1.40137 6.5
-1.40112 6.8
-1.40088 7.0
-1.40064 7.3
-1.40039 7.5
-1.40015 7.7
-1.3999 8.0
-1.39966 8.2
-1.39942 8.4
-1.39917 8.5
-1.39893 8.7
-1.39868 8.9
-1.39844 9.0
-1.3982 9.1
-1.39795 9.2
-1.39771 9.3
-1.39746 9.4
-1.39722 9.5
-1.39697 9.6
-1.39673 9.6
-1.39649 9.6
-1.39624 9.6
-1.396 9.6
-1.39575 9.6
-1.39551 9.6
-1.39527 9.5
-1.39502 9.5
-1.39478 9.4
-1.39453 9.3
-1.39429 9.2
-1.39404 9.1
-1.3938 9.0
-1.39356 8.8
-1.39331 8.7
-1.39307 8.5
-1.39282 8.3
-1.39258 8.1
-1.39234 7.9
-1.39209 7.7
-1.39185 7.5
-1.3916 7.2
-1.39136 7.0
-1.39112 6.7
-1.39087 6.4
-1.39063 6.1
-1.39038 5.9
-1.39014 5.5
-1.38989 5.2
-1.38965 4.9
-1.38941 4.6
-1.38916 4.3
-1.38892 3.9
-1.38867 3.6
-1.38843 3.2
-1.38819 2.9
-1.38794 2.5
-1.3877 2.1
-1.38745 1.8
-1.38721 1.4
-1.38696 1.0
-1.38672 0.6
-1.38648 0.3
-1.38623 -0.1
-1.38599 -0.5
-1.38574 -0.9
-1.3855 -1.2
-1.38526 -1.6
-1.38501 -2.0
-1.38477 -2.3
-1.38452 -2.7
-1.38428 -3.1
-1.38404 -3.4
-1.38379 -3.8
-1.38355 -4.1
-1.3833 -4.5
-1.38306 -4.8
-1.38281 -5.1
-1.38257 -5.4
-1.38233 -5.7
-1.38208 -6.0
-1.38184 -6.3
-1.38159 -6.6
-1.38135 -6.9
-1.38111 -7.1
-1.38086 -7.4
-1.38062 -7.6
-1.38037 -7.9
-1.38013 -8.1
-1.37988 -8.3
-1.37964 -8.5
-1.3794 -8.6
-1.37915 -8.8
-1.37891 -8.9
-1.37866 -9.1
-1.37842 -9.2
-1.37818 -9.3
-1.37793 -9.4
-1.37769 -9.5
-1.37744 -9.6
-1.3772 -9.6
-1.37696 -9.6
-1.37671 -9.7
-1.37647 -9.7
-1.37622 -9.7
-1.37598 -9.6
-1.37573 -9.6
-1.37549 -9.6
-1.37525 -9.5
-1.375 -9.4
-1.37476 -9.3
-1.37451 -9.2
-1.37427 -9.1
-1.37403 -8.9
-1.37378 -8.8
-1.37354 -8.6
-1.37329 -8.4
-1.37305 -8.3
-1.3728 -8.0
-1.37256 -7.8
-1.37232 -7.6
-1.37207 -7.4
-1.37183 -7.1
-1.37158 -6.8
-1.37134 -6.6
-1.3711 -6.3
-1.37085 -6.0
-1.37061 -5.7
-1.37036 -5.4
-1.37012 -5.1
-1.36987 -4.7
-1.36963 -4.4
-1.36939 -4.1
-1.36914 -3.7
-1.3689 -3.4
-1.36865 -3.0
-1.36841 -2.6
-1.36817 -2.3
-1.36792 -1.9
-1.36768 -1.5
-1.36743 -1.2
-1.36719 -0.8
-1.36695 -0.4
-1.3667 0.0
-1.36646 0.4
-1.36621 0.7
-1.36597 1.1
-1.36572 1.5
-1.36548 1.9
-1.36524 2.2
-1.36499 2.6
-1.36475 3.0
-1.3645 3.3
-1.36426 3.7
-1.36402 4.0
-1.36377 4.4
-1.36353 4.7
-1.36328 5.0
-1.36304 5.4
-1.36279 5.7
-1.36255 6.0
-1.36231 6.3
-1.36206 6.6
-1.36182 6.8
-1.36157 7.1
-1.36133 7.4
-1.36109 7.6
-1.36084 7.8
-1.3606 8.0
-1.36035 8.3
-1.36011 8.4
-1.35987 8.6
-1.35962 8.8
-1.35938 8.9
-1.35913 9.1
-1.35889 9.2
-1.35864 9.3
-1.3584 9.4
-1.35816 9.5
-1.35791 9.6
-1.35767 9.6
-1.35742 9.7
-1.35718 9.7
-1.35694 9.7
-1.35669 9.7
-1.35645 9.7
-1.3562 9.6
-1.35596 9.6
-1.35571 9.5
-1.35547 9.4
-1.35523 9.4
-1.35498 9.2
-1.35474 9.1
-1.35449 9.0
-1.35425 8.8
-1.35401 8.7
-1.35376 8.5
-1.35352 8.3
-1.35327 8.1
-1.35303 7.9
-1.35279 7.6
-1.35254 7.4
-1.3523 7.1
-1.35205 6.9
-1.35181 6.6
-1.35156 6.3
-1.35132 6.0
-1.35108 5.7
-1.35083 5.4
-1.35059 5.1
-1.35034 4.8
-1.3501 4.4
-1.34986 4.1
-1.34961 3.7
-1.34937 3.4
-1.34912 3.0
-1.34888 2.7
-1.34863 2.3
-1.34839 1.9
-1.34815 1.5
-1.3479 1.2
-1.34766 0.8
-1.34741 0.4
-1.34717 0.0
-1.34693 -0.4
-1.34668 -0.8
-1.34644 -1.1
-1.34619 -1.5
-1.34595 -1.9
-1.34571 -2.3
-1.34546 -2.6
-1.34522 -3.0
-1.34497 -3.4
-1.34473 -3.7
-1.34448 -4.1
-1.34424 -4.4
-1.344 -4.8
-1.34375 -5.1
-1.34351 -5.4
-1.34326 -5.7
-1.34302 -6.0
-1.34278 -6.3
-1.34253 -6.6
-1.34229 -6.9
-1.34204 -7.2
-1.3418 -7.4
-1.34155 -7.7
-1.34131 -7.9
-1.34107 -8.1
-1.34082 -8.3
-1.34058 -8.5
-1.34033 -8.7
-1.34009 -8.9
-1.33985 -9.0
-1.3396 -9.1
-1.33936 -9.3
-1.33911 -9.4
-1.33887 -9.5
-1.33862 -9.6
-1.33838 -9.6
-1.33814 -9.7
-1.33789 -9.7
-1.33765 -9.7
-1.3374 -9.7
-1.33716 -9.7
-1.33692 -9.7
-1.33667 -9.7
-1.33643 -9.6
-1.33618 -9.5
-1.33594 -9.5
-1.3357 -9.4
-1.33545 -9.2
-1.33521 -9.1
-1.33496 -9.0
-1.33472 -8.8
-1.33447 -8.6
-1.33423 -8.5
-1.33399 -8.3
-1.33374 -8.0
-1.3335 -7.8
-1.33325 -7.6
-1.33301 -7.3
-1.33277 -7.1
-1.33252 -6.8
-1.33228 -6.5
-1.33203 -6.2
-1.33179 -5.9
-1.33154 -5.6
-1.3313 -5.3
-1.33106 -5.0
-1.33081 -4.7
-1.33057 -4.3
-1.33032 -4.0
-1.33008 -3.6
-1.32984 -3.2
-1.32959 -2.9
-1.32935 -2.5
-1.3291 -2.1
-1.32886 -1.8
-1.32862 -1.4
-1.32837 -1.0
-1.32813 -0.6
-1.32788 -0.2
-1.32764 0.2
-1.32739 0.6
-1.32715 0.9
-1.32691 1.3
-1.32666 1.7
-1.32642 2.1
-1.32617 2.5
-1.32593 2.8
-1.32569 3.2
-1.32544 3.6
-1.3252 3.9
-1.32495 4.3
-1.32471 4.6
-1.32446 4.9
-1.32422 5.3
-1.32398 5.6
-1.32373 5.9
-1.32349 6.2
-1.32324 6.5
-1.323 6.8
-1.32276 7.1
-1.32251 7.3
-1.32227 7.6
-1.32202 7.8
-1.32178 8.0
-1.32154 8.3
-1.32129 8.5
-1.32105 8.6
-1.3208 8.8
-1.32056 9.0
-1.32031 9.1
-1.32007 9.3
-1.31983 9.4
-1.31958 9.5
-1.31934 9.6
-1.31909 9.6
-1.31885 9.7
-1.31861 9.7
-1.31836 9.8
-1.31812 9.8
-1.31787 9.8
-1.31763 9.7
-1.31738 9.7
-1.31714 9.7
-1.3169 9.6
-1.31665 9.5
-1.31641 9.4
-1.31616 9.3
-1.31592 9.2
-1.31568 9.0
-1.31543 8.9
-1.31519 8.7
-1.31494 8.5
-1.3147 8.3
-1.31446 8.1
-1.31421 7.9
-1.31397 7.7
-1.31372 7.4
-1.31348 7.2
-1.31323 6.9
-1.31299 6.6
-1.31275 6.3
-1.3125 6.0
-1.31226 5.7
-1.31201 5.4
-1.31177 5.1
-1.31153 4.7
-1.31128 4.4
-1.31104 4.0
-1.31079 3.7
-1.31055 3.3
-1.3103 3.0
-1.31006 2.6
-1.30982 2.2
-1.30957 1.8
-1.30933 1.4
-1.30908 1.1
-1.30884 0.7
-1.3086 0.3
-1.30835 -0.1
-1.30811 -0.5
-1.30786 -0.9
-1.30762 -1.3
-1.30737 -1.7
-1.30713 -2.0
-1.30689 -2.4
-1.30664 -2.8
-1.3064 -3.2
-1.30615 -3.5
-1.30591 -3.9
-1.30567 -4.2
-1.30542 -4.6
-1.30518 -4.9
-1.30493 -5.3
-1.30469 -5.6
-1.30445 -5.9
-1.3042 -6.2
-1.30396 -6.5
-1.30371 -6.8
-1.30347 -7.1
-1.30322 -7.3
-1.30298 -7.6
-1.30274 -7.8
-1.30249 -8.1
-1.30225 -8.3
-1.302 -8.5
-1.30176 -8.7
-1.30152 -8.8
-1.30127 -9.0
-1.30103 -9.1
-1.30078 -9.3
-1.30054 -9.4
-1.30029 -9.5
-1.30005 -9.6
-1.29981 -9.7
-1.29956 -9.7
-1.29932 -9.8
-1.29907 -9.8
-1.29883 -9.8
-1.29859 -9.8
-1.29834 -9.8
-1.2981 -9.7
-1.29785 -9.7
-1.29761 -9.6
-1.29737 -9.5
-1.29712 -9.4
-1.29688 -9.3
-1.29663 -9.2
-1.29639 -9.1
-1.29614 -8.9
-1.2959 -8.7
-1.29566 -8.5
-1.29541 -8.3
-1.29517 -8.1
-1.29492 -7.9
-1.29468 -7.7
-1.29444 -7.4
-1.29419 -7.2
-1.29395 -6.9
-1.2937 -6.6
-1.29346 -6.3
-1.29321 -6.0
-1.29297 -5.7
-1.29273 -5.4
-1.29248 -5.0
-1.29224 -4.7
-1.29199 -4.3
-1.29175 -4.0
-1.29151 -3.6
-1.29126 -3.3
-1.29102 -2.9
-1.29077 -2.5
-1.29053 -2.1
-1.29029 -1.8
-1.29004 -1.4
-1.2898 -1.0
-1.28955 -0.6
-1.28931 -0.2
-1.28906 0.2
-1.28882 0.6
-1.28858 1.0
-1.28833 1.4
-1.28809 1.8
-1.28784 2.1
-1.2876 2.5
-1.28736 2.9
-1.28711 3.3
-1.28687 3.6
-1.28662 4.0
-1.28638 4.4
-1.28613 4.7
-1.28589 5.1
-1.28565 5.4
-1.2854 5.7
-1.28516 6.0
-1.28491 6.3
-1.28467 6.6
-1.28443 6.9
-1.28418 7.2
-1.28394 7.5
-1.28369 7.7
-1.28345 7.9
-1.28321 8.2
-1.28296 8.4
-1.28272 8.6
-1.28247 8.8
-1.28223 8.9
-1.28198 9.1
-1.28174 9.2
-1.2815 9.4
-1.28125 9.5
-1.28101 9.6
-1.28076 9.7
-1.28052 9.7
-1.28028 9.8
-1.28003 9.8
-1.27979 9.8
-1.27954 9.8
-1.2793 9.8
-1.27905 9.8
-1.27881 9.7
-1.27857 9.7
-1.27832 9.6
-1.27808 9.5
-1.27783 9.4
-1.27759 9.3
-1.27735 9.2
-1.2771 9.0
-1.27686 8.8
-1.27661 8.7
-1.27637 8.5
-1.27612 8.3
-1.27588 8.0
-1.27564 7.8
-1.27539 7.6
-1.27515 7.3
-1.2749 7.0
-1.27466 6.8
-1.27442 6.5
-1.27417 6.2
-1.27393 5.8
-1.27368 5.5
-1.27344 5.2
-1.2732 4.9
-1.27295 4.5
-1.27271 4.2
-1.27246 3.8
-1.27222 3.4
-1.27197 3.0
-1.27173 2.7
-1.27149 2.3
-1.27124 1.9
-1.271 1.5
-1.27075 1.1
-1.27051 0.7
-1.27027 0.3
-1.27002 0.0
-1.26978 -0.5
-1.26953 -0.9
-1.26929 -1.3
-1.26904 -1.6
-1.2688 -2.0
-1.26856 -2.4
-1.26831 -2.8
-1.26807 -3.2
-1.26782 -3.6
-1.26758 -3.9
-1.26734 -4.3
-1.26709 -4.6
-1.26685 -5.0
-1.2666 -5.3
-1.26636 -5.6
-1.26612 -6.0
-1.26587 -6.3
-1.26563 -6.6
-1.26538 -6.9
-1.26514 -7.1
-1.26489 -7.4
-1.26465 -7.7
-1.26441 -7.9
-1.26416 -8.1
-1.26392 -8.4
-1.26367 -8.6
-1.26343 -8.8
-1.26319 -8.9
-1.26294 -9.1
-1.2627 -9.2
-1.26245 -9.4
-1.26221 -9.5
-1.26196 -9.6
-1.26172 -9.7
-1.26148 -9.7
-1.26123 -9.8
-1.26099 -9.8
-1.26074 -9.9
-1.2605 -9.9
-1.26026 -9.9
-1.26001 -9.8
-1.25977 -9.8
-1.25952 -9.7
-1.25928 -9.7
-1.25904 -9.6
-1.25879 -9.5
-1.25855 -9.3
-1.2583 -9.2
-1.25806 -9.1
-1.25781 -8.9
-1.25757 -8.7
-1.25733 -8.5
-1.25708 -8.3
-1.25684 -8.1
-1.25659 -7.9
-1.25635 -7.6
-1.25611 -7.3
-1.25586 -7.1
-1.25562 -6.8
-1.25537 -6.5
-1.25513 -6.2
-1.25488 -5.9
-1.25464 -5.5
-1.2544 -5.2
-1.25415 -4.9
-1.25391 -4.5
-1.25366 -4.2
-1.25342 -3.8
-1.25318 -3.4
-1.25293 -3.1
-1.25269 -2.7
-1.25244 -2.3
-1.2522 -1.9
-1.25196 -1.5
-1.25171 -1.1
-1.25147 -0.7
-1.25122 -0.3
-1.25098 0.0
-1.25073 0.5
-1.25049 0.9
-1.25025 1.3
-1.25 1.7
-1.24976 2.1
-1.24951 2.5
-1.24927 2.8
-1.24903 3.2
-1.24878 3.6
-1.24854 4.0
-1.24829 4.3
-1.24805 4.7
-1.2478 5.0
-1.24756 5.4
-1.24732 5.7
-1.24707 6.0
-1.24683 6.3
-1.24658 6.6
-1.24634 6.9
-1.2461 7.2
-1.24585 7.5
-1.24561 7.7
-1.24536 8.0
-1.24512 8.2
-1.24487 8.4
-1.24463 8.6
-1.24439 8.8
-1.24414 9.0
-1.2439 9.2
-1.24365 9.3
-1.24341 9.4
-1.24317 9.5
-1.24292 9.6
-1.24268 9.7
-1.24243 9.8
-1.24219 9.8
-1.24195 9.9
-1.2417 9.9
-1.24146 9.9
-1.24121 9.9
-1.24097 9.9
-1.24072 9.8
-1.24048 9.7
-1.24024 9.7
-1.23999 9.6
-1.23975 9.5
-1.2395 9.3
-1.23926 9.2
-1.23902 9.0
-1.23877 8.9
-1.23853 8.7
-1.23828 8.5
-1.23804 8.3
-1.23779 8.0
-1.23755 7.8
-1.23731 7.5
-1.23706 7.3
-1.23682 7.0
-1.23657 6.7
-1.23633 6.4
-1.23609 6.1
-1.23584 5.8
-1.2356 5.4
-1.23535 5.1
-1.23511 4.7
-1.23487 4.4
-1.23462 4.0
-1.23438 3.7
-1.23413 3.3
-1.23389 2.9
-1.23364 2.5
-1.2334 2.1
-1.23316 1.7
-1.23291 1.3
-1.23267 0.9
-1.23242 0.5
-1.23218 0.1
-1.23194 -0.3
-1.23169 -0.7
-1.23145 -1.1
-1.2312 -1.5
-1.23096 -1.9
-1.23071 -2.3
-1.23047 -2.7
-1.23023 -3.1
-1.22998 -3.4
-1.22974 -3.8
-1.22949 -4.2
-1.22925 -4.5
-1.22901 -4.9
-1.22876 -5.2
-1.22852 -5.6
-1.22827 -5.9
-1.22803 -6.2
-1.22779 -6.5
-1.22754 -6.8
-1.2273 -7.1
-1.22705 -7.4
-1.22681 -7.7
-1.22656 -7.9
-1.22632 -8.2
-1.22608 -8.4
-1.22583 -8.6
-1.22559 -8.8
-1.22534 -9.0
-1.2251 -9.1
-1.22486 -9.3
-1.22461 -9.4
-1.22437 -9.5
-1.22412 -9.6
-1.22388 -9.7
-1.22363 -9.8
-1.22339 -9.9
-1.22315 -9.9
-1.2229 -9.9
-1.22266 -9.9
-1.22241 -9.9
-1.22217 -9.9
-1.22193 -9.9
-1.22168 -9.8
-1.22144 -9.7
-1.22119 -9.6
-1.22095 -9.5
-1.22071 -9.4
-1.22046 -9.3
-1.22022 -9.1
-1.21997 -8.9
-1.21973 -8.8
-1.21948 -8.6
-1.21924 -8.3
-1.219 -8.1
-1.21875 -7.9
-1.21851 -7.6
-1.21826 -7.4
-1.21802 -7.1
-1.21778 -6.8
-1.21753 -6.5
-1.21729 -6.2
-1.21704 -5.9
-1.2168 -5.5
-1.21655 -5.2
-1.21631 -4.8
-1.21607 -4.5
-1.21582 -4.1
-1.21558 -3.7
-1.21533 -3.4
-1.21509 -3.0
-1.21485 -2.6
-1.2146 -2.2
-1.21436 -1.8
-1.21411 -1.4
-1.21387 -1.0
-1.21362 -0.6
-1.21338 -0.2
-1.21314 0.2
-1.21289 0.6
-1.21265 1.0
-1.2124 1.4
-1.21216 1.8
-1.21192 2.2
-1.21167 2.6
-1.21143 3.0
-1.21118 3.4
-1.21094 3.8
-1.2107 4.2
-1.21045 4.5
-1.21021 4.9
-1.20996 5.2
-1.20972 5.6
-1.20947 5.9
-1.20923 6.2
-1.20899 6.5
-1.20874 6.9
-1.2085 7.1
-1.20825 7.4
-1.20801 7.7
-1.20777 7.9
-1.20752 8.2
-1.20728 8.4
-1.20703 8.6
-1.20679 8.8
-1.20654 9.0
-1.2063 9.2
-1.20606 9.3
-1.20581 9.5
-1.20557 9.6
-1.20532 9.7
-1.20508 9.8
-1.20484 9.8
-1.20459 9.9
-1.20435 9.9
-1.2041 10.0
-1.20386 10.0
-1.20362 10.0
-1.20337 9.9
-1.20313 9.9
-1.20288 9.8
-1.20264 9.7
-1.20239 9.7
-1.20215 9.5
-1.20191 9.4
-1.20166 9.3
-1.20142 9.1
-1.20117 8.9
-1.20093 8.8
-1.20069 8.6
-1.20044 8.3
-1.2002 8.1
-1.19995 7.9
-1.19971 7.6
-1.19946 7.3
-1.19922 7.1
-1.19898 6.8
-1.19873 6.5
-1.19849 6.1
-1.19824 5.8
-1.198 5.5
-1.19776 5.1
-1.19751 4.8
-1.19727 4.4
-1.19702 4.0
-1.19678 3.7
-1.19654 3.3
-1.19629 2.9
-1.19605 2.5
-1.1958 2.1
-1.19556 1.7
-1.19531 1.3
-1.19507 0.9
-1.19483 0.5
-1.19458 0.0
-1.19434 -0.3
-1.19409 -0.8
-1.19385 -1.2
-1.19361 -1.6
-1.19336 -2.0
-1.19312 -2.4
-1.19287 -2.8
-1.19263 -3.2
-1.19238 -3.6
-1.19214 -3.9
-1.1919 -4.3
-1.19165 -4.7
-1.19141 -5.0
-1.19116 -5.4
-1.19092 -5.7
-1.19068 -6.1
-1.19043 -6.4
-1.19019 -6.7
-1.18994 -7.0
-1.1897 -7.3
-1.18946 -7.6
-1.18921 -7.8
-1.18897 -8.1
-1.18872 -8.3
-1.18848 -8.5
-1.18823 -8.7
-1.18799 -8.9
-1.18775 -9.1
-1.1875 -9.3
-1.18726 -9.4
-1.18701 -9.5
-1.18677 -9.7
-1.18653 -9.8
-1.18628 -9.8
-1.18604 -9.9
-1.18579 -10.0
-1.18555 -10.0
-1.1853 -10.0
-1.18506 -10.0
-1.18482 -10.0
-1.18457 -9.9
-1.18433 -9.9
-1.18408 -9.8
-1.18384 -9.7
-1.1836 -9.6
-1.18335 -9.5
-1.18311 -9.4
-1.18286 -9.2
-1.18262 -9.1
-1.18237 -8.9
-1.18213 -8.7
-1.18189 -8.5
-1.18164 -8.2
-1.1814 -8.0
-1.18115 -7.7
-1.18091 -7.5
-1.18067 -7.2
-1.18042 -6.9
-1.18018 -6.6
-1.17993 -6.3
-1.17969 -6.0
-1.17945 -5.6
-1.1792 -5.3
-1.17896 -4.9
-1.17871 -4.6
-1.17847 -4.2
-1.17822 -3.8
-1.17798 -3.4
-1.17774 -3.0
-1.17749 -2.6
-1.17725 -2.2
-1.177 -1.8
-1.17676 -1.4
-1.17652 -1.0
-1.17627 -0.6
-1.17603 -0.2
-1.17578 0.2
-1.17554 0.6
-1.17529 1.1
-1.17505 1.5
-1.17481 1.9
-1.17456 2.3
-1.17432 2.7
-1.17407 3.1
-1.17383 3.5
-1.17359 3.9
-1.17334 4.2
-1.1731 4.6
-1.17285 5.0
-1.17261 5.3
-1.17237 5.7
-1.17212 6.0
-1.17188 6.3
-1.17163 6.7
-1.17139 7.0
-1.17114 7.2
-1.1709 7.5
-1.17066 7.8
-1.17041 8.1
-1.17017 8.3
-1.16992 8.5
-1.16968 8.7
-1.16944 8.9
-1.16919 9.1
-1.16895 9.3
-1.1687 9.4
-1.16846 9.6
-1.16821 9.7
-1.16797 9.8
-1.16773 9.9
-1.16748 9.9
-1.16724 10.0
-1.16699 10.0
-1.16675 10.0
-1.16651 10.0
-1.16626 10.0
-1.16602 10.0
-1.16577 9.9
-1.16553 9.9
-1.16529 9.8
-1.16504 9.7
-1.1648 9.6
-1.16455 9.4
-1.16431 9.3
-1.16406 9.1
-1.16382 8.9
-1.16358 8.7
-1.16333 8.5
-1.16309 8.3
-1.16284 8.0
-1.1626 7.8
-1.16236 7.5
-1.16211 7.2
-1.16187 6.9
-1.16162 6.6
-1.16138 6.3
-1.16113 6.0
-1.16089 5.6
-1.16065 5.3
-1.1604 4.9
-1.16016 4.6
-1.15991 4.2
-1.15967 3.8
-1.15943 3.4
-1.15918 3.0
-1.15894 2.6
-1.15869 2.2
-1.15845 1.8
-1.15821 1.4
-1.15796 1.0
-1.15772 0.6
-1.15747 0.1
-1.15723 -0.3
-1.15698 -0.7
-1.15674 -1.1
-1.1565 -1.5
-1.15625 -1.9
-1.15601 -2.3
-1.15576 -2.7
-1.15552 -3.1
-1.15528 -3.5
-1.15503 -3.9
-1.15479 -4.3
-1.15454 -4.7
-1.1543 -5.1
-1.15405 -5.4
-1.15381 -5.8
-1.15357 -6.1
-1.15332 -6.4
-1.15308 -6.7
-1.15283 -7.0
-1.15259 -7.3
-1.15235 -7.6
-1.1521 -7.9
-1.15186 -8.1
-1.15161 -8.4
-1.15137 -8.6
-1.15112 -8.8
-1.15088 -9.0
-1.15064 -9.2
-1.15039 -9.4
-1.15015 -9.5
-1.1499 -9.6
-1.14966 -9.7
-1.14942 -9.8
-1.14917 -9.9
-1.14893 -10.0
-1.14868 -10.0
-1.14844 -10.1
-1.1482 -10.1
-1.14795 -10.1
-1.14771 -10.0
-1.14746 -10.0
-1.14722 -9.9
-1.14697 -9.9
-1.14673 -9.8
-1.14649 -9.7
-1.14624 -9.5
-1.146 -9.4
-1.14575 -9.2
-1.14551 -9.1
-1.14527 -8.9
-1.14502 -8.7
-1.14478 -8.4
-1.14453 -8.2
-1.14429 -8.0
-1.14404 -7.7
-1.1438 -7.4
-1.14356 -7.1
-1.14331 -6.8
-1.14307 -6.5
-1.14282 -6.2
-1.14258 -5.8
-1.14234 -5.5
-1.14209 -5.1
-1.14185 -4.8
-1.1416 -4.4
-1.14136 -4.0
-1.14112 -3.6
-1.14087 -3.2
-1.14063 -2.8
-1.14038 -2.4
-1.14014 -2.0
-1.13989 -1.6
-1.13965 -1.2
-1.13941 -0.8
-1.13916 -0.3
-1.13892 0.0
-1.13867 0.5
-1.13843 0.9
-1.13819 1.3
-1.13794 1.8
-1.1377 2.2
-1.13745 2.6
-1.13721 3.0
-1.13696 3.4
-1.13672 3.8
-1.13648 4.2
-1.13623 4.6
-1.13599 4.9
-1.13574 5.3
-1.1355 5.6
-1.13526 6.0
-1.13501 6.3
-1.13477 6.6
-1.13452 7.0
-1.13428 7.3
-1.13404 7.5
-1.13379 7.8
-1.13355 8.1
-1.1333 8.3
-1.13306 8.6
-1.13281 8.8
-1.13257 9.0
-1.13233 9.2
-1.13208 9.3
-1.13184 9.5
-1.13159 9.6
-1.13135 9.7
-1.13111 9.9
-1.13086 9.9
-1.13062 10.0
-1.13037 10.1
-1.13013 10.1
-1.12988 10.1
-1.12964 10.1
-1.1294 10.1
-1.12915 10.0
-1.12891 10.0
-1.12866 9.9
-1.12842 9.8
-1.12818 9.7
-1.12793 9.6
-1.12769 9.5
-1.12744 9.3
-1.1272 9.1
-1.12696 8.9
-1.12671 8.7
-1.12647 8.5
-1.12622 8.3
-1.12598 8.0
-1.12573 7.8
-1.12549 7.5
-1.12525 7.2
-1.125 6.9
-1.12476 6.6
-1.12451 6.2
-1.12427 5.9
-1.12403 5.6
-1.12378 5.2
-1.12354 4.8
-1.12329 4.5
-1.12305 4.1
-1.1228 3.7
-1.12256 3.3
-1.12232 2.9
-1.12207 2.5
-1.12183 2.0
-1.12158 1.6
-1.12134 1.2
-1.1211 0.8
-1.12085 0.4
-1.12061 0.0
-1.12036 -0.5
-1.12012 -0.9
-1.11987 -1.3
-1.11963 -1.8
-1.11939 -2.2
-1.11914 -2.6
-1.1189 -3.0
-1.11865 -3.4
-1.11841 -3.8
-1.11817 -4.2
-1.11792 -4.6
-1.11768 -4.9
-1.11743 -5.3
-1.11719 -5.7
-1.11695 -6.0
-1.1167 -6.4
-1.11646 -6.7
-1.11621 -7.0
-1.11597 -7.3
-1.11572 -7.6
-1.11548 -7.9
-1.11524 -8.1
-1.11499 -8.4
-1.11475 -8.6
-1.1145 -8.8
-1.11426 -9.0
-1.11402 -9.2
-1.11377 -9.4
-1.11353 -9.5
-1.11328 -9.7
-1.11304 -9.8
-1.11279 -9.9
-1.11255 -10.0
-1.11231 -10.1
-1.11206 -10.1
-1.11182 -10.1
-1.11157 -10.1
-1.11133 -10.1
-1.11109 -10.1
-1.11084 -10.1
-1.1106 -10.0
-1.11035 -9.9
-1.11011 -9.9
-1.10987 -9.7
-1.10962 -9.6
-1.10938 -9.5
-1.10913 -9.3
-1.10889 -9.1
-1.10864 -8.9
-1.1084 -8.7
-1.10816 -8.5
-1.10791 -8.3
-1.10767 -8.0
-1.10742 -7.7
-1.10718 -7.4
-1.10694 -7.1
-1.10669 -6.8
-1.10645 -6.5
-1.1062 -6.2
-1.10596 -5.8
-1.10571 -5.5
-1.10547 -5.1
-1.10523 -4.7
-1.10498 -4.4
-1.10474 -4.0
-1.10449 -3.6
-1.10425 -3.2
-1.10401 -2.7
-1.10376 -2.3
-1.10352 -1.9
-1.10327 -1.5
-1.10303 -1.1
-1.10279 -0.6
-1.10254 -0.2
-1.1023 0.2
-1.10205 0.6
-1.10181 1.1
-1.10156 1.5
-1.10132 1.9
-1.10108 2.3
-1.10083 2.8
-1.10059 3.2
-1.10034 3.6
-1.1001 4.0
-1.09986 4.4
-1.09961 4.8
-1.09937 5.1
-1.09912 5.5
-1.09888 5.9
-1.09863 6.2
-1.09839 6.5
-1.09815 6.9
-1.0979 7.2
-1.09766 7.5
-1.09741 7.8
-1.09717 8.0
-1.09693 8.3
-1.09668 8.5
-1.09644 8.8
-1.09619 9.0
-1.09595 9.2
-1.09571 9.3
-1.09546 9.5
-1.09522 9.7
-1.09497 9.8
-1.09473 9.9
-1.09448 10.0
-1.09424 10.1
-1.094 10.1
-1.09375 10.2
-1.09351 10.2
-1.09326 10.2
-1.09302 10.2
-1.09278 10.1
-1.09253 10.1
-1.09229 10.0
-1.09204 9.9
-1.0918 9.8
-1.09155 9.7
-1.09131 9.6
-1.09107 9.4
-1.09082 9.2
-1.09058 9.0
-1.09033 8.8
-1.09009 8.6
-1.08985 8.4
-1.0896 8.1
-1.08936 7.8
-1.08911 7.6
-1.08887 7.3
-1.08862 7.0
-1.08838 6.6
-1.08814 6.3
-1.08789 6.0
-1.08765 5.6
-1.0874 5.2
-1.08716 4.9
-1.08692 4.5
-1.08667 4.1
-1.08643 3.7
-1.08618 3.3
-1.08594 2.9
-1.0857 2.4
-1.08545 2.0
-1.08521 1.6
-1.08496 1.2
-1.08472 0.7
-1.08447 0.3
-1.08423 -0.1
-1.08399 -0.6
-1.08374 -1.0
-1.0835 -1.4
-1.08325 -1.9
-1.08301 -2.3
-1.08277 -2.7
-1.08252 -3.1
-1.08228 -3.5
-1.08203 -3.9
-1.08179 -4.3
-1.08154 -4.7
-1.0813 -5.1
-1.08106 -5.5
-1.08081 -5.8
-1.08057 -6.2
-1.08032 -6.5
-1.08008 -6.8
-1.07984 -7.2
-1.07959 -7.5
-1.07935 -7.8
-1.0791 -8.0
-1.07886 -8.3
-1.07862 -8.5
-1.07837 -8.8
-1.07813 -9.0
-1.07788 -9.2
-1.07764 -9.4
-1.07739 -9.5
-1.07715 -9.7
-1.07691 -9.8
-1.07666 -9.9
-1.07642 -10.0
-1.07617 -10.1
-1.07593 -10.2
-1.07569 -10.2
-1.07544 -10.2
-1.0752 -10.2
-1.07495 -10.2
-1.07471 -10.2
-1.07446 -10.1
-1.07422 -10.0
-1.07398 -10.0
-1.07373 -9.9
-1.07349 -9.7
-1.07324 -9.6
-1.073 -9.4
-1.07276 -9.2
-1.07251 -9.1
-1.07227 -8.8
-1.07202 -8.6
-1.07178 -8.4
-1.07154 -8.1
-1.07129 -7.8
-1.07105 -7.6
-1.0708 -7.3
-1.07056 -6.9
-1.07031 -6.6
-1.07007 -6.3
-1.06983 -5.9
-1.06958 -5.6
-1.06934 -5.2
-1.06909 -4.8
-1.06885 -4.4
-1.06861 -4.0
-1.06836 -3.6
-1.06812 -3.2
-1.06787 -2.8
-1.06763 -2.4
-1.06738 -1.9
-1.06714 -1.5
-1.0669 -1.1
-1.06665 -0.6
-1.06641 -0.2
-1.06616 0.2
-1.06592 0.7
-1.06568 1.1
-1.06543 1.5
-1.06519 2.0
-1.06494 2.4
-1.0647 2.8
-1.06446 3.2
-1.06421 3.6
-1.06397 4.1
-1.06372 4.4
-1.06348 4.8
-1.06323 5.2
-1.06299 5.6
-1.06275 6.0
-1.0625 6.3
-1.06226 6.6
-1.06201 7.0
-1.06177 7.3
-1.06153 7.6
-1.06128 7.9
-1.06104 8.2
-1.06079 8.4
-1.06055 8.7
-1.0603 8.9
-1.06006 9.1
-1.05982 9.3
-1.05957 9.5
-1.05933 9.6
-1.05908 9.8
-1.05884 9.9
-1.0586 10.0
-1.05835 10.1
-1.05811 10.2
-1.05786 10.2
-1.05762 10.2
-1.05737 10.3
-1.05713 10.3
-1.05689 10.2
-1.05664 10.2
-1.0564 10.1
-1.05615 10.0
-1.05591 9.9
-1.05567 9.8
-1.05542 9.7
-1.05518 9.5
-1.05493 9.4
-1.05469 9.2
-1.05445 9.0
-1.0542 8.8
-1.05396 8.5
-1.05371 8.3
-1.05347 8.0
-1.05322 7.7
-1.05298 7.4
-1.05274 7.1
-1.05249 6.8
-1.05225 6.5
-1.052 6.1
-1.05176 5.8
-1.05152 5.4
-1.05127 5.0
-1.05103 4.6
-1.05078 4.2
-1.05054 3.8
-1.05029 3.4
-1.05005 3.0
-1.04981 2.6
-1.04956 2.1
-1.04932 1.7
-1.04907 1.3
-1.04883 0.8
-1.04859 0.4
-1.04834 0.0
-1.0481 -0.5
-1.04785 -1.0
-1.04761 -1.4
-1.04737 -1.8
-1.04712 -2.3
-1.04688 -2.7
-1.04663 -3.1
-1.04639 -3.5
-1.04614 -3.9
-1.0459 -4.3
-1.04566 -4.7
-1.04541 -5.1
-1.04517 -5.5
-1.04492 -5.9
-1.04468 -6.2
-1.04444 -6.6
-1.04419 -6.9
-1.04395 -7.2
-1.0437 -7.5
-1.04346 -7.8
-1.04321 -8.1
-1.04297 -8.4
-1.04273 -8.6
-1.04248 -8.9
-1.04224 -9.1
-1.04199 -9.3
-1.04175 -9.5
-1.04151 -9.6
-1.04126 -9.8
-1.04102 -9.9
-1.04077 -10.0
-1.04053 -10.1
-1.04029 -10.2
-1.04004 -10.2
-1.0398 -10.3
-1.03955 -10.3
-1.03931 -10.3
-1.03906 -10.3
-1.03882 -10.2
-1.03858 -10.2
-1.03833 -10.1
-1.03809 -10.0
-1.03784 -9.9
-1.0376 -9.8
-1.03736 -9.6
-1.03711 -9.4
-1.03687 -9.2
-1.03662 -9.0
-1.03638 -8.8
-1.03613 -8.6
-1.03589 -8.3
-1.03565 -8.1
-1.0354 -7.8
-1.03516 -7.5
-1.03491 -7.2
-1.03467 -6.8
-1.03443 -6.5
-1.03418 -6.1
-1.03394 -5.8
-1.03369 -5.4
-1.03345 -5.0
-1.03321 -4.6
-1.03296 -4.2
-1.03272 -3.8
-1.03247 -3.4
-1.03223 -3.0
-1.03198 -2.5
-1.03174 -2.1
-1.0315 -1.7
-1.03125 -1.2
-1.03101 -0.8
-1.03076 -0.3
-1.03052 0.0
-1.03028 0.5
-1.03003 1.0
-1.02979 1.4
-1.02954 1.9
-1.0293 2.3
-1.02905 2.7
-1.02881 3.2
-1.02857 3.6
-1.02832 4.0
-1.02808 4.4
-1.02783 4.8
-1.02759 5.2
-1.02735 5.6
-1.0271 6.0
-1.02686 6.3
-1.02661 6.7
-1.02637 7.0
-1.02612 7.3
-1.02588 7.6
-1.02564 7.9
-1.02539 8.2
-1.02515 8.5
-1.0249 8.7
-1.02466 8.9
-1.02442 9.2
-1.02417 9.4
-1.02393 9.5
-1.02368 9.7
-1.02344 9.9
-1.0232 10.0
-1.02295 10.1
-1.02271 10.2
-1.02246 10.2
-1.02222 10.3
-1.02197 10.3
-1.02173 10.3
-1.02149 10.3
-1.02124 10.3
-1.021 10.3
-1.02075 10.2
-1.02051 10.1
-1.02027 10.0
-1.02002 9.9
-1.01978 9.7
-1.01953 9.6
-1.01929 9.4
-1.01904 9.2
-1.0188 9.0
-1.01856 8.8
-1.01831 8.5
-1.01807 8.3
-1.01782 8.0
-1.01758 7.7
-1.01734 7.4
-1.01709 7.1
-1.01685 6.7
-1.0166 6.4
-1.01636 6.0
-1.01612 5.6
-1.01587 5.3
-1.01563 4.9
-1.01538 4.5
-1.01514 4.1
-1.01489 3.6
-1.01465 3.2
-1.01441 2.8
-1.01416 2.4
-1.01392 1.9
-1.01367 1.5
-1.01343 1.0
-1.01319 0.6
-1.01294 0.1
-1.0127 -0.3
-1.01245 -0.8
-1.01221 -1.2
-1.01196 -1.7
-1.01172 -2.1
-1.01148 -2.5
-1.01123 -3.0
-1.01099 -3.4
-1.01074 -3.8
-1.0105 -4.3
-1.01026 -4.7
-1.01001 -5.1
-1.00977 -5.4
-1.00952 -5.8
-1.00928 -6.2
-1.00904 -6.5
-1.00879 -6.9
-1.00855 -7.2
-1.0083 -7.5
-1.00806 -7.8
-1.00781 -8.1
-1.00757 -8.4
-1.00733 -8.7
-1.00708 -8.9
-1.00684 -9.1
-1.00659 -9.3
-1.00635 -9.5
-1.00611 -9.7
-1.00586 -9.8
-1.00562 -10.0
-1.00537 -10.1
-1.00513 -10.2
-1.00488 -10.3
-1.00464 -10.3
-1.0044 -10.4
-1.00415 -10.4
-1.00391 -10.4
-1.00366 -10.4
-1.00342 -10.3
-1.00318 -10.3
-1.00293 -10.2
-1.00269 -10.1
-1.00244 -10.0
-1.0022 -9.8
-1.00196 -9.7
-1.00171 -9.5
-1.00147 -9.3
-1.00122 -9.1
-1.00098 -8.8
-1.00073 -8.6
-1.00049 -8.3
-1.00025 -8.1
-1.0 -7.8
-0.99976 -7.5
-0.99951 -7.1
-0.99927 -6.8
-0.99903 -6.5
-0.99878 -6.1
-0.99854 -5.7
-0.99829 -5.3
-0.99805 -4.9
-0.9978 -4.5
-0.99756 -4.1
-0.99732 -3.7
-0.99707 -3.3
-0.99683 -2.8
-0.99658 -2.4
-0.99634 -2.0
-0.9961 -1.5
-0.99585 -1.1
-0.99561 -0.6
-0.99536 -0.2
-0.99512 0.3
-0.99487 0.7
-0.99463 1.2
-0.99439 1.7
-0.99414 2.1
-0.9939 2.5
-0.99365 3.0
-0.99341 3.4
-0.99317 3.8
-0.99292 4.3
-0.99268 4.7
-0.99243 5.1
-0.99219 5.5
-0.99195 5.9
-0.9917 6.2
-0.99146 6.6
-0.99121 6.9
-0.99097 7.3
-0.99072 7.6
-0.99048 7.9
-0.99024 8.2
-0.98999 8.5
-0.98975 8.7
-0.9895 9.0
-0.98926 9.2
-0.98902 9.4
-0.98877 9.6
-0.98853 9.7
-0.98828 9.9
-0.98804 10.0
-0.98779 10.1
-0.98755 10.2
-0.98731 10.3
-0.98706 10.4
-0.98682 10.4
-0.98657 10.4
-0.98633 10.4
-0.98609 10.4
-0.98584 10.3
-0.9856 10.3
-0.98535 10.2
-0.98511 10.1
-0.98487 10.0
-0.98462 9.8
-0.98438 9.7
-0.98413 9.5
-0.98389 9.3
-0.98364 9.1
-0.9834 8.8
-0.98316 8.6
-0.98291 8.3
-0.98267 8.0
-0.98242 7.7
-0.98218 7.4
-0.98194 7.1
-0.98169 6.7
-0.98145 6.4
-0.9812 6.0
-0.98096 5.6
-0.98071 5.2
-0.98047 4.8
-0.98023 4.4
-0.97998 4.0
-0.97974 3.6
-0.97949 3.2
-0.97925 2.7
-0.97901 2.3
-0.97876 1.8
-0.97852 1.4
-0.97827 0.9
-0.97803 0.5
-0.97779 0.0
-0.97754 -0.5
-0.9773 -0.9
-0.97705 -1.4
-0.97681 -1.8
-0.97656 -2.3
-0.97632 -2.7
-0.97608 -3.2
-0.97583 -3.6
-0.97559 -4.0
-0.97534 -4.5
-0.9751 -4.9
-0.97486 -5.3
-0.97461 -5.7
-0.97437 -6.0
-0.97412 -6.4
-0.97388 -6.8
-0.97363 -7.1
-0.97339 -7.4
-0.97315 -7.8
-0.9729 -8.1
-0.97266 -8.3
-0.97241 -8.6
-0.97217 -8.9
-0.97193 -9.1
-0.97168 -9.3
-0.97144 -9.5
-0.97119 -9.7
-0.97095 -9.9
-0.97071 -10.0
-0.97046 -10.1
-0.97022 -10.2
-0.96997 -10.3
-0.96973 -10.4
-0.96948 -10.4
-0.96924 -10.5
-0.969 -10.5
-0.96875 -10.4
-0.96851 -10.4
-0.96826 -10.3
-0.96802 -10.3
-0.96778 -10.2
-0.96753 -10.1
-0.96729 -9.9
-0.96704 -9.8
-0.9668 -9.6
-0.96655 -9.4
-0.96631 -9.2
-0.96607 -8.9
-0.96582 -8.7
-0.96558 -8.4
-0.96533 -8.2
-0.96509 -7.9
-0.96485 -7.5
-0.9646 -7.2
-0.96436 -6.9
-0.96411 -6.5
-0.96387 -6.1
-0.96362 -5.8
-0.96338 -5.4
-0.96314 -5.0
-0.96289 -4.6
-0.96265 -4.1
-0.9624 -3.7
-0.96216 -3.3
-0.96192 -2.8
-0.96167 -2.4
-0.96143 -1.9
-0.96118 -1.5
-0.96094 -1.0
-0.9607 -0.5
-0.96045 0.0
-0.96021 0.4
-0.95996 0.8
-0.95972 1.3
-0.95947 1.8
-0.95923 2.2
-0.95899 2.7
-0.95874 3.1
-0.9585 3.6
-0.95825 4.0
-0.95801 4.4
-0.95777 4.8
-0.95752 5.2
-0.95728 5.6
-0.95703 6.0
-0.95679 6.4
-0.95654 6.8
-0.9563 7.1
-0.95606 7.4
-0.95581 7.8
-0.95557 8.1
-0.95532 8.4
-0.95508 8.6
-0.95484 8.9
-0.95459 9.1
-0.95435 9.4
-0.9541 9.6
-0.95386 9.7
-0.95362 9.9
-0.95337 10.0
-0.95313 10.2
-0.95288 10.3
-0.95264 10.4
-0.95239 10.4
-0.95215 10.5
-0.95191 10.5
-0.95166 10.5
-0.95142 10.5
-0.95117 10.4
-0.95093 10.4
-0.95069 10.3
-0.95044 10.2
-0.9502 10.1
-0.94995 9.9
-0.94971 9.8
-0.94946 9.6
-0.94922 9.4
-0.94898 9.2
-0.94873 9.0
-0.94849 8.7
-0.94824 8.4
-0.948 8.2
-0.94776 7.8
-0.94751 7.5
-0.94727 7.2
-0.94702 6.9
-0.94678 6.5
-0.94654 6.1
-0.94629 5.7
-0.94605 5.3
-0.9458 4.9
-0.94556 4.5
-0.94531 4.1
-0.94507 3.6
-0.94483 3.2
-0.94458 2.8
-0.94434 2.3
-0.94409 1.8
-0.94385 1.4
-0.94361 0.9
-0.94336 0.4
-0.94312 0.0
-0.94287 -0.5
-0.94263 -1.0
-0.94238 -1.4
-0.94214 -1.9
-0.9419 -2.3
-0.94165 -2.8
-0.94141 -3.3
-0.94116 -3.7
-0.94092 -4.1
-0.94068 -4.6
-0.94043 -5.0
-0.94019 -5.4
-0.93994 -5.8
-0.9397 -6.2
-0.93946 -6.5
-0.93921 -6.9
-0.93897 -7.3
-0.93872 -7.6
-0.93848 -7.9
-0.93823 -8.2
-0.93799 -8.5
-0.93775 -8.8
-0.9375 -9.0
-0.93726 -9.3
-0.93701 -9.5
-0.93677 -9.7
-0.93653 -9.8
-0.93628 -10.0
-0.93604 -10.1
-0.93579 -10.3
-0.93555 -10.4
-0.9353 -10.4
-0.93506 -10.5
-0.93482 -10.5
-0.93457 -10.5
-0.93433 -10.5
-0.93408 -10.5
-0.93384 -10.5
-0.9336 -10.4
-0.93335 -10.3
-0.93311 -10.2
-0.93286 -10.1
-0.93262 -9.9
-0.93237 -9.7
-0.93213 -9.5
-0.93189 -9.3
-0.93164 -9.1
-0.9314 -8.9
-0.93115 -8.6
-0.93091 -8.3
-0.93067 -8.0
-0.93042 -7.7
-0.93018 -7.4
-0.92993 -7.0
-0.92969 -6.7
-0.92945 -6.3
-0.9292 -5.9
-0.92896 -5.5
-0.92871 -5.1
-0.92847 -4.7
-0.92822 -4.3
-0.92798 -3.8
-0.92774 -3.4
-0.92749 -2.9
-0.92725 -2.5
-0.927 -2.0
-0.92676 -1.5
-0.92652 -1.1
-0.92627 -0.6
-0.92603 -0.1
-0.92578 0.3
-0.92554 0.8
-0.92529 1.3
-0.92505 1.8
-0.92481 2.2
-0.92456 2.7
-0.92432 3.1
-0.92407 3.6
-0.92383 4.0
-0.92359 4.5
-0.92334 4.9
-0.9231 5.3
-0.92285 5.7
-0.92261 6.1
-0.92237 6.5
-0.92212 6.9
-0.92188 7.2
-0.92163 7.6
-0.92139 7.9
-0.92114 8.2
-0.9209 8.5
-0.92066 8.8
-0.92041 9.0
-0.92017 9.3
-0.91992 9.5
-0.91968 9.7
-0.91944 9.9
-0.91919 10.0
-0.91895 10.2
-0.9187 10.3
-0.91846 10.4
-0.91821 10.5
-0.91797 10.5
-0.91773 10.6
-0.91748 10.6
-0.91724 10.6
-0.91699 10.6
-0.91675 10.5
-0.91651 10.4
-0.91626 10.4
-0.91602 10.2
-0.91577 10.1
-0.91553 10.0
-0.91529 9.8
-0.91504 9.6
-0.9148 9.4
-0.91455 9.2
-0.91431 8.9
-0.91406 8.6
-0.91382 8.4
-0.91358 8.1
-0.91333 7.7
-0.91309 7.4
-0.91284 7.1
-0.9126 6.7
-0.91236 6.3
-0.91211 5.9
-0.91187 5.5
-0.91162 5.1
-0.91138 4.7
-0.91113 4.3
-0.91089 3.8
-0.91065 3.4
-0.9104 2.9
-0.91016 2.4
-0.90991 2.0
-0.90967 1.5
-0.90943 1.0
-0.90918 0.5
-0.90894 0.0
-0.90869 -0.4
-0.90845 -0.9
-0.90821 -1.4
-0.90796 -1.8
-0.90772 -2.3
-0.90747 -2.8
-0.90723 -3.2
-0.90698 -3.7
-0.90674 -4.1
-0.9065 -4.6
-0.90625 -5.0
-0.90601 -5.4
-0.90576 -5.8
-0.90552 -6.2
-0.90528 -6.6
-0.90503 -7.0
-0.90479 -7.3
-0.90454 -7.7
-0.9043 -8.0
-0.90405 -8.3
-0.90381 -8.6
-0.90357 -8.9
-0.90332 -9.1
-0.90308 -9.4
-0.90283 -9.6
-0.90259 -9.8
-0.90235 -10.0
-0.9021 -10.1
-0.90186 -10.3
-0.90161 -10.4
-0.90137 -10.5
-0.90112 -10.5
-0.90088 -10.6
-0.90064 -10.6
-0.90039 -10.6
-0.90015 -10.6
-0.8999 -10.6
-0.89966 -10.5
-0.89942 -10.5
-0.89917 -10.4
-0.89893 -10.2
-0.89868 -10.1
-0.89844 -9.9
-0.8982 -9.8
-0.89795 -9.6
-0.89771 -9.3
-0.89746 -9.1
-0.89722 -8.8
-0.89697 -8.6
-0.89673 -8.3
-0.89649 -7.9
-0.89624 -7.6
-0.896 -7.3
-0.89575 -6.9
-0.89551 -6.5
-0.89527 -6.2
-0.89502 -5.8
-0.89478 -5.3
-0.89453 -4.9
-0.89429 -4.5
-0.89404 -4.0
-0.8938 -3.6
-0.89356 -3.1
-0.89331 -2.7
-0.89307 -2.2
-0.89282 -1.7
-0.89258 -1.2
-0.89234 -0.8
-0.89209 -0.3
-0.89185 0.2
-0.8916 0.7
-0.89136 1.2
-0.89112 1.6
-0.89087 2.1
-0.89063 2.6
-0.89038 3.1
-0.89014 3.5
-0.88989 4.0
-0.88965 4.4
-0.88941 4.9
-0.88916 5.3
-0.88892 5.7
-0.88867 6.1
-0.88843 6.5
-0.88819 6.9
-0.88794 7.2
-0.8877 7.6
-0.88745 7.9
-0.88721 8.2
-0.88696 8.5
-0.88672 8.8
-0.88648 9.1
-0.88623 9.3
-0.88599 9.6
-0.88574 9.8
-0.8855 10.0
-0.88526 10.1
-0.88501 10.3
-0.88477 10.4
-0.88452 10.5
-0.88428 10.6
-0.88404 10.6
-0.88379 10.7
-0.88355 10.7
-0.8833 10.7
-0.88306 10.6
-0.88281 10.6
-0.88257 10.5
-0.88233 10.4
-0.88208 10.3
-0.88184 10.2
-0.88159 10.0
-0.88135 9.8
-0.88111 9.6
-0.88086 9.4
-0.88062 9.2
-0.88037 8.9
-0.88013 8.6
-0.87988 8.3
-0.87964 8.0
-0.8794 7.7
-0.87915 7.3
-0.87891 7.0
-0.87866 6.6
-0.87842 6.2
-0.87818 5.8
-0.87793 5.4
-0.87769 5.0
-0.87744 4.5
-0.8772 4.1
-0.87696 3.6
-0.87671 3.2
-0.87647 2.7
-0.87622 2.2
-0.87598 1.7
-0.87573 1.2
-0.87549 0.8
-0.87525 0.3
-0.875 -0.2
-0.87476 -0.7
-0.87451 -1.2
-0.87427 -1.7
-0.87403 -2.2
-0.87378 -2.6
-0.87354 -3.1
-0.87329 -3.6
-0.87305 -4.0
-0.8728 -4.5
-0.87256 -4.9
-0.87232 -5.3
-0.87207 -5.8
-0.87183 -6.2
-0.87158 -6.6
-0.87134 -6.9
-0.8711 -7.3
-0.87085 -7.7
-0.87061 -8.0
-0.87036 -8.3
-0.87012 -8.6
-0.86987 -8.9
-0.86963 -9.2
-0.86939 -9.4
-0.86914 -9.6
-0.8689 -9.8
-0.86865 -10.0
-0.86841 -10.2
-0.86817 -10.3
-0.86792 -10.5
-0.86768 -10.6
-0.86743 -10.6
-0.86719 -10.7
-0.86695 -10.7
-0.8667 -10.7
-0.86646 -10.7
-0.86621 -10.7
-0.86597 -10.6
-0.86572 -10.5
-0.86548 -10.4
-0.86524 -10.3
-0.86499 -10.2
-0.86475 -10.0
-0.8645 -9.8
-0.86426 -9.6
-0.86402 -9.4
-0.86377 -9.1
-0.86353 -8.8
-0.86328 -8.6
-0.86304 -8.3
-0.86279 -7.9
-0.86255 -7.6
-0.86231 -7.2
-0.86206 -6.9
-0.86182 -6.5
-0.86157 -6.1
-0.86133 -5.7
-0.86109 -5.2
-0.86084 -4.8
-0.8606 -4.4
-0.86035 -3.9
-0.86011 -3.4
-0.85987 -3.0
-0.85962 -2.5
-0.85938 -2.0
-0.85913 -1.5
-0.85889 -1.0
-0.85864 -0.5
-0.8584 0.0
-0.85816 0.4
-0.85791 0.9
-0.85767 1.4
-0.85742 1.9
-0.85718 2.4
-0.85694 2.9
-0.85669 3.4
-0.85645 3.8
-0.8562 4.3
-0.85596 4.7
-0.85571 5.2
-0.85547 5.6
-0.85523 6.0
-0.85498 6.4
-0.85474 6.8
-0.85449 7.2
-0.85425 7.5
-0.85401 7.9
-0.85376 8.2
-0.85352 8.5
-0.85327 8.8
-0.85303 9.1
-0.85279 9.4
-0.85254 9.6
-0.8523 9.8
-0.85205 10.0
-0.85181 10.2
-0.85156 10.3
-0.85132 10.5
-0.85108 10.6
-0.85083 10.6
-0.85059 10.7
-0.85034 10.8
-0.8501 10.8
-0.84986 10.8
-0.84961 10.7
-0.84937 10.7
-0.84912 10.6
-0.84888 10.5
-0.84863 10.4
-0.84839 10.2
-0.84815 10.1
-0.8479 9.9
-0.84766 9.7
-0.84741 9.5
-0.84717 9.2
-0.84693 8.9
-0.84668 8.7
-0.84644 8.4
-0.84619 8.0
-0.84595 7.7
-0.84571 7.3
-0.84546 7.0
-0.84522 6.6
-0.84497 6.2
-0.84473 5.8
-0.84448 5.3
-0.84424 4.9
-0.844 4.4
-0.84375 4.0
-0.84351 3.5
-0.84326 3.0
-0.84302 2.6
-0.84278 2.1
-0.84253 1.6
-0.84229 1.1
-0.84204 0.6
-0.8418 0.0
-0.84155 -0.4
-0.84131 -0.9
-0.84107 -1.4
-0.84082 -1.9
-0.84058 -2.4
-0.84033 -2.9
-0.84009 -3.4
-0.83985 -3.8
-0.8396 -4.3
-0.83936 -4.7
-0.83911 -5.2
-0.83887 -5.6
-0.83862 -6.0
-0.83838 -6.5
-0.83814 -6.8
-0.83789 -7.2
-0.83765 -7.6
-0.8374 -7.9
-0.83716 -8.3
-0.83692 -8.6
-0.83667 -8.9
-0.83643 -9.2
-0.83618 -9.4
-0.83594 -9.7
-0.8357 -9.9
-0.83545 -10.1
-0.83521 -10.2
-0.83496 -10.4
-0.83472 -10.5
-0.83447 -10.6
-0.83423 -10.7
-0.83399 -10.8
-0.83374 -10.8
-0.8335 -10.8
-0.83325 -10.8
-0.83301 -10.8
-0.83277 -10.7
-0.83252 -10.6
-0.83228 -10.5
-0.83203 -10.4
-0.83179 -10.3
-0.83154 -10.1
-0.8313 -9.9
-0.83106 -9.7
-0.83081 -9.5
-0.83057 -9.2
-0.83032 -8.9
-0.83008 -8.6
-0.82984 -8.3
-0.82959 -8.0
-0.82935 -7.6
-0.8291 -7.3
-0.82886 -6.9
-0.82862 -6.5
-0.82837 -6.1
-0.82813 -5.7
-0.82788 -5.2
-0.82764 -4.8
-0.82739 -4.3
-0.82715 -3.9
-0.82691 -3.4
-0.82666 -2.9
-0.82642 -2.4
-0.82617 -1.9
-0.82593 -1.4
-0.82569 -0.9
-0.82544 -0.4
-0.8252 0.0
-0.82495 0.6
-0.82471 1.1
-0.82446 1.6
-0.82422 2.1
-0.82398 2.6
-0.82373 3.1
-0.82349 3.6
-0.82324 4.0
-0.823 4.5
-0.82276 5.0
-0.82251 5.4
-0.82227 5.8
-0.82202 6.3
-0.82178 6.7
-0.82154 7.1
-0.82129 7.4
-0.82105 7.8
-0.8208 8.1
-0.82056 8.5
-0.82031 8.8
-0.82007 9.1
-0.81983 9.3
-0.81958 9.6
-0.81934 9.8
-0.81909 10.0
-0.81885 10.2
-0.81861 10.4
-0.81836 10.5
-0.81812 10.6
-0.81787 10.7
-0.81763 10.8
-0.81738 10.8
-0.81714 10.9
-0.8169 10.9
-0.81665 10.8
-0.81641 10.8
-0.81616 10.7
-0.81592 10.6
-0.81568 10.5
-0.81543 10.4
-0.81519 10.2
-0.81494 10.0
-0.8147 9.8
-0.81446 9.6
-0.81421 9.3
-0.81397 9.1
-0.81372 8.8
-0.81348 8.5
-0.81323 8.1
-0.81299 7.8
-0.81275 7.4
-0.8125 7.0
-0.81226 6.6
-0.81201 6.2
-0.81177 5.8
-0.81153 5.4
-0.81128 4.9
-0.81104 4.5
-0.81079 4.0
-0.81055 3.5
-0.8103 3.0
-0.81006 2.5
-0.80982 2.0
-0.80957 1.5
-0.80933 1.0
-0.80908 0.5
-0.80884 0.0
-0.8086 -0.5
-0.80835 -1.0
-0.80811 -1.5
-0.80786 -2.0
-0.80762 -2.5
-0.80737 -3.0
-0.80713 -3.5
-0.80689 -4.0
-0.80664 -4.5
-0.8064 -4.9
-0.80615 -5.4
-0.80591 -5.8
-0.80567 -6.3
-0.80542 -6.7
-0.80518 -7.1
-0.80493 -7.4
-0.80469 -7.8
-0.80445 -8.2
-0.8042 -8.5
-0.80396 -8.8
-0.80371 -9.1
-0.80347 -9.4
-0.80322 -9.6
-0.80298 -9.9
-0.80274 -10.1
-0.80249 -10.3
-0.80225 -10.4
-0.802 -10.6
-0.80176 -10.7
-0.80152 -10.8
-0.80127 -10.8
-0.80103 -10.9
-0.80078 -10.9
-0.80054 -10.9
-0.80029 -10.9
-0.80005 -10.8
-0.79981 -10.8
-0.79956 -10.7
-0.79932 -10.5
-0.79907 -10.4
-0.79883 -10.2
-0.79859 -10.0
-0.79834 -9.8
-0.7981 -9.6
-0.79785 -9.3
-0.79761 -9.1
-0.79737 -8.8
-0.79712 -8.4
-0.79688 -8.1
-0.79663 -7.7
-0.79639 -7.4
-0.79614 -7.0
-0.7959 -6.6
-0.79566 -6.2
-0.79541 -5.7
-0.79517 -5.3
-0.79492 -4.8
-0.79468 -4.4
-0.79444 -3.9
-0.79419 -3.4
-0.79395 -2.9
-0.7937 -2.4
-0.79346 -1.9
-0.79321 -1.4
-0.79297 -0.9
-0.79273 -0.4
-0.79248 0.2
-0.79224 0.7
-0.79199 1.2
-0.79175 1.7
-0.79151 2.2
-0.79126 2.7
-0.79102 3.2
-0.79077 3.7
-0.79053 4.2
-0.79029 4.7
-0.79004 5.1
-0.7898 5.6
-0.78955 6.0
-0.78931 6.4
-0.78906 6.9
-0.78882 7.3
-0.78858 7.6
-0.78833 8.0
-0.78809 8.3
-0.78784 8.7
-0.7876 9.0
-0.78736 9.3
-0.78711 9.5
-0.78687 9.8
-0.78662 10.0
-0.78638 10.2
-0.78613 10.4
-0.78589 10.5
-0.78565 10.7
-0.7854 10.8
-0.78516 10.9
-0.78491 10.9
-0.78467 11.0
-0.78443 11.0
-0.78418 10.9
-0.78394 10.9
-0.78369 10.8
-0.78345 10.8
-0.78321 10.6
-0.78296 10.5
-0.78272 10.3
-0.78247 10.2
-0.78223 10.0
-0.78198 9.7
-0.78174 9.5
-0.7815 9.2
-0.78125 8.9
-0.78101 8.6
-0.78076 8.3
-0.78052 7.9
-0.78028 7.5
-0.78003 7.2
-0.77979 6.8
-0.77954 6.3
-0.7793 5.9
-0.77905 5.5
-0.77881 5.0
-0.77857 4.5
-0.77832 4.1
-0.77808 3.6
-0.77783 3.1
-0.77759 2.6
-0.77735 2.0
-0.7771 1.5
-0.77686 1.0
-0.77661 0.5
-0.77637 0.0
-0.77612 -0.6
-0.77588 -1.1
-0.77564 -1.6
-0.77539 -2.1
-0.77515 -2.6
-0.7749 -3.1
-0.77466 -3.6
-0.77442 -4.1
-0.77417 -4.6
-0.77393 -5.1
-0.77368 -5.5
-0.77344 -6.0
-0.7732 -6.4
-0.77295 -6.8
-0.77271 -7.2
-0.77246 -7.6
-0.77222 -8.0
-0.77197 -8.3
-0.77173 -8.7
-0.77149 -9.0
-0.77124 -9.3
-0.771 -9.5
-0.77075 -9.8
-0.77051 -10.0
-0.77027 -10.2
-0.77002 -10.4
-0.76978 -10.6
-0.76953 -10.7
-0.76929 -10.8
-0.76904 -10.9
-0.7688 -11.0
-0.76856 -11.0
-0.76831 -11.0
-0.76807 -11.0
-0.76782 -11.0
-0.76758 -10.9
-0.76734 -10.8
-0.76709 -10.7
-0.76685 -10.6
-0.7666 -10.4
-0.76636 -10.2
-0.76612 -10.0
-0.76587 -9.8
-0.76563 -9.5
-0.76538 -9.2
-0.76514 -8.9
-0.76489 -8.6
-0.76465 -8.3
-0.76441 -7.9
-0.76416 -7.5
-0.76392 -7.1
-0.76367 -6.7
-0.76343 -6.3
-0.76319 -5.9
-0.76294 -5.4
-0.7627 -5.0
-0.76245 -4.5
-0.76221 -4.0
-0.76196 -3.5
-0.76172 -3.0
-0.76148 -2.5
-0.76123 -2.0
-0.76099 -1.4
-0.76074 -0.9
-0.7605 -0.4
-0.76026 0.1
-0.76001 0.7
-0.75977 1.2
-0.75952 1.7
-0.75928 2.2
-0.75904 2.8
-0.75879 3.3
-0.75855 3.8
-0.7583 4.3
-0.75806 4.7
-0.75781 5.2
-0.75757 5.7
-0.75733 6.1
-0.75708 6.6
-0.75684 7.0
-0.75659 7.4
-0.75635 7.8
-0.75611 8.1
-0.75586 8.5
-0.75562 8.8
-0.75537 9.1
-0.75513 9.4
-0.75488 9.7
-0.75464 9.9
-0.7544 10.2
-0.75415 10.4
-0.75391 10.5
-0.75366 10.7
-0.75342 10.8
-0.75318 10.9
-0.75293 11.0
-0.75269 11.0
-0.75244 11.1
-0.7522 11.1
-0.75196 11.0
-0.75171 11.0
-0.75147 10.9
-0.75122 10.8
-0.75098 10.7
-0.75073 10.5
-0.75049 10.3
-0.75025 10.1
-0.75 9.9
-0.74976 9.7
-0.74951 9.4
-0.74927 9.1
-0.74903 8.8
-0.74878 8.5
-0.74854 8.1
-0.74829 7.7
-0.74805 7.4
-0.7478 6.9
-0.74756 6.5
-0.74732 6.1
-0.74707 5.6
-0.74683 5.2
-0.74658 4.7
-0.74634 4.2
-0.7461 3.7
-0.74585 3.2
-0.74561 2.7
-0.74536 2.2
-0.74512 1.6
-0.74487 1.1
-0.74463 0.6
-0.74439 0.0
-0.74414 -0.5
-0.7439 -1.0
-0.74365 -1.6
-0.74341 -2.1
-0.74317 -2.6
-0.74292 -3.1
-0.74268 -3.7
-0.74243 -4.2
-0.74219 -4.7
-0.74195 -5.1
-0.7417 -5.6
-0.74146 -6.1
-0.74121 -6.5
-0.74097 -6.9
-0.74072 -7.3
-0.74048 -7.7
-0.74024 -8.1
-0.73999 -8.5
-0.73975 -8.8
-0.7395 -9.1
-0.73926 -9.4
-0.73902 -9.7
-0.73877 -9.9
-0.73853 -10.2
-0.73828 -10.4
-0.73804 -10.6
-0.73779 -10.7
-0.73755 -10.8
-0.73731 -11.0
-0.73706 -11.0
-0.73682 -11.1
-0.73657 -11.1
-0.73633 -11.1
-0.73609 -11.1
-0.73584 -11.0
-0.7356 -11.0
-0.73535 -10.9
-0.73511 -10.7
-0.73487 -10.6
-0.73462 -10.4
-0.73438 -10.2
-0.73413 -10.0
-0.73389 -9.7
-0.73364 -9.4
-0.7334 -9.2
-0.73316 -8.8
-0.73291 -8.5
-0.73267 -8.1
-0.73242 -7.8
-0.73218 -7.4
-0.73194 -7.0
-0.73169 -6.5
-0.73145 -6.1
-0.7312 -5.6
-0.73096 -5.1
-0.73071 -4.7
-0.73047 -4.2
-0.73023 -3.7
-0.72998 -3.1
-0.72974 -2.6
-0.72949 -2.1
-0.72925 -1.6
-0.72901 -1.0
-0.72876 -0.5
-0.72852 0.0
-0.72827 0.6
-0.72803 1.1
-0.72779 1.7
-0.72754 2.2
-0.7273 2.7
-0.72705 3.3
-0.72681 3.8
-0.72656 4.3
-0.72632 4.8
-0.72608 5.3
-0.72583 5.7
-0.72559 6.2
-0.72534 6.6
-0.7251 7.1
-0.72486 7.5
-0.72461 7.9
-0.72437 8.3
-0.72412 8.6
-0.72388 8.9
-0.72363 9.3
-0.72339 9.6
-0.72315 9.8
-0.7229 10.1
-0.72266 10.3
-0.72241 10.5
-0.72217 10.7
-0.72193 10.8
-0.72168 10.9
-0.72144 11.0
-0.72119 11.1
-0.72095 11.2
-0.72071 11.2
-0.72046 11.2
-0.72022 11.1
-0.71997 11.1
-0.71973 11.0
-0.71948 10.9
-0.71924 10.7
-0.719 10.6
-0.71875 10.4
-0.71851 10.1
-0.71826 9.9
-0.71802 9.6
-0.71778 9.4
-0.71753 9.0
-0.71729 8.7
-0.71704 8.4
-0.7168 8.0
-0.71655 7.6
-0.71631 7.2
-0.71607 6.8
-0.71582 6.3
-0.71558 5.9
-0.71533 5.4
-0.71509 4.9
-0.71485 4.4
-0.7146 3.9
-0.71436 3.4
-0.71411 2.9
-0.71387 2.3
-0.71362 1.8
-0.71338 1.2
-0.71314 0.7
-0.71289 0.1
-0.71265 -0.4
-0.7124 -1.0
-0.71216 -1.5
-0.71192 -2.0
-0.71167 -2.6
-0.71143 -3.1
-0.71118 -3.6
-0.71094 -4.1
-0.7107 -4.7
-0.71045 -5.1
-0.71021 -5.6
-0.70996 -6.1
-0.70972 -6.6
-0.70947 -7.0
-0.70923 -7.4
-0.70899 -7.8
-0.70874 -8.2
-0.7085 -8.6
-0.70825 -8.9
-0.70801 -9.2
-0.70777 -9.5
-0.70752 -9.8
-0.70728 -10.1
-0.70703 -10.3
-0.70679 -10.5
-0.70654 -10.7
-0.7063 -10.8
-0.70606 -11.0
-0.70581 -11.1
-0.70557 -11.2
-0.70532 -11.2
-0.70508 -11.2
-0.70484 -11.2
-0.70459 -11.2
-0.70435 -11.1
-0.7041 -11.0
-0.70386 -10.9
-0.70362 -10.8
-0.70337 -10.6
-0.70313 -10.4
-0.70288 -10.2
-0.70264 -10.0
-0.70239 -9.7
-0.70215 -9.4
-0.70191 -9.1
-0.70166 -8.8
-0.70142 -8.4
-0.70117 -8.0
-0.70093 -7.6
-0.70069 -7.2
-0.70044 -6.8
-0.7002 -6.3
-0.69995 -5.9
-0.69971 -5.4
-0.69946 -4.9
-0.69922 -4.4
-0.69898 -3.9
-0.69873 -3.4
-0.69849 -2.8
-0.69824 -2.3
-0.698 -1.7
-0.69776 -1.2
-0.69751 -0.6
-0.69727 0.0
-0.69702 0.5
-0.69678 1.0
-0.69654 1.6
-0.69629 2.1
-0.69605 2.7
-0.6958 3.2
-0.69556 3.7
-0.69531 4.3
-0.69507 4.8
-0.69483 5.3
-0.69458 5.7
-0.69434 6.2
-0.69409 6.7
-0.69385 7.1
-0.69361 7.5
-0.69336 7.9
-0.69312 8.3
-0.69287 8.7
-0.69263 9.0
-0.69238 9.4
-0.69214 9.7
-0.6919 9.9
-0.69165 10.2
-0.69141 10.4
-0.69116 10.6
-0.69092 10.8
-0.69068 10.9
-0.69043 11.1
-0.69019 11.2
-0.68994 11.2
-0.6897 11.3
-0.68946 11.3
-0.68921 11.3
-0.68897 11.2
-0.68872 11.1
-0.68848 11.1
-0.68823 10.9
-0.68799 10.8
-0.68775 10.6
-0.6875 10.4
-0.68726 10.2
-0.68701 9.9
-0.68677 9.6
-0.68653 9.3
-0.68628 9.0
-0.68604 8.7
-0.68579 8.3
-0.68555 7.9
-0.6853 7.5
-0.68506 7.1
-0.68482 6.6
-0.68457 6.1
-0.68433 5.7
-0.68408 5.2
-0.68384 4.7
-0.6836 4.2
-0.68335 3.6
-0.68311 3.1
-0.68286 2.5
-0.68262 2.0
-0.68237 1.4
-0.68213 0.9
-0.68189 0.3
-0.68164 -0.2
-0.6814 -0.8
-0.68115 -1.4
-0.68091 -1.9
-0.68067 -2.5
-0.68042 -3.0
-0.68018 -3.6
-0.67993 -4.1
-0.67969 -4.6
-0.67945 -5.1
-0.6792 -5.6
-0.67896 -6.1
-0.67871 -6.6
-0.67847 -7.0
-0.67822 -7.4
-0.67798 -7.9
-0.67774 -8.3
-0.67749 -8.6
-0.67725 -9.0
-0.677 -9.3
-0.67676 -9.6
-0.67652 -9.9
-0.67627 -10.2
-0.67603 -10.4
-0.67578 -10.6
-0.67554 -10.8
-0.67529 -11.0
-0.67505 -11.1
-0.67481 -11.2
-0.67456 -11.3
-0.67432 -11.3
-0.67407 -11.3
-0.67383 -11.3
-0.67359 -11.3
-0.67334 -11.2
-0.6731 -11.1
-0.67285 -11.0
-0.67261 -10.9
-0.67237 -10.7
-0.67212 -10.5
-0.67188 -10.2
-0.67163 -10.0
-0.67139 -9.7
-0.67114 -9.4
-0.6709 -9.1
-0.67066 -8.7
-0.67041 -8.3
-0.67017 -8.0
-0.66992 -7.5
-0.66968 -7.1
-0.66944 -6.7
-0.66919 -6.2
-0.66895 -5.7
-0.6687 -5.2
-0.66846 -4.7
-0.66821 -4.2
-0.66797 -3.6
-0.66773 -3.1
-0.66748 -2.5
-0.66724 -2.0
-0.66699 -1.4
-0.66675 -0.9
-0.66651 -0.3
-0.66626 0.3
-0.66602 0.8
-0.66577 1.4
-0.66553 2.0
-0.66529 2.5
-0.66504 3.1
-0.6648 3.6
-0.66455 4.2
-0.66431 4.7
-0.66406 5.2
-0.66382 5.7
-0.66358 6.2
-0.66333 6.7
-0.66309 7.1
-0.66284 7.6
-0.6626 8.0
-0.66236 8.4
-0.66211 8.8
-0.66187 9.1
-0.66162 9.4
-0.66138 9.7
-0.66113 10.0
-0.66089 10.3
-0.66065 10.5
-0.6604 10.7
-0.66016 10.9
-0.65991 11.1
-0.65967 11.2
-0.65943 11.3
-0.65918 11.3
-0.65894 11.4
-0.65869 11.4
-0.65845 11.4
-0.65821 11.3
-0.65796 11.2
-0.65772 11.1
-0.65747 11.0
-0.65723 10.8
-0.65698 10.7
-0.65674 10.4
-0.6565 10.2
-0.65625 9.9
-0.65601 9.6
-0.65576 9.3
-0.65552 9.0
-0.65528 8.6
-0.65503 8.2
-0.65479 7.8
-0.65454 7.4
-0.6543 6.9
-0.65405 6.5
-0.65381 6.0
-0.65357 5.5
-0.65332 5.0
-0.65308 4.5
-0.65283 3.9
-0.65259 3.4
-0.65235 2.8
-0.6521 2.3
-0.65186 1.7
-0.65161 1.1
-0.65137 0.6
-0.65112 0.0
-0.65088 -0.6
-0.65064 -1.2
-0.65039 -1.7
-0.65015 -2.3
-0.6499 -2.9
-0.64966 -3.4
-0.64942 -4.0
-0.64917 -4.5
-0.64893 -5.0
-0.64868 -5.6
-0.64844 -6.1
-0.6482 -6.5
-0.64795 -7.0
-0.64771 -7.5
-0.64746 -7.9
-0.64722 -8.3
-0.64697 -8.7
-0.64673 -9.0
-0.64649 -9.4
-0.64624 -9.7
-0.646 -10.0
-0.64575 -10.3
-0.64551 -10.5
-0.64527 -10.7
-0.64502 -10.9
-0.64478 -11.1
-0.64453 -11.2
-0.64429 -11.3
-0.64404 -11.4
-0.6438 -11.4
-0.64356 -11.4
-0.64331 -11.4
-0.64307 -11.4
-0.64282 -11.3
-0.64258 -11.2
-0.64234 -11.1
-0.64209 -10.9
-0.64185 -10.7
-0.6416 -10.5
-0.64136 -10.3
-0.64112 -10.0
-0.64087 -9.7
-0.64063 -9.4
-0.64038 -9.1
-0.64014 -8.7
-0.63989 -8.3
-0.63965 -7.9
-0.63941 -7.5
-0.63916 -7.0
-0.63892 -6.5
-0.63867 -6.0
-0.63843 -5.5
-0.63819 -5.0
-0.63794 -4.5
-0.6377 -4.0
-0.63745 -3.4
-0.63721 -2.8
-0.63696 -2.3
-0.63672 -1.7
-0.63648 -1.1
-0.63623 -0.5
-0.63599 0.0
-0.63574 0.6
-0.6355 1.2
-0.63526 1.8
-0.63501 2.4
-0.63477 2.9
-0.63452 3.5
-0.63428 4.1
-0.63404 4.6
-0.63379 5.1
-0.63355 5.6
-0.6333 6.1
-0.63306 6.6
-0.63281 7.1
-0.63257 7.6
-0.63233 8.0
-0.63208 8.4
-0.63184 8.8
-0.63159 9.2
-0.63135 9.5
-0.63111 9.8
-0.63086 10.1
-0.63062 10.4
-0.63037 10.6
-0.63013 10.8
-0.62988 11.0
-0.62964 11.2
-0.6294 11.3
-0.62915 11.4
-0.62891 11.5
-0.62866 11.5
-0.62842 11.5
-0.62818 11.5
-0.62793 11.4
-0.62769 11.3
-0.62744 11.2
-0.6272 11.1
-0.62696 10.9
-0.62671 10.7
-0.62647 10.5
-0.62622 10.2
-0.62598 10.0
-0.62573 9.7
-0.62549 9.3
-0.62525 9.0
-0.625 8.6
-0.62476 8.2
-0.62451 7.7
-0.62427 7.3
-0.62403 6.8
-0.62378 6.4
-0.62354 5.9
-0.62329 5.3
-0.62305 4.8
-0.6228 4.3
-0.62256 3.7
-0.62232 3.1
-0.62207 2.6
-0.62183 2.0
-0.62158 1.4
-0.62134 0.8
-0.6211 0.2
-0.62085 -0.4
-0.62061 -1.0
-0.62036 -1.5
-0.62012 -2.1
-0.61987 -2.7
-0.61963 -3.3
-0.61939 -3.8
-0.61914 -4.4
-0.6189 -4.9
-0.61865 -5.5
-0.61841 -6.0
-0.61817 -6.5
-0.61792 -7.0
-0.61768 -7.4
-0.61743 -7.9
-0.61719 -8.3
-0.61695 -8.7
-0.6167 -9.1
-0.61646 -9.4
-0.61621 -9.8
-0.61597 -10.1
-0.61572 -10.4
-0.61548 -10.6
-0.61524 -10.8
-0.61499 -11.0
-0.61475 -11.2
-0.6145 -11.3
-0.61426 -11.4
-0.61402 -11.5
-0.61377 -11.6
-0.61353 -11.6
-0.61328 -11.6
-0.61304 -11.5
-0.61279 -11.4
-0.61255 -11.3
-0.61231 -11.2
-0.61206 -11.0
-0.61182 -10.8
-0.61157 -10.6
-0.61133 -10.3
-0.61109 -10.1
-0.61084 -9.7
-0.6106 -9.4
-0.61035 -9.0
-0.61011 -8.7
-0.60987 -8.3
-0.60962 -7.8
-0.60938 -7.4
-0.60913 -6.9
-0.60889 -6.4
-0.60864 -5.9
-0.6084 -5.4
-0.60816 -4.9
-0.60791 -4.3
-0.60767 -3.7
-0.60742 -3.2
-0.60718 -2.6
-0.60694 -2.0
-0.60669 -1.4
-0.60645 -0.8
-0.6062 -0.2
-0.60596 0.4
-0.60571 1.0
-0.60547 1.6
-0.60523 2.2
-0.60498 2.8
-0.60474 3.3
-0.60449 3.9
-0.60425 4.5
-0.60401 5.0
-0.60376 5.6
-0.60352 6.1
-0.60327 6.6
-0.60303 7.1
-0.60279 7.5
-0.60254 8.0
-0.6023 8.4
-0.60205 8.8
-0.60181 9.2
-0.60156 9.6
-0.60132 9.9
-0.60108 10.2
-0.60083 10.5
-0.60059 10.7
-0.60034 10.9
-0.6001 11.1
-0.59986 11.3
-0.59961 11.4
-0.59937 11.5
-0.59912 11.6
-0.59888 11.6
-0.59863 11.6
-0.59839 11.6
-0.59815 11.5
-0.5979 11.5
-0.59766 11.3
-0.59741 11.2
-0.59717 11.0
-0.59693 10.8
-0.59668 10.6
-0.59644 10.3
-0.59619 10.0
-0.59595 9.7
-0.59571 9.3
-0.59546 9.0
-0.59522 8.6
-0.59497 8.1
-0.59473 7.7
-0.59448 7.2
-0.59424 6.7
-0.594 6.2
-0.59375 5.7
-0.59351 5.2
-0.59326 4.6
-0.59302 4.1
-0.59278 3.5
-0.59253 2.9
-0.59229 2.3
-0.59204 1.7
-0.5918 1.1
-0.59155 0.5
-0.59131 -0.1
-0.59107 -0.7
-0.59082 -1.3
-0.59058 -1.9
-0.59033 -2.5
-0.59009 -3.1
-0.58985 -3.7
-0.5896 -4.3
-0.58936 -4.8
-0.58911 -5.4
-0.58887 -5.9
-0.58862 -6.4
-0.58838 -6.9
-0.58814 -7.4
-0.58789 -7.9
-0.58765 -8.3
-0.5874 -8.7
-0.58716 -9.1
-0.58692 -9.5
-0.58667 -9.8
-0.58643 -10.2
-0.58618 -10.4
-0.58594 -10.7
-0.5857 -10.9
-0.58545 -11.1
-0.58521 -11.3
-0.58496 -11.5
-0.58472 -11.6
-0.58447 -11.6
-0.58423 -11.7
-0.58399 -11.7
-0.58374 -11.7
-0.5835 -11.6
-0.58325 -11.5
-0.58301 -11.4
-0.58277 -11.3
-0.58252 -11.1
-0.58228 -10.9
-0.58203 -10.7
-0.58179 -10.4
-0.58154 -10.1
-0.5813 -9.8
-0.58106 -9.4
-0.58081 -9.0
-0.58057 -8.6
-0.58032 -8.2
-0.58008 -7.8
-0.57984 -7.3
-0.57959 -6.8
-0.57935 -6.3
-0.5791 -5.8
-0.57886 -5.2
-0.57862 -4.7
-0.57837 -4.1
-0.57813 -3.5
-0.57788 -2.9
-0.57764 -2.3
-0.57739 -1.7
-0.57715 -1.1
-0.57691 -0.5
-0.57666 0.1
-0.57642 0.7
-0.57617 1.4
-0.57593 2.0
-0.57569 2.6
-0.57544 3.2
-0.5752 3.8
-0.57495 4.3
-0.57471 4.9
-0.57446 5.5
-0.57422 6.0
-0.57398 6.5
-0.57373 7.0
-0.57349 7.5
-0.57324 8.0
-0.573 8.4
-0.57276 8.8
-0.57251 9.2
-0.57227 9.6
-0.57202 10.0
-0.57178 10.3
-0.57154 10.6
-0.57129 10.8
-0.57105 11.0
-0.5708 11.2
-0.57056 11.4
-0.57031 11.5
-0.57007 11.6
-0.56983 11.7
-0.56958 11.8
-0.56934 11.8
-0.56909 11.7
-0.56885 11.7
-0.56861 11.6
-0.56836 11.4
-0.56812 11.3
-0.56787 11.1
-0.56763 10.9
-0.56738 10.6
-0.56714 10.3
-0.5669 10.0
-0.56665 9.7
-0.56641 9.3
-0.56616 8.9
-0.56592 8.5
-0.56568 8.1
-0.56543 7.6
-0.56519 7.1
-0.56494 6.6
-0.5647 6.1
-0.56446 5.6
-0.56421 5.0
-0.56397 4.4
-0.56372 3.8
-0.56348 3.2
-0.56323 2.6
-0.56299 2.0
-0.56275 1.4
-0.5625 0.8
-0.56226 0.2
-0.56201 -0.5
-0.56177 -1.1
-0.56153 -1.7
-0.56128 -2.3
-0.56104 -2.9
-0.56079 -3.5
-0.56055 -4.1
-0.5603 -4.7
-0.56006 -5.3
-0.55982 -5.8
-0.55957 -6.4
-0.55933 -6.9
-0.55908 -7.4
-0.55884 -7.9
-0.5586 -8.3
-0.55835 -8.8
-0.55811 -9.2
-0.55786 -9.6
-0.55762 -9.9
-0.55737 -10.2
-0.55713 -10.5
-0.55689 -10.8
-0.55664 -11.1
-0.5564 -11.3
-0.55615 -11.4
-0.55591 -11.6
-0.55567 -11.7
-0.55542 -11.8
-0.55518 -11.8
-0.55493 -11.8
-0.55469 -11.8
-0.55445 -11.7
-0.5542 -11.7
-0.55396 -11.5
-0.55371 -11.4
-0.55347 -11.2
-0.55322 -11.0
-0.55298 -10.7
-0.55274 -10.4
-0.55249 -10.1
-0.55225 -9.8
-0.552 -9.4
-0.55176 -9.0
-0.55152 -8.6
-0.55127 -8.2
-0.55103 -7.7
-0.55078 -7.2
-0.55054 -6.7
-0.55029 -6.2
-0.55005 -5.6
-0.54981 -5.0
-0.54956 -4.5
-0.54932 -3.9
-0.54907 -3.3
-0.54883 -2.6
-0.54859 -2.0
-0.54834 -1.4
-0.5481 -0.8
-0.54785 -0.1
-0.54761 0.5
-0.54737 1.1
-0.54712 1.8
-0.54688 2.4
-0.54663 3.0
-0.54639 3.6
-0.54614 4.2
-0.5459 4.8
-0.54566 5.4
-0.54541 5.9
-0.54517 6.5
-0.54492 7.0
-0.54468 7.5
-0.54444 8.0
-0.54419 8.5
-0.54395 8.9
-0.5437 9.3
-0.54346 9.7
-0.54321 10.0
-0.54297 10.4
-0.54273 10.7
-0.54248 10.9
-0.54224 11.2
-0.54199 11.4
-0.54175 11.5
-0.54151 11.7
-0.54126 11.8
-0.54102 11.9
-0.54077 11.9
-0.54053 11.9
-0.54029 11.9
-0.54004 11.8
-0.5398 11.7
-0.53955 11.6
-0.53931 11.4
-0.53906 11.2
-0.53882 10.9
-0.53858 10.7
-0.53833 10.4
-0.53809 10.1
-0.53784 9.7
-0.5376 9.3
-0.53736 8.9
-0.53711 8.5
-0.53687 8.0
-0.53662 7.5
-0.53638 7.0
-0.53613 6.5
-0.53589 5.9
-0.53565 5.4
-0.5354 4.8
-0.53516 4.2
-0.53491 3.6
-0.53467 3.0
-0.53443 2.3
-0.53418 1.7
-0.53394 1.1
-0.53369 0.4
-0.53345 -0.2
-0.53321 -0.9
-0.53296 -1.5
-0.53272 -2.1
-0.53247 -2.8
-0.53223 -3.4
-0.53198 -4.0
-0.53174 -4.6
-0.5315 -5.2
-0.53125 -5.8
-0.53101 -6.3
-0.53076 -6.9
-0.53052 -7.4
-0.53028 -7.9
-0.53003 -8.4
-0.52979 -8.8
-0.52954 -9.2
-0.5293 -9.6
-0.52905 -10.0
-0.52881 -10.3
-0.52857 -10.7
-0.52832 -10.9
-0.52808 -11.2
-0.52783 -11.4
-0.52759 -11.6
-0.52735 -11.7
-0.5271 -11.8
-0.52686 -11.9
-0.52661 -12.0
-0.52637 -12.0
-0.52612 -11.9
-0.52588 -11.9
-0.52564 -11.8
-0.52539 -11.6
-0.52515 -11.5
-0.5249 -11.3
-0.52466 -11.0
-0.52442 -10.8
-0.52417 -10.5
-0.52393 -10.1
-0.52368 -9.8
-0.52344 -9.4
-0.5232 -9.0
-0.52295 -8.5
-0.52271 -8.1
-0.52246 -7.6
-0.52222 -7.1
-0.52197 -6.5
-0.52173 -6.0
-0.52149 -5.4
-0.52124 -4.8
-0.521 -4.2
-0.52075 -3.6
-0.52051 -3.0
-0.52027 -2.3
-0.52002 -1.7
-0.51978 -1.0
-0.51953 -0.4
-0.51929 0.3
-0.51904 0.9
-0.5188 1.6
-0.51856 2.2
-0.51831 2.9
-0.51807 3.5
-0.51782 4.1
-0.51758 4.7
-0.51734 5.3
-0.51709 5.9
-0.51685 6.5
-0.5166 7.0
-0.51636 7.5
-0.51612 8.0
-0.51587 8.5
-0.51563 9.0
-0.51538 9.4
-0.51514 9.8
-0.51489 10.1
-0.51465 10.5
-0.51441 10.8
-0.51416 11.1
-0.51392 11.3
-0.51367 11.5
-0.51343 11.7
-0.51319 11.8
-0.51294 11.9
-0.5127 12.0
-0.51245 12.0
-0.51221 12.0
-0.51196 12.0
-0.51172 11.9
-0.51148 11.8
-0.51123 11.6
-0.51099 11.5
-0.51074 11.3
-0.5105 11.0
-0.51026 10.7
-0.51001 10.4
-0.50977 10.1
-0.50952 9.7
-0.50928 9.3
-0.50904 8.8
-0.50879 8.4
-0.50855 7.9
-0.5083 7.4
-0.50806 6.8
-0.50781 6.3
-0.50757 5.7
-0.50733 5.1
-0.50708 4.5
-0.50684 3.9
-0.50659 3.3
-0.50635 2.6
-0.50611 2.0
-0.50586 1.3
-0.50562 0.7
-0.50537 0.0
-0.50513 -0.7
-0.50488 -1.3
-0.50464 -2.0
-0.5044 -2.6
-0.50415 -3.3
-0.50391 -3.9
-0.50366 -4.5
-0.50342 -5.2
-0.50318 -5.8
-0.50293 -6.3
-0.50269 -6.9
-0.50244 -7.4
-0.5022 -7.9
-0.50196 -8.4
-0.50171 -8.9
-0.50147 -9.3
-0.50122 -9.7
-0.50098 -10.1
-0.50073 -10.5
-0.50049 -10.8
-0.50025 -11.1
-0.5 -11.3
-0.49976 -11.5
-0.49951 -11.7
-0.49927 -11.9
-0.49903 -12.0
-0.49878 -12.1
-0.49854 -12.1
-0.49829 -12.1
-0.49805 -12.1
-0.4978 -12.0
-0.49756 -11.9
-0.49732 -11.7
-0.49707 -11.6
-0.49683 -11.3
-0.49658 -11.1
-0.49634 -10.8
-0.4961 -10.5
-0.49585 -10.1
-0.49561 -9.7
-0.49536 -9.3
-0.49512 -8.9
-0.49487 -8.4
-0.49463 -7.9
-0.49439 -7.4
-0.49414 -6.9
-0.4939 -6.3
-0.49365 -5.7
-0.49341 -5.1
-0.49317 -4.5
-0.49292 -3.9
-0.49268 -3.2
-0.49243 -2.6
-0.49219 -1.9
-0.49195 -1.2
-0.4917 -0.6
-0.49146 0.0
-0.49121 0.8
-0.49097 1.4
-0.49072 2.1
-0.49048 2.8
-0.49024 3.4
-0.48999 4.1
-0.48975 4.7
-0.4895 5.3
-0.48926 5.9
-0.48902 6.5
-0.48877 7.1
-0.48853 7.6
-0.48828 8.1
-0.48804 8.6
-0.48779 9.1
-0.48755 9.5
-0.48731 9.9
-0.48706 10.3
-0.48682 10.6
-0.48657 11.0
-0.48633 11.2
-0.48609 11.5
-0.48584 11.7
-0.4856 11.9
-0.48535 12.0
-0.48511 12.1
-0.48487 12.2
-0.48462 12.2
-0.48438 12.2
-0.48413 12.1
-0.48389 12.0
-0.48364 11.9
-0.4834 11.7
-0.48316 11.5
-0.48291 11.3
-0.48267 11.0
-0.48242 10.7
-0.48218 10.4
-0.48194 10.0
-0.48169 9.6
-0.48145 9.2
-0.4812 8.7
-0.48096 8.2
-0.48071 7.7
-0.48047 7.2
-0.48023 6.6
-0.47998 6.0
-0.47974 5.4
-0.47949 4.8
-0.47925 4.2
-0.47901 3.5
-0.47876 2.8
-0.47852 2.2
-0.47827 1.5
-0.47803 0.8
-0.47779 0.1
-0.47754 -0.5
-0.4773 -1.2
-0.47705 -1.9
-0.47681 -2.6
-0.47656 -3.2
-0.47632 -3.9
-0.47608 -4.5
-0.47583 -5.2
-0.47559 -5.8
-0.47534 -6.4
-0.4751 -7.0
-0.47486 -7.5
-0.47461 -8.0
-0.47437 -8.6
-0.47412 -9.0
-0.47388 -9.5
-0.47363 -9.9
-0.47339 -10.3
-0.47315 -10.6
-0.4729 -11.0
-0.47266 -11.3
-0.47241 -11.5
-0.47217 -11.7
-0.47193 -11.9
-0.47168 -12.1
-0.47144 -12.2
-0.47119 -12.2
-0.47095 -12.3
-0.47071 -12.2
-0.47046 -12.2
-0.47022 -12.1
-0.46997 -12.0
-0.46973 -11.8
-0.46948 -11.6
-0.46924 -11.4
-0.469 -11.1
-0.46875 -10.8
-0.46851 -10.4
-0.46826 -10.1
-0.46802 -9.6
-0.46778 -9.2
-0.46753 -8.7
-0.46729 -8.2
-0.46704 -7.7
-0.4668 -7.2
-0.46655 -6.6
-0.46631 -6.0
-0.46607 -5.4
-0.46582 -4.7
-0.46558 -4.1
-0.46533 -3.4
-0.46509 -2.8
-0.46485 -2.1
-0.4646 -1.4
-0.46436 -0.7
-0.46411 0.0
-0.46387 0.7
-0.46362 1.4
-0.46338 2.1
-0.46314 2.8
-0.46289 3.4
-0.46265 4.1
-0.4624 4.7
-0.46216 5.4
-0.46192 6.0
-0.46167 6.6
-0.46143 7.2
-0.46118 7.7
-0.46094 8.3
-0.4607 8.8
-0.46045 9.2
-0.46021 9.7
-0.45996 10.1
-0.45972 10.5
-0.45947 10.8
-0.45923 11.2
-0.45899 11.4
-0.45874 11.7
-0.4585 11.9
-0.45825 12.1
-0.45801 12.2
-0.45777 12.3
-0.45752 12.3
-0.45728 12.3
-0.45703 12.3
-0.45679 12.2
-0.45654 12.1
-0.4563 12.0
-0.45606 11.8
-0.45581 11.6
-0.45557 11.3
-0.45532 11.0
-0.45508 10.7
-0.45484 10.3
-0.45459 9.9
-0.45435 9.5
-0.4541 9.0
-0.45386 8.5
-0.45362 8.0
-0.45337 7.4
-0.45313 6.8
-0.45288 6.2
-0.45264 5.6
-0.45239 5.0
-0.45215 4.3
-0.45191 3.7
-0.45166 3.0
-0.45142 2.3
-0.45117 1.6
-0.45093 0.9
-0.45069 0.2
-0.45044 -0.5
-0.4502 -1.2
-0.44995 -1.9
-0.44971 -2.6
-0.44946 -3.3
-0.44922 -4.0
-0.44898 -4.6
-0.44873 -5.3
-0.44849 -5.9
-0.44824 -6.5
-0.448 -7.1
-0.44776 -7.7
-0.44751 -8.2
-0.44727 -8.8
-0.44702 -9.2
-0.44678 -9.7
-0.44654 -10.1
-0.44629 -10.5
-0.44605 -10.9
-0.4458 -11.2
-0.44556 -11.5
-0.44531 -11.7
-0.44507 -12.0
-0.44483 -12.1
-0.44458 -12.3
-0.44434 -12.3
-0.44409 -12.4
-0.44385 -12.4
-0.44361 -12.4
-0.44336 -12.3
-0.44312 -12.2
-0.44287 -12.0
-0.44263 -11.9
-0.44238 -11.6
-0.44214 -11.4
-0.4419 -11.0
-0.44165 -10.7
-0.44141 -10.3
-0.44116 -9.9
-0.44092 -9.5
-0.44068 -9.0
-0.44043 -8.5
-0.44019 -7.9
-0.43994 -7.4
-0.4397 -6.8
-0.43946 -6.2
-0.43921 -5.5
-0.43897 -4.9
-0.43872 -4.2
-0.43848 -3.6
-0.43823 -2.9
-0.43799 -2.2
-0.43775 -1.4
-0.4375 -0.7
-0.43726 0.0
-0.43701 0.7
-0.43677 1.4
-0.43653 2.1
-0.43628 2.8
-0.43604 3.5
-0.43579 4.2
-0.43555 4.9
-0.4353 5.5
-0.43506 6.2
-0.43482 6.8
-0.43457 7.4
-0.43433 8.0
-0.43408 8.5
-0.43384 9.0
-0.4336 9.5
-0.43335 10.0
-0.43311 10.4
-0.43286 10.8
-0.43262 11.1
-0.43237 11.4
-0.43213 11.7
-0.43189 11.9
-0.43164 12.1
-0.4314 12.3
-0.43115 12.4
-0.43091 12.5
-0.43067 12.5
-0.43042 12.5
-0.43018 12.4
-0.42993 12.3
-0.42969 12.2
-0.42945 12.0
-0.4292 11.8
-0.42896 11.5
-0.42871 11.2
-0.42847 10.9
-0.42822 10.5
-0.42798 10.1
-0.42774 9.7
-0.42749 9.2
-0.42725 8.7
-0.427 8.2
-0.42676 7.6
-0.42652 7.0
-0.42627 6.4
-0.42603 5.8
-0.42578 5.1
-0.42554 4.4
-0.42529 3.7
-0.42505 3.0
-0.42481 2.3
-0.42456 1.6
-0.42432 0.9
-0.42407 0.1
-0.42383 -0.6
-0.42359 -1.3
-0.42334 -2.0
-0.4231 -2.8
-0.42285 -3.5
-0.42261 -4.2
-0.42237 -4.8
-0.42212 -5.5
-0.42188 -6.2
-0.42163 -6.8
-0.42139 -7.4
-0.42114 -8.0
-0.4209 -8.5
-0.42066 -9.1
-0.42041 -9.5
-0.42017 -10.0
-0.41992 -10.4
-0.41968 -10.8
-0.41944 -11.2
-0.41919 -11.5
-0.41895 -11.8
-0.4187 -12.0
-0.41846 -12.2
-0.41821 -12.4
-0.41797 -12.5
-0.41773 -12.6
-0.41748 -12.6
-0.41724 -12.6
-0.41699 -12.5
-0.41675 -12.4
-0.41651 -12.3
-0.41626 -12.1
-0.41602 -11.8
-0.41577 -11.6
-0.41553 -11.3
-0.41529 -10.9
-0.41504 -10.5
-0.4148 -10.1
-0.41455 -9.6
-0.41431 -9.2
-0.41406 -8.6
-0.41382 -8.1
-0.41358 -7.5
-0.41333 -6.9
-0.41309 -6.3
-0.41284 -5.6
-0.4126 -4.9
-0.41236 -4.2
-0.41211 -3.5
-0.41187 -2.8
-0.41162 -2.1
-0.41138 -1.4
-0.41113 -0.6
-0.41089 0.1
-0.41065 0.9
-0.4104 1.6
-0.41016 2.3
-0.40991 3.1
-0.40967 3.8
-0.40943 4.5
-0.40918 5.2
-0.40894 5.9
-0.40869 6.5
-0.40845 7.1
-0.40821 7.7
-0.40796 8.3
-0.40772 8.9
-0.40747 9.4
-0.40723 9.9
-0.40698 10.3
-0.40674 10.7
-0.4065 11.1
-0.40625 11.4
-0.40601 11.7
-0.40576 12.0
-0.40552 12.2
-0.40528 12.4
-0.40503 12.5
-0.40479 12.6
-0.40454 12.7
-0.4043 12.7
-0.40405 12.6
-0.40381 12.5
-0.40357 12.4
-0.40332 12.2
-0.40308 12.0
-0.40283 11.7
-0.40259 11.4
-0.40235 11.1
-0.4021 10.7
-0.40186 10.3
-0.40161 9.8
-0.40137 9.3
-0.40112 8.8
-0.40088 8.2
-0.40064 7.7
-0.40039 7.0
-0.40015 6.4
-0.3999 5.7
-0.39966 5.1
-0.39942 4.4
-0.39917 3.6
-0.39893 2.9
-0.39868 2.2
-0.39844 1.4
-0.3982 0.7
-0.39795 0.0
-0.39771 -0.8
-0.39746 -1.6
-0.39722 -2.3
-0.39697 -3.1
-0.39673 -3.8
-0.39649 -4.5
-0.39624 -5.2
-0.396 -5.9
-0.39575 -6.6
-0.39551 -7.2
-0.39527 -7.8
-0.39502 -8.4
-0.39478 -9.0
-0.39453 -9.5
-0.39429 -10.0
-0.39404 -10.4
-0.3938 -10.9
-0.39356 -11.2
-0.39331 -11.6
-0.39307 -11.9
-0.39282 -12.1
-0.39258 -12.3
-0.39234 -12.5
-0.39209 -12.6
-0.39185 -12.7
-0.3916 -12.8
-0.39136 -12.7
-0.39112 -12.7
-0.39087 -12.6
-0.39063 -12.4
-0.39038 -12.2
-0.39014 -12.0
-0.38989 -11.7
-0.38965 -11.4
-0.38941 -11.0
-0.38916 -10.6
-0.38892 -10.2
-0.38867 -9.7
-0.38843 -9.2
-0.38819 -8.7
-0.38794 -8.1
-0.3877 -7.5
-0.38745 -6.8
-0.38721 -6.2
-0.38696 -5.5
-0.38672 -4.8
-0.38648 -4.1
-0.38623 -3.3
-0.38599 -2.6
-0.38574 -1.8
-0.3855 -1.1
-0.38526 -0.3
-0.38501 0.5
-0.38477 1.2
-0.38452 2.0
-0.38428 2.8
-0.38404 3.5
-0.38379 4.2
-0.38355 5.0
-0.3833 5.7
-0.38306 6.3
-0.38281 7.0
-0.38257 7.6
-0.38233 8.2
-0.38208 8.8
-0.38184 9.4
-0.38159 9.9
-0.38135 10.4
-0.38111 10.8
-0.38086 11.2
-0.38062 11.6
-0.38037 11.9
-0.38013 12.1
-0.37988 12.4
-0.37964 12.6
-0.3794 12.7
-0.37915 12.8
-0.37891 12.8
-0.37866 12.8
-0.37842 12.8
-0.37818 12.7
-0.37793 12.6
-0.37769 12.4
-0.37744 12.1
-0.3772 11.9
-0.37696 11.5
-0.37671 11.2
-0.37647 10.8
-0.37622 10.3
-0.37598 9.8
-0.37573 9.3
-0.37549 8.8
-0.37525 8.2
-0.375 7.6
-0.37476 6.9
-0.37451 6.2
-0.37427 5.6
-0.37403 4.8
-0.37378 4.1
-0.37354 3.4
-0.37329 2.6
-0.37305 1.8
-0.3728 1.0
-0.37256 0.3
-0.37232 -0.5
-0.37207 -1.3
-0.37183 -2.1
-0.37158 -2.8
-0.37134 -3.6
-0.3711 -4.4
-0.37085 -5.1
-0.37061 -5.8
-0.37036 -6.5
-0.37012 -7.2
-0.36987 -7.8
-0.36963 -8.4
-0.36939 -9.0
-0.36914 -9.6
-0.3689 -10.1
-0.36865 -10.5
-0.36841 -11.0
-0.36817 -11.4
-0.36792 -11.7
-0.36768 -12.0
-0.36743 -12.3
-0.36719 -12.5
-0.36695 -12.7
-0.3667 -12.8
-0.36646 -12.9
-0.36621 -12.9
-0.36597 -12.9
-0.36572 -12.9
-0.36548 -12.7
-0.36524 -12.6
-0.36499 -12.4
-0.36475 -12.1
-0.3645 -11.8
-0.36426 -11.5
-0.36402 -11.1
-0.36377 -10.6
-0.36353 -10.2
-0.36328 -9.7
-0.36304 -9.1
-0.36279 -8.5
-0.36255 -7.9
-0.36231 -7.3
-0.36206 -6.6
-0.36182 -5.9
-0.36157 -5.2
-0.36133 -4.5
-0.36109 -3.7
-0.36084 -2.9
-0.3606 -2.1
-0.36035 -1.4
-0.36011 -0.6
-0.35987 0.2
-0.35962 1.0
-0.35938 1.8
-0.35913 2.6
-0.35889 3.4
-0.35864 4.2
-0.3584 4.9
-0.35816 5.6
-0.35791 6.4
-0.35767 7.0
-0.35742 7.7
-0.35718 8.3
-0.35694 8.9
-0.35669 9.5
-0.35645 10.0
-0.3562 10.5
-0.35596 11.0
-0.35571 11.4
-0.35547 11.8
-0.35523 12.1
-0.35498 12.4
-0.35474 12.6
-0.35449 12.8
-0.35425 12.9
-0.35401 13.0
-0.35376 13.0
-0.35352 13.0
-0.35327 13.0
-0.35303 12.8
-0.35279 12.7
-0.35254 12.5
-0.3523 12.2
-0.35205 11.9
-0.35181 11.5
-0.35156 11.1
-0.35132 10.7
-0.35108 10.2
-0.35083 9.7
-0.35059 9.1
-0.35034 8.5
-0.3501 7.9
-0.34986 7.3
-0.34961 6.6
-0.34937 5.9
-0.34912 5.1
-0.34888 4.4
-0.34863 3.6
-0.34839 2.8
-0.34815 2.0
-0.3479 1.2
-0.34766 0.4
-0.34741 -0.4
-0.34717 -1.2
-0.34693 -2.0
-0.34668 -2.8
-0.34644 -3.6
-0.34619 -4.4
-0.34595 -5.2
-0.34571 -5.9
-0.34546 -6.6
-0.34522 -7.3
-0.34497 -8.0
-0.34473 -8.6
-0.34448 -9.2
-0.34424 -9.8
-0.344 -10.3
-0.34375 -10.8
-0.34351 -11.2
-0.34326 -11.6
-0.34302 -12.0
-0.34278 -12.3
-0.34253 -12.6
-0.34229 -12.8
-0.34204 -12.9
-0.3418 -13.1
-0.34155 -13.1
-0.34131 -13.1
-0.34107 -13.1
-0.34082 -13.0
-0.34058 -12.9
-0.34033 -12.7
-0.34009 -12.4
-0.33985 -12.1
-0.3396 -11.8
-0.33936 -11.4
-0.33911 -11.0
-0.33887 -10.5
-0.33862 -10.0
-0.33838 -9.4
-0.33814 -8.8
-0.33789 -8.2
-0.33765 -7.5
-0.3374 -6.8
-0.33716 -6.1
-0.33692 -5.4
-0.33667 -4.6
-0.33643 -3.8
-0.33618 -3.0
-0.33594 -2.2
-0.3357 -1.4
-0.33545 -0.6
-0.33521 0.3
-0.33496 1.1
-0.33472 1.9
-0.33447 2.7
-0.33423 3.6
-0.33399 4.3
-0.33374 5.1
-0.3335 5.9
-0.33325 6.6
-0.33301 7.3
-0.33277 8.0
-0.33252 8.7
-0.33228 9.3
-0.33203 9.8
-0.33179 10.4
-0.33154 10.9
-0.3313 11.3
-0.33106 11.7
-0.33081 12.1
-0.33057 12.4
-0.33032 12.7
-0.33008 12.9
-0.32984 13.1
-0.32959 13.2
-0.32935 13.2
-0.3291 13.2
-0.32886 13.2
-0.32862 13.1
-0.32837 12.9
-0.32813 12.7
-0.32788 12.5
-0.32764 12.2
-0.32739 11.8
-0.32715 11.4
-0.32691 10.9
-0.32666 10.5
-0.32642 9.9
-0.32617 9.3
-0.32593 8.7
-0.32569 8.1
-0.32544 7.4
-0.3252 6.7
-0.32495 5.9
-0.32471 5.2
-0.32446 4.4
-0.32422 3.6
-0.32398 2.7
-0.32373 1.9
-0.32349 1.1
-0.32324 0.2
-0.323 -0.6
-0.32276 -1.5
-0.32251 -2.3
-0.32227 -3.1
-0.32202 -3.9
-0.32178 -4.8
-0.32154 -5.5
-0.32129 -6.3
-0.32105 -7.0
-0.3208 -7.7
-0.32056 -8.4
-0.32031 -9.1
-0.32007 -9.7
-0.31983 -10.2
-0.31958 -10.8
-0.31934 -11.2
-0.31909 -11.7
-0.31885 -12.1
-0.31861 -12.4
-0.31836 -12.7
-0.31812 -12.9
-0.31787 -13.1
-0.31763 -13.2
-0.31738 -13.3
-0.31714 -13.3
-0.3169 -13.3
-0.31665 -13.2
-0.31641 -13.1
-0.31616 -12.9
-0.31592 -12.6
-0.31568 -12.3
-0.31543 -12.0
-0.31519 -11.6
-0.31494 -11.1
-0.3147 -10.6
-0.31446 -10.1
-0.31421 -9.5
-0.31397 -8.9
-0.31372 -8.2
-0.31348 -7.5
-0.31323 -6.8
-0.31299 -6.0
-0.31275 -5.3
-0.3125 -4.5
-0.31226 -3.6
-0.31201 -2.8
-0.31177 -2.0
-0.31153 -1.1
-0.31128 -0.2
-0.31104 0.6
-0.31079 1.5
-0.31055 2.3
-0.3103 3.2
-0.31006 4.0
-0.30982 4.8
-0.30957 5.6
-0.30933 6.4
-0.30908 7.2
-0.30884 7.9
-0.3086 8.6
-0.30835 9.2
-0.30811 9.8
-0.30786 10.4
-0.30762 10.9
-0.30737 11.4
-0.30713 11.9
-0.30689 12.2
-0.30664 12.6
-0.3064 12.9
-0.30615 13.1
-0.30591 13.3
-0.30567 13.4
-0.30542 13.4
-0.30518 13.4
-0.30493 13.4
-0.30469 13.3
-0.30445 13.1
-0.3042 12.9
-0.30396 12.6
-0.30371 12.3
-0.30347 11.9
-0.30322 11.5
-0.30298 11.0
-0.30274 10.5
-0.30249 9.9
-0.30225 9.3
-0.302 8.6
-0.30176 8.0
-0.30152 7.2
-0.30127 6.5
-0.30103 5.7
-0.30078 4.9
-0.30054 4.0
-0.30029 3.2
-0.30005 2.3
-0.29981 1.5
-0.29956 0.6
-0.29932 -0.3
-0.29907 -1.2
-0.29883 -2.1
-0.29859 -2.9
-0.29834 -3.8
-0.2981 -4.6
-0.29785 -5.4
-0.29761 -6.2
-0.29737 -7.0
-0.29712 -7.8
-0.29688 -8.5
-0.29663 -9.1
-0.29639 -9.8
-0.29614 -10.4
-0.2959 -10.9
-0.29566 -11.4
-0.29541 -11.9
-0.29517 -12.3
-0.29492 -12.6
-0.29468 -12.9
-0.29444 -13.2
-0.29419 -13.4
-0.29395 -13.5
-0.2937 -13.6
-0.29346 -13.6
-0.29321 -13.5
-0.29297 -13.4
-0.29273 -13.2
-0.29248 -13.0
-0.29224 -12.7
-0.29199 -12.4
-0.29175 -12.0
-0.29151 -11.6
-0.29126 -11.1
-0.29102 -10.5
-0.29077 -10.0
-0.29053 -9.3
-0.29029 -8.7
-0.29004 -8.0
-0.2898 -7.2
-0.28955 -6.4
-0.28931 -5.6
-0.28906 -4.8
-0.28882 -3.9
-0.28858 -3.1
-0.28833 -2.2
-0.28809 -1.3
-0.28784 -0.4
-0.2876 0.5
-0.28736 1.4
-0.28711 2.3
-0.28687 3.2
-0.28662 4.1
-0.28638 4.9
-0.28613 5.7
-0.28589 6.5
-0.28565 7.3
-0.2854 8.1
-0.28516 8.8
-0.28491 9.5
-0.28467 10.1
-0.28443 10.7
-0.28418 11.2
-0.28394 11.7
-0.28369 12.2
-0.28345 12.6
-0.28321 12.9
-0.28296 13.2
-0.28272 13.4
-0.28247 13.5
-0.28223 13.6
-0.28198 13.7
-0.28174 13.7
-0.2815 13.6
-0.28125 13.4
-0.28101 13.2
-0.28076 13.0
-0.28052 12.7
-0.28028 12.3
-0.28003 11.8
-0.27979 11.4
-0.27954 10.8
-0.2793 10.2
-0.27905 9.6
-0.27881 8.9
-0.27857 8.2
-0.27832 7.5
-0.27808 6.7
-0.27783 5.9
-0.27759 5.0
-0.27735 4.2
-0.2771 3.3
-0.27686 2.4
-0.27661 1.5
-0.27637 0.6
-0.27612 -0.4
-0.27588 -1.3
-0.27564 -2.2
-0.27539 -3.1
-0.27515 -4.0
-0.2749 -4.9
-0.27466 -5.7
-0.27442 -6.6
-0.27417 -7.4
-0.27393 -8.1
-0.27368 -8.9
-0.27344 -9.5
-0.2732 -10.2
-0.27295 -10.8
-0.27271 -11.3
-0.27246 -11.9
-0.27222 -12.3
-0.27197 -12.7
-0.27173 -13.0
-0.27149 -13.3
-0.27124 -13.5
-0.271 -13.7
-0.27075 -13.8
-0.27051 -13.8
-0.27027 -13.8
-0.27002 -13.7
-0.26978 -13.5
-0.26953 -13.3
-0.26929 -13.0
-0.26904 -12.7
-0.2688 -12.3
-0.26856 -11.8
-0.26831 -11.3
-0.26807 -10.8
-0.26782 -10.1
-0.26758 -9.5
-0.26734 -8.8
-0.26709 -8.0
-0.26685 -7.3
-0.2666 -6.4
-0.26636 -5.6
-0.26612 -4.7
-0.26587 -3.8
-0.26563 -2.9
-0.26538 -2.0
-0.26514 -1.1
-0.26489 -0.1
-0.26465 0.8
-0.26441 1.8
-0.26416 2.7
-0.26392 3.6
-0.26367 4.5
-0.26343 5.4
-0.26319 6.3
-0.26294 7.1
-0.2627 7.9
-0.26245 8.6
-0.26221 9.4
-0.26196 10.1
-0.26172 10.7
-0.26148 11.3
-0.26123 11.8
-0.26099 12.3
-0.26074 12.7
-0.2605 13.1
-0.26026 13.4
-0.26001 13.6
-0.25977 13.8
-0.25952 13.9
-0.25928 13.9
-0.25904 13.9
-0.25879 13.8
-0.25855 13.7
-0.2583 13.5
-0.25806 13.2
-0.25781 12.8
-0.25757 12.4
-0.25733 12.0
-0.25708 11.5
-0.25684 10.9
-0.25659 10.3
-0.25635 9.6
-0.25611 8.9
-0.25586 8.1
-0.25562 7.3
-0.25537 6.5
-0.25513 5.6
-0.25488 4.7
-0.25464 3.8
-0.2544 2.9
-0.25415 1.9
-0.25391 1.0
-0.25366 0.0
-0.25342 -0.9
-0.25318 -1.9
-0.25293 -2.9
-0.25269 -3.8
-0.25244 -4.7
-0.2522 -5.6
-0.25196 -6.5
-0.25171 -7.3
-0.25147 -8.1
-0.25122 -8.9
-0.25098 -9.6
-0.25073 -10.3
-0.25049 -11.0
-0.25025 -11.5
-0.25 -12.1
-0.24976 -12.5
-0.24951 -13.0
-0.24927 -13.3
-0.24903 -13.6
-0.24878 -13.8
-0.24854 -14.0
-0.24829 -14.0
-0.24805 -14.1
-0.2478 -14.0
-0.24756 -13.9
-0.24732 -13.7
-0.24707 -13.5
-0.24683 -13.1
-0.24658 -12.8
-0.24634 -12.3
-0.2461 -11.8
-0.24585 -11.3
-0.24561 -10.6
-0.24536 -10.0
-0.24512 -9.3
-0.24487 -8.5
-0.24463 -7.7
-0.24439 -6.9
-0.24414 -6.0
-0.2439 -5.1
-0.24365 -4.1
-0.24341 -3.2
-0.24317 -2.2
-0.24292 -1.2
-0.24268 -0.3
-0.24243 0.7
-0.24219 1.7
-0.24195 2.7
-0.2417 3.7
-0.24146 4.6
-0.24121 5.5
-0.24097 6.4
-0.24072 7.3
-0.24048 8.1
-0.24024 8.9
-0.23999 9.7
-0.23975 10.4
-0.2395 11.0
-0.23926 11.6
-0.23902 12.2
-0.23877 12.7
-0.23853 13.1
-0.23828 13.4
-0.23804 13.7
-0.23779 13.9
-0.23755 14.1
-0.23731 14.2
-0.23706 14.2
-0.23682 14.1
-0.23657 14.0
-0.23633 13.8
-0.23609 13.5
-0.23584 13.2
-0.2356 12.8
-0.23535 12.3
-0.23511 11.8
-0.23487 11.2
-0.23462 10.6
-0.23438 9.9
-0.23413 9.2
-0.23389 8.4
-0.23364 7.5
-0.2334 6.7
-0.23316 5.7
-0.23291 4.8
-0.23267 3.8
-0.23242 2.9
-0.23218 1.9
-0.23194 0.9
-0.23169 -0.1
-0.23145 -1.2
-0.2312 -2.2
-0.23096 -3.2
-0.23071 -4.1
-0.23047 -5.1
-0.23023 -6.0
-0.22998 -6.9
-0.22974 -7.8
-0.22949 -8.7
-0.22925 -9.4
-0.22901 -10.2
-0.22876 -10.9
-0.22852 -11.5
-0.22827 -12.1
-0.22803 -12.6
-0.22779 -13.1
-0.22754 -13.5
-0.2273 -13.8
-0.22705 -14.0
-0.22681 -14.2
-0.22656 -14.3
-0.22632 -14.3
-0.22608 -14.3
-0.22583 -14.2
-0.22559 -14.0
-0.22534 -13.7
-0.2251 -13.4
-0.22486 -13.0
-0.22461 -12.5
-0.22437 -12.0
-0.22412 -11.4
-0.22388 -10.8
-0.22363 -10.1
-0.22339 -9.3
-0.22315 -8.5
-0.2229 -7.6
-0.22266 -6.7
-0.22241 -5.8
-0.22217 -4.9
-0.22193 -3.9
-0.22168 -2.9
-0.22144 -1.8
-0.22119 -0.8
-0.22095 0.2
-0.22071 1.3
-0.22046 2.3
-0.22022 3.3
-0.21997 4.3
-0.21973 5.3
-0.21948 6.3
-0.21924 7.2
-0.219 8.1
-0.21875 8.9
-0.21851 9.7
-0.21826 10.5
-0.21802 11.2
-0.21778 11.8
-0.21753 12.4
-0.21729 12.9
-0.21704 13.3
-0.2168 13.7
-0.21655 14.0
-0.21631 14.2
-0.21607 14.4
-0.21582 14.5
-0.21558 14.5
-0.21533 14.4
-0.21509 14.3
-0.21485 14.0
-0.2146 13.7
-0.21436 13.4
-0.21411 12.9
-0.21387 12.4
-0.21362 11.8
-0.21338 11.2
-0.21314 10.5
-0.21289 9.7
-0.21265 8.9
-0.2124 8.0
-0.21216 7.1
-0.21192 6.2
-0.21167 5.2
-0.21143 4.2
-0.21118 3.2
-0.21094 2.2
-0.2107 1.1
-0.21045 0.0
-0.21021 -1.0
-0.20996 -2.1
-0.20972 -3.1
-0.20947 -4.2
-0.20923 -5.2
-0.20899 -6.2
-0.20874 -7.1
-0.2085 -8.1
-0.20825 -8.9
-0.20801 -9.7
-0.20777 -10.5
-0.20752 -11.2
-0.20728 -11.9
-0.20703 -12.5
-0.20679 -13.0
-0.20654 -13.5
-0.2063 -13.9
-0.20606 -14.2
-0.20581 -14.4
-0.20557 -14.6
-0.20532 -14.6
-0.20508 -14.6
-0.20484 -14.5
-0.20459 -14.4
-0.20435 -14.1
-0.2041 -13.8
-0.20386 -13.4
-0.20362 -12.9
-0.20337 -12.4
-0.20313 -11.8
-0.20288 -11.1
-0.20264 -10.4
-0.20239 -9.6
-0.20215 -8.7
-0.20191 -7.9
-0.20166 -6.9
-0.20142 -5.9
-0.20117 -4.9
-0.20093 -3.9
-0.20069 -2.8
-0.20044 -1.7
-0.2002 -0.6
-0.19995 0.4
-0.19971 1.5
-0.19946 2.6
-0.19922 3.7
-0.19898 4.8
-0.19873 5.8
-0.19849 6.8
-0.19824 7.7
-0.198 8.6
-0.19776 9.5
-0.19751 10.3
-0.19727 11.1
-0.19702 11.8
-0.19678 12.4
-0.19654 13.0
-0.19629 13.5
-0.19605 13.9
-0.1958 14.2
-0.19556 14.5
-0.19531 14.7
-0.19507 14.8
-0.19483 14.8
-0.19458 14.7
-0.19434 14.6
-0.19409 14.3
-0.19385 14.0
-0.19361 13.6
-0.19336 13.1
-0.19312 12.6
-0.19287 12.0
-0.19263 11.3
-0.19238 10.5
-0.19214 9.7
-0.1919 8.9
-0.19165 7.9
-0.19141 7.0
-0.19116 6.0
-0.19092 4.9
-0.19068 3.8
-0.19043 2.8
-0.19019 1.6
-0.18994 0.5
-0.1897 -0.6
-0.18946 -1.7
-0.18921 -2.8
-0.18897 -3.9
-0.18872 -5.0
-0.18848 -6.1
-0.18823 -7.1
-0.18799 -8.1
-0.18775 -9.0
-0.1875 -9.9
-0.18726 -10.7
-0.18701 -11.5
-0.18677 -12.2
-0.18653 -12.8
-0.18628 -13.3
-0.18604 -13.8
-0.18579 -14.2
-0.18555 -14.5
-0.1853 -14.8
-0.18506 -14.9
-0.18482 -15.0
-0.18457 -14.9
-0.18433 -14.8
-0.18408 -14.6
-0.18384 -14.3
-0.1836 -14.0
-0.18335 -13.5
-0.18311 -13.0
-0.18286 -12.4
-0.18262 -11.7
-0.18237 -10.9
-0.18213 -10.1
-0.18189 -9.2
-0.18164 -8.3
-0.1814 -7.3
-0.18115 -6.3
-0.18091 -5.2
-0.18067 -4.1
-0.18042 -3.0
-0.18018 -1.9
-0.17993 -0.7
-0.17969 0.4
-0.17945 1.6
-0.1792 2.7
-0.17896 3.9
-0.17871 5.0
-0.17847 6.1
-0.17822 7.1
-0.17798 8.1
-0.17774 9.1
-0.17749 10.0
-0.17725 10.8
-0.177 11.6
-0.17676 12.3
-0.17652 13.0
-0.17627 13.5
-0.17603 14.0
-0.17578 14.4
-0.17554 14.7
-0.17529 15.0
-0.17505 15.1
-0.17481 15.1
-0.17456 15.1
-0.17432 15.0
-0.17407 14.7
-0.17383 14.4
-0.17359 14.0
-0.17334 13.5
-0.1731 12.9
-0.17285 12.3
-0.17261 11.6
-0.17237 10.8
-0.17212 9.9
-0.17188 9.0
-0.17163 8.0
-0.17139 6.9
-0.17114 5.9
-0.1709 4.8
-0.17066 3.6
-0.17041 2.4
-0.17017 1.3
-0.16992 0.0
-0.16968 -1.1
-0.16944 -2.3
-0.16919 -3.5
-0.16895 -4.6
-0.1687 -5.8
-0.16846 -6.9
-0.16821 -7.9
-0.16797 -8.9
-0.16773 -9.9
-0.16748 -10.8
-0.16724 -11.6
-0.16699 -12.3
-0.16675 -13.0
-0.16651 -13.6
-0.16626 -14.1
-0.16602 -14.5
-0.16577 -14.9
-0.16553 -15.1
-0.16529 -15.3
-0.16504 -15.3
-0.1648 -15.3
-0.16455 -15.1
-0.16431 -14.9
-0.16406 -14.6
-0.16382 -14.2
-0.16358 -13.7
-0.16333 -13.1
-0.16309 -12.4
-0.16284 -11.6
-0.1626 -10.8
-0.16236 -9.9
-0.16211 -8.9
-0.16187 -7.9
-0.16162 -6.8
-0.16138 -5.7
-0.16113 -4.6
-0.16089 -3.4
-0.16065 -2.2
-0.1604 -0.9
-0.16016 0.3
-0.15991 1.5
-0.15967 2.7
-0.15943 4.0
-0.15918 5.1
-0.15894 6.3
-0.15869 7.4
-0.15845 8.5
-0.15821 9.5
-0.15796 10.4
-0.15772 11.3
-0.15747 12.1
-0.15723 12.9
-0.15698 13.5
-0.15674 14.1
-0.1565 14.6
-0.15625 14.9
-0.15601 15.2
-0.15576 15.4
-0.15552 15.5
-0.15528 15.5
-0.15503 15.4
-0.15479 15.2
-0.15454 14.9
-0.1543 14.5
-0.15405 13.9
-0.15381 13.4
-0.15357 12.7
-0.15332 11.9
-0.15308 11.1
-0.15283 10.1
-0.15259 9.1
-0.15235 8.1
-0.1521 7.0
-0.15186 5.8
-0.15161 4.6
-0.15137 3.4
-0.15112 2.2
-0.15088 0.9
-0.15064 -0.4
-0.15039 -1.6
-0.15015 -2.9
-0.1499 -4.1
-0.14966 -5.4
-0.14942 -6.5
-0.14917 -7.7
-0.14893 -8.8
-0.14868 -9.8
-0.14844 -10.8
-0.1482 -11.7
-0.14795 -12.5
-0.14771 -13.2
-0.14746 -13.9
-0.14722 -14.4
-0.14697 -14.9
-0.14673 -15.3
-0.14649 -15.5
-0.14624 -15.7
-0.146 -15.7
-0.14575 -15.7
-0.14551 -15.5
-0.14527 -15.2
-0.14502 -14.9
-0.14478 -14.4
-0.14453 -13.8
-0.14429 -13.1
-0.14404 -12.4
-0.1438 -11.5
-0.14356 -10.6
-0.14331 -9.6
-0.14307 -8.6
-0.14282 -7.4
-0.14258 -6.3
-0.14234 -5.0
-0.14209 -3.8
-0.14185 -2.5
-0.1416 -1.2
-0.14136 0.1
-0.14112 1.4
-0.14087 2.7
-0.14063 4.0
-0.14038 5.3
-0.14014 6.5
-0.13989 7.7
-0.13965 8.8
-0.13941 9.9
-0.13916 10.9
-0.13892 11.8
-0.13867 12.7
-0.13843 13.5
-0.13819 14.1
-0.13794 14.7
-0.1377 15.2
-0.13745 15.5
-0.13721 15.8
-0.13696 15.9
-0.13672 15.9
-0.13648 15.9
-0.13623 15.7
-0.13599 15.4
-0.13574 14.9
-0.1355 14.4
-0.13526 13.8
-0.13501 13.1
-0.13477 12.3
-0.13452 11.3
-0.13428 10.4
-0.13404 9.3
-0.13379 8.2
-0.13355 7.0
-0.1333 5.7
-0.13306 4.5
-0.13281 3.1
-0.13257 1.8
-0.13233 0.4
-0.13208 -0.9
-0.13184 -2.3
-0.13159 -3.6
-0.13135 -4.9
-0.13111 -6.2
-0.13086 -7.5
-0.13062 -8.7
-0.13037 -9.8
-0.13013 -10.8
-0.12988 -11.8
-0.12964 -12.7
-0.1294 -13.5
-0.12915 -14.2
-0.12891 -14.8
-0.12866 -15.3
-0.12842 -15.7
-0.12818 -16.0
-0.12793 -16.1
-0.12769 -16.2
-0.12744 -16.1
-0.1272 -15.9
-0.12696 -15.6
-0.12671 -15.1
-0.12647 -14.6
-0.12622 -13.9
-0.12598 -13.1
-0.12573 -12.3
-0.12549 -11.3
-0.12525 -10.3
-0.125 -9.2
-0.12476 -8.0
-0.12451 -6.7
-0.12427 -5.4
-0.12403 -4.1
-0.12378 -2.7
-0.12354 -1.3
-0.12329 0.0
-0.12305 1.5
-0.1228 2.9
-0.12256 4.3
-0.12232 5.7
-0.12207 7.0
-0.12183 8.2
-0.12158 9.4
-0.12134 10.6
-0.1211 11.6
-0.12085 12.6
-0.12061 13.4
-0.12036 14.2
-0.12012 14.9
-0.11987 15.4
-0.11963 15.9
-0.11939 16.2
-0.11914 16.4
-0.1189 16.4
-0.11865 16.4
-0.11841 16.2
-0.11817 15.8
-0.11792 15.4
-0.11768 14.8
-0.11743 14.2
-0.11719 13.4
-0.11695 12.5
-0.1167 11.5
-0.11646 10.4
-0.11621 9.3
-0.11597 8.0
-0.11572 6.7
-0.11548 5.4
-0.11524 4.0
-0.11499 2.5
-0.11475 1.1
-0.1145 -0.4
-0.11426 -1.9
-0.11402 -3.3
-0.11377 -4.8
-0.11353 -6.2
-0.11328 -7.5
-0.11304 -8.8
-0.11279 -10.0
-0.11255 -11.2
-0.11231 -12.2
-0.11206 -13.2
-0.11182 -14.0
-0.11157 -14.8
-0.11133 -15.4
-0.11109 -15.9
-0.11084 -16.3
-0.1106 -16.6
-0.11035 -16.7
-0.11011 -16.7
-0.10987 -16.5
-0.10962 -16.2
-0.10938 -15.8
-0.10913 -15.2
-0.10889 -14.6
-0.10864 -13.8
-0.1084 -12.9
-0.10816 -11.9
-0.10791 -10.8
-0.10767 -9.6
-0.10742 -8.3
-0.10718 -6.9
-0.10694 -5.5
-0.10669 -4.1
-0.10645 -2.6
-0.1062 -1.0
-0.10596 0.5
-0.10571 2.0
-0.10547 3.5
-0.10523 5.0
-0.10498 6.5
-0.10474 7.9
-0.10449 9.2
-0.10425 10.5
-0.10401 11.6
-0.10376 12.7
-0.10352 13.7
-0.10327 14.5
-0.10303 15.3
-0.10279 15.9
-0.10254 16.4
-0.1023 16.7
-0.10205 16.9
-0.10181 17.0
-0.10156 16.9
-0.10132 16.6
-0.10108 16.3
-0.10083 15.8
-0.10059 15.1
-0.10034 14.3
-0.1001 13.4
-0.09986 12.4
-0.09961 11.3
-0.09937 10.1
-0.09912 8.7
-0.09888 7.3
-0.09863 5.9
-0.09839 4.4
-0.09815 2.8
-0.0979 1.2
-0.09766 -0.4
-0.09741 -2.0
-0.09717 -3.5
-0.09693 -5.1
-0.09668 -6.6
-0.09644 -8.1
-0.09619 -9.4
-0.09595 -10.8
-0.09571 -12.0
-0.09546 -13.1
-0.09522 -14.1
-0.09497 -14.9
-0.09473 -15.7
-0.09448 -16.3
-0.09424 -16.8
-0.094 -17.1
-0.09375 -17.2
-0.09351 -17.2
-0.09326 -17.1
-0.09302 -16.8
-0.09278 -16.3
-0.09253 -15.7
-0.09229 -15.0
-0.09204 -14.1
-0.0918 -13.1
-0.09155 -12.0
-0.09131 -10.7
-0.09107 -9.4
-0.09082 -8.0
-0.09058 -6.5
-0.09033 -4.9
-0.09009 -3.3
-0.08985 -1.6
-0.0896 0.0
-0.08936 1.7
-0.08911 3.4
-0.08887 5.0
-0.08862 6.6
-0.08838 8.1
-0.08814 9.6
-0.08789 10.9
-0.08765 12.2
-0.0874 13.4
-0.08716 14.4
-0.08692 15.3
-0.08667 16.1
-0.08643 16.7
-0.08618 17.1
-0.08594 17.4
-0.0857 17.6
-0.08545 17.5
-0.08521 17.3
-0.08496 17.0
-0.08472 16.5
-0.08447 15.8
-0.08423 14.9
-0.08399 14.0
-0.08374 12.8
-0.0835 11.6
-0.08325 10.2
-0.08301 8.8
-0.08277 7.2
-0.08252 5.6
-0.08228 3.9
-0.08203 2.2
-0.08179 0.5
-0.08154 -1.3
-0.0813 -3.0
-0.08106 -4.7
-0.08081 -6.4
-0.08057 -8.0
-0.08032 -9.6
-0.08008 -11.0
-0.07984 -12.4
-0.07959 -13.6
-0.07935 -14.7
-0.0791 -15.6
-0.07886 -16.4
-0.07862 -17.1
-0.07837 -17.5
-0.07813 -17.8
-0.07788 -17.9
-0.07764 -17.9
-0.07739 -17.6
-0.07715 -17.2
-0.07691 -16.6
-0.07666 -15.8
-0.07642 -14.9
-0.07617 -13.8
-0.07593 -12.6
-0.07569 -11.2
-0.07544 -9.7
-0.0752 -8.2
-0.07495 -6.5
-0.07471 -4.8
-0.07446 -3.0
-0.07422 -1.1
-0.07398 0.7
-0.07373 2.6
-0.07349 4.4
-0.07324 6.1
-0.073 7.9
-0.07276 9.5
-0.07251 11.1
-0.07227 12.5
-0.07202 13.8
-0.07178 15.0
-0.07154 16.0
-0.07129 16.8
-0.07105 17.5
-0.0708 17.9
-0.07056 18.2
-0.07031 18.3
-0.07007 18.2
-0.06983 17.9
-0.06958 17.4
-0.06934 16.8
-0.06909 15.9
-0.06885 14.9
-0.06861 13.7
-0.06836 12.3
-0.06812 10.8
-0.06787 9.2
-0.06763 7.5
-0.06738 5.7
-0.06714 3.8
-0.0669 1.9
-0.06665 0.0
-0.06641 -2.0
-0.06616 -3.9
-0.06592 -5.8
-0.06568 -7.7
-0.06543 -9.4
-0.06519 -11.1
-0.06494 -12.6
-0.0647 -14.0
-0.06446 -15.2
-0.06421 -16.3
-0.06397 -17.2
-0.06372 -17.9
-0.06348 -18.4
-0.06323 -18.7
-0.06299 -18.8
-0.06275 -18.6
-0.0625 -18.3
-0.06226 -17.7
-0.06201 -16.9
-0.06177 -15.9
-0.06153 -14.8
-0.06128 -13.5
-0.06104 -12.0
-0.06079 -10.3
-0.06055 -8.6
-0.0603 -6.7
-0.06006 -4.7
-0.05982 -2.7
-0.05957 -0.7
-0.05933 1.4
-0.05908 3.5
-0.05884 5.5
-0.0586 7.5
-0.05835 9.3
-0.05811 11.1
-0.05786 12.8
-0.05762 14.3
-0.05737 15.6
-0.05713 16.7
-0.05689 17.7
-0.05664 18.4
-0.0564 18.9
-0.05615 19.2
-0.05591 19.2
-0.05567 19.0
-0.05542 18.6
-0.05518 17.9
-0.05493 17.0
-0.05469 15.9
-0.05445 14.6
-0.0542 13.1
-0.05396 11.4
-0.05371 9.6
-0.05347 7.7
-0.05322 5.6
-0.05298 3.5
-0.05274 1.3
-0.05249 -0.9
-0.05225 -3.1
-0.052 -5.3
-0.05176 -7.4
-0.05152 -9.4
-0.05127 -11.3
-0.05103 -13.1
-0.05078 -14.7
-0.05054 -16.1
-0.05029 -17.3
-0.05005 -18.3
-0.04981 -19.0
-0.04956 -19.5
-0.04932 -19.7
-0.04907 -19.7
-0.04883 -19.4
-0.04859 -18.9
-0.04834 -18.0
-0.0481 -17.0
-0.04785 -15.7
-0.04761 -14.2
-0.04737 -12.5
-0.04712 -10.6
-0.04688 -8.5
-0.04663 -6.3
-0.04639 -4.1
-0.04614 -1.7
-0.0459 0.6
-0.04566 3.0
-0.04541 5.3
-0.04517 7.6
-0.04492 9.8
-0.04468 11.8
-0.04444 13.7
-0.04419 15.4
-0.04395 16.9
-0.0437 18.1
-0.04346 19.1
-0.04321 19.8
-0.04297 20.2
-0.04273 20.4
-0.04248 20.2
-0.04224 19.7
-0.04199 19.0
-0.04175 18.0
-0.04151 16.6
-0.04126 15.1
-0.04102 13.3
-0.04077 11.3
-0.04053 9.1
-0.04029 6.8
-0.04004 4.3
-0.0398 1.8
-0.03955 -0.8
-0.03931 -3.3
-0.03906 -5.8
-0.03882 -8.3
-0.03858 -10.6
-0.03833 -12.8
-0.03809 -14.8
-0.03784 -16.5
-0.0376 -18.0
-0.03736 -19.2
-0.03711 -20.2
-0.03687 -20.8
-0.03662 -21.1
-0.03638 -21.0
-0.03613 -20.6
-0.03589 -19.8
-0.03565 -18.8
-0.0354 -17.4
-0.03516 -15.7
-0.03491 -13.8
-0.03467 -11.6
-0.03443 -9.2
-0.03418 -6.6
-0.03394 -3.9
-0.03369 -1.2
-0.03345 1.6
-0.03321 4.4
-0.03296 7.2
-0.03272 9.8
-0.03247 12.2
-0.03223 14.5
-0.03198 16.5
-0.03174 18.3
-0.0315 19.7
-0.03125 20.8
-0.03101 21.5
-0.03076 21.9
-0.03052 21.8
-0.03028 21.4
-0.03003 20.5
-0.02979 19.3
-0.02954 17.7
-0.0293 15.8
-0.02905 13.6
-0.02881 11.1
-0.02857 8.3
-0.02832 5.4
-0.02808 2.4
-0.02783 -0.7
-0.02759 -3.8
-0.02735 -6.8
-0.0271 -9.8
-0.02686 -12.5
-0.02661 -15.1
-0.02637 -17.3
-0.02612 -19.2
-0.02588 -20.8
-0.02564 -21.9
-0.02539 -22.6
-0.02515 -22.9
-0.0249 -22.6
-0.02466 -22.0
-0.02442 -20.8
-0.02417 -19.2
-0.02393 -17.2
-0.02368 -14.8
-0.02344 -12.0
-0.0232 -9.0
-0.02295 -5.8
-0.02271 -2.4
-0.02246 1.1
-0.02222 4.6
-0.02197 8.0
-0.02173 11.2
-0.02149 14.3
-0.02124 17.0
-0.021 19.4
-0.02075 21.3
-0.02051 22.8
-0.02027 23.7
-0.02002 24.1
-0.01978 23.9
-0.01953 23.1
-0.01929 21.8
-0.01904 19.9
-0.0188 17.5
-0.01856 14.6
-0.01831 11.3
-0.01807 7.8
-0.01782 3.9
-0.01758 0.0
-0.01734 -4.0
-0.01709 -8.0
-0.01685 -11.8
-0.0166 -15.3
-0.01636 -18.4
-0.01612 -21.1
-0.01587 -23.2
-0.01563 -24.7
-0.01538 -25.5
-0.01514 -25.6
-0.01489 -24.9
-0.01465 -23.5
-0.01441 -21.4
-0.01416 -18.7
-0.01392 -15.3
-0.01367 -11.4
-0.01343 -7.1
-0.01319 -2.5
-0.01294 2.2
-0.0127 6.9
-0.01245 11.5
-0.01221 15.8
-0.01196 19.6
-0.01172 22.8
-0.01148 25.3
-0.01123 26.9
-0.01099 27.6
-0.01074 27.3
-0.0105 26.0
-0.01026 23.8
-0.01001 20.5
-0.00977 16.5
-0.00952 11.7
-0.00928 6.3
-0.00904 0.6
-0.00879 -5.3
-0.00855 -11.1
-0.0083 -16.5
-0.00806 -21.4
-0.00781 -25.4
-0.00757 -28.3
-0.00733 -30.0
-0.00708 -30.3
-0.00684 -29.1
-0.00659 -26.5
-0.00635 -22.4
-0.00611 -16.9
-0.00586 -10.5
-0.00562 -3.2
-0.00537 4.5
-0.00513 12.2
-0.00488 19.4
-0.00464 25.6
-0.0044 30.4
-0.00415 33.3
-0.00391 34.0
-0.00366 32.3
-0.00342 28.1
-0.00318 21.5
-0.00293 12.8
-0.00269 2.7
-0.00244 -8.2
-0.0022 -18.8
-0.00196 -28.0
-0.00171 -34.8
-0.00147 -38.2
-0.00122 -37.2
-0.00098 -31.6
-0.00073 -21.5
-0.00049 -7.9
-0.00025 7.6
-0.0 22.6
0.00024 34.1
0.00049 39.4
0.00073 36.7
0.00097 25.9
0.00122 9.4
0.00146 -8.6
0.00171 -23.1
0.00195 -30.2
0.0022 -28.4
0.00244 -18.8
0.00268 -5.3
0.00293 7.7
0.00317 16.4
0.00342 18.6
0.00366 14.7
0.0039 7.0
0.00415 -1.4
0.00439 -7.7
0.00464 -10.4
0.00488 -9.1
0.00513 -5.2
0.00537 -0.3
0.00561 3.6
0.00586 5.6
0.0061 5.3
0.00635 3.3
0.00659 0.6
0.00683 -1.7
0.00708 -3.0
0.00732 -3.0
0.00757 -2.0
0.00781 -0.5
0.00805 0.8
0.0083 1.6
0.00854 1.7
0.00879 1.2
0.00903 0.4
0.00928 -0.4
0.00952 -0.9
0.00976 -1.0
0.01001 -0.7
0.01025 -0.3
0.0105 0.2
0.01074 0.5
0.01098 0.5
0.01123 0.4
0.01147 0.2
0.01172 0.0
0.01196 -0.2
0.01221 -0.3
0.01245 -0.3
0.01269 -0.1
0.01294 0.0
0.01318 0.1
0.01343 0.2
0.01367 0.1
0.01391 0.0
0.01416 0.0
0.0144 0.0
0.01465 0.0
0.01489 0.0
0.01513 0.0
0.01538 0.0
0.01562 0.0
0.01587 0.0
0.01611 0.0
0.01636 0.0
0.0166 0.0
0.01684 0.0
0.01709 0.0
0.01733 0.0
0.01758 0.0
0.01782 0.0
0.01806 0.0
0.01831 0.0
0.01855 0.0
0.0188 0.0
0.01904 0.0
0.01929 0.0
0.01953 0.0
0.01977 0.0
0.02002 0.0
0.02026 0.0
0.02051 0.0
0.02075 0.0
0.02099 0.0
0.02124 0.0
0.02148 0.0
0.02173 0.0
0.02197 0.0
0.02221 0.0
0.02246 0.0
0.0227 0.0
0.02295 0.0
0.02319 0.0
0.02344 0.0
0.02368 0.0
0.02392 0.0
0.02417 0.0
0.02441 0.0
0.02466 0.0
0.0249 0.0
0.02514 0.0
0.02539 0.0
0.02563 0.0
0.02588 0.0
0.02612 0.0
0.02637 0.0
0.02661 0.0
0.02685 0.0
0.0271 0.0
0.02734 0.0
0.02759 0.0
0.02783 0.0
0.02807 0.0
0.02832 0.0
0.02856 0.0
0.02881 0.0
0.02905 0.0
0.02929 0.0
0.02954 0.0
0.02978 0.0
0.03003 0.0
0.03027 0.0
0.03052 0.0
0.03076 0.0
0.031 0.0
0.03125 0.0
0.03149 0.0
0.03174 0.0
0.03198 0.0
0.03222 0.0
0.03247 0.0
0.03271 0.0
0.03296 0.0
0.0332 0.0
0.03345 0.0
0.03369 0.0
0.03393 0.0
0.03418 0.0
0.03442 0.0
0.03467 0.0
0.03491 0.0
0.03515 0.0
0.0354 0.0
0.03564 0.0
0.03589 0.0
0.03613 0.0
0.03638 0.0
0.03662 0.0
0.03686 0.0
0.03711 0.0
0.03735 0.0
0.0376 0.0
0.03784 0.0
0.03808 0.0
0.03833 0.0
0.03857 0.0
0.03882 0.0
0.03906 0.0
0.0393 0.0
0.03955 0.0
0.03979 0.0
0.04004 0.0
0.04028 0.0
0.04053 0.0
0.04077 0.0
0.04101 0.0
0.04126 0.0
0.0415 0.0
0.04175 0.0
0.04199 0.0
0.04223 0.0
0.04248 0.0
0.04272 0.0
0.04297 0.0
0.04321 0.0
0.04346 0.0
0.0437 0.0
0.04394 0.0
0.04419 0.0
0.04443 0.0
0.04468 0.0
0.04492 0.0
0.04516 0.0
0.04541 0.0
0.04565 0.0
0.0459 0.0
0.04614 0.0
0.04638 0.0
0.04663 0.0
0.04687 0.0
0.04712 0.0
0.04736 0.0
0.04761 0.0
0.04785 0.0
0.04809 0.0
0.04834 0.0
0.04858 0.0
0.04883 0.0
0.04907 0.0
0.04931 0.0
0.04956 0.0
0.0498 0.0
0.05005 0.0
0.05029 0.0
0.05054 0.0
0.05078 0.0
0.05102 0.0
0.05127 0.0
0.05151 0.0
0.05176 0.0
0.052 0.0
0.05224 0.0
0.05249 0.0
0.05273 0.0
0.05298 0.0
0.05322 0.0
0.05346 0.0
0.05371 0.0
0.05395 0.0
0.0542 0.0
0.05444 0.0
0.05469 0.0
0.05493 0.0
0.05517 0.0
0.05542 0.0
0.05566 0.0
0.05591 0.0
0.05615 0.0
0.05639 0.0
0.05664 0.0
0.05688 0.0
0.05713 0.0
0.05737 0.0
0.05762 0.0
0.05786 0.0
0.0581 0.0
0.05835 0.0
0.05859 0.0
0.05884 0.0
0.05908 0.0
0.05932 0.0
0.05957 0.0
0.05981 0.0
0.06006 0.0
0.0603 0.0
0.06054 0.0
0.06079 0.0
0.06103 0.0
0.06128 0.0
0.06152 0.0
0.06177 0.0
0.06201 0.0
0.06225 0.0
0.0625 0.0
0.06274 0.0
0.06299 0.0
0.06323 0.0
0.06347 0.0
0.06372 0.0
0.06396 0.0
0.06421 0.0
0.06445 0.0
0.0647 0.0
0.06494 0.0
0.06518 0.0
0.06543 0.0
0.06567 0.0
0.06592 0.0
0.06616 0.0
0.0664 0.0
0.06665 0.0
0.06689 0.0
0.06714 0.0
0.06738 0.0
0.06763 0.0
0.06787 0.0
0.06811 0.0
0.06836 0.0
0.0686 0.0
0.06885 0.0
0.06909 0.0
0.06933 0.0
0.06958 0.0
0.06982 0.0
0.07007 0.0
0.07031 0.0
0.07055 0.0
0.0708 0.0
0.07104 0.0
0.07129 0.0
0.07153 0.0
0.07178 0.0
0.07202 0.0
0.07226 0.0
0.07251 0.0
0.07275 0.0
0.073 0.0
0.07324 0.0
0.07348 0.0
0.07373 0.0
0.07397 0.0
0.07422 0.0
0.07446 0.0
0.07471 0.0
0.07495 0.0
0.07519 0.0
0.07544 0.0
0.07568 0.0
0.07593 0.0
0.07617 0.0
0.07641 0.0
0.07666 0.0
0.0769 0.0
0.07715 0.0
0.07739 0.0
0.07763 0.0
0.07788 0.0
0.07812 0.0
0.07837 0.0
0.07861 0.0
0.07886 0.0
0.0791 0.0
0.07934 0.0
0.07959 0.0
0.07983 0.0
0.08008 0.0
0.08032 0.0
0.08056 0.0
0.08081 0.0
0.08105 0.0
0.0813 0.0
0.08154 0.0
0.08179 0.0
0.08203 0.0
0.08227 0.0
0.08252 0.0
0.08276 0.0
0.08301 0.0
0.08325 0.0
0.08349 0.0
0.08374 0.0
0.08398 0.0
0.08423 0.0
0.08447 0.0
0.08471 0.0
0.08496 0.0
0.0852 0.0
0.08545 0.0
0.08569 0.0
0.08594 0.0
0.08618 0.0
0.08642 0.0
