t strain*1e23
-0.48785 -5.9
-0.48761 -5.8
-0.48737 -5.8
-0.48712 -5.7
-0.48688 -5.6
-0.48663 -5.5
-0.48639 -5.4
-0.48615 -5.3
-0.4859 -5.2
-0.48566 -5.1
-0.48541 -4.9
-0.48517 -4.8
-0.48492 -4.6
-0.48468 -4.5
-0.48444 -4.3
-0.48419 -4.2
-0.48395 -4.0
-0.4837 -3.8
-0.48346 -3.6
-0.48322 -3.4
-0.48297 -3.2
-0.48273 -3.0
-0.48248 -2.8
-0.48224 -2.6
-0.48199 -2.4
-0.48175 -2.2
-0.48151 -2.0
-0.48126 -1.8
-0.48102 -1.5
-0.48077 -1.3
-0.48053 -1.1
-0.48029 -0.9
-0.48004 -0.6
-0.4798 -0.4
-0.47955 -0.2
-0.47931 0.0
-0.47906 0.3
-0.47882 0.6
-0.47858 0.8
-0.47833 1.0
-0.47809 1.2
-0.47784 1.5
-0.4776 1.7
-0.47736 1.9
-0.47711 2.2
-0.47687 2.4
-0.47662 2.6
-0.47638 2.8
-0.47614 3.0
-0.47589 3.2
-0.47565 3.4
-0.4754 3.6
-0.47516 3.8
-0.47491 4.0
-0.47467 4.1
-0.47443 4.3
-0.47418 4.5
-0.47394 4.6
-0.47369 4.8
-0.47345 4.9
-0.47321 5.1
-0.47296 5.2
-0.47272 5.3
-0.47247 5.4
-0.47223 5.5
-0.47198 5.6
-0.47174 5.7
-0.4715 5.8
-0.47125 5.9
-0.47101 5.9
-0.47076 6.0
-0.47052 6.0
-0.47028 6.1
-0.47003 6.1
-0.46979 6.1
-0.46954 6.1
-0.4693 6.1
-0.46906 6.1
-0.46881 6.1
-0.46857 6.0
-0.46832 6.0
-0.46808 6.0
-0.46783 5.9
-0.46759 5.8
-0.46735 5.8
-0.4671 5.7
-0.46686 5.6
-0.46661 5.5
-0.46637 5.4
-0.46613 5.3
-0.46588 5.1
-0.46564 5.0
-0.46539 4.9
-0.46515 4.7
-0.4649 4.6
-0.46466 4.4
-0.46442 4.2
-0.46417 4.0
-0.46393 3.9
-0.46368 3.7
-0.46344 3.5
-0.4632 3.3
-0.46295 3.1
-0.46271 2.9
-0.46246 2.7
-0.46222 2.4
-0.46198 2.2
-0.46173 2.0
-0.46149 1.8
-0.46124 1.5
-0.461 1.3
-0.46075 1.1
-0.46051 0.8
-0.46027 0.6
-0.46002 0.4
-0.45978 0.1
-0.45953 -0.1
-0.45929 -0.4
-0.45905 -0.6
-0.4588 -0.8
-0.45856 -1.1
-0.45831 -1.3
-0.45807 -1.6
-0.45782 -1.8
-0.45758 -2.0
-0.45734 -2.2
-0.45709 -2.5
-0.45685 -2.7
-0.4566 -2.9
-0.45636 -3.1
-0.45612 -3.3
-0.45587 -3.5
-0.45563 -3.7
-0.45538 -3.9
-0.45514 -4.1
-0.4549 -4.3
-0.45465 -4.4
-0.45441 -4.6
-0.45416 -4.8
-0.45392 -4.9
-0.45367 -5.1
-0.45343 -5.2
-0.45319 -5.3
-0.45294 -5.4
-0.4527 -5.5
-0.45245 -5.6
-0.45221 -5.7
-0.45197 -5.8
-0.45172 -5.9
-0.45148 -6.0
-0.45123 -6.0
-0.45099 -6.1
-0.45074 -6.1
-0.4505 -6.1
-0.45026 -6.2
-0.45001 -6.2
-0.44977 -6.2
-0.44952 -6.2
-0.44928 -6.1
-0.44904 -6.1
-0.44879 -6.1
-0.44855 -6.0
-0.4483 -6.0
-0.44806 -5.9
-0.44781 -5.8
-0.44757 -5.7
-0.44733 -5.6
-0.44708 -5.5
-0.44684 -5.4
-0.44659 -5.3
-0.44635 -5.2
-0.44611 -5.0
-0.44586 -4.9
-0.44562 -4.8
-0.44537 -4.6
-0.44513 -4.4
-0.44489 -4.3
-0.44464 -4.1
-0.4444 -3.9
-0.44415 -3.7
-0.44391 -3.5
-0.44366 -3.3
-0.44342 -3.1
-0.44318 -2.9
-0.44293 -2.6
-0.44269 -2.4
-0.44244 -2.2
-0.4422 -2.0
-0.44196 -1.7
-0.44171 -1.5
-0.44147 -1.3
-0.44122 -1.0
-0.44098 -0.8
-0.44073 -0.5
-0.44049 -0.3
-0.44025 0.0
-0.44 0.2
-0.43976 0.5
-0.43951 0.7
-0.43927 0.9
-0.43903 1.2
-0.43878 1.4
-0.43854 1.7
-0.43829 1.9
-0.43805 2.1
-0.43781 2.4
-0.43756 2.6
-0.43732 2.8
-0.43707 3.0
-0.43683 3.3
-0.43658 3.5
-0.43634 3.7
-0.4361 3.9
-0.43585 4.1
-0.43561 4.2
-0.43536 4.4
-0.43512 4.6
-0.43488 4.8
-0.43463 4.9
-0.43439 5.1
-0.43414 5.2
-0.4339 5.3
-0.43365 5.5
-0.43341 5.6
-0.43317 5.7
-0.43292 5.8
-0.43268 5.9
-0.43243 5.9
-0.43219 6.0
-0.43195 6.1
-0.4317 6.1
-0.43146 6.2
-0.43121 6.2
-0.43097 6.2
-0.43073 6.2
-0.43048 6.2
-0.43024 6.2
-0.42999 6.2
-0.42975 6.2
-0.4295 6.1
-0.42926 6.1
-0.42902 6.0
-0.42877 6.0
-0.42853 5.9
-0.42828 5.8
-0.42804 5.7
-0.4278 5.6
-0.42755 5.5
-0.42731 5.3
-0.42706 5.2
-0.42682 5.1
-0.42657 4.9
-0.42633 4.8
-0.42609 4.6
-0.42584 4.4
-0.4256 4.3
-0.42535 4.1
-0.42511 3.9
-0.42487 3.7
-0.42462 3.5
-0.42438 3.3
-0.42413 3.0
-0.42389 2.8
-0.42365 2.6
-0.4234 2.4
-0.42316 2.1
-0.42291 1.9
-0.42267 1.6
-0.42242 1.4
-0.42218 1.2
-0.42194 0.9
-0.42169 0.7
-0.42145 0.4
-0.4212 0.2
-0.42096 0.0
-0.42072 -0.3
-0.42047 -0.6
-0.42023 -0.9
-0.41998 -1.1
-0.41974 -1.3
-0.41949 -1.6
-0.41925 -1.8
-0.41901 -2.1
-0.41876 -2.3
-0.41852 -2.6
-0.41827 -2.8
-0.41803 -3.0
-0.41779 -3.2
-0.41754 -3.4
-0.4173 -3.7
-0.41705 -3.9
-0.41681 -4.1
-0.41656 -4.2
-0.41632 -4.4
-0.41608 -4.6
-0.41583 -4.8
-0.41559 -4.9
-0.41534 -5.1
-0.4151 -5.2
-0.41486 -5.4
-0.41461 -5.5
-0.41437 -5.6
-0.41412 -5.7
-0.41388 -5.8
-0.41364 -5.9
-0.41339 -6.0
-0.41315 -6.1
-0.4129 -6.1
-0.41266 -6.2
-0.41241 -6.2
-0.41217 -6.3
-0.41193 -6.3
-0.41168 -6.3
-0.41144 -6.3
-0.41119 -6.3
-0.41095 -6.3
-0.41071 -6.2
-0.41046 -6.2
-0.41022 -6.1
-0.40997 -6.1
-0.40973 -6.0
-0.40948 -5.9
-0.40924 -5.8
-0.409 -5.7
-0.40875 -5.6
-0.40851 -5.5
-0.40826 -5.4
-0.40802 -5.2
-0.40778 -5.1
-0.40753 -4.9
-0.40729 -4.8
-0.40704 -4.6
-0.4068 -4.4
-0.40656 -4.2
-0.40631 -4.0
-0.40607 -3.8
-0.40582 -3.6
-0.40558 -3.4
-0.40533 -3.2
-0.40509 -3.0
-0.40485 -2.7
-0.4046 -2.5
-0.40436 -2.2
-0.40411 -2.0
-0.40387 -1.8
-0.40363 -1.5
-0.40338 -1.3
-0.40314 -1.0
-0.40289 -0.7
-0.40265 -0.5
-0.4024 -0.2
-0.40216 0.0
-0.40192 0.3
-0.40167 0.5
-0.40143 0.8
-0.40118 1.1
-0.40094 1.3
-0.4007 1.6
-0.40045 1.8
-0.40021 2.1
-0.39996 2.3
-0.39972 2.6
-0.39948 2.8
-0.39923 3.0
-0.39899 3.2
-0.39874 3.5
-0.3985 3.7
-0.39825 3.9
-0.39801 4.1
-0.39777 4.3
-0.39752 4.5
-0.39728 4.7
-0.39703 4.8
-0.39679 5.0
-0.39655 5.2
-0.3963 5.3
-0.39606 5.4
-0.39581 5.6
-0.39557 5.7
-0.39532 5.8
-0.39508 5.9
-0.39484 6.0
-0.39459 6.1
-0.39435 6.2
-0.3941 6.2
-0.39386 6.3
-0.39362 6.3
-0.39337 6.3
-0.39313 6.4
-0.39288 6.4
-0.39264 6.4
-0.3924 6.3
-0.39215 6.3
-0.39191 6.3
-0.39166 6.2
-0.39142 6.2
-0.39117 6.1
-0.39093 6.0
-0.39069 5.9
-0.39044 5.8
-0.3902 5.7
-0.38995 5.6
-0.38971 5.5
-0.38947 5.3
-0.38922 5.2
-0.38898 5.0
-0.38873 4.9
-0.38849 4.7
-0.38824 4.5
-0.388 4.3
-0.38776 4.1
-0.38751 3.9
-0.38727 3.7
-0.38702 3.5
-0.38678 3.3
-0.38654 3.0
-0.38629 2.8
-0.38605 2.6
-0.3858 2.3
-0.38556 2.1
-0.38531 1.8
-0.38507 1.6
-0.38483 1.3
-0.38458 1.0
-0.38434 0.8
-0.38409 0.5
-0.38385 0.2
-0.38361 0.0
-0.38336 -0.3
-0.38312 -0.6
-0.38287 -0.8
-0.38263 -1.1
-0.38239 -1.3
-0.38214 -1.6
-0.3819 -1.9
-0.38165 -2.1
-0.38141 -2.4
-0.38116 -2.6
-0.38092 -2.9
-0.38068 -3.1
-0.38043 -3.3
-0.38019 -3.6
-0.37994 -3.8
-0.3797 -4.0
-0.37946 -4.2
-0.37921 -4.4
-0.37897 -4.6
-0.37872 -4.8
-0.37848 -4.9
-0.37823 -5.1
-0.37799 -5.3
-0.37775 -5.4
-0.3775 -5.6
-0.37726 -5.7
-0.37701 -5.8
-0.37677 -5.9
-0.37653 -6.0
-0.37628 -6.1
-0.37604 -6.2
-0.37579 -6.3
-0.37555 -6.3
-0.37531 -6.4
-0.37506 -6.4
-0.37482 -6.4
-0.37457 -6.4
-0.37433 -6.4
-0.37408 -6.4
-0.37384 -6.4
-0.3736 -6.4
-0.37335 -6.3
-0.37311 -6.3
-0.37286 -6.2
-0.37262 -6.1
-0.37238 -6.0
-0.37213 -5.9
-0.37189 -5.8
-0.37164 -5.7
-0.3714 -5.6
-0.37115 -5.4
-0.37091 -5.3
-0.37067 -5.1
-0.37042 -4.9
-0.37018 -4.8
-0.36993 -4.6
-0.36969 -4.4
-0.36945 -4.2
-0.3692 -4.0
-0.36896 -3.8
-0.36871 -3.5
-0.36847 -3.3
-0.36823 -3.1
-0.36798 -2.8
-0.36774 -2.6
-0.36749 -2.3
-0.36725 -2.1
-0.367 -1.8
-0.36676 -1.5
-0.36652 -1.3
-0.36627 -1.0
-0.36603 -0.7
-0.36578 -0.5
-0.36554 -0.2
-0.3653 0.0
-0.36505 0.4
-0.36481 0.6
-0.36456 0.9
-0.36432 1.2
-0.36407 1.4
-0.36383 1.7
-0.36359 2.0
-0.36334 2.2
-0.3631 2.5
-0.36285 2.7
-0.36261 3.0
-0.36237 3.2
-0.36212 3.5
-0.36188 3.7
-0.36163 3.9
-0.36139 4.1
-0.36115 4.3
-0.3609 4.5
-0.36066 4.7
-0.36041 4.9
-0.36017 5.1
-0.35992 5.3
-0.35968 5.4
-0.35944 5.6
-0.35919 5.7
-0.35895 5.8
-0.3587 5.9
-0.35846 6.1
-0.35822 6.1
-0.35797 6.2
-0.35773 6.3
-0.35748 6.4
-0.35724 6.4
-0.35699 6.5
-0.35675 6.5
-0.35651 6.5
-0.35626 6.5
-0.35602 6.5
-0.35577 6.5
-0.35553 6.4
-0.35529 6.4
-0.35504 6.3
-0.3548 6.3
-0.35455 6.2
-0.35431 6.1
-0.35406 6.0
-0.35382 5.9
-0.35358 5.8
-0.35333 5.6
-0.35309 5.5
-0.35284 5.3
-0.3526 5.2
-0.35236 5.0
-0.35211 4.8
-0.35187 4.6
-0.35162 4.4
-0.35138 4.2
-0.35114 4.0
-0.35089 3.7
-0.35065 3.5
-0.3504 3.3
-0.35016 3.0
-0.34991 2.8
-0.34967 2.5
-0.34943 2.3
-0.34918 2.0
-0.34894 1.7
-0.34869 1.5
-0.34845 1.2
-0.34821 0.9
-0.34796 0.6
-0.34772 0.4
-0.34747 0.0
-0.34723 -0.2
-0.34698 -0.5
-0.34674 -0.8
-0.3465 -1.1
-0.34625 -1.3
-0.34601 -1.6
-0.34576 -1.9
-0.34552 -2.1
-0.34528 -2.4
-0.34503 -2.7
-0.34479 -2.9
-0.34454 -3.2
-0.3443 -3.4
-0.34406 -3.7
-0.34381 -3.9
-0.34357 -4.1
-0.34332 -4.3
-0.34308 -4.5
-0.34283 -4.7
-0.34259 -4.9
-0.34235 -5.1
-0.3421 -5.3
-0.34186 -5.5
-0.34161 -5.6
-0.34137 -5.8
-0.34113 -5.9
-0.34088 -6.0
-0.34064 -6.1
-0.34039 -6.2
-0.34015 -6.3
-0.3399 -6.4
-0.33966 -6.4
-0.33942 -6.5
-0.33917 -6.5
-0.33893 -6.6
-0.33868 -6.6
-0.33844 -6.6
-0.3382 -6.6
-0.33795 -6.5
-0.33771 -6.5
-0.33746 -6.5
-0.33722 -6.4
-0.33698 -6.3
-0.33673 -6.2
-0.33649 -6.1
-0.33624 -6.0
-0.336 -5.9
-0.33575 -5.8
-0.33551 -5.6
-0.33527 -5.5
-0.33502 -5.3
-0.33478 -5.2
-0.33453 -5.0
-0.33429 -4.8
-0.33405 -4.6
-0.3338 -4.4
-0.33356 -4.1
-0.33331 -3.9
-0.33307 -3.7
-0.33282 -3.4
-0.33258 -3.2
-0.33234 -2.9
-0.33209 -2.7
-0.33185 -2.4
-0.3316 -2.1
-0.33136 -1.9
-0.33112 -1.6
-0.33087 -1.3
-0.33063 -1.0
-0.33038 -0.7
-0.33014 -0.4
-0.3299 -0.2
-0.32965 0.1
-0.32941 0.4
-0.32916 0.7
-0.32892 1.0
-0.32867 1.3
-0.32843 1.6
-0.32819 1.8
-0.32794 2.1
-0.3277 2.4
-0.32745 2.7
-0.32721 2.9
-0.32697 3.2
-0.32672 3.4
-0.32648 3.7
-0.32623 3.9
-0.32599 4.2
-0.32574 4.4
-0.3255 4.6
-0.32526 4.8
-0.32501 5.0
-0.32477 5.2
-0.32452 5.4
-0.32428 5.5
-0.32404 5.7
-0.32379 5.8
-0.32355 6.0
-0.3233 6.1
-0.32306 6.2
-0.32281 6.3
-0.32257 6.4
-0.32233 6.5
-0.32208 6.5
-0.32184 6.6
-0.32159 6.6
-0.32135 6.6
-0.32111 6.6
-0.32086 6.6
-0.32062 6.6
-0.32037 6.6
-0.32013 6.6
-0.31989 6.5
-0.31964 6.4
-0.3194 6.4
-0.31915 6.3
-0.31891 6.2
-0.31866 6.0
-0.31842 5.9
-0.31818 5.8
-0.31793 5.6
-0.31769 5.5
-0.31744 5.3
-0.3172 5.1
-0.31696 4.9
-0.31671 4.7
-0.31647 4.5
-0.31622 4.3
-0.31598 4.0
-0.31573 3.8
-0.31549 3.5
-0.31525 3.3
-0.315 3.0
-0.31476 2.8
-0.31451 2.5
-0.31427 2.2
-0.31403 1.9
-0.31378 1.6
-0.31354 1.3
-0.31329 1.1
-0.31305 0.8
-0.31281 0.5
-0.31256 0.2
-0.31232 -0.1
-0.31207 -0.4
-0.31183 -0.7
-0.31158 -1.0
-0.31134 -1.3
-0.3111 -1.6
-0.31085 -1.9
-0.31061 -2.2
-0.31036 -2.5
-0.31012 -2.8
-0.30988 -3.0
-0.30963 -3.3
-0.30939 -3.5
-0.30914 -3.8
-0.3089 -4.0
-0.30865 -4.3
-0.30841 -4.5
-0.30817 -4.7
-0.30792 -4.9
-0.30768 -5.1
-0.30743 -5.3
-0.30719 -5.5
-0.30695 -5.7
-0.3067 -5.8
-0.30646 -6.0
-0.30621 -6.1
-0.30597 -6.2
-0.30573 -6.3
-0.30548 -6.4
-0.30524 -6.5
-0.30499 -6.6
-0.30475 -6.6
-0.3045 -6.7
-0.30426 -6.7
-0.30402 -6.7
-0.30377 -6.7
-0.30353 -6.7
-0.30328 -6.7
-0.30304 -6.7
-0.3028 -6.6
-0.30255 -6.5
-0.30231 -6.5
-0.30206 -6.4
-0.30182 -6.3
-0.30157 -6.1
-0.30133 -6.0
-0.30109 -5.9
-0.30084 -5.7
-0.3006 -5.5
-0.30035 -5.4
-0.30011 -5.2
-0.29987 -5.0
-0.29962 -4.8
-0.29938 -4.5
-0.29913 -4.3
-0.29889 -4.1
-0.29865 -3.8
-0.2984 -3.6
-0.29816 -3.3
-0.29791 -3.0
-0.29767 -2.7
-0.29742 -2.5
-0.29718 -2.2
-0.29694 -1.9
-0.29669 -1.6
-0.29645 -1.3
-0.2962 -1.0
-0.29596 -0.7
-0.29572 -0.4
-0.29547 0.0
-0.29523 0.2
-0.29498 0.6
-0.29474 0.9
-0.29449 1.2
-0.29425 1.5
-0.29401 1.8
-0.29376 2.1
-0.29352 2.4
-0.29327 2.7
-0.29303 2.9
-0.29279 3.2
-0.29254 3.5
-0.2923 3.7
-0.29205 4.0
-0.29181 4.2
-0.29156 4.5
-0.29132 4.7
-0.29108 4.9
-0.29083 5.1
-0.29059 5.3
-0.29034 5.5
-0.2901 5.7
-0.28986 5.9
-0.28961 6.0
-0.28937 6.2
-0.28912 6.3
-0.28888 6.4
-0.28864 6.5
-0.28839 6.6
-0.28815 6.7
-0.2879 6.7
-0.28766 6.8
-0.28741 6.8
-0.28717 6.8
-0.28693 6.8
-0.28668 6.8
-0.28644 6.8
-0.28619 6.7
-0.28595 6.7
-0.28571 6.6
-0.28546 6.5
-0.28522 6.4
-0.28497 6.3
-0.28473 6.2
-0.28448 6.1
-0.28424 5.9
-0.284 5.7
-0.28375 5.6
-0.28351 5.4
-0.28326 5.2
-0.28302 5.0
-0.28278 4.7
-0.28253 4.5
-0.28229 4.3
-0.28204 4.0
-0.2818 3.8
-0.28156 3.5
-0.28131 3.2
-0.28107 2.9
-0.28082 2.6
-0.28058 2.3
-0.28033 2.0
-0.28009 1.7
-0.27985 1.4
-0.2796 1.1
-0.27936 0.8
-0.27911 0.5
-0.27887 0.2
-0.27863 -0.2
-0.27838 -0.5
-0.27814 -0.8
-0.27789 -1.1
-0.27765 -1.4
-0.2774 -1.7
-0.27716 -2.0
-0.27692 -2.3
-0.27667 -2.6
-0.27643 -2.9
-0.27618 -3.2
-0.27594 -3.5
-0.2757 -3.8
-0.27545 -4.0
-0.27521 -4.3
-0.27496 -4.5
-0.27472 -4.8
-0.27448 -5.0
-0.27423 -5.2
-0.27399 -5.4
-0.27374 -5.6
-0.2735 -5.8
-0.27325 -6.0
-0.27301 -6.1
-0.27277 -6.3
-0.27252 -6.4
-0.27228 -6.5
-0.27203 -6.6
-0.27179 -6.7
-0.27155 -6.8
-0.2713 -6.8
-0.27106 -6.9
-0.27081 -6.9
-0.27057 -6.9
-0.27032 -6.9
-0.27008 -6.9
-0.26984 -6.9
-0.26959 -6.8
-0.26935 -6.7
-0.2691 -6.7
-0.26886 -6.6
-0.26862 -6.5
-0.26837 -6.3
-0.26813 -6.2
-0.26788 -6.0
-0.26764 -5.9
-0.2674 -5.7
-0.26715 -5.5
-0.26691 -5.3
-0.26666 -5.1
-0.26642 -4.9
-0.26617 -4.6
-0.26593 -4.4
-0.26569 -4.1
-0.26544 -3.9
-0.2652 -3.6
-0.26495 -3.3
-0.26471 -3.0
-0.26447 -2.7
-0.26422 -2.4
-0.26398 -2.1
-0.26373 -1.8
-0.26349 -1.5
-0.26324 -1.1
-0.263 -0.8
-0.26276 -0.5
-0.26251 -0.2
-0.26227 0.2
-0.26202 0.5
-0.26178 0.8
-0.26154 1.2
-0.26129 1.5
-0.26105 1.8
-0.2608 2.1
-0.26056 2.4
-0.26031 2.7
-0.26007 3.0
-0.25983 3.3
-0.25958 3.6
-0.25934 3.9
-0.25909 4.2
-0.25885 4.4
-0.25861 4.7
-0.25836 4.9
-0.25812 5.2
-0.25787 5.4
-0.25763 5.6
-0.25739 5.8
-0.25714 6.0
-0.2569 6.1
-0.25665 6.3
-0.25641 6.4
-0.25616 6.6
-0.25592 6.7
-0.25568 6.8
-0.25543 6.8
-0.25519 6.9
-0.25494 7.0
-0.2547 7.0
-0.25446 7.0
-0.25421 7.0
-0.25397 7.0
-0.25372 7.0
-0.25348 6.9
-0.25323 6.8
-0.25299 6.8
-0.25275 6.7
-0.2525 6.6
-0.25226 6.4
-0.25201 6.3
-0.25177 6.1
-0.25153 6.0
-0.25128 5.8
-0.25104 5.6
-0.25079 5.4
-0.25055 5.2
-0.25031 4.9
-0.25006 4.7
-0.24982 4.4
-0.24957 4.2
-0.24933 3.9
-0.24908 3.6
-0.24884 3.3
-0.2486 3.0
-0.24835 2.7
-0.24811 2.4
-0.24786 2.0
-0.24762 1.7
-0.24738 1.4
-0.24713 1.0
-0.24689 0.7
-0.24664 0.4
-0.2464 0.0
-0.24615 -0.3
-0.24591 -0.7
-0.24567 -1.0
-0.24542 -1.3
-0.24518 -1.7
-0.24493 -2.0
-0.24469 -2.3
-0.24445 -2.7
-0.2442 -3.0
-0.24396 -3.3
-0.24371 -3.6
-0.24347 -3.9
-0.24323 -4.2
-0.24298 -4.4
-0.24274 -4.7
-0.24249 -4.9
-0.24225 -5.2
-0.242 -5.4
-0.24176 -5.6
-0.24152 -5.8
-0.24127 -6.0
-0.24103 -6.2
-0.24078 -6.4
-0.24054 -6.5
-0.2403 -6.6
-0.24005 -6.8
-0.23981 -6.9
-0.23956 -6.9
-0.23932 -7.0
-0.23907 -7.1
-0.23883 -7.1
-0.23859 -7.1
-0.23834 -7.1
-0.2381 -7.1
-0.23785 -7.1
-0.23761 -7.0
-0.23737 -6.9
-0.23712 -6.8
-0.23688 -6.7
-0.23663 -6.6
-0.23639 -6.5
-0.23615 -6.3
-0.2359 -6.2
-0.23566 -6.0
-0.23541 -5.8
-0.23517 -5.6
-0.23492 -5.4
-0.23468 -5.1
-0.23444 -4.9
-0.23419 -4.6
-0.23395 -4.3
-0.2337 -4.1
-0.23346 -3.8
-0.23322 -3.5
-0.23297 -3.2
-0.23273 -2.8
-0.23248 -2.5
-0.23224 -2.2
-0.23199 -1.8
-0.23175 -1.5
-0.23151 -1.1
-0.23126 -0.8
-0.23102 -0.4
-0.23077 0.0
-0.23053 0.3
-0.23029 0.6
-0.23004 1.0
-0.2298 1.3
-0.22955 1.7
-0.22931 2.0
-0.22906 2.4
-0.22882 2.7
-0.22858 3.0
-0.22833 3.3
-0.22809 3.7
-0.22784 4.0
-0.2276 4.2
-0.22736 4.5
-0.22711 4.8
-0.22687 5.1
-0.22662 5.3
-0.22638 5.6
-0.22614 5.8
-0.22589 6.0
-0.22565 6.2
-0.2254 6.4
-0.22516 6.5
-0.22491 6.7
-0.22467 6.8
-0.22443 6.9
-0.22418 7.0
-0.22394 7.1
-0.22369 7.1
-0.22345 7.2
-0.22321 7.2
-0.22296 7.2
-0.22272 7.2
-0.22247 7.2
-0.22223 7.1
-0.22198 7.1
-0.22174 7.0
-0.2215 6.9
-0.22125 6.8
-0.22101 6.6
-0.22076 6.5
-0.22052 6.3
-0.22028 6.1
-0.22003 5.9
-0.21979 5.7
-0.21954 5.5
-0.2193 5.2
-0.21906 5.0
-0.21881 4.7
-0.21857 4.4
-0.21832 4.1
-0.21808 3.8
-0.21783 3.5
-0.21759 3.2
-0.21735 2.8
-0.2171 2.5
-0.21686 2.2
-0.21661 1.8
-0.21637 1.5
-0.21613 1.1
-0.21588 0.7
-0.21564 0.4
-0.21539 0.0
-0.21515 -0.4
-0.2149 -0.7
-0.21466 -1.1
-0.21442 -1.5
-0.21417 -1.8
-0.21393 -2.2
-0.21368 -2.5
-0.21344 -2.9
-0.2132 -3.2
-0.21295 -3.6
-0.21271 -3.9
-0.21246 -4.2
-0.21222 -4.5
-0.21198 -4.8
-0.21173 -5.0
-0.21149 -5.3
-0.21124 -5.6
-0.211 -5.8
-0.21075 -6.0
-0.21051 -6.2
-0.21027 -6.4
-0.21002 -6.6
-0.20978 -6.7
-0.20953 -6.9
-0.20929 -7.0
-0.20905 -7.1
-0.2088 -7.2
-0.20856 -7.3
-0.20831 -7.3
-0.20807 -7.3
-0.20782 -7.3
-0.20758 -7.3
-0.20734 -7.3
-0.20709 -7.2
-0.20685 -7.2
-0.2066 -7.1
-0.20636 -7.0
-0.20612 -6.8
-0.20587 -6.7
-0.20563 -6.5
-0.20538 -6.4
-0.20514 -6.2
-0.2049 -6.0
-0.20465 -5.7
-0.20441 -5.5
-0.20416 -5.2
-0.20392 -4.9
-0.20367 -4.7
-0.20343 -4.4
-0.20319 -4.0
-0.20294 -3.7
-0.2027 -3.4
-0.20245 -3.0
-0.20221 -2.7
-0.20197 -2.3
-0.20172 -2.0
-0.20148 -1.6
-0.20123 -1.2
-0.20099 -0.8
-0.20074 -0.5
-0.2005 0.0
-0.20026 0.3
-0.20001 0.7
-0.19977 1.1
-0.19952 1.4
-0.19928 1.8
-0.19904 2.2
-0.19879 2.6
-0.19855 2.9
-0.1983 3.3
-0.19806 3.6
-0.19781 3.9
-0.19757 4.3
-0.19733 4.6
-0.19708 4.9
-0.19684 5.2
-0.19659 5.4
-0.19635 5.7
-0.19611 5.9
-0.19586 6.2
-0.19562 6.4
-0.19537 6.6
-0.19513 6.7
-0.19489 6.9
-0.19464 7.0
-0.1944 7.2
-0.19415 7.3
-0.19391 7.3
-0.19366 7.4
-0.19342 7.4
-0.19318 7.5
-0.19293 7.4
-0.19269 7.4
-0.19244 7.4
-0.1922 7.3
-0.19196 7.2
-0.19171 7.1
-0.19147 7.0
-0.19122 6.9
-0.19098 6.7
-0.19073 6.5
-0.19049 6.3
-0.19025 6.1
-0.19 5.9
-0.18976 5.6
-0.18951 5.3
-0.18927 5.1
-0.18903 4.8
-0.18878 4.4
-0.18854 4.1
-0.18829 3.8
-0.18805 3.4
-0.18781 3.1
-0.18756 2.7
-0.18732 2.3
-0.18707 2.0
-0.18683 1.6
-0.18658 1.2
-0.18634 0.8
-0.1861 0.4
-0.18585 0.0
-0.18561 -0.4
-0.18536 -0.8
-0.18512 -1.2
-0.18488 -1.6
-0.18463 -2.0
-0.18439 -2.4
-0.18414 -2.8
-0.1839 -3.1
-0.18365 -3.5
-0.18341 -3.9
-0.18317 -4.2
-0.18292 -4.5
-0.18268 -4.8
-0.18243 -5.2
-0.18219 -5.4
-0.18195 -5.7
-0.1817 -6.0
-0.18146 -6.2
-0.18121 -6.4
-0.18097 -6.6
-0.18073 -6.8
-0.18048 -7.0
-0.18024 -7.1
-0.17999 -7.3
-0.17975 -7.4
-0.1795 -7.5
-0.17926 -7.5
-0.17902 -7.6
-0.17877 -7.6
-0.17853 -7.6
-0.17828 -7.6
-0.17804 -7.5
-0.1778 -7.4
-0.17755 -7.3
-0.17731 -7.2
-0.17706 -7.1
-0.17682 -6.9
-0.17657 -6.8
-0.17633 -6.6
-0.17609 -6.4
-0.17584 -6.1
-0.1756 -5.9
-0.17535 -5.6
-0.17511 -5.3
-0.17487 -5.0
-0.17462 -4.7
-0.17438 -4.4
-0.17413 -4.0
-0.17389 -3.6
-0.17365 -3.3
-0.1734 -2.9
-0.17316 -2.5
-0.17291 -2.1
-0.17267 -1.7
-0.17242 -1.3
-0.17218 -0.9
-0.17194 -0.5
-0.17169 0.0
-0.17145 0.4
-0.1712 0.8
-0.17096 1.2
-0.17072 1.6
-0.17047 2.0
-0.17023 2.4
-0.16998 2.8
-0.16974 3.2
-0.16949 3.6
-0.16925 4.0
-0.16901 4.3
-0.16876 4.7
-0.16852 5.0
-0.16827 5.3
-0.16803 5.6
-0.16779 5.9
-0.16754 6.2
-0.1673 6.4
-0.16705 6.6
-0.16681 6.8
-0.16656 7.0
-0.16632 7.2
-0.16608 7.3
-0.16583 7.5
-0.16559 7.6
-0.16534 7.6
-0.1651 7.7
-0.16486 7.7
-0.16461 7.7
-0.16437 7.7
-0.16412 7.7
-0.16388 7.6
-0.16364 7.5
-0.16339 7.4
-0.16315 7.3
-0.1629 7.1
-0.16266 6.9
-0.16241 6.7
-0.16217 6.5
-0.16193 6.3
-0.16168 6.0
-0.16144 5.7
-0.16119 5.4
-0.16095 5.1
-0.16071 4.8
-0.16046 4.4
-0.16022 4.0
-0.15997 3.7
-0.15973 3.3
-0.15948 2.9
-0.15924 2.5
-0.159 2.1
-0.15875 1.6
-0.15851 1.2
-0.15826 0.8
-0.15802 0.3
-0.15778 -0.1
-0.15753 -0.5
-0.15729 -1.0
-0.15704 -1.4
-0.1568 -1.9
-0.15656 -2.3
-0.15631 -2.7
-0.15607 -3.1
-0.15582 -3.5
-0.15558 -3.9
-0.15533 -4.3
-0.15509 -4.6
-0.15485 -5.0
-0.1546 -5.3
-0.15436 -5.6
-0.15411 -5.9
-0.15387 -6.2
-0.15363 -6.5
-0.15338 -6.7
-0.15314 -7.0
-0.15289 -7.2
-0.15265 -7.3
-0.1524 -7.5
-0.15216 -7.6
-0.15192 -7.7
-0.15167 -7.8
-0.15143 -7.8
-0.15118 -7.9
-0.15094 -7.9
-0.1507 -7.8
-0.15045 -7.8
-0.15021 -7.7
-0.14996 -7.6
-0.14972 -7.5
-0.14948 -7.3
-0.14923 -7.2
-0.14899 -7.0
-0.14874 -6.7
-0.1485 -6.5
-0.14825 -6.2
-0.14801 -5.9
-0.14777 -5.6
-0.14752 -5.3
-0.14728 -5.0
-0.14703 -4.6
-0.14679 -4.2
-0.14655 -3.8
-0.1463 -3.4
-0.14606 -3.0
-0.14581 -2.6
-0.14557 -2.2
-0.14532 -1.7
-0.14508 -1.3
-0.14484 -0.8
-0.14459 -0.3
-0.14435 0.1
-0.1441 0.6
-0.14386 1.0
-0.14362 1.5
-0.14337 1.9
-0.14313 2.4
-0.14288 2.8
-0.14264 3.3
-0.1424 3.7
-0.14215 4.1
-0.14191 4.5
-0.14166 4.9
-0.14142 5.2
-0.14117 5.6
-0.14093 5.9
-0.14069 6.2
-0.14044 6.5
-0.1402 6.8
-0.13995 7.0
-0.13971 7.2
-0.13947 7.4
-0.13922 7.6
-0.13898 7.7
-0.13873 7.8
-0.13849 7.9
-0.13824 8.0
-0.138 8.0
-0.13776 8.0
-0.13751 8.0
-0.13727 8.0
-0.13702 7.9
-0.13678 7.8
-0.13654 7.7
-0.13629 7.5
-0.13605 7.3
-0.1358 7.1
-0.13556 6.9
-0.13531 6.6
-0.13507 6.3
-0.13483 6.0
-0.13458 5.7
-0.13434 5.3
-0.13409 5.0
-0.13385 4.6
-0.13361 4.2
-0.13336 3.7
-0.13312 3.3
-0.13287 2.9
-0.13263 2.4
-0.13239 1.9
-0.13214 1.5
-0.1319 1.0
-0.13165 0.5
-0.13141 0.0
-0.13116 -0.5
-0.13092 -0.9
-0.13068 -1.4
-0.13043 -1.9
-0.13019 -2.4
-0.12994 -2.8
-0.1297 -3.3
-0.12946 -3.7
-0.12921 -4.2
-0.12897 -4.6
-0.12872 -5.0
-0.12848 -5.4
-0.12823 -5.7
-0.12799 -6.1
-0.12775 -6.4
-0.1275 -6.7
-0.12726 -7.0
-0.12701 -7.2
-0.12677 -7.4
-0.12653 -7.6
-0.12628 -7.8
-0.12604 -8.0
-0.12579 -8.1
-0.12555 -8.1
-0.12531 -8.2
-0.12506 -8.2
-0.12482 -8.2
-0.12457 -8.2
-0.12433 -8.1
-0.12408 -8.0
-0.12384 -7.9
-0.1236 -7.7
-0.12335 -7.5
-0.12311 -7.3
-0.12286 -7.0
-0.12262 -6.8
-0.12238 -6.5
-0.12213 -6.2
-0.12189 -5.8
-0.12164 -5.4
-0.1214 -5.0
-0.12115 -4.6
-0.12091 -4.2
-0.12067 -3.8
-0.12042 -3.3
-0.12018 -2.8
-0.11993 -2.3
-0.11969 -1.8
-0.11945 -1.3
-0.1192 -0.8
-0.11896 -0.3
-0.11871 0.2
-0.11847 0.7
-0.11823 1.2
-0.11798 1.7
-0.11774 2.2
-0.11749 2.7
-0.11725 3.2
-0.117 3.7
-0.11676 4.2
-0.11652 4.6
-0.11627 5.0
-0.11603 5.4
-0.11578 5.8
-0.11554 6.2
-0.1153 6.5
-0.11505 6.9
-0.11481 7.1
-0.11456 7.4
-0.11432 7.6
-0.11407 7.8
-0.11383 8.0
-0.11359 8.2
-0.11334 8.3
-0.1131 8.4
-0.11285 8.4
-0.11261 8.4
-0.11237 8.4
-0.11212 8.3
-0.11188 8.2
-0.11163 8.1
-0.11139 8.0
-0.11115 7.8
-0.1109 7.6
-0.11066 7.3
-0.11041 7.0
-0.11017 6.7
-0.10992 6.4
-0.10968 6.0
-0.10944 5.6
-0.10919 5.2
-0.10895 4.8
-0.1087 4.3
-0.10846 3.9
-0.10822 3.4
-0.10797 2.9
-0.10773 2.4
-0.10748 1.8
-0.10724 1.3
-0.10699 0.8
-0.10675 0.2
-0.10651 -0.3
-0.10626 -0.9
-0.10602 -1.4
-0.10577 -2.0
-0.10553 -2.5
-0.10529 -3.0
-0.10504 -3.5
-0.1048 -4.0
-0.10455 -4.5
-0.10431 -5.0
-0.10406 -5.4
-0.10382 -5.8
-0.10358 -6.2
-0.10333 -6.6
-0.10309 -7.0
-0.10284 -7.3
-0.1026 -7.6
-0.10236 -7.8
-0.10211 -8.0
-0.10187 -8.2
-0.10162 -8.4
-0.10138 -8.5
-0.10114 -8.6
-0.10089 -8.6
-0.10065 -8.6
-0.1004 -8.6
-0.10016 -8.5
-0.09991 -8.4
-0.09967 -8.3
-0.09943 -8.1
-0.09918 -7.9
-0.09894 -7.7
-0.09869 -7.4
-0.09845 -7.1
-0.09821 -6.7
-0.09796 -6.3
-0.09772 -5.9
-0.09747 -5.5
-0.09723 -5.1
-0.09698 -4.6
-0.09674 -4.1
-0.0965 -3.6
-0.09625 -3.0
-0.09601 -2.5
-0.09576 -1.9
-0.09552 -1.3
-0.09528 -0.8
-0.09503 -0.2
-0.09479 0.4
-0.09454 1.0
-0.0943 1.6
-0.09406 2.1
-0.09381 2.7
-0.09357 3.3
-0.09332 3.8
-0.09308 4.3
-0.09283 4.8
-0.09259 5.3
-0.09235 5.8
-0.0921 6.2
-0.09186 6.6
-0.09161 7.0
-0.09137 7.4
-0.09113 7.7
-0.09088 8.0
-0.09064 8.2
-0.09039 8.4
-0.09015 8.6
-0.0899 8.7
-0.08966 8.8
-0.08942 8.9
-0.08917 8.9
-0.08893 8.8
-0.08868 8.8
-0.08844 8.6
-0.0882 8.5
-0.08795 8.3
-0.08771 8.1
-0.08746 7.8
-0.08722 7.5
-0.08698 7.1
-0.08673 6.7
-0.08649 6.3
-0.08624 5.9
-0.086 5.4
-0.08575 4.9
-0.08551 4.4
-0.08527 3.8
-0.08502 3.2
-0.08478 2.7
-0.08453 2.1
-0.08429 1.4
-0.08405 0.8
-0.0838 0.2
-0.08356 -0.4
-0.08331 -1.1
-0.08307 -1.7
-0.08282 -2.3
-0.08258 -2.9
-0.08234 -3.5
-0.08209 -4.1
-0.08185 -4.6
-0.0816 -5.2
-0.08136 -5.7
-0.08112 -6.2
-0.08087 -6.6
-0.08063 -7.1
-0.08038 -7.4
-0.08014 -7.8
-0.0799 -8.1
-0.07965 -8.4
-0.07941 -8.6
-0.07916 -8.8
-0.07892 -9.0
-0.07867 -9.1
-0.07843 -9.1
-0.07819 -9.1
-0.07794 -9.1
-0.0777 -9.0
-0.07745 -8.9
-0.07721 -8.7
-0.07697 -8.5
-0.07672 -8.2
-0.07648 -7.9
-0.07623 -7.6
-0.07599 -7.2
-0.07574 -6.7
-0.0755 -6.3
-0.07526 -5.8
-0.07501 -5.2
-0.07477 -4.7
-0.07452 -4.1
-0.07428 -3.5
-0.07404 -2.9
-0.07379 -2.2
-0.07355 -1.6
-0.0733 -0.9
-0.07306 -0.2
-0.07281 0.5
-0.07257 1.2
-0.07233 1.8
-0.07208 2.5
-0.07184 3.1
-0.07159 3.8
-0.07135 4.4
-0.07111 5.0
-0.07086 5.6
-0.07062 6.1
-0.07037 6.6
-0.07013 7.1
-0.06989 7.6
-0.06964 7.9
-0.0694 8.3
-0.06915 8.6
-0.06891 8.9
-0.06866 9.1
-0.06842 9.3
-0.06818 9.4
-0.06793 9.4
-0.06769 9.4
-0.06744 9.4
-0.0672 9.3
-0.06696 9.1
-0.06671 8.9
-0.06647 8.7
-0.06622 8.4
-0.06598 8.0
-0.06573 7.6
-0.06549 7.2
-0.06525 6.7
-0.065 6.2
-0.06476 5.6
-0.06451 5.0
-0.06427 4.4
-0.06403 3.7
-0.06378 3.0
-0.06354 2.3
-0.06329 1.6
-0.06305 0.9
-0.06281 0.1
-0.06256 -0.6
-0.06232 -1.4
-0.06207 -2.1
-0.06183 -2.8
-0.06158 -3.5
-0.06134 -4.2
-0.0611 -4.9
-0.06085 -5.5
-0.06061 -6.1
-0.06036 -6.7
-0.06012 -7.2
-0.05988 -7.7
-0.05963 -8.2
-0.05939 -8.6
-0.05914 -8.9
-0.0589 -9.2
-0.05865 -9.4
-0.05841 -9.6
-0.05817 -9.7
-0.05792 -9.8
-0.05768 -9.8
-0.05743 -9.7
-0.05719 -9.6
-0.05695 -9.4
-0.0567 -9.2
-0.05646 -8.8
-0.05621 -8.5
-0.05597 -8.1
-0.05573 -7.6
-0.05548 -7.1
-0.05524 -6.5
-0.05499 -5.9
-0.05475 -5.2
-0.0545 -4.5
-0.05426 -3.8
-0.05402 -3.0
-0.05377 -2.2
-0.05353 -1.4
-0.05328 -0.6
-0.05304 0.2
-0.0528 1.0
-0.05255 1.8
-0.05231 2.6
-0.05206 3.4
-0.05182 4.2
-0.05157 4.9
-0.05133 5.6
-0.05109 6.3
-0.05084 6.9
-0.0506 7.5
-0.05035 8.1
-0.05011 8.6
-0.04987 9.0
-0.04962 9.4
-0.04938 9.7
-0.04913 9.9
-0.04889 10.1
-0.04865 10.2
-0.0484 10.2
-0.04816 10.2
-0.04791 10.0
-0.04767 9.9
-0.04742 9.6
-0.04718 9.3
-0.04694 8.9
-0.04669 8.4
-0.04645 7.9
-0.0462 7.3
-0.04596 6.6
-0.04572 5.9
-0.04547 5.2
-0.04523 4.4
-0.04498 3.6
-0.04474 2.7
-0.04449 1.8
-0.04425 0.9
-0.04401 0.0
-0.04376 -0.9
-0.04352 -1.8
-0.04327 -2.7
-0.04303 -3.6
-0.04279 -4.4
-0.04254 -5.3
-0.0423 -6.1
-0.04205 -6.8
-0.04181 -7.5
-0.04156 -8.2
-0.04132 -8.7
-0.04108 -9.2
-0.04083 -9.7
-0.04059 -10.1
-0.04034 -10.3
-0.0401 -10.6
-0.03986 -10.7
-0.03961 -10.7
-0.03937 -10.7
-0.03912 -10.5
-0.03888 -10.3
-0.03864 -10.0
-0.03839 -9.6
-0.03815 -9.1
-0.0379 -8.5
-0.03766 -7.9
-0.03741 -7.2
-0.03717 -6.4
-0.03693 -5.6
-0.03668 -4.7
-0.03644 -3.7
-0.03619 -2.8
-0.03595 -1.8
-0.03571 -0.8
-0.03546 0.3
-0.03522 1.3
-0.03497 2.3
-0.03473 3.4
-0.03448 4.3
-0.03424 5.3
-0.034 6.2
-0.03375 7.1
-0.03351 7.9
-0.03326 8.6
-0.03302 9.3
-0.03278 9.9
-0.03253 10.3
-0.03229 10.7
-0.03204 11.0
-0.0318 11.2
-0.03156 11.3
-0.03131 11.3
-0.03107 11.1
-0.03082 10.9
-0.03058 10.5
-0.03033 10.1
-0.03009 9.5
-0.02985 8.9
-0.0296 8.1
-0.02936 7.3
-0.02911 6.3
-0.02887 5.3
-0.02863 4.3
-0.02838 3.2
-0.02814 2.0
-0.02789 0.8
-0.02765 -0.4
-0.0274 -1.6
-0.02716 -2.7
-0.02692 -3.9
-0.02667 -5.1
-0.02643 -6.2
-0.02618 -7.2
-0.02594 -8.2
-0.0257 -9.0
-0.02545 -9.8
-0.02521 -10.5
-0.02496 -11.1
-0.02472 -11.5
-0.02448 -11.8
-0.02423 -12.0
-0.02399 -12.1
-0.02374 -12.0
-0.0235 -11.7
-0.02325 -11.3
-0.02301 -10.8
-0.02277 -10.1
-0.02252 -9.4
-0.02228 -8.4
-0.02203 -7.4
-0.02179 -6.3
-0.02155 -5.1
-0.0213 -3.8
-0.02106 -2.4
-0.02081 -1.0
-0.02057 0.4
-0.02032 1.9
-0.02008 3.3
-0.01984 4.7
-0.01959 6.0
-0.01935 7.3
-0.0191 8.5
-0.01886 9.6
-0.01862 10.6
-0.01837 11.4
-0.01813 12.1
-0.01788 12.6
-0.01764 12.9
-0.0174 13.0
-0.01715 13.0
-0.01691 12.7
-0.01666 12.3
-0.01642 11.6
-0.01617 10.8
-0.01593 9.8
-0.01569 8.6
-0.01544 7.3
-0.0152 5.8
-0.01495 4.2
-0.01471 2.5
-0.01447 0.8
-0.01422 -1.0
-0.01398 -2.8
-0.01373 -4.6
-0.01349 -6.3
-0.01324 -7.9
-0.013 -9.4
-0.01276 -10.8
-0.01251 -12.0
-0.01227 -12.9
-0.01202 -13.7
-0.01178 -14.1
-0.01154 -14.3
-0.01129 -14.3
-0.01105 -13.9
-0.0108 -13.2
-0.01056 -12.2
-0.01031 -11.0
-0.01007 -9.5
-0.00983 -7.7
-0.00958 -5.7
-0.00934 -3.6
-0.00909 -1.3
-0.00885 1.0
-0.00861 3.4
-0.00836 5.7
-0.00812 8.0
-0.00787 10.1
-0.00763 11.9
-0.00739 13.5
-0.00714 14.8
-0.0069 15.7
-0.00665 16.1
-0.00641 16.1
-0.00616 15.5
-0.00592 14.5
-0.00568 13.0
-0.00543 11.0
-0.00519 8.6
-0.00494 5.8
-0.0047 2.7
-0.00446 -0.6
-0.00421 -4.0
-0.00397 -7.3
-0.00372 -10.5
-0.00348 -13.3
-0.00323 -15.6
-0.00299 -17.3
-0.00275 -18.3
-0.0025 -18.4
-0.00226 -17.6
-0.00201 -15.8
-0.00177 -13.0
-0.00153 -9.4
-0.00128 -4.9
-0.00104 0.0
-0.00079 5.2
-0.00055 10.2
-0.00031 14.7
-6e-05 18.0
0.00018 19.8
0.00043 19.7
0.00067 17.5
0.00092 13.3
0.00116 7.5
0.0014 0.8
0.00165 -5.9
0.00189 -11.7
0.00214 -15.5
0.00238 -16.9
0.00262 -15.7
0.00287 -12.1
0.00311 -6.8
0.00336 -0.9
0.0036 4.7
0.00385 9.0
0.00409 11.2
0.00433 11.3
0.00458 9.4
0.00482 6.0
0.00507 1.9
0.00531 -2.1
0.00555 -5.1
0.0058 -6.8
0.00604 -7.0
0.00629 -5.8
0.00653 -3.7
0.00677 -1.1
0.00702 1.3
0.00726 3.2
0.00751 4.1
0.00775 4.1
0.008 3.3
0.00824 2.0
0.00848 0.4
0.00873 -1.0
0.00897 -2.0
0.00922 -2.5
0.00946 -2.4
0.0097 -1.8
0.00995 -1.0
0.01019 0.0
0.01044 0.8
0.01068 1.3
0.01093 1.5
0.01117 1.4
0.01141 1.0
0.01166 0.4
0.0119 -0.1
0.01215 -0.6
0.01239 -0.9
0.01263 -0.9
0.01288 -0.8
0.01312 -0.5
0.01337 -0.2
0.01361 0.2
0.01385 0.4
0.0141 0.6
0.01434 0.6
0.01459 0.4
0.01483 0.3
0.01508 0.0
0.01532 -0.1
0.01556 -0.3
0.01581 -0.3
0.01605 -0.3
0.0163 -0.2
0.01654 -0.1
0.01678 0.0
0.01703 0.1
0.01727 0.2
0.01752 0.2
0.01776 0.2
0.01801 0.1
0.01825 0.0
0.01849 0.0
0.01874 0.0
0.01898 -0.1
0.01923 -0.1
0.01947 -0.1
0.01971 0.0
0.01996 0.0
0.0202 0.0
0.02045 0.0
0.02069 0.0
0.02094 0.0
0.02118 0.0
0.02142 0.0
0.02167 0.0
0.02191 0.0
0.02216 0.0
0.0224 0.0
0.02264 0.0
0.02289 0.0
0.02313 0.0
0.02338 0.0
0.02362 0.0
0.02386 0.0
0.02411 0.0
0.02435 0.0
0.0246 0.0
0.02484 0.0
0.02509 0.0
0.02533 0.0
0.02557 0.0
0.02582 0.0
0.02606 0.0
0.02631 0.0
0.02655 0.0
0.02679 0.0
0.02704 0.0
0.02728 0.0
0.02753 0.0
0.02777 0.0
0.02802 0.0
0.02826 0.0
0.0285 0.0
0.02875 0.0
0.02899 0.0
0.02924 0.0
0.02948 0.0
0.02972 0.0
0.02997 0.0
0.03021 0.0
0.03046 0.0
0.0307 0.0
0.03094 0.0
0.03119 0.0
0.03143 0.0
0.03168 0.0
0.03192 0.0
0.03217 0.0
0.03241 0.0
0.03265 0.0
0.0329 0.0
0.03314 0.0
0.03339 0.0
0.03363 0.0
0.03387 0.0
0.03412 0.0
0.03436 0.0
0.03461 0.0
0.03485 0.0
0.0351 0.0
0.03534 0.0
0.03558 0.0
0.03583 0.0
0.03607 0.0
0.03632 0.0
0.03656 0.0
0.0368 0.0
0.03705 0.0
0.03729 0.0
0.03754 0.0
0.03778 0.0
0.03802 0.0
0.03827 0.0
0.03851 0.0
0.03876 0.0
0.039 0.0
0.03925 0.0
0.03949 0.0
0.03973 0.0
0.03998 0.0
0.04022 0.0
0.04047 0.0
0.04071 0.0
0.04095 0.0
0.0412 0.0
0.04144 0.0
0.04169 0.0
0.04193 0.0
0.04218 0.0
0.04242 0.0
0.04266 0.0
0.04291 0.0
0.04315 0.0
0.0434 0.0
0.04364 0.0
0.04388 0.0
0.04413 0.0
0.04437 0.0
0.04462 0.0
0.04486 0.0
0.0451 0.0
0.04535 0.0
0.04559 0.0
0.04584 0.0
0.04608 0.0
0.04633 0.0
0.04657 0.0
0.04681 0.0
0.04706 0.0
0.0473 0.0
0.04755 0.0
0.04779 0.0
0.04803 0.0
0.04828 0.0
0.04852 0.0
0.04877 0.0
0.04901 0.0
0.04926 0.0
0.0495 0.0
0.04974 0.0
0.04999 0.0
0.05023 0.0
0.05048 0.0
0.05072 0.0
0.05096 0.0
0.05121 0.0
0.05145 0.0
0.0517 0.0
0.05194 0.0
0.05219 0.0
0.05243 0.0
0.05267 0.0
0.05292 0.0
0.05316 0.0
0.05341 0.0
0.05365 0.0
0.05389 0.0
0.05414 0.0
0.05438 0.0
0.05463 0.0
0.05487 0.0
0.05511 0.0
0.05536 0.0
0.0556 0.0
0.05585 0.0
0.05609 0.0
0.05634 0.0
0.05658 0.0
0.05682 0.0
0.05707 0.0
0.05731 0.0
0.05756 0.0
0.0578 0.0
0.05804 0.0
0.05829 0.0
0.05853 0.0
0.05878 0.0
0.05902 0.0
0.05927 0.0
0.05951 0.0
0.05975 0.0
0.06 0.0
0.06024 0.0
0.06049 0.0
0.06073 0.0
0.06097 0.0
0.06122 0.0
0.06146 0.0
0.06171 0.0
0.06195 0.0
0.06219 0.0
0.06244 0.0
0.06268 0.0
0.06293 0.0
0.06317 0.0
0.06342 0.0
0.06366 0.0
0.0639 0.0
0.06415 0.0
0.06439 0.0
0.06464 0.0
0.06488 0.0
0.06512 0.0
0.06537 0.0
0.06561 0.0
0.06586 0.0
0.0661 0.0
0.06635 0.0
0.06659 0.0
0.06683 0.0
0.06708 0.0
0.06732 0.0
0.06757 0.0
0.06781 0.0
0.06805 0.0
0.0683 0.0
0.06854 0.0
0.06879 0.0
0.06903 0.0
0.06927 0.0
0.06952 0.0
0.06976 0.0
0.07001 0.0
0.07025 0.0
0.0705 0.0
0.07074 0.0
0.07098 0.0
0.07123 0.0
0.07147 0.0
0.07172 0.0
0.07196 0.0
0.0722 0.0
0.07245 0.0
0.07269 0.0
0.07294 0.0
0.07318 0.0
0.07343 0.0
0.07367 0.0
0.07391 0.0
0.07416 0.0
0.0744 0.0
0.07465 0.0
0.07489 0.0
0.07513 0.0
0.07538 0.0
0.07562 0.0
0.07587 0.0
0.07611 0.0
0.07635 0.0
0.0766 0.0
0.07684 0.0
0.07709 0.0
0.07733 0.0
0.07758 0.0
0.07782 0.0
0.07806 0.0
0.07831 0.0
0.07855 0.0
0.0788 0.0
0.07904 0.0
0.07928 0.0
0.07953 0.0
0.07977 0.0
0.08002 0.0
0.08026 0.0
0.08051 0.0
0.08075 0.0
0.08099 0.0
0.08124 0.0
0.08148 0.0
0.08173 0.0
0.08197 0.0
0.08221 0.0
0.08246 0.0
0.0827 0.0
0.08295 0.0
0.08319 0.0
0.08344 0.0
0.08368 0.0
0.08392 0.0
0.08417 0.0
0.08441 0.0
0.08466 0.0
0.0849 0.0
0.08514 0.0
0.08539 0.0
0.08563 0.0
0.08588 0.0
0.08612 0.0
0.08636 0.0
0.08661 0.0
0.08685 0.0
0.0871 0.0
0.08734 0.0
0.08759 0.0
0.08783 0.0
0.08807 0.0
0.08832 0.0
0.08856 0.0
0.08881 0.0
0.08905 0.0
0.08929 0.0
0.08954 0.0
0.08978 0.0
0.09003 0.0
0.09027 0.0
0.09052 0.0
0.09076 0.0
0.091 0.0
0.09125 0.0
0.09149 0.0
0.09174 0.0
0.09198 0.0
0.09222 0.0
0.09247 0.0
0.09271 0.0
0.09296 0.0
0.0932 0.0
0.09344 0.0
0.09369 0.0
0.09393 0.0
0.09418 0.0
0.09442 0.0
0.09467 0.0
0.09491 0.0
0.09515 0.0
0.0954 0.0
0.09564 0.0
0.09589 0.0
0.09613 0.0
0.09637 0.0
0.09662 0.0
0.09686 0.0
0.09711 0.0
0.09735 0.0
0.0976 0.0
0.09784 0.0
0.09808 0.0
0.09833 0.0
0.09857 0.0
0.09882 0.0
0.09906 0.0
0.0993 0.0
0.09955 0.0
0.09979 0.0
0.10004 0.0
0.10028 0.0
0.10052 0.0
0.10077 0.0
0.10101 0.0
0.10126 0.0
0.1015 0.0
0.10175 0.0
0.10199 0.0
0.10223 0.0
0.10248 0.0
0.10272 0.0
0.10297 0.0
0.10321 0.0
0.10345 0.0
0.1037 0.0
0.10394 0.0
0.10419 0.0
0.10443 0.0
0.10468 0.0
0.10492 0.0
0.10516 0.0
0.10541 0.0
0.10565 0.0
0.1059 0.0
0.10614 0.0
0.10638 0.0
0.10663 0.0
0.10687 0.0
0.10712 0.0
0.10736 0.0
0.1076 0.0
0.10785 0.0
0.10809 0.0
0.10834 0.0
0.10858 0.0
0.10883 0.0
0.10907 0.0
0.10931 0.0
0.10956 0.0
0.1098 0.0
0.11005 0.0
0.11029 0.0
0.11053 0.0
0.11078 0.0
0.11102 0.0
0.11127 0.0
0.11151 0.0
0.11176 0.0
0.112 0.0
0.11224 0.0
0.11249 0.0
0.11273 0.0
0.11298 0.0
0.11322 0.0
0.11346 0.0
0.11371 0.0
0.11395 0.0
0.1142 0.0
0.11444 0.0
0.11469 0.0
0.11493 0.0
0.11517 0.0
0.11542 0.0
0.11566 0.0
0.11591 0.0
0.11615 0.0
0.11639 0.0
0.11664 0.0
0.11688 0.0
0.11713 0.0
0.11737 0.0
0.11761 0.0
0.11786 0.0
0.1181 0.0
0.11835 0.0
0.11859 0.0
0.11884 0.0
0.11908 0.0
0.11932 0.0
0.11957 0.0
0.11981 0.0
0.12006 0.0
0.1203 0.0
0.12054 0.0
0.12079 0.0
0.12103 0.0
0.12128 0.0
0.12152 0.0
0.12177 0.0
0.12201 0.0
0.12225 0.0
0.1225 0.0
0.12274 0.0
0.12299 0.0
0.12323 0.0
0.12347 0.0
0.12372 0.0
0.12396 0.0
0.12421 0.0
0.12445 0.0
0.12469 0.0
0.12494 0.0
0.12518 0.0
0.12543 0.0
0.12567 0.0
0.12592 0.0
0.12616 0.0
0.1264 0.0
0.12665 0.0
0.12689 0.0
0.12714 0.0
0.12738 0.0
0.12762 0.0
0.12787 0.0
0.12811 0.0
0.12836 0.0
0.1286 0.0
0.12885 0.0
0.12909 0.0
0.12933 0.0
0.12958 0.0
0.12982 0.0
0.13007 0.0
0.13031 0.0
0.13055 0.0
0.1308 0.0
0.13104 0.0
0.13129 0.0
0.13153 0.0
0.13177 0.0
0.13202 0.0
0.13226 0.0
0.13251 0.0
0.13275 0.0
0.133 0.0
0.13324 0.0
