t strain*1e23
-0.73672 -7.6
-0.73648 -7.6
-0.73624 -7.5
-0.73599 -7.4
-0.73575 -7.3
-0.7355 -7.2
-0.73526 -7.1
-0.73502 -6.9
-0.73477 -6.8
-0.73453 -6.6
-0.73428 -6.5
-0.73404 -6.3
-0.7338 -6.1
-0.73355 -5.9
-0.73331 -5.7
-0.73306 -5.5
-0.73282 -5.3
-0.73257 -5.1
-0.73233 -4.9
-0.73209 -4.6
-0.73184 -4.4
-0.7316 -4.1
-0.73135 -3.9
-0.73111 -3.6
-0.73087 -3.3
-0.73062 -3.1
-0.73038 -2.8
-0.73013 -2.5
-0.72989 -2.2
-0.72964 -1.9
-0.7294 -1.6
-0.72916 -1.3
-0.72891 -1.1
-0.72867 -0.8
-0.72842 -0.5
-0.72818 -0.2
-0.72794 0.1
-0.72769 0.4
-0.72745 0.7
-0.7272 1.0
-0.72696 1.3
-0.72672 1.6
-0.72647 1.9
-0.72623 2.2
-0.72598 2.5
-0.72574 2.8
-0.72549 3.1
-0.72525 3.3
-0.72501 3.6
-0.72476 3.9
-0.72452 4.1
-0.72427 4.4
-0.72403 4.6
-0.72379 4.9
-0.72354 5.1
-0.7233 5.3
-0.72305 5.6
-0.72281 5.8
-0.72256 6.0
-0.72232 6.2
-0.72208 6.3
-0.72183 6.5
-0.72159 6.7
-0.72134 6.8
-0.7211 7.0
-0.72086 7.1
-0.72061 7.2
-0.72037 7.3
-0.72012 7.4
-0.71988 7.5
-0.71964 7.6
-0.71939 7.7
-0.71915 7.7
-0.7189 7.8
-0.71866 7.8
-0.71841 7.8
-0.71817 7.8
-0.71793 7.8
-0.71768 7.8
-0.71744 7.8
-0.71719 7.7
-0.71695 7.7
-0.71671 7.6
-0.71646 7.6
-0.71622 7.5
-0.71597 7.4
-0.71573 7.3
-0.71548 7.2
-0.71524 7.0
-0.715 6.9
-0.71475 6.7
-0.71451 6.6
-0.71426 6.4
-0.71402 6.2
-0.71378 6.0
-0.71353 5.8
-0.71329 5.6
-0.71304 5.4
-0.7128 5.2
-0.71255 5.0
-0.71231 4.7
-0.71207 4.5
-0.71182 4.2
-0.71158 4.0
-0.71133 3.7
-0.71109 3.4
-0.71085 3.2
-0.7106 2.9
-0.71036 2.6
-0.71011 2.3
-0.70987 2.0
-0.70963 1.7
-0.70938 1.4
-0.70914 1.1
-0.70889 0.8
-0.70865 0.5
-0.7084 0.2
-0.70816 0.0
-0.70792 -0.4
-0.70767 -0.7
-0.70743 -1.0
-0.70718 -1.3
-0.70694 -1.6
-0.7067 -1.9
-0.70645 -2.2
-0.70621 -2.5
-0.70596 -2.8
-0.70572 -3.1
-0.70547 -3.4
-0.70523 -3.6
-0.70499 -3.9
-0.70474 -4.2
-0.7045 -4.4
-0.70425 -4.7
-0.70401 -4.9
-0.70377 -5.1
-0.70352 -5.4
-0.70328 -5.6
-0.70303 -5.8
-0.70279 -6.0
-0.70255 -6.2
-0.7023 -6.4
-0.70206 -6.6
-0.70181 -6.7
-0.70157 -6.9
-0.70132 -7.0
-0.70108 -7.2
-0.70084 -7.3
-0.70059 -7.4
-0.70035 -7.5
-0.7001 -7.6
-0.69986 -7.7
-0.69962 -7.7
-0.69937 -7.8
-0.69913 -7.8
-0.69888 -7.8
-0.69864 -7.9
-0.69839 -7.9
-0.69815 -7.9
-0.69791 -7.9
-0.69766 -7.8
-0.69742 -7.8
-0.69717 -7.7
-0.69693 -7.7
-0.69669 -7.6
-0.69644 -7.5
-0.6962 -7.4
-0.69595 -7.3
-0.69571 -7.2
-0.69547 -7.0
-0.69522 -6.9
-0.69498 -6.7
-0.69473 -6.6
-0.69449 -6.4
-0.69424 -6.2
-0.694 -6.0
-0.69376 -5.8
-0.69351 -5.6
-0.69327 -5.4
-0.69302 -5.1
-0.69278 -4.9
-0.69254 -4.7
-0.69229 -4.4
-0.69205 -4.1
-0.6918 -3.9
-0.69156 -3.6
-0.69131 -3.3
-0.69107 -3.0
-0.69083 -2.8
-0.69058 -2.5
-0.69034 -2.2
-0.69009 -1.9
-0.68985 -1.6
-0.68961 -1.3
-0.68936 -1.0
-0.68912 -0.6
-0.68887 -0.3
-0.68863 0.0
-0.68839 0.3
-0.68814 0.6
-0.6879 0.9
-0.68765 1.2
-0.68741 1.5
-0.68716 1.8
-0.68692 2.1
-0.68668 2.4
-0.68643 2.7
-0.68619 3.0
-0.68594 3.3
-0.6857 3.6
-0.68546 3.8
-0.68521 4.1
-0.68497 4.4
-0.68472 4.6
-0.68448 4.9
-0.68423 5.1
-0.68399 5.4
-0.68375 5.6
-0.6835 5.8
-0.68326 6.0
-0.68301 6.2
-0.68277 6.4
-0.68253 6.6
-0.68228 6.7
-0.68204 6.9
-0.68179 7.1
-0.68155 7.2
-0.6813 7.3
-0.68106 7.4
-0.68082 7.5
-0.68057 7.6
-0.68033 7.7
-0.68008 7.8
-0.67984 7.8
-0.6796 7.9
-0.67935 7.9
-0.67911 7.9
-0.67886 7.9
-0.67862 7.9
-0.67838 7.9
-0.67813 7.9
-0.67789 7.8
-0.67764 7.8
-0.6774 7.7
-0.67715 7.6
-0.67691 7.5
-0.67667 7.4
-0.67642 7.3
-0.67618 7.2
-0.67593 7.1
-0.67569 6.9
-0.67545 6.7
-0.6752 6.6
-0.67496 6.4
-0.67471 6.2
-0.67447 6.0
-0.67422 5.8
-0.67398 5.6
-0.67374 5.4
-0.67349 5.1
-0.67325 4.9
-0.673 4.6
-0.67276 4.4
-0.67252 4.1
-0.67227 3.8
-0.67203 3.5
-0.67178 3.3
-0.67154 3.0
-0.6713 2.7
-0.67105 2.4
-0.67081 2.1
-0.67056 1.8
-0.67032 1.5
-0.67007 1.2
-0.66983 0.8
-0.66959 0.5
-0.66934 0.2
-0.6691 -0.1
-0.66885 -0.4
-0.66861 -0.7
-0.66837 -1.0
-0.66812 -1.4
-0.66788 -1.7
-0.66763 -2.0
-0.66739 -2.3
-0.66714 -2.6
-0.6669 -2.9
-0.66666 -3.2
-0.66641 -3.5
-0.66617 -3.7
-0.66592 -4.0
-0.66568 -4.3
-0.66544 -4.5
-0.66519 -4.8
-0.66495 -5.1
-0.6647 -5.3
-0.66446 -5.5
-0.66422 -5.8
-0.66397 -6.0
-0.66373 -6.2
-0.66348 -6.4
-0.66324 -6.6
-0.66299 -6.7
-0.66275 -6.9
-0.66251 -7.0
-0.66226 -7.2
-0.66202 -7.3
-0.66177 -7.4
-0.66153 -7.6
-0.66129 -7.6
-0.66104 -7.7
-0.6608 -7.8
-0.66055 -7.9
-0.66031 -7.9
-0.66006 -7.9
-0.65982 -8.0
-0.65958 -8.0
-0.65933 -8.0
-0.65909 -8.0
-0.65884 -7.9
-0.6586 -7.9
-0.65836 -7.8
-0.65811 -7.8
-0.65787 -7.7
-0.65762 -7.6
-0.65738 -7.5
-0.65714 -7.4
-0.65689 -7.3
-0.65665 -7.1
-0.6564 -7.0
-0.65616 -6.8
-0.65591 -6.6
-0.65567 -6.4
-0.65543 -6.3
-0.65518 -6.1
-0.65494 -5.8
-0.65469 -5.6
-0.65445 -5.4
-0.65421 -5.1
-0.65396 -4.9
-0.65372 -4.6
-0.65347 -4.4
-0.65323 -4.1
-0.65298 -3.8
-0.65274 -3.5
-0.6525 -3.3
-0.65225 -3.0
-0.65201 -2.7
-0.65176 -2.4
-0.65152 -2.1
-0.65128 -1.7
-0.65103 -1.4
-0.65079 -1.1
-0.65054 -0.8
-0.6503 -0.5
-0.65005 -0.2
-0.64981 0.2
-0.64957 0.5
-0.64932 0.8
-0.64908 1.1
-0.64883 1.4
-0.64859 1.8
-0.64835 2.1
-0.6481 2.4
-0.64786 2.7
-0.64761 3.0
-0.64737 3.3
-0.64713 3.6
-0.64688 3.9
-0.64664 4.1
-0.64639 4.4
-0.64615 4.7
-0.6459 4.9
-0.64566 5.2
-0.64542 5.4
-0.64517 5.7
-0.64493 5.9
-0.64468 6.1
-0.64444 6.3
-0.6442 6.5
-0.64395 6.7
-0.64371 6.9
-0.64346 7.0
-0.64322 7.2
-0.64297 7.3
-0.64273 7.4
-0.64249 7.6
-0.64224 7.7
-0.642 7.7
-0.64175 7.8
-0.64151 7.9
-0.64127 7.9
-0.64102 8.0
-0.64078 8.0
-0.64053 8.0
-0.64029 8.0
-0.64005 8.0
-0.6398 8.0
-0.63956 8.0
-0.63931 7.9
-0.63907 7.8
-0.63882 7.8
-0.63858 7.7
-0.63834 7.6
-0.63809 7.5
-0.63785 7.3
-0.6376 7.2
-0.63736 7.1
-0.63712 6.9
-0.63687 6.7
-0.63663 6.5
-0.63638 6.3
-0.63614 6.1
-0.63589 5.9
-0.63565 5.7
-0.63541 5.5
-0.63516 5.2
-0.63492 5.0
-0.63467 4.7
-0.63443 4.4
-0.63419 4.2
-0.63394 3.9
-0.6337 3.6
-0.63345 3.3
-0.63321 3.0
-0.63297 2.7
-0.63272 2.4
-0.63248 2.1
-0.63223 1.8
-0.63199 1.5
-0.63174 1.1
-0.6315 0.8
-0.63126 0.5
-0.63101 0.2
-0.63077 -0.2
-0.63052 -0.5
-0.63028 -0.8
-0.63004 -1.1
-0.62979 -1.5
-0.62955 -1.8
-0.6293 -2.1
-0.62906 -2.4
-0.62881 -2.7
-0.62857 -3.0
-0.62833 -3.3
-0.62808 -3.6
-0.62784 -3.9
-0.62759 -4.2
-0.62735 -4.5
-0.62711 -4.8
-0.62686 -5.0
-0.62662 -5.3
-0.62637 -5.5
-0.62613 -5.7
-0.62589 -6.0
-0.62564 -6.2
-0.6254 -6.4
-0.62515 -6.6
-0.62491 -6.8
-0.62466 -6.9
-0.62442 -7.1
-0.62418 -7.3
-0.62393 -7.4
-0.62369 -7.5
-0.62344 -7.6
-0.6232 -7.7
-0.62296 -7.8
-0.62271 -7.9
-0.62247 -8.0
-0.62222 -8.0
-0.62198 -8.1
-0.62173 -8.1
-0.62149 -8.1
-0.62125 -8.1
-0.621 -8.1
-0.62076 -8.0
-0.62051 -8.0
-0.62027 -7.9
-0.62003 -7.9
-0.61978 -7.8
-0.61954 -7.7
-0.61929 -7.6
-0.61905 -7.5
-0.6188 -7.3
-0.61856 -7.2
-0.61832 -7.0
-0.61807 -6.8
-0.61783 -6.7
-0.61758 -6.5
-0.61734 -6.3
-0.6171 -6.1
-0.61685 -5.8
-0.61661 -5.6
-0.61636 -5.4
-0.61612 -5.1
-0.61588 -4.8
-0.61563 -4.6
-0.61539 -4.3
-0.61514 -4.0
-0.6149 -3.7
-0.61465 -3.4
-0.61441 -3.1
-0.61417 -2.8
-0.61392 -2.5
-0.61368 -2.2
-0.61343 -1.9
-0.61319 -1.5
-0.61295 -1.2
-0.6127 -0.9
-0.61246 -0.5
-0.61221 -0.2
-0.61197 0.1
-0.61172 0.4
-0.61148 0.8
-0.61124 1.1
-0.61099 1.4
-0.61075 1.8
-0.6105 2.1
-0.61026 2.4
-0.61002 2.7
-0.60977 3.0
-0.60953 3.3
-0.60928 3.6
-0.60904 3.9
-0.6088 4.2
-0.60855 4.5
-0.60831 4.8
-0.60806 5.0
-0.60782 5.3
-0.60757 5.5
-0.60733 5.8
-0.60709 6.0
-0.60684 6.2
-0.6066 6.4
-0.60635 6.6
-0.60611 6.8
-0.60587 7.0
-0.60562 7.2
-0.60538 7.3
-0.60513 7.5
-0.60489 7.6
-0.60464 7.7
-0.6044 7.8
-0.60416 7.9
-0.60391 8.0
-0.60367 8.0
-0.60342 8.1
-0.60318 8.1
-0.60294 8.1
-0.60269 8.1
-0.60245 8.1
-0.6022 8.1
-0.60196 8.1
-0.60172 8.0
-0.60147 8.0
-0.60123 7.9
-0.60098 7.8
-0.60074 7.7
-0.60049 7.6
-0.60025 7.5
-0.60001 7.3
-0.59976 7.2
-0.59952 7.0
-0.59927 6.8
-0.59903 6.6
-0.59879 6.4
-0.59854 6.2
-0.5983 6.0
-0.59805 5.8
-0.59781 5.5
-0.59756 5.3
-0.59732 5.0
-0.59708 4.7
-0.59683 4.5
-0.59659 4.2
-0.59634 3.9
-0.5961 3.6
-0.59586 3.3
-0.59561 3.0
-0.59537 2.7
-0.59512 2.3
-0.59488 2.0
-0.59464 1.7
-0.59439 1.4
-0.59415 1.0
-0.5939 0.7
-0.59366 0.3
-0.59341 0.0
-0.59317 -0.3
-0.59293 -0.7
-0.59268 -1.0
-0.59244 -1.3
-0.59219 -1.7
-0.59195 -2.0
-0.59171 -2.3
-0.59146 -2.6
-0.59122 -3.0
-0.59097 -3.3
-0.59073 -3.6
-0.59048 -3.9
-0.59024 -4.2
-0.59 -4.5
-0.58975 -4.8
-0.58951 -5.0
-0.58926 -5.3
-0.58902 -5.5
-0.58878 -5.8
-0.58853 -6.0
-0.58829 -6.2
-0.58804 -6.5
-0.5878 -6.7
-0.58755 -6.9
-0.58731 -7.0
-0.58707 -7.2
-0.58682 -7.4
-0.58658 -7.5
-0.58633 -7.6
-0.58609 -7.8
-0.58585 -7.9
-0.5856 -7.9
-0.58536 -8.0
-0.58511 -8.1
-0.58487 -8.1
-0.58463 -8.2
-0.58438 -8.2
-0.58414 -8.2
-0.58389 -8.2
-0.58365 -8.2
-0.5834 -8.1
-0.58316 -8.1
-0.58292 -8.0
-0.58267 -7.9
-0.58243 -7.9
-0.58218 -7.7
-0.58194 -7.6
-0.5817 -7.5
-0.58145 -7.4
-0.58121 -7.2
-0.58096 -7.0
-0.58072 -6.8
-0.58047 -6.6
-0.58023 -6.4
-0.57999 -6.2
-0.57974 -6.0
-0.5795 -5.8
-0.57925 -5.5
-0.57901 -5.2
-0.57877 -5.0
-0.57852 -4.7
-0.57828 -4.4
-0.57803 -4.1
-0.57779 -3.8
-0.57755 -3.5
-0.5773 -3.2
-0.57706 -2.9
-0.57681 -2.6
-0.57657 -2.2
-0.57632 -1.9
-0.57608 -1.6
-0.57584 -1.2
-0.57559 -0.9
-0.57535 -0.5
-0.5751 -0.2
-0.57486 0.1
-0.57462 0.5
-0.57437 0.8
-0.57413 1.2
-0.57388 1.5
-0.57364 1.8
-0.57339 2.2
-0.57315 2.5
-0.57291 2.8
-0.57266 3.2
-0.57242 3.5
-0.57217 3.8
-0.57193 4.1
-0.57169 4.4
-0.57144 4.7
-0.5712 5.0
-0.57095 5.2
-0.57071 5.5
-0.57047 5.7
-0.57022 6.0
-0.56998 6.2
-0.56973 6.4
-0.56949 6.7
-0.56924 6.9
-0.569 7.0
-0.56876 7.2
-0.56851 7.4
-0.56827 7.5
-0.56802 7.7
-0.56778 7.8
-0.56754 7.9
-0.56729 8.0
-0.56705 8.1
-0.5668 8.1
-0.56656 8.2
-0.56631 8.2
-0.56607 8.3
-0.56583 8.3
-0.56558 8.3
-0.56534 8.2
-0.56509 8.2
-0.56485 8.1
-0.56461 8.1
-0.56436 8.0
-0.56412 7.9
-0.56387 7.8
-0.56363 7.7
-0.56339 7.6
-0.56314 7.4
-0.5629 7.2
-0.56265 7.1
-0.56241 6.9
-0.56216 6.7
-0.56192 6.5
-0.56168 6.3
-0.56143 6.0
-0.56119 5.8
-0.56094 5.5
-0.5607 5.3
-0.56046 5.0
-0.56021 4.7
-0.55997 4.4
-0.55972 4.1
-0.55948 3.8
-0.55923 3.5
-0.55899 3.2
-0.55875 2.8
-0.5585 2.5
-0.55826 2.2
-0.55801 1.8
-0.55777 1.5
-0.55753 1.2
-0.55728 0.8
-0.55704 0.5
-0.55679 0.1
-0.55655 -0.2
-0.5563 -0.6
-0.55606 -0.9
-0.55582 -1.3
-0.55557 -1.6
-0.55533 -2.0
-0.55508 -2.3
-0.55484 -2.7
-0.5546 -3.0
-0.55435 -3.3
-0.55411 -3.6
-0.55386 -3.9
-0.55362 -4.2
-0.55338 -4.5
-0.55313 -4.8
-0.55289 -5.1
-0.55264 -5.4
-0.5524 -5.7
-0.55215 -5.9
-0.55191 -6.2
-0.55167 -6.4
-0.55142 -6.6
-0.55118 -6.8
-0.55093 -7.0
-0.55069 -7.2
-0.55045 -7.4
-0.5502 -7.5
-0.54996 -7.7
-0.54971 -7.8
-0.54947 -7.9
-0.54922 -8.0
-0.54898 -8.1
-0.54874 -8.2
-0.54849 -8.2
-0.54825 -8.3
-0.548 -8.3
-0.54776 -8.3
-0.54752 -8.3
-0.54727 -8.3
-0.54703 -8.3
-0.54678 -8.2
-0.54654 -8.2
-0.5463 -8.1
-0.54605 -8.0
-0.54581 -7.9
-0.54556 -7.8
-0.54532 -7.6
-0.54507 -7.5
-0.54483 -7.3
-0.54459 -7.2
-0.54434 -7.0
-0.5441 -6.8
-0.54385 -6.6
-0.54361 -6.3
-0.54337 -6.1
-0.54312 -5.8
-0.54288 -5.6
-0.54263 -5.3
-0.54239 -5.0
-0.54214 -4.7
-0.5419 -4.5
-0.54166 -4.1
-0.54141 -3.8
-0.54117 -3.5
-0.54092 -3.2
-0.54068 -2.9
-0.54044 -2.5
-0.54019 -2.2
-0.53995 -1.8
-0.5397 -1.5
-0.53946 -1.1
-0.53922 -0.8
-0.53897 -0.4
-0.53873 0.0
-0.53848 0.3
-0.53824 0.6
-0.53799 1.0
-0.53775 1.4
-0.53751 1.7
-0.53726 2.1
-0.53702 2.4
-0.53677 2.7
-0.53653 3.1
-0.53629 3.4
-0.53604 3.7
-0.5358 4.1
-0.53555 4.4
-0.53531 4.7
-0.53506 5.0
-0.53482 5.2
-0.53458 5.5
-0.53433 5.8
-0.53409 6.0
-0.53384 6.3
-0.5336 6.5
-0.53336 6.7
-0.53311 6.9
-0.53287 7.1
-0.53262 7.3
-0.53238 7.5
-0.53214 7.6
-0.53189 7.8
-0.53165 7.9
-0.5314 8.0
-0.53116 8.1
-0.53091 8.2
-0.53067 8.3
-0.53043 8.3
-0.53018 8.4
-0.52994 8.4
-0.52969 8.4
-0.52945 8.4
-0.52921 8.3
-0.52896 8.3
-0.52872 8.3
-0.52847 8.2
-0.52823 8.1
-0.52798 8.0
-0.52774 7.9
-0.5275 7.7
-0.52725 7.6
-0.52701 7.4
-0.52676 7.3
-0.52652 7.1
-0.52628 6.9
-0.52603 6.7
-0.52579 6.4
-0.52554 6.2
-0.5253 5.9
-0.52505 5.7
-0.52481 5.4
-0.52457 5.1
-0.52432 4.8
-0.52408 4.5
-0.52383 4.2
-0.52359 3.9
-0.52335 3.6
-0.5231 3.3
-0.52286 2.9
-0.52261 2.6
-0.52237 2.2
-0.52213 1.9
-0.52188 1.5
-0.52164 1.2
-0.52139 0.8
-0.52115 0.4
-0.5209 0.0
-0.52066 -0.3
-0.52042 -0.7
-0.52017 -1.0
-0.51993 -1.4
-0.51968 -1.7
-0.51944 -2.1
-0.5192 -2.4
-0.51895 -2.8
-0.51871 -3.1
-0.51846 -3.5
-0.51822 -3.8
-0.51797 -4.1
-0.51773 -4.4
-0.51749 -4.7
-0.51724 -5.0
-0.517 -5.3
-0.51675 -5.6
-0.51651 -5.9
-0.51627 -6.1
-0.51602 -6.4
-0.51578 -6.6
-0.51553 -6.8
-0.51529 -7.0
-0.51505 -7.2
-0.5148 -7.4
-0.51456 -7.6
-0.51431 -7.7
-0.51407 -7.9
-0.51382 -8.0
-0.51358 -8.1
-0.51334 -8.2
-0.51309 -8.3
-0.51285 -8.4
-0.5126 -8.4
-0.51236 -8.4
-0.51212 -8.4
-0.51187 -8.4
-0.51163 -8.4
-0.51138 -8.4
-0.51114 -8.3
-0.51089 -8.3
-0.51065 -8.2
-0.51041 -8.1
-0.51016 -8.0
-0.50992 -7.9
-0.50967 -7.7
-0.50943 -7.6
-0.50919 -7.4
-0.50894 -7.2
-0.5087 -7.0
-0.50845 -6.8
-0.50821 -6.6
-0.50797 -6.3
-0.50772 -6.1
-0.50748 -5.8
-0.50723 -5.6
-0.50699 -5.3
-0.50674 -5.0
-0.5065 -4.7
-0.50626 -4.4
-0.50601 -4.0
-0.50577 -3.7
-0.50552 -3.4
-0.50528 -3.0
-0.50504 -2.7
-0.50479 -2.3
-0.50455 -2.0
-0.5043 -1.6
-0.50406 -1.3
-0.50381 -0.9
-0.50357 -0.5
-0.50333 -0.1
-0.50308 0.2
-0.50284 0.6
-0.50259 1.0
-0.50235 1.3
-0.50211 1.7
-0.50186 2.1
-0.50162 2.4
-0.50137 2.8
-0.50113 3.1
-0.50089 3.5
-0.50064 3.8
-0.5004 4.1
-0.50015 4.5
-0.49991 4.8
-0.49966 5.1
-0.49942 5.4
-0.49918 5.7
-0.49893 5.9
-0.49869 6.2
-0.49844 6.4
-0.4982 6.7
-0.49796 6.9
-0.49771 7.1
-0.49747 7.3
-0.49722 7.5
-0.49698 7.7
-0.49673 7.8
-0.49649 8.0
-0.49625 8.1
-0.496 8.2
-0.49576 8.3
-0.49551 8.4
-0.49527 8.4
-0.49503 8.5
-0.49478 8.5
-0.49454 8.5
-0.49429 8.5
-0.49405 8.5
-0.4938 8.5
-0.49356 8.4
-0.49332 8.3
-0.49307 8.2
-0.49283 8.1
-0.49258 8.0
-0.49234 7.9
-0.4921 7.7
-0.49185 7.6
-0.49161 7.4
-0.49136 7.2
-0.49112 7.0
-0.49088 6.8
-0.49063 6.5
-0.49039 6.3
-0.49014 6.0
-0.4899 5.7
-0.48965 5.5
-0.48941 5.2
-0.48917 4.9
-0.48892 4.6
-0.48868 4.2
-0.48843 3.9
-0.48819 3.6
-0.48795 3.2
-0.4877 2.9
-0.48746 2.5
-0.48721 2.1
-0.48697 1.8
-0.48672 1.4
-0.48648 1.0
-0.48624 0.6
-0.48599 0.3
-0.48575 -0.1
-0.4855 -0.5
-0.48526 -0.9
-0.48502 -1.2
-0.48477 -1.6
-0.48453 -2.0
-0.48428 -2.4
-0.48404 -2.7
-0.4838 -3.1
-0.48355 -3.4
-0.48331 -3.8
-0.48306 -4.1
-0.48282 -4.4
-0.48257 -4.8
-0.48233 -5.1
-0.48209 -5.4
-0.48184 -5.7
-0.4816 -5.9
-0.48135 -6.2
-0.48111 -6.5
-0.48087 -6.7
-0.48062 -6.9
-0.48038 -7.2
-0.48013 -7.4
-0.47989 -7.6
-0.47964 -7.7
-0.4794 -7.9
-0.47916 -8.0
-0.47891 -8.2
-0.47867 -8.3
-0.47842 -8.4
-0.47818 -8.4
-0.47794 -8.5
-0.47769 -8.5
-0.47745 -8.6
-0.4772 -8.6
-0.47696 -8.6
-0.47672 -8.6
-0.47647 -8.5
-0.47623 -8.5
-0.47598 -8.4
-0.47574 -8.3
-0.47549 -8.2
-0.47525 -8.1
-0.47501 -7.9
-0.47476 -7.8
-0.47452 -7.6
-0.47427 -7.4
-0.47403 -7.2
-0.47379 -7.0
-0.47354 -6.8
-0.4733 -6.5
-0.47305 -6.3
-0.47281 -6.0
-0.47256 -5.7
-0.47232 -5.4
-0.47208 -5.1
-0.47183 -4.8
-0.47159 -4.5
-0.47134 -4.1
-0.4711 -3.8
-0.47086 -3.4
-0.47061 -3.1
-0.47037 -2.7
-0.47012 -2.3
-0.46988 -2.0
-0.46964 -1.6
-0.46939 -1.2
-0.46915 -0.8
-0.4689 -0.4
-0.46866 0.0
-0.46841 0.3
-0.46817 0.7
-0.46793 1.1
-0.46768 1.5
-0.46744 1.9
-0.46719 2.2
-0.46695 2.6
-0.46671 3.0
-0.46646 3.3
-0.46622 3.7
-0.46597 4.0
-0.46573 4.4
-0.46548 4.7
-0.46524 5.0
-0.465 5.3
-0.46475 5.6
-0.46451 5.9
-0.46426 6.2
-0.46402 6.5
-0.46378 6.7
-0.46353 7.0
-0.46329 7.2
-0.46304 7.4
-0.4628 7.6
-0.46255 7.8
-0.46231 7.9
-0.46207 8.1
-0.46182 8.2
-0.46158 8.3
-0.46133 8.4
-0.46109 8.5
-0.46085 8.6
-0.4606 8.6
-0.46036 8.6
-0.46011 8.7
-0.45987 8.6
-0.45963 8.6
-0.45938 8.6
-0.45914 8.5
-0.45889 8.4
-0.45865 8.4
-0.4584 8.2
-0.45816 8.1
-0.45792 8.0
-0.45767 7.8
-0.45743 7.6
-0.45718 7.4
-0.45694 7.2
-0.4567 7.0
-0.45645 6.8
-0.45621 6.5
-0.45596 6.2
-0.45572 6.0
-0.45547 5.7
-0.45523 5.4
-0.45499 5.1
-0.45474 4.7
-0.4545 4.4
-0.45425 4.1
-0.45401 3.7
-0.45377 3.3
-0.45352 3.0
-0.45328 2.6
-0.45303 2.2
-0.45279 1.8
-0.45255 1.5
-0.4523 1.1
-0.45206 0.7
-0.45181 0.3
-0.45157 -0.1
-0.45132 -0.5
-0.45108 -0.9
-0.45084 -1.3
-0.45059 -1.7
-0.45035 -2.1
-0.4501 -2.5
-0.44986 -2.8
-0.44962 -3.2
-0.44937 -3.6
-0.44913 -3.9
-0.44888 -4.3
-0.44864 -4.6
-0.44839 -4.9
-0.44815 -5.3
-0.44791 -5.6
-0.44766 -5.9
-0.44742 -6.2
-0.44717 -6.4
-0.44693 -6.7
-0.44669 -7.0
-0.44644 -7.2
-0.4462 -7.4
-0.44595 -7.6
-0.44571 -7.8
-0.44547 -8.0
-0.44522 -8.1
-0.44498 -8.3
-0.44473 -8.4
-0.44449 -8.5
-0.44424 -8.6
-0.444 -8.6
-0.44376 -8.7
-0.44351 -8.7
-0.44327 -8.7
-0.44302 -8.7
-0.44278 -8.7
-0.44254 -8.7
-0.44229 -8.6
-0.44205 -8.5
-0.4418 -8.4
-0.44156 -8.3
-0.44131 -8.2
-0.44107 -8.0
-0.44083 -7.9
-0.44058 -7.7
-0.44034 -7.5
-0.44009 -7.3
-0.43985 -7.0
-0.43961 -6.8
-0.43936 -6.5
-0.43912 -6.3
-0.43887 -6.0
-0.43863 -5.7
-0.43839 -5.4
-0.43814 -5.1
-0.4379 -4.7
-0.43765 -4.4
-0.43741 -4.0
-0.43716 -3.7
-0.43692 -3.3
-0.43668 -2.9
-0.43643 -2.5
-0.43619 -2.1
-0.43594 -1.8
-0.4357 -1.4
-0.43546 -1.0
-0.43521 -0.6
-0.43497 -0.2
-0.43472 0.3
-0.43448 0.7
-0.43423 1.1
-0.43399 1.5
-0.43375 1.9
-0.4335 2.2
-0.43326 2.6
-0.43301 3.0
-0.43277 3.4
-0.43253 3.8
-0.43228 4.1
-0.43204 4.5
-0.43179 4.8
-0.43155 5.2
-0.4313 5.5
-0.43106 5.8
-0.43082 6.1
-0.43057 6.4
-0.43033 6.7
-0.43008 6.9
-0.42984 7.2
-0.4296 7.4
-0.42935 7.6
-0.42911 7.8
-0.42886 8.0
-0.42862 8.1
-0.42838 8.3
-0.42813 8.4
-0.42789 8.5
-0.42764 8.6
-0.4274 8.7
-0.42715 8.7
-0.42691 8.8
-0.42667 8.8
-0.42642 8.8
-0.42618 8.8
-0.42593 8.7
-0.42569 8.7
-0.42545 8.6
-0.4252 8.5
-0.42496 8.4
-0.42471 8.3
-0.42447 8.1
-0.42422 8.0
-0.42398 7.8
-0.42374 7.6
-0.42349 7.3
-0.42325 7.1
-0.423 6.9
-0.42276 6.6
-0.42252 6.3
-0.42227 6.0
-0.42203 5.7
-0.42178 5.4
-0.42154 5.1
-0.4213 4.7
-0.42105 4.4
-0.42081 4.0
-0.42056 3.7
-0.42032 3.3
-0.42007 2.9
-0.41983 2.5
-0.41959 2.1
-0.41934 1.7
-0.4191 1.3
-0.41885 0.9
-0.41861 0.5
-0.41837 0.0
-0.41812 -0.3
-0.41788 -0.8
-0.41763 -1.2
-0.41739 -1.6
-0.41714 -2.0
-0.4169 -2.4
-0.41666 -2.8
-0.41641 -3.2
-0.41617 -3.6
-0.41592 -3.9
-0.41568 -4.3
-0.41544 -4.7
-0.41519 -5.0
-0.41495 -5.3
-0.4147 -5.7
-0.41446 -6.0
-0.41422 -6.3
-0.41397 -6.6
-0.41373 -6.8
-0.41348 -7.1
-0.41324 -7.3
-0.41299 -7.6
-0.41275 -7.8
-0.41251 -8.0
-0.41226 -8.1
-0.41202 -8.3
-0.41177 -8.4
-0.41153 -8.6
-0.41129 -8.7
-0.41104 -8.7
-0.4108 -8.8
-0.41055 -8.9
-0.41031 -8.9
-0.41006 -8.9
-0.40982 -8.9
-0.40958 -8.8
-0.40933 -8.8
-0.40909 -8.7
-0.40884 -8.6
-0.4086 -8.5
-0.40836 -8.4
-0.40811 -8.2
-0.40787 -8.1
-0.40762 -7.9
-0.40738 -7.7
-0.40714 -7.4
-0.40689 -7.2
-0.40665 -7.0
-0.4064 -6.7
-0.40616 -6.4
-0.40591 -6.1
-0.40567 -5.8
-0.40543 -5.5
-0.40518 -5.1
-0.40494 -4.8
-0.40469 -4.4
-0.40445 -4.1
-0.40421 -3.7
-0.40396 -3.3
-0.40372 -2.9
-0.40347 -2.5
-0.40323 -2.1
-0.40298 -1.7
-0.40274 -1.3
-0.4025 -0.9
-0.40225 -0.4
-0.40201 0.0
-0.40176 0.4
-0.40152 0.8
-0.40128 1.3
-0.40103 1.7
-0.40079 2.1
-0.40054 2.5
-0.4003 2.9
-0.40005 3.3
-0.39981 3.7
-0.39957 4.1
-0.39932 4.4
-0.39908 4.8
-0.39883 5.2
-0.39859 5.5
-0.39835 5.8
-0.3981 6.1
-0.39786 6.4
-0.39761 6.7
-0.39737 7.0
-0.39713 7.3
-0.39688 7.5
-0.39664 7.7
-0.39639 7.9
-0.39615 8.1
-0.3959 8.3
-0.39566 8.4
-0.39542 8.6
-0.39517 8.7
-0.39493 8.8
-0.39468 8.9
-0.39444 8.9
-0.3942 8.9
-0.39395 9.0
-0.39371 9.0
-0.39346 8.9
-0.39322 8.9
-0.39297 8.8
-0.39273 8.7
-0.39249 8.6
-0.39224 8.5
-0.392 8.3
-0.39175 8.2
-0.39151 8.0
-0.39127 7.8
-0.39102 7.6
-0.39078 7.3
-0.39053 7.1
-0.39029 6.8
-0.39005 6.5
-0.3898 6.2
-0.38956 5.9
-0.38931 5.6
-0.38907 5.2
-0.38882 4.9
-0.38858 4.5
-0.38834 4.1
-0.38809 3.7
-0.38785 3.4
-0.3876 3.0
-0.38736 2.5
-0.38712 2.1
-0.38687 1.7
-0.38663 1.3
-0.38638 0.9
-0.38614 0.4
-0.38589 0.0
-0.38565 -0.4
-0.38541 -0.9
-0.38516 -1.3
-0.38492 -1.7
-0.38467 -2.2
-0.38443 -2.6
-0.38419 -3.0
-0.38394 -3.4
-0.3837 -3.8
-0.38345 -4.2
-0.38321 -4.6
-0.38297 -4.9
-0.38272 -5.3
-0.38248 -5.6
-0.38223 -6.0
-0.38199 -6.3
-0.38174 -6.6
-0.3815 -6.9
-0.38126 -7.2
-0.38101 -7.4
-0.38077 -7.7
-0.38052 -7.9
-0.38028 -8.1
-0.38004 -8.3
-0.37979 -8.4
-0.37955 -8.6
-0.3793 -8.7
-0.37906 -8.8
-0.37881 -8.9
-0.37857 -9.0
-0.37833 -9.0
-0.37808 -9.0
-0.37784 -9.0
-0.37759 -9.0
-0.37735 -9.0
-0.37711 -8.9
-0.37686 -8.8
-0.37662 -8.7
-0.37637 -8.6
-0.37613 -8.5
-0.37589 -8.3
-0.37564 -8.1
-0.3754 -7.9
-0.37515 -7.7
-0.37491 -7.5
-0.37466 -7.2
-0.37442 -7.0
-0.37418 -6.7
-0.37393 -6.4
-0.37369 -6.0
-0.37344 -5.7
-0.3732 -5.4
-0.37296 -5.0
-0.37271 -4.6
-0.37247 -4.2
-0.37222 -3.8
-0.37198 -3.4
-0.37173 -3.0
-0.37149 -2.6
-0.37125 -2.2
-0.371 -1.7
-0.37076 -1.3
-0.37051 -0.9
-0.37027 -0.4
-0.37003 0.0
-0.36978 0.5
-0.36954 0.9
-0.36929 1.3
-0.36905 1.8
-0.3688 2.2
-0.36856 2.6
-0.36832 3.1
-0.36807 3.5
-0.36783 3.9
-0.36758 4.3
-0.36734 4.7
-0.3671 5.0
-0.36685 5.4
-0.36661 5.8
-0.36636 6.1
-0.36612 6.4
-0.36588 6.7
-0.36563 7.0
-0.36539 7.3
-0.36514 7.6
-0.3649 7.8
-0.36465 8.0
-0.36441 8.2
-0.36417 8.4
-0.36392 8.6
-0.36368 8.7
-0.36343 8.8
-0.36319 8.9
-0.36295 9.0
-0.3627 9.1
-0.36246 9.1
-0.36221 9.1
-0.36197 9.1
-0.36172 9.1
-0.36148 9.0
-0.36124 9.0
-0.36099 8.9
-0.36075 8.8
-0.3605 8.6
-0.36026 8.5
-0.36002 8.3
-0.35977 8.1
-0.35953 7.9
-0.35928 7.6
-0.35904 7.4
-0.3588 7.1
-0.35855 6.8
-0.35831 6.5
-0.35806 6.2
-0.35782 5.8
-0.35757 5.5
-0.35733 5.1
-0.35709 4.8
-0.35684 4.4
-0.3566 4.0
-0.35635 3.5
-0.35611 3.1
-0.35587 2.7
-0.35562 2.3
-0.35538 1.8
-0.35513 1.4
-0.35489 0.9
-0.35464 0.5
-0.3544 0.0
-0.35416 -0.4
-0.35391 -0.9
-0.35367 -1.3
-0.35342 -1.8
-0.35318 -2.2
-0.35294 -2.7
-0.35269 -3.1
-0.35245 -3.5
-0.3522 -3.9
-0.35196 -4.3
-0.35172 -4.7
-0.35147 -5.1
-0.35123 -5.5
-0.35098 -5.9
-0.35074 -6.2
-0.35049 -6.5
-0.35025 -6.8
-0.35001 -7.1
-0.34976 -7.4
-0.34952 -7.7
-0.34927 -7.9
-0.34903 -8.2
-0.34879 -8.4
-0.34854 -8.5
-0.3483 -8.7
-0.34805 -8.8
-0.34781 -9.0
-0.34756 -9.1
-0.34732 -9.1
-0.34708 -9.2
-0.34683 -9.2
-0.34659 -9.2
-0.34634 -9.2
-0.3461 -9.2
-0.34586 -9.1
-0.34561 -9.0
-0.34537 -8.9
-0.34512 -8.8
-0.34488 -8.6
-0.34464 -8.5
-0.34439 -8.3
-0.34415 -8.1
-0.3439 -7.8
-0.34366 -7.6
-0.34341 -7.3
-0.34317 -7.0
-0.34293 -6.7
-0.34268 -6.4
-0.34244 -6.0
-0.34219 -5.7
-0.34195 -5.3
-0.34171 -4.9
-0.34146 -4.5
-0.34122 -4.1
-0.34097 -3.7
-0.34073 -3.3
-0.34048 -2.8
-0.34024 -2.4
-0.34 -1.9
-0.33975 -1.5
-0.33951 -1.0
-0.33926 -0.5
-0.33902 0.0
-0.33878 0.4
-0.33853 0.9
-0.33829 1.3
-0.33804 1.8
-0.3378 2.2
-0.33755 2.7
-0.33731 3.1
-0.33707 3.6
-0.33682 4.0
-0.33658 4.4
-0.33633 4.8
-0.33609 5.2
-0.33585 5.6
-0.3356 6.0
-0.33536 6.3
-0.33511 6.6
-0.33487 7.0
-0.33463 7.3
-0.33438 7.5
-0.33414 7.8
-0.33389 8.1
-0.33365 8.3
-0.3334 8.5
-0.33316 8.7
-0.33292 8.8
-0.33267 9.0
-0.33243 9.1
-0.33218 9.2
-0.33194 9.2
-0.3317 9.3
-0.33145 9.3
-0.33121 9.3
-0.33096 9.3
-0.33072 9.2
-0.33047 9.2
-0.33023 9.1
-0.32999 8.9
-0.32974 8.8
-0.3295 8.6
-0.32925 8.5
-0.32901 8.2
-0.32877 8.0
-0.32852 7.8
-0.32828 7.5
-0.32803 7.2
-0.32779 6.9
-0.32755 6.6
-0.3273 6.2
-0.32706 5.9
-0.32681 5.5
-0.32657 5.1
-0.32632 4.7
-0.32608 4.3
-0.32584 3.8
-0.32559 3.4
-0.32535 3.0
-0.3251 2.5
-0.32486 2.0
-0.32462 1.6
-0.32437 1.1
-0.32413 0.6
-0.32388 0.1
-0.32364 -0.3
-0.32339 -0.8
-0.32315 -1.3
-0.32291 -1.8
-0.32266 -2.2
-0.32242 -2.7
-0.32217 -3.1
-0.32193 -3.6
-0.32169 -4.0
-0.32144 -4.5
-0.3212 -4.9
-0.32095 -5.3
-0.32071 -5.7
-0.32047 -6.0
-0.32022 -6.4
-0.31998 -6.7
-0.31973 -7.1
-0.31949 -7.4
-0.31924 -7.7
-0.319 -7.9
-0.31876 -8.2
-0.31851 -8.4
-0.31827 -8.6
-0.31802 -8.8
-0.31778 -9.0
-0.31754 -9.1
-0.31729 -9.2
-0.31705 -9.3
-0.3168 -9.4
-0.31656 -9.4
-0.31631 -9.4
-0.31607 -9.4
-0.31583 -9.4
-0.31558 -9.3
-0.31534 -9.2
-0.31509 -9.1
-0.31485 -9.0
-0.31461 -8.8
-0.31436 -8.6
-0.31412 -8.4
-0.31387 -8.2
-0.31363 -8.0
-0.31339 -7.7
-0.31314 -7.4
-0.3129 -7.1
-0.31265 -6.8
-0.31241 -6.4
-0.31216 -6.1
-0.31192 -5.7
-0.31168 -5.3
-0.31143 -4.9
-0.31119 -4.5
-0.31094 -4.0
-0.3107 -3.6
-0.31046 -3.1
-0.31021 -2.6
-0.30997 -2.2
-0.30972 -1.7
-0.30948 -1.2
-0.30923 -0.7
-0.30899 -0.2
-0.30875 0.3
-0.3085 0.7
-0.30826 1.2
-0.30801 1.7
-0.30777 2.2
-0.30753 2.7
-0.30728 3.1
-0.30704 3.6
-0.30679 4.1
-0.30655 4.5
-0.3063 4.9
-0.30606 5.3
-0.30582 5.7
-0.30557 6.1
-0.30533 6.5
-0.30508 6.8
-0.30484 7.2
-0.3046 7.5
-0.30435 7.8
-0.30411 8.1
-0.30386 8.3
-0.30362 8.5
-0.30338 8.7
-0.30313 8.9
-0.30289 9.1
-0.30264 9.2
-0.3024 9.3
-0.30215 9.4
-0.30191 9.5
-0.30167 9.5
-0.30142 9.5
-0.30118 9.5
-0.30093 9.5
-0.30069 9.4
-0.30045 9.3
-0.3002 9.2
-0.29996 9.0
-0.29971 8.8
-0.29947 8.6
-0.29922 8.4
-0.29898 8.2
-0.29874 7.9
-0.29849 7.6
-0.29825 7.3
-0.298 7.0
-0.29776 6.6
-0.29752 6.3
-0.29727 5.9
-0.29703 5.5
-0.29678 5.1
-0.29654 4.6
-0.2963 4.2
-0.29605 3.7
-0.29581 3.3
-0.29556 2.8
-0.29532 2.3
-0.29507 1.8
-0.29483 1.3
-0.29459 0.8
-0.29434 0.3
-0.2941 -0.2
-0.29385 -0.7
-0.29361 -1.2
-0.29337 -1.7
-0.29312 -2.2
-0.29288 -2.7
-0.29263 -3.1
-0.29239 -3.6
-0.29214 -4.1
-0.2919 -4.5
-0.29166 -5.0
-0.29141 -5.4
-0.29117 -5.8
-0.29092 -6.2
-0.29068 -6.6
-0.29044 -6.9
-0.29019 -7.3
-0.28995 -7.6
-0.2897 -7.9
-0.28946 -8.2
-0.28922 -8.4
-0.28897 -8.7
-0.28873 -8.9
-0.28848 -9.1
-0.28824 -9.2
-0.28799 -9.4
-0.28775 -9.5
-0.28751 -9.5
-0.28726 -9.6
-0.28702 -9.6
-0.28677 -9.6
-0.28653 -9.6
-0.28629 -9.5
-0.28604 -9.5
-0.2858 -9.3
-0.28555 -9.2
-0.28531 -9.0
-0.28506 -8.9
-0.28482 -8.6
-0.28458 -8.4
-0.28433 -8.1
-0.28409 -7.9
-0.28384 -7.5
-0.2836 -7.2
-0.28336 -6.9
-0.28311 -6.5
-0.28287 -6.1
-0.28262 -5.7
-0.28238 -5.3
-0.28214 -4.8
-0.28189 -4.4
-0.28165 -3.9
-0.2814 -3.4
-0.28116 -3.0
-0.28091 -2.5
-0.28067 -2.0
-0.28043 -1.5
-0.28018 -0.9
-0.27994 -0.4
-0.27969 0.0
-0.27945 0.6
-0.27921 1.1
-0.27896 1.6
-0.27872 2.2
-0.27847 2.7
-0.27823 3.2
-0.27798 3.6
-0.27774 4.1
-0.2775 4.6
-0.27725 5.0
-0.27701 5.5
-0.27676 5.9
-0.27652 6.3
-0.27628 6.7
-0.27603 7.1
-0.27579 7.4
-0.27554 7.7
-0.2753 8.0
-0.27505 8.3
-0.27481 8.6
-0.27457 8.8
-0.27432 9.0
-0.27408 9.2
-0.27383 9.4
-0.27359 9.5
-0.27335 9.6
-0.2731 9.7
-0.27286 9.7
-0.27261 9.7
-0.27237 9.7
-0.27213 9.7
-0.27188 9.6
-0.27164 9.5
-0.27139 9.4
-0.27115 9.2
-0.2709 9.1
-0.27066 8.9
-0.27042 8.6
-0.27017 8.4
-0.26993 8.1
-0.26968 7.8
-0.26944 7.4
-0.2692 7.1
-0.26895 6.7
-0.26871 6.3
-0.26846 5.9
-0.26822 5.5
-0.26797 5.0
-0.26773 4.6
-0.26749 4.1
-0.26724 3.6
-0.267 3.1
-0.26675 2.6
-0.26651 2.1
-0.26627 1.6
-0.26602 1.0
-0.26578 0.5
-0.26553 0.0
-0.26529 -0.6
-0.26505 -1.1
-0.2648 -1.6
-0.26456 -2.1
-0.26431 -2.7
-0.26407 -3.2
-0.26382 -3.7
-0.26358 -4.2
-0.26334 -4.6
-0.26309 -5.1
-0.26285 -5.6
-0.2626 -6.0
-0.26236 -6.4
-0.26212 -6.8
-0.26187 -7.2
-0.26163 -7.6
-0.26138 -7.9
-0.26114 -8.2
-0.26089 -8.5
-0.26065 -8.7
-0.26041 -9.0
-0.26016 -9.2
-0.25992 -9.4
-0.25967 -9.5
-0.25943 -9.6
-0.25919 -9.7
-0.25894 -9.8
-0.2587 -9.8
-0.25845 -9.8
-0.25821 -9.8
-0.25797 -9.8
-0.25772 -9.7
-0.25748 -9.6
-0.25723 -9.4
-0.25699 -9.3
-0.25674 -9.1
-0.2565 -8.8
-0.25626 -8.6
-0.25601 -8.3
-0.25577 -8.0
-0.25552 -7.7
-0.25528 -7.3
-0.25504 -6.9
-0.25479 -6.5
-0.25455 -6.1
-0.2543 -5.7
-0.25406 -5.2
-0.25381 -4.8
-0.25357 -4.3
-0.25333 -3.8
-0.25308 -3.3
-0.25284 -2.7
-0.25259 -2.2
-0.25235 -1.7
-0.25211 -1.1
-0.25186 -0.6
-0.25162 0.0
-0.25137 0.5
-0.25113 1.1
-0.25089 1.6
-0.25064 2.2
-0.2504 2.7
-0.25015 3.2
-0.24991 3.7
-0.24966 4.2
-0.24942 4.7
-0.24918 5.2
-0.24893 5.7
-0.24869 6.1
-0.24844 6.6
-0.2482 7.0
-0.24796 7.3
-0.24771 7.7
-0.24747 8.1
-0.24722 8.4
-0.24698 8.7
-0.24673 8.9
-0.24649 9.2
-0.24625 9.4
-0.246 9.5
-0.24576 9.7
-0.24551 9.8
-0.24527 9.9
-0.24503 9.9
-0.24478 10.0
-0.24454 10.0
-0.24429 9.9
-0.24405 9.9
-0.2438 9.8
-0.24356 9.6
-0.24332 9.5
-0.24307 9.3
-0.24283 9.1
-0.24258 8.8
-0.24234 8.5
-0.2421 8.2
-0.24185 7.9
-0.24161 7.5
-0.24136 7.2
-0.24112 6.7
-0.24088 6.3
-0.24063 5.9
-0.24039 5.4
-0.24014 4.9
-0.2399 4.4
-0.23965 3.9
-0.23941 3.4
-0.23917 2.9
-0.23892 2.3
-0.23868 1.8
-0.23843 1.2
-0.23819 0.6
-0.23795 0.0
-0.2377 -0.5
-0.23746 -1.1
-0.23721 -1.6
-0.23697 -2.2
-0.23672 -2.7
-0.23648 -3.3
-0.23624 -3.8
-0.23599 -4.3
-0.23575 -4.9
-0.2355 -5.3
-0.23526 -5.8
-0.23502 -6.3
-0.23477 -6.7
-0.23453 -7.1
-0.23428 -7.5
-0.23404 -7.9
-0.2338 -8.2
-0.23355 -8.6
-0.23331 -8.9
-0.23306 -9.1
-0.23282 -9.3
-0.23257 -9.5
-0.23233 -9.7
-0.23209 -9.9
-0.23184 -10.0
-0.2316 -10.0
-0.23135 -10.1
-0.23111 -10.1
-0.23087 -10.1
-0.23062 -10.0
-0.23038 -9.9
-0.23013 -9.8
-0.22989 -9.7
-0.22964 -9.5
-0.2294 -9.3
-0.22916 -9.0
-0.22891 -8.7
-0.22867 -8.4
-0.22842 -8.1
-0.22818 -7.7
-0.22794 -7.3
-0.22769 -6.9
-0.22745 -6.5
-0.2272 -6.0
-0.22696 -5.6
-0.22672 -5.1
-0.22647 -4.6
-0.22623 -4.0
-0.22598 -3.5
-0.22574 -2.9
-0.22549 -2.4
-0.22525 -1.8
-0.22501 -1.2
-0.22476 -0.6
-0.22452 0.0
-0.22427 0.5
-0.22403 1.1
-0.22379 1.7
-0.22354 2.3
-0.2233 2.8
-0.22305 3.4
-0.22281 4.0
-0.22256 4.5
-0.22232 5.0
-0.22208 5.5
-0.22183 6.0
-0.22159 6.5
-0.22134 6.9
-0.2211 7.4
-0.22086 7.8
-0.22061 8.1
-0.22037 8.5
-0.22012 8.8
-0.21988 9.1
-0.21964 9.3
-0.21939 9.6
-0.21915 9.8
-0.2189 9.9
-0.21866 10.1
-0.21841 10.1
-0.21817 10.2
-0.21793 10.2
-0.21768 10.2
-0.21744 10.2
-0.21719 10.1
-0.21695 10.0
-0.21671 9.8
-0.21646 9.7
-0.21622 9.4
-0.21597 9.2
-0.21573 8.9
-0.21548 8.6
-0.21524 8.3
-0.215 7.9
-0.21475 7.5
-0.21451 7.1
-0.21426 6.6
-0.21402 6.2
-0.21378 5.7
-0.21353 5.2
-0.21329 4.6
-0.21304 4.1
-0.2128 3.5
-0.21255 3.0
-0.21231 2.4
-0.21207 1.8
-0.21182 1.2
-0.21158 0.6
-0.21133 0.0
-0.21109 -0.6
-0.21085 -1.2
-0.2106 -1.8
-0.21036 -2.4
-0.21011 -3.0
-0.20987 -3.6
-0.20963 -4.2
-0.20938 -4.7
-0.20914 -5.3
-0.20889 -5.8
-0.20865 -6.3
-0.2084 -6.7
-0.20816 -7.2
-0.20792 -7.6
-0.20767 -8.0
-0.20743 -8.4
-0.20718 -8.7
-0.20694 -9.1
-0.2067 -9.3
-0.20645 -9.6
-0.20621 -9.8
-0.20596 -10.0
-0.20572 -10.1
-0.20547 -10.3
-0.20523 -10.3
-0.20499 -10.4
-0.20474 -10.4
-0.2045 -10.3
-0.20425 -10.3
-0.20401 -10.2
-0.20377 -10.0
-0.20352 -9.8
-0.20328 -9.6
-0.20303 -9.4
-0.20279 -9.1
-0.20255 -8.8
-0.2023 -8.4
-0.20206 -8.0
-0.20181 -7.6
-0.20157 -7.2
-0.20132 -6.7
-0.20108 -6.3
-0.20084 -5.7
-0.20059 -5.2
-0.20035 -4.7
-0.2001 -4.1
-0.19986 -3.5
-0.19962 -2.9
-0.19937 -2.3
-0.19913 -1.7
-0.19888 -1.1
-0.19864 -0.5
-0.19839 0.2
-0.19815 0.8
-0.19791 1.4
-0.19766 2.0
-0.19742 2.7
-0.19717 3.3
-0.19693 3.9
-0.19669 4.4
-0.19644 5.0
-0.1962 5.6
-0.19595 6.1
-0.19571 6.6
-0.19547 7.1
-0.19522 7.5
-0.19498 8.0
-0.19473 8.4
-0.19449 8.7
-0.19424 9.1
-0.194 9.4
-0.19376 9.7
-0.19351 9.9
-0.19327 10.1
-0.19302 10.3
-0.19278 10.4
-0.19254 10.5
-0.19229 10.5
-0.19205 10.5
-0.1918 10.5
-0.19156 10.4
-0.19131 10.3
-0.19107 10.2
-0.19083 10.0
-0.19058 9.8
-0.19034 9.5
-0.19009 9.2
-0.18985 8.9
-0.18961 8.5
-0.18936 8.1
-0.18912 7.7
-0.18887 7.3
-0.18863 6.8
-0.18839 6.3
-0.18814 5.7
-0.1879 5.2
-0.18765 4.6
-0.18741 4.0
-0.18716 3.4
-0.18692 2.8
-0.18668 2.2
-0.18643 1.5
-0.18619 0.9
-0.18594 0.2
-0.1857 -0.4
-0.18546 -1.1
-0.18521 -1.7
-0.18497 -2.4
-0.18472 -3.0
-0.18448 -3.6
-0.18423 -4.2
-0.18399 -4.8
-0.18375 -5.4
-0.1835 -6.0
-0.18326 -6.5
-0.18301 -7.0
-0.18277 -7.5
-0.18253 -7.9
-0.18228 -8.4
-0.18204 -8.8
-0.18179 -9.1
-0.18155 -9.5
-0.1813 -9.7
-0.18106 -10.0
-0.18082 -10.2
-0.18057 -10.4
-0.18033 -10.5
-0.18008 -10.6
-0.17984 -10.7
-0.1796 -10.7
-0.17935 -10.7
-0.17911 -10.6
-0.17886 -10.5
-0.17862 -10.3
-0.17838 -10.1
-0.17813 -9.9
-0.17789 -9.6
-0.17764 -9.3
-0.1774 -9.0
-0.17715 -8.6
-0.17691 -8.2
-0.17667 -7.7
-0.17642 -7.3
-0.17618 -6.7
-0.17593 -6.2
-0.17569 -5.7
-0.17545 -5.1
-0.1752 -4.5
-0.17496 -3.8
-0.17471 -3.2
-0.17447 -2.6
-0.17422 -1.9
-0.17398 -1.2
-0.17374 -0.6
-0.17349 0.1
-0.17325 0.8
-0.173 1.5
-0.17276 2.1
-0.17252 2.8
-0.17227 3.5
-0.17203 4.1
-0.17178 4.7
-0.17154 5.3
-0.1713 5.9
-0.17105 6.5
-0.17081 7.0
-0.17056 7.5
-0.17032 8.0
-0.17007 8.4
-0.16983 8.9
-0.16959 9.2
-0.16934 9.6
-0.1691 9.9
-0.16885 10.1
-0.16861 10.4
-0.16837 10.6
-0.16812 10.7
-0.16788 10.8
-0.16763 10.8
-0.16739 10.9
-0.16714 10.8
-0.1669 10.7
-0.16666 10.6
-0.16641 10.4
-0.16617 10.2
-0.16592 10.0
-0.16568 9.7
-0.16544 9.4
-0.16519 9.0
-0.16495 8.6
-0.1647 8.1
-0.16446 7.7
-0.16422 7.1
-0.16397 6.6
-0.16373 6.0
-0.16348 5.4
-0.16324 4.8
-0.16299 4.2
-0.16275 3.5
-0.16251 2.9
-0.16226 2.2
-0.16202 1.5
-0.16177 0.8
-0.16153 0.0
-0.16129 -0.6
-0.16104 -1.3
-0.1608 -2.0
-0.16055 -2.7
-0.16031 -3.4
-0.16006 -4.1
-0.15982 -4.7
-0.15958 -5.4
-0.15933 -6.0
-0.15909 -6.6
-0.15884 -7.1
-0.1586 -7.6
-0.15836 -8.1
-0.15811 -8.6
-0.15787 -9.0
-0.15762 -9.4
-0.15738 -9.8
-0.15714 -10.1
-0.15689 -10.4
-0.15665 -10.6
-0.1564 -10.8
-0.15616 -10.9
-0.15591 -11.0
-0.15567 -11.0
-0.15543 -11.0
-0.15518 -11.0
-0.15494 -10.9
-0.15469 -10.7
-0.15445 -10.5
-0.15421 -10.3
-0.15396 -10.0
-0.15372 -9.7
-0.15347 -9.3
-0.15323 -8.9
-0.15298 -8.5
-0.15274 -8.0
-0.1525 -7.5
-0.15225 -6.9
-0.15201 -6.3
-0.15176 -5.7
-0.15152 -5.1
-0.15128 -4.4
-0.15103 -3.7
-0.15079 -3.0
-0.15054 -2.3
-0.1503 -1.6
-0.15005 -0.9
-0.14981 -0.1
-0.14957 0.6
-0.14932 1.3
-0.14908 2.1
-0.14883 2.8
-0.14859 3.5
-0.14835 4.2
-0.1481 4.9
-0.14786 5.5
-0.14761 6.2
-0.14737 6.8
-0.14713 7.4
-0.14688 7.9
-0.14664 8.4
-0.14639 8.9
-0.14615 9.3
-0.1459 9.7
-0.14566 10.1
-0.14542 10.4
-0.14517 10.6
-0.14493 10.9
-0.14468 11.0
-0.14444 11.1
-0.1442 11.2
-0.14395 11.2
-0.14371 11.2
-0.14346 11.1
-0.14322 11.0
-0.14297 10.8
-0.14273 10.6
-0.14249 10.3
-0.14224 10.0
-0.142 9.6
-0.14175 9.2
-0.14151 8.7
-0.14127 8.2
-0.14102 7.7
-0.14078 7.1
-0.14053 6.5
-0.14029 5.8
-0.14005 5.2
-0.1398 4.5
-0.13956 3.8
-0.13931 3.0
-0.13907 2.3
-0.13882 1.5
-0.13858 0.8
-0.13834 0.0
-0.13809 -0.8
-0.13785 -1.5
-0.1376 -2.3
-0.13736 -3.0
-0.13712 -3.8
-0.13687 -4.5
-0.13663 -5.2
-0.13638 -5.9
-0.13614 -6.5
-0.13589 -7.2
-0.13565 -7.8
-0.13541 -8.3
-0.13516 -8.8
-0.13492 -9.3
-0.13467 -9.7
-0.13443 -10.1
-0.13419 -10.5
-0.13394 -10.8
-0.1337 -11.0
-0.13345 -11.2
-0.13321 -11.3
-0.13297 -11.4
-0.13272 -11.4
-0.13248 -11.4
-0.13223 -11.3
-0.13199 -11.2
-0.13174 -11.0
-0.1315 -10.8
-0.13126 -10.5
-0.13101 -10.1
-0.13077 -9.7
-0.13052 -9.3
-0.13028 -8.8
-0.13004 -8.3
-0.12979 -7.7
-0.12955 -7.1
-0.1293 -6.5
-0.12906 -5.8
-0.12881 -5.1
-0.12857 -4.4
-0.12833 -3.6
-0.12808 -2.8
-0.12784 -2.1
-0.12759 -1.3
-0.12735 -0.5
-0.12711 0.3
-0.12686 1.2
-0.12662 2.0
-0.12637 2.7
-0.12613 3.5
-0.12589 4.3
-0.12564 5.0
-0.1254 5.8
-0.12515 6.5
-0.12491 7.1
-0.12466 7.7
-0.12442 8.3
-0.12418 8.9
-0.12393 9.4
-0.12369 9.9
-0.12344 10.3
-0.1232 10.6
-0.12296 10.9
-0.12271 11.2
-0.12247 11.4
-0.12222 11.5
-0.12198 11.6
-0.12173 11.7
-0.12149 11.6
-0.12125 11.5
-0.121 11.4
-0.12076 11.2
-0.12051 10.9
-0.12027 10.6
-0.12003 10.2
-0.11978 9.8
-0.11954 9.3
-0.11929 8.8
-0.11905 8.2
-0.1188 7.6
-0.11856 6.9
-0.11832 6.3
-0.11807 5.5
-0.11783 4.8
-0.11758 4.0
-0.11734 3.2
-0.1171 2.4
-0.11685 1.5
-0.11661 0.7
-0.11636 -0.2
-0.11612 -1.0
-0.11588 -1.8
-0.11563 -2.7
-0.11539 -3.5
-0.11514 -4.3
-0.1149 -5.1
-0.11465 -5.9
-0.11441 -6.6
-0.11417 -7.3
-0.11392 -7.9
-0.11368 -8.6
-0.11343 -9.1
-0.11319 -9.7
-0.11295 -10.1
-0.1127 -10.6
-0.11246 -10.9
-0.11221 -11.3
-0.11197 -11.5
-0.11172 -11.7
-0.11148 -11.8
-0.11124 -11.9
-0.11099 -11.9
-0.11075 -11.8
-0.1105 -11.7
-0.11026 -11.5
-0.11002 -11.3
-0.10977 -11.0
-0.10953 -10.6
-0.10928 -10.2
-0.10904 -9.7
-0.1088 -9.1
-0.10855 -8.5
-0.10831 -7.9
-0.10806 -7.2
-0.10782 -6.5
-0.10757 -5.7
-0.10733 -4.9
-0.10709 -4.1
-0.10684 -3.3
-0.1066 -2.4
-0.10635 -1.5
-0.10611 -0.7
-0.10587 0.2
-0.10562 1.1
-0.10538 2.0
-0.10513 2.9
-0.10489 3.8
-0.10464 4.6
-0.1044 5.4
-0.10416 6.2
-0.10391 7.0
-0.10367 7.7
-0.10342 8.4
-0.10318 9.0
-0.10294 9.6
-0.10269 10.1
-0.10245 10.6
-0.1022 11.0
-0.10196 11.4
-0.10172 11.7
-0.10147 11.9
-0.10123 12.1
-0.10098 12.1
-0.10074 12.2
-0.10049 12.1
-0.10025 12.0
-0.10001 11.8
-0.09976 11.5
-0.09952 11.2
-0.09927 10.8
-0.09903 10.4
-0.09879 9.9
-0.09854 9.3
-0.0983 8.6
-0.09805 8.0
-0.09781 7.2
-0.09756 6.5
-0.09732 5.7
-0.09708 4.8
-0.09683 3.9
-0.09659 3.0
-0.09634 2.1
-0.0961 1.2
-0.09586 0.2
-0.09561 -0.7
-0.09537 -1.7
-0.09512 -2.6
-0.09488 -3.5
-0.09464 -4.4
-0.09439 -5.3
-0.09415 -6.2
-0.0939 -7.0
-0.09366 -7.7
-0.09341 -8.5
-0.09317 -9.2
-0.09293 -9.8
-0.09268 -10.3
-0.09244 -10.9
-0.09219 -11.3
-0.09195 -11.7
-0.09171 -12.0
-0.09146 -12.2
-0.09122 -12.4
-0.09097 -12.4
-0.09073 -12.4
-0.09048 -12.4
-0.09024 -12.2
-0.09 -12.0
-0.08975 -11.7
-0.08951 -11.3
-0.08926 -10.9
-0.08902 -10.4
-0.08878 -9.8
-0.08853 -9.2
-0.08829 -8.5
-0.08804 -7.7
-0.0878 -6.9
-0.08755 -6.1
-0.08731 -5.2
-0.08707 -4.2
-0.08682 -3.3
-0.08658 -2.3
-0.08633 -1.3
-0.08609 -0.3
-0.08585 0.7
-0.0856 1.7
-0.08536 2.7
-0.08511 3.7
-0.08487 4.6
-0.08463 5.6
-0.08438 6.5
-0.08414 7.3
-0.08389 8.1
-0.08365 8.9
-0.0834 9.6
-0.08316 10.2
-0.08292 10.8
-0.08267 11.3
-0.08243 11.8
-0.08218 12.1
-0.08194 12.4
-0.0817 12.6
-0.08145 12.7
-0.08121 12.8
-0.08096 12.7
-0.08072 12.6
-0.08047 12.4
-0.08023 12.1
-0.07999 11.7
-0.07974 11.2
-0.0795 10.7
-0.07925 10.1
-0.07901 9.4
-0.07877 8.6
-0.07852 7.8
-0.07828 7.0
-0.07803 6.1
-0.07779 5.1
-0.07755 4.1
-0.0773 3.1
-0.07706 2.0
-0.07681 1.0
-0.07657 0.0
-0.07632 -1.2
-0.07608 -2.2
-0.07584 -3.3
-0.07559 -4.3
-0.07535 -5.3
-0.0751 -6.3
-0.07486 -7.3
-0.07462 -8.1
-0.07437 -9.0
-0.07413 -9.7
-0.07388 -10.4
-0.07364 -11.1
-0.07339 -11.6
-0.07315 -12.1
-0.07291 -12.5
-0.07266 -12.8
-0.07242 -13.0
-0.07217 -13.1
-0.07193 -13.1
-0.07169 -13.0
-0.07144 -12.9
-0.0712 -12.6
-0.07095 -12.3
-0.07071 -11.8
-0.07047 -11.3
-0.07022 -10.7
-0.06998 -10.0
-0.06973 -9.2
-0.06949 -8.4
-0.06924 -7.5
-0.069 -6.5
-0.06876 -5.5
-0.06851 -4.4
-0.06827 -3.3
-0.06802 -2.2
-0.06778 -1.1
-0.06754 0.0
-0.06729 1.2
-0.06705 2.4
-0.0668 3.5
-0.06656 4.6
-0.06631 5.7
-0.06607 6.7
-0.06583 7.7
-0.06558 8.7
-0.06534 9.5
-0.06509 10.3
-0.06485 11.1
-0.06461 11.7
-0.06436 12.2
-0.06412 12.7
-0.06387 13.1
-0.06363 13.3
-0.06339 13.5
-0.06314 13.5
-0.0629 13.5
-0.06265 13.3
-0.06241 13.0
-0.06216 12.7
-0.06192 12.2
-0.06168 11.6
-0.06143 10.9
-0.06119 10.2
-0.06094 9.3
-0.0607 8.4
-0.06046 7.4
-0.06021 6.4
-0.05997 5.3
-0.05972 4.1
-0.05948 2.9
-0.05923 1.7
-0.05899 0.4
-0.05875 -0.8
-0.0585 -2.1
-0.05826 -3.3
-0.05801 -4.5
-0.05777 -5.7
-0.05753 -6.8
-0.05728 -7.9
-0.05704 -8.9
-0.05679 -9.8
-0.05655 -10.7
-0.0563 -11.5
-0.05606 -12.2
-0.05582 -12.8
-0.05557 -13.2
-0.05533 -13.6
-0.05508 -13.8
-0.05484 -14.0
-0.0546 -14.0
-0.05435 -13.8
-0.05411 -13.6
-0.05386 -13.3
-0.05362 -12.8
-0.05338 -12.2
-0.05313 -11.5
-0.05289 -10.7
-0.05264 -9.8
-0.0524 -8.8
-0.05215 -7.7
-0.05191 -6.6
-0.05167 -5.4
-0.05142 -4.1
-0.05118 -2.8
-0.05093 -1.4
-0.05069 0.0
-0.05045 1.3
-0.0502 2.6
-0.04996 4.0
-0.04971 5.3
-0.04947 6.5
-0.04922 7.7
-0.04898 8.9
-0.04874 9.9
-0.04849 10.9
-0.04825 11.8
-0.048 12.5
-0.04776 13.2
-0.04752 13.7
-0.04727 14.1
-0.04703 14.4
-0.04678 14.5
-0.04654 14.5
-0.0463 14.3
-0.04605 14.0
-0.04581 13.6
-0.04556 13.0
-0.04532 12.3
-0.04507 11.5
-0.04483 10.5
-0.04459 9.5
-0.04434 8.3
-0.0441 7.1
-0.04385 5.8
-0.04361 4.4
-0.04337 2.9
-0.04312 1.5
-0.04288 0.0
-0.04263 -1.5
-0.04239 -3.0
-0.04214 -4.5
-0.0419 -5.9
-0.04166 -7.3
-0.04141 -8.6
-0.04117 -9.8
-0.04092 -10.9
-0.04068 -11.9
-0.04044 -12.8
-0.04019 -13.6
-0.03995 -14.2
-0.0397 -14.6
-0.03946 -15.0
-0.03922 -15.1
-0.03897 -15.1
-0.03873 -14.9
-0.03848 -14.5
-0.03824 -14.0
-0.03799 -13.3
-0.03775 -12.5
-0.03751 -11.5
-0.03726 -10.4
-0.03702 -9.2
-0.03677 -7.9
-0.03653 -6.4
-0.03629 -4.9
-0.03604 -3.3
-0.0358 -1.7
-0.03555 0.0
-0.03531 1.7
-0.03506 3.3
-0.03482 5.0
-0.03458 6.6
-0.03433 8.1
-0.03409 9.5
-0.03384 10.8
-0.0336 12.0
-0.03336 13.1
-0.03311 14.0
-0.03287 14.7
-0.03262 15.3
-0.03238 15.6
-0.03214 15.8
-0.03189 15.8
-0.03165 15.6
-0.0314 15.2
-0.03116 14.5
-0.03091 13.7
-0.03067 12.7
-0.03043 11.6
-0.03018 10.2
-0.02994 8.8
-0.02969 7.2
-0.02945 5.5
-0.02921 3.7
-0.02896 1.8
-0.02872 0.0
-0.02847 -2.0
-0.02823 -3.8
-0.02798 -5.7
-0.02774 -7.5
-0.0275 -9.2
-0.02725 -10.7
-0.02701 -12.2
-0.02676 -13.4
-0.02652 -14.5
-0.02628 -15.4
-0.02603 -16.1
-0.02579 -16.5
-0.02554 -16.7
-0.0253 -16.7
-0.02505 -16.4
-0.02481 -15.8
-0.02457 -15.0
-0.02432 -14.0
-0.02408 -12.7
-0.02383 -11.3
-0.02359 -9.6
-0.02335 -7.8
-0.0231 -5.8
-0.02286 -3.8
-0.02261 -1.6
-0.02237 0.6
-0.02213 2.8
-0.02188 4.9
-0.02164 7.1
-0.02139 9.1
-0.02115 11.0
-0.0209 12.7
-0.02066 14.2
-0.02042 15.5
-0.02017 16.5
-0.01993 17.3
-0.01968 17.7
-0.01944 17.8
-0.0192 17.6
-0.01895 17.1
-0.01871 16.3
-0.01846 15.1
-0.01822 13.7
-0.01797 12.0
-0.01773 10.0
-0.01749 7.8
-0.01724 5.4
-0.017 2.9
-0.01675 0.3
-0.01651 -2.3
-0.01627 -4.9
-0.01602 -7.5
-0.01578 -9.9
-0.01553 -12.2
-0.01529 -14.2
-0.01505 -15.9
-0.0148 -17.3
-0.01456 -18.4
-0.01431 -19.0
-0.01407 -19.3
-0.01382 -19.1
-0.01358 -18.4
-0.01334 -17.3
-0.01309 -15.8
-0.01285 -13.8
-0.0126 -11.5
-0.01236 -8.9
-0.01212 -6.0
-0.01187 -2.9
-0.01163 0.4
-0.01138 3.6
-0.01114 6.9
-0.01089 10.0
-0.01065 12.9
-0.01041 15.5
-0.01016 17.7
-0.00992 19.4
-0.00967 20.6
-0.00943 21.2
-0.00919 21.1
-0.00894 20.4
-0.0087 19.0
-0.00845 16.9
-0.00821 14.2
-0.00797 11.0
-0.00772 7.3
-0.00748 3.3
-0.00723 -1.0
-0.00699 -5.3
-0.00674 -9.6
-0.0065 -13.6
-0.00626 -17.1
-0.00601 -20.1
-0.00577 -22.3
-0.00552 -23.5
-0.00528 -23.8
-0.00504 -23.0
-0.00479 -21.0
-0.00455 -17.9
-0.0043 -13.8
-0.00406 -8.8
-0.00381 -3.2
-0.00357 2.9
-0.00333 9.0
-0.00308 14.9
-0.00284 20.0
-0.00259 24.0
-0.00235 26.6
-0.00211 27.3
-0.00186 25.9
-0.00162 22.3
-0.00137 16.6
-0.00113 9.0
-0.00089 0.0
-0.00064 -9.3
-0.0004 -18.2
-0.00015 -25.3
9e-05 -29.3
0.00034 -28.9
0.00058 -23.9
0.00082 -14.6
0.00107 -2.6
0.00131 9.6
0.00156 19.6
0.0018 24.8
0.00204 24.1
0.00229 17.8
0.00253 7.8
0.00278 -3.1
0.00302 -12.0
0.00327 -16.7
0.00351 -16.4
0.00375 -11.8
0.004 -4.6
0.00424 2.8
0.00449 8.3
0.00473 10.5
0.00497 9.4
0.00522 5.8
0.00546 1.1
0.00571 -3.2
0.00595 -5.8
0.0062 -6.2
0.00644 -4.8
0.00668 -2.1
0.00693 0.7
0.00717 2.8
0.00742 3.8
0.00766 3.4
0.0079 2.1
0.00815 0.3
0.00839 -1.2
0.00864 -2.1
0.00888 -2.2
0.00912 -1.6
0.00937 -0.6
0.00961 0.4
0.00986 1.1
0.0101 1.4
0.01035 1.2
0.01059 0.7
0.01083 0.0
0.01108 -0.5
0.01132 -0.8
0.01157 -0.8
0.01181 -0.6
0.01205 -0.2
0.0123 0.2
0.01254 0.4
0.01279 0.5
0.01303 0.4
0.01328 0.2
0.01352 0.0
0.01376 -0.2
0.01401 -0.3
0.01425 -0.3
0.0145 -0.2
0.01474 0.0
0.01498 0.0
0.01523 0.2
0.01547 0.2
0.01572 0.1
0.01596 0.0
0.0162 0.0
0.01645 0.0
0.01669 -0.1
0.01694 -0.1
0.01718 0.0
0.01743 0.0
0.01767 0.0
0.01791 0.0
0.01816 0.0
0.0184 0.0
0.01865 0.0
0.01889 0.0
0.01913 0.0
0.01938 0.0
0.01962 0.0
0.01987 0.0
0.02011 0.0
0.02036 0.0
0.0206 0.0
0.02084 0.0
0.02109 0.0
0.02133 0.0
0.02158 0.0
0.02182 0.0
0.02206 0.0
0.02231 0.0
0.02255 0.0
0.0228 0.0
0.02304 0.0
0.02328 0.0
0.02353 0.0
0.02377 0.0
0.02402 0.0
0.02426 0.0
0.02451 0.0
0.02475 0.0
0.02499 0.0
0.02524 0.0
0.02548 0.0
0.02573 0.0
0.02597 0.0
0.02621 0.0
0.02646 0.0
0.0267 0.0
0.02695 0.0
0.02719 0.0
0.02744 0.0
0.02768 0.0
0.02792 0.0
0.02817 0.0
0.02841 0.0
0.02866 0.0
0.0289 0.0
0.02914 0.0
0.02939 0.0
0.02963 0.0
0.02988 0.0
0.03012 0.0
0.03036 0.0
0.03061 0.0
0.03085 0.0
0.0311 0.0
0.03134 0.0
0.03159 0.0
0.03183 0.0
0.03207 0.0
0.03232 0.0
0.03256 0.0
0.03281 0.0
0.03305 0.0
0.03329 0.0
0.03354 0.0
0.03378 0.0
0.03403 0.0
0.03427 0.0
0.03452 0.0
0.03476 0.0
0.035 0.0
0.03525 0.0
0.03549 0.0
0.03574 0.0
0.03598 0.0
0.03622 0.0
0.03647 0.0
0.03671 0.0
0.03696 0.0
0.0372 0.0
0.03745 0.0
0.03769 0.0
0.03793 0.0
0.03818 0.0
0.03842 0.0
0.03867 0.0
0.03891 0.0
0.03915 0.0
0.0394 0.0
0.03964 0.0
0.03989 0.0
0.04013 0.0
0.04037 0.0
0.04062 0.0
0.04086 0.0
0.04111 0.0
0.04135 0.0
0.0416 0.0
0.04184 0.0
0.04208 0.0
0.04233 0.0
0.04257 0.0
0.04282 0.0
0.04306 0.0
0.0433 0.0
0.04355 0.0
0.04379 0.0
0.04404 0.0
0.04428 0.0
0.04453 0.0
0.04477 0.0
0.04501 0.0
0.04526 0.0
0.0455 0.0
0.04575 0.0
0.04599 0.0
0.04623 0.0
0.04648 0.0
0.04672 0.0
0.04697 0.0
0.04721 0.0
0.04745 0.0
0.0477 0.0
0.04794 0.0
0.04819 0.0
0.04843 0.0
0.04868 0.0
0.04892 0.0
0.04916 0.0
0.04941 0.0
0.04965 0.0
0.0499 0.0
0.05014 0.0
0.05038 0.0
0.05063 0.0
0.05087 0.0
0.05112 0.0
0.05136 0.0
0.05161 0.0
0.05185 0.0
0.05209 0.0
0.05234 0.0
0.05258 0.0
0.05283 0.0
0.05307 0.0
0.05331 0.0
0.05356 0.0
0.0538 0.0
0.05405 0.0
0.05429 0.0
0.05453 0.0
0.05478 0.0
0.05502 0.0
0.05527 0.0
0.05551 0.0
0.05576 0.0
0.056 0.0
0.05624 0.0
0.05649 0.0
0.05673 0.0
0.05698 0.0
0.05722 0.0
0.05746 0.0
0.05771 0.0
0.05795 0.0
0.0582 0.0
0.05844 0.0
0.05869 0.0
0.05893 0.0
0.05917 0.0
0.05942 0.0
0.05966 0.0
0.05991 0.0
0.06015 0.0
0.06039 0.0
0.06064 0.0
0.06088 0.0
0.06113 0.0
0.06137 0.0
0.06161 0.0
0.06186 0.0
0.0621 0.0
0.06235 0.0
0.06259 0.0
0.06284 0.0
0.06308 0.0
0.06332 0.0
0.06357 0.0
0.06381 0.0
0.06406 0.0
0.0643 0.0
0.06454 0.0
0.06479 0.0
0.06503 0.0
0.06528 0.0
0.06552 0.0
0.06577 0.0
0.06601 0.0
0.06625 0.0
0.0665 0.0
0.06674 0.0
0.06699 0.0
0.06723 0.0
0.06747 0.0
0.06772 0.0
0.06796 0.0
0.06821 0.0
0.06845 0.0
0.0687 0.0
0.06894 0.0
0.06918 0.0
0.06943 0.0
0.06967 0.0
0.06992 0.0
0.07016 0.0
0.0704 0.0
0.07065 0.0
0.07089 0.0
0.07114 0.0
0.07138 0.0
0.07162 0.0
0.07187 0.0
0.07211 0.0
0.07236 0.0
0.0726 0.0
0.07285 0.0
0.07309 0.0
0.07333 0.0
0.07358 0.0
0.07382 0.0
0.07407 0.0
0.07431 0.0
0.07455 0.0
0.0748 0.0
0.07504 0.0
0.07529 0.0
0.07553 0.0
0.07578 0.0
0.07602 0.0
0.07626 0.0
0.07651 0.0
0.07675 0.0
0.077 0.0
0.07724 0.0
0.07748 0.0
0.07773 0.0
0.07797 0.0
0.07822 0.0
0.07846 0.0
0.0787 0.0
0.07895 0.0
0.07919 0.0
0.07944 0.0
0.07968 0.0
0.07993 0.0
0.08017 0.0
0.08041 0.0
0.08066 0.0
0.0809 0.0
0.08115 0.0
0.08139 0.0
0.08163 0.0
0.08188 0.0
0.08212 0.0
0.08237 0.0
0.08261 0.0
0.08286 0.0
0.0831 0.0
0.08334 0.0
0.08359 0.0
0.08383 0.0
0.08408 0.0
0.08432 0.0
0.08456 0.0
0.08481 0.0
0.08505 0.0
0.0853 0.0
0.08554 0.0
0.08578 0.0
0.08603 0.0
0.08627 0.0
0.08652 0.0
0.08676 0.0
0.08701 0.0
0.08725 0.0
0.08749 0.0
0.08774 0.0
0.08798 0.0
0.08823 0.0
0.08847 0.0
0.08871 0.0
0.08896 0.0
0.0892 0.0
0.08945 0.0
0.08969 0.0
0.08994 0.0
0.09018 0.0
0.09042 0.0
0.09067 0.0
0.09091 0.0
0.09116 0.0
0.0914 0.0
0.09164 0.0
0.09189 0.0
0.09213 0.0
0.09238 0.0
0.09262 0.0
0.09286 0.0
0.09311 0.0
0.09335 0.0
0.0936 0.0
0.09384 0.0
0.09409 0.0
0.09433 0.0
0.09457 0.0
0.09482 0.0
0.09506 0.0
0.09531 0.0
0.09555 0.0
0.09579 0.0
0.09604 0.0
0.09628 0.0
0.09653 0.0
0.09677 0.0
0.09702 0.0
0.09726 0.0
0.0975 0.0
0.09775 0.0
0.09799 0.0
0.09824 0.0
0.09848 0.0
0.09872 0.0
0.09897 0.0
0.09921 0.0
0.09946 0.0
0.0997 0.0
0.09995 0.0
0.10019 0.0
0.10043 0.0
0.10068 0.0
0.10092 0.0
0.10117 0.0
0.10141 0.0
0.10165 0.0
0.1019 0.0
0.10214 0.0
0.10239 0.0
0.10263 0.0
0.10287 0.0
0.10312 0.0
0.10336 0.0
0.10361 0.0
0.10385 0.0
0.1041 0.0
0.10434 0.0
0.10458 0.0
0.10483 0.0
0.10507 0.0
0.10532 0.0
0.10556 0.0
0.1058 0.0
0.10605 0.0
0.10629 0.0
0.10654 0.0
0.10678 0.0
0.10703 0.0
0.10727 0.0
