t strain*1e23
-0.50911 5.2
-0.50887 5.1
-0.50862 5.1
-0.50838 5.1
-0.50813 5.1
-0.50789 5.0
-0.50764 5.0
-0.5074 5.0
-0.50716 4.9
-0.50691 4.9
-0.50667 4.8
-0.50642 4.7
-0.50618 4.6
-0.50594 4.6
-0.50569 4.5
-0.50545 4.4
-0.5052 4.3
-0.50496 4.2
-0.50471 4.1
-0.50447 4.0
-0.50423 3.9
-0.50398 3.7
-0.50374 3.6
-0.50349 3.5
-0.50325 3.3
-0.50301 3.2
-0.50276 3.1
-0.50252 2.9
-0.50227 2.8
-0.50203 2.6
-0.50179 2.5
-0.50154 2.3
-0.5013 2.1
-0.50105 2.0
-0.50081 1.8
-0.50056 1.6
-0.50032 1.5
-0.50008 1.3
-0.49983 1.1
-0.49959 0.9
-0.49934 0.8
-0.4991 0.6
-0.49886 0.4
-0.49861 0.2
-0.49837 0.0
-0.49812 -0.1
-0.49788 -0.3
-0.49763 -0.5
-0.49739 -0.7
-0.49715 -0.9
-0.4969 -1.0
-0.49666 -1.2
-0.49641 -1.4
-0.49617 -1.6
-0.49593 -1.7
-0.49568 -1.9
-0.49544 -2.1
-0.49519 -2.2
-0.49495 -2.4
-0.49471 -2.6
-0.49446 -2.7
-0.49422 -2.9
-0.49397 -3.0
-0.49373 -3.2
-0.49348 -3.3
-0.49324 -3.4
-0.493 -3.6
-0.49275 -3.7
-0.49251 -3.8
-0.49226 -4.0
-0.49202 -4.1
-0.49178 -4.2
-0.49153 -4.3
-0.49129 -4.4
-0.49104 -4.5
-0.4908 -4.6
-0.49055 -4.7
-0.49031 -4.7
-0.49007 -4.8
-0.48982 -4.9
-0.48958 -4.9
-0.48933 -5.0
-0.48909 -5.0
-0.48885 -5.1
-0.4886 -5.1
-0.48836 -5.1
-0.48811 -5.2
-0.48787 -5.2
-0.48763 -5.2
-0.48738 -5.2
-0.48714 -5.2
-0.48689 -5.2
-0.48665 -5.2
-0.4864 -5.2
-0.48616 -5.1
-0.48592 -5.1
-0.48567 -5.1
-0.48543 -5.0
-0.48518 -5.0
-0.48494 -4.9
-0.4847 -4.8
-0.48445 -4.8
-0.48421 -4.7
-0.48396 -4.6
-0.48372 -4.5
-0.48347 -4.4
-0.48323 -4.3
-0.48299 -4.2
-0.48274 -4.1
-0.4825 -4.0
-0.48225 -3.9
-0.48201 -3.8
-0.48177 -3.6
-0.48152 -3.5
-0.48128 -3.4
-0.48103 -3.2
-0.48079 -3.1
-0.48055 -2.9
-0.4803 -2.8
-0.48006 -2.6
-0.47981 -2.4
-0.47957 -2.3
-0.47932 -2.1
-0.47908 -1.9
-0.47884 -1.8
-0.47859 -1.6
-0.47835 -1.4
-0.4781 -1.2
-0.47786 -1.1
-0.47762 -0.9
-0.47737 -0.7
-0.47713 -0.5
-0.47688 -0.3
-0.47664 -0.2
-0.47639 0.0
-0.47615 0.2
-0.47591 0.4
-0.47566 0.6
-0.47542 0.8
-0.47517 1.0
-0.47493 1.1
-0.47469 1.3
-0.47444 1.5
-0.4742 1.7
-0.47395 1.8
-0.47371 2.0
-0.47346 2.2
-0.47322 2.4
-0.47298 2.5
-0.47273 2.7
-0.47249 2.8
-0.47224 3.0
-0.472 3.1
-0.47176 3.3
-0.47151 3.4
-0.47127 3.6
-0.47102 3.7
-0.47078 3.8
-0.47054 4.0
-0.47029 4.1
-0.47005 4.2
-0.4698 4.3
-0.46956 4.4
-0.46931 4.5
-0.46907 4.6
-0.46883 4.7
-0.46858 4.8
-0.46834 4.8
-0.46809 4.9
-0.46785 5.0
-0.46761 5.0
-0.46736 5.1
-0.46712 5.1
-0.46687 5.2
-0.46663 5.2
-0.46638 5.2
-0.46614 5.2
-0.4659 5.3
-0.46565 5.3
-0.46541 5.3
-0.46516 5.3
-0.46492 5.2
-0.46468 5.2
-0.46443 5.2
-0.46419 5.1
-0.46394 5.1
-0.4637 5.1
-0.46346 5.0
-0.46321 4.9
-0.46297 4.9
-0.46272 4.8
-0.46248 4.7
-0.46223 4.6
-0.46199 4.5
-0.46175 4.4
-0.4615 4.3
-0.46126 4.2
-0.46101 4.1
-0.46077 4.0
-0.46053 3.9
-0.46028 3.7
-0.46004 3.6
-0.45979 3.5
-0.45955 3.3
-0.4593 3.2
-0.45906 3.0
-0.45882 2.9
-0.45857 2.7
-0.45833 2.5
-0.45808 2.4
-0.45784 2.2
-0.4576 2.0
-0.45735 1.9
-0.45711 1.7
-0.45686 1.5
-0.45662 1.3
-0.45638 1.1
-0.45613 1.0
-0.45589 0.8
-0.45564 0.6
-0.4554 0.4
-0.45515 0.2
-0.45491 0.0
-0.45467 -0.2
-0.45442 -0.4
-0.45418 -0.6
-0.45393 -0.7
-0.45369 -0.9
-0.45345 -1.1
-0.4532 -1.3
-0.45296 -1.5
-0.45271 -1.7
-0.45247 -1.9
-0.45222 -2.0
-0.45198 -2.2
-0.45174 -2.4
-0.45149 -2.5
-0.45125 -2.7
-0.451 -2.9
-0.45076 -3.0
-0.45052 -3.2
-0.45027 -3.3
-0.45003 -3.5
-0.44978 -3.6
-0.44954 -3.8
-0.4493 -3.9
-0.44905 -4.0
-0.44881 -4.1
-0.44856 -4.3
-0.44832 -4.4
-0.44807 -4.5
-0.44783 -4.6
-0.44759 -4.7
-0.44734 -4.8
-0.4471 -4.8
-0.44685 -4.9
-0.44661 -5.0
-0.44637 -5.1
-0.44612 -5.1
-0.44588 -5.2
-0.44563 -5.2
-0.44539 -5.2
-0.44514 -5.3
-0.4449 -5.3
-0.44466 -5.3
-0.44441 -5.3
-0.44417 -5.3
-0.44392 -5.3
-0.44368 -5.3
-0.44344 -5.3
-0.44319 -5.3
-0.44295 -5.2
-0.4427 -5.2
-0.44246 -5.1
-0.44221 -5.1
-0.44197 -5.0
-0.44173 -5.0
-0.44148 -4.9
-0.44124 -4.8
-0.44099 -4.7
-0.44075 -4.6
-0.44051 -4.5
-0.44026 -4.4
-0.44002 -4.3
-0.43977 -4.2
-0.43953 -4.1
-0.43929 -3.9
-0.43904 -3.8
-0.4388 -3.7
-0.43855 -3.5
-0.43831 -3.4
-0.43806 -3.2
-0.43782 -3.1
-0.43758 -2.9
-0.43733 -2.8
-0.43709 -2.6
-0.43684 -2.4
-0.4366 -2.2
-0.43636 -2.1
-0.43611 -1.9
-0.43587 -1.7
-0.43562 -1.5
-0.43538 -1.3
-0.43513 -1.1
-0.43489 -0.9
-0.43465 -0.8
-0.4344 -0.6
-0.43416 -0.4
-0.43391 -0.2
-0.43367 0.0
-0.43343 0.2
-0.43318 0.4
-0.43294 0.6
-0.43269 0.8
-0.43245 1.0
-0.43221 1.2
-0.43196 1.4
-0.43172 1.6
-0.43147 1.7
-0.43123 1.9
-0.43098 2.1
-0.43074 2.3
-0.4305 2.5
-0.43025 2.6
-0.43001 2.8
-0.42976 3.0
-0.42952 3.1
-0.42928 3.3
-0.42903 3.4
-0.42879 3.6
-0.42854 3.7
-0.4283 3.9
-0.42805 4.0
-0.42781 4.1
-0.42757 4.3
-0.42732 4.4
-0.42708 4.5
-0.42683 4.6
-0.42659 4.7
-0.42635 4.8
-0.4261 4.9
-0.42586 4.9
-0.42561 5.0
-0.42537 5.1
-0.42513 5.1
-0.42488 5.2
-0.42464 5.2
-0.42439 5.3
-0.42415 5.3
-0.4239 5.3
-0.42366 5.4
-0.42342 5.4
-0.42317 5.4
-0.42293 5.4
-0.42268 5.4
-0.42244 5.3
-0.4222 5.3
-0.42195 5.3
-0.42171 5.2
-0.42146 5.2
-0.42122 5.1
-0.42097 5.1
-0.42073 5.0
-0.42049 4.9
-0.42024 4.8
-0.42 4.8
-0.41975 4.7
-0.41951 4.6
-0.41927 4.5
-0.41902 4.3
-0.41878 4.2
-0.41853 4.1
-0.41829 4.0
-0.41805 3.8
-0.4178 3.7
-0.41756 3.5
-0.41731 3.4
-0.41707 3.2
-0.41682 3.1
-0.41658 2.9
-0.41634 2.7
-0.41609 2.6
-0.41585 2.4
-0.4156 2.2
-0.41536 2.0
-0.41512 1.8
-0.41487 1.6
-0.41463 1.5
-0.41438 1.3
-0.41414 1.1
-0.41389 0.9
-0.41365 0.7
-0.41341 0.5
-0.41316 0.3
-0.41292 0.0
-0.41267 -0.1
-0.41243 -0.3
-0.41219 -0.5
-0.41194 -0.7
-0.4117 -0.9
-0.41145 -1.1
-0.41121 -1.3
-0.41096 -1.5
-0.41072 -1.7
-0.41048 -1.9
-0.41023 -2.1
-0.40999 -2.3
-0.40974 -2.4
-0.4095 -2.6
-0.40926 -2.8
-0.40901 -3.0
-0.40877 -3.1
-0.40852 -3.3
-0.40828 -3.5
-0.40804 -3.6
-0.40779 -3.8
-0.40755 -3.9
-0.4073 -4.0
-0.40706 -4.2
-0.40681 -4.3
-0.40657 -4.4
-0.40633 -4.5
-0.40608 -4.6
-0.40584 -4.7
-0.40559 -4.8
-0.40535 -4.9
-0.40511 -5.0
-0.40486 -5.1
-0.40462 -5.2
-0.40437 -5.2
-0.40413 -5.3
-0.40388 -5.3
-0.40364 -5.4
-0.4034 -5.4
-0.40315 -5.4
-0.40291 -5.4
-0.40266 -5.4
-0.40242 -5.4
-0.40218 -5.4
-0.40193 -5.4
-0.40169 -5.4
-0.40144 -5.4
-0.4012 -5.3
-0.40096 -5.3
-0.40071 -5.2
-0.40047 -5.2
-0.40022 -5.1
-0.39998 -5.0
-0.39973 -4.9
-0.39949 -4.9
-0.39925 -4.8
-0.399 -4.7
-0.39876 -4.6
-0.39851 -4.4
-0.39827 -4.3
-0.39803 -4.2
-0.39778 -4.1
-0.39754 -3.9
-0.39729 -3.8
-0.39705 -3.6
-0.3968 -3.5
-0.39656 -3.3
-0.39632 -3.2
-0.39607 -3.0
-0.39583 -2.8
-0.39558 -2.6
-0.39534 -2.4
-0.3951 -2.3
-0.39485 -2.1
-0.39461 -1.9
-0.39436 -1.7
-0.39412 -1.5
-0.39388 -1.3
-0.39363 -1.1
-0.39339 -0.9
-0.39314 -0.7
-0.3929 -0.5
-0.39265 -0.3
-0.39241 0.0
-0.39217 0.1
-0.39192 0.3
-0.39168 0.5
-0.39143 0.7
-0.39119 1.0
-0.39095 1.2
-0.3907 1.4
-0.39046 1.6
-0.39021 1.8
-0.38997 1.9
-0.38972 2.1
-0.38948 2.3
-0.38924 2.5
-0.38899 2.7
-0.38875 2.9
-0.3885 3.0
-0.38826 3.2
-0.38802 3.4
-0.38777 3.5
-0.38753 3.7
-0.38728 3.9
-0.38704 4.0
-0.3868 4.1
-0.38655 4.3
-0.38631 4.4
-0.38606 4.5
-0.38582 4.6
-0.38557 4.7
-0.38533 4.8
-0.38509 4.9
-0.38484 5.0
-0.3846 5.1
-0.38435 5.2
-0.38411 5.2
-0.38387 5.3
-0.38362 5.4
-0.38338 5.4
-0.38313 5.4
-0.38289 5.5
-0.38264 5.5
-0.3824 5.5
-0.38216 5.5
-0.38191 5.5
-0.38167 5.5
-0.38142 5.5
-0.38118 5.4
-0.38094 5.4
-0.38069 5.3
-0.38045 5.3
-0.3802 5.2
-0.37996 5.2
-0.37971 5.1
-0.37947 5.0
-0.37923 4.9
-0.37898 4.8
-0.37874 4.7
-0.37849 4.6
-0.37825 4.5
-0.37801 4.4
-0.37776 4.2
-0.37752 4.1
-0.37727 4.0
-0.37703 3.8
-0.37679 3.7
-0.37654 3.5
-0.3763 3.3
-0.37605 3.2
-0.37581 3.0
-0.37556 2.8
-0.37532 2.6
-0.37508 2.4
-0.37483 2.2
-0.37459 2.1
-0.37434 1.9
-0.3741 1.7
-0.37386 1.4
-0.37361 1.2
-0.37337 1.0
-0.37312 0.8
-0.37288 0.6
-0.37263 0.4
-0.37239 0.2
-0.37215 0.0
-0.3719 -0.2
-0.37166 -0.4
-0.37141 -0.7
-0.37117 -0.9
-0.37093 -1.1
-0.37068 -1.3
-0.37044 -1.5
-0.37019 -1.7
-0.36995 -1.9
-0.36971 -2.1
-0.36946 -2.3
-0.36922 -2.5
-0.36897 -2.7
-0.36873 -2.9
-0.36848 -3.0
-0.36824 -3.2
-0.368 -3.4
-0.36775 -3.6
-0.36751 -3.7
-0.36726 -3.9
-0.36702 -4.0
-0.36678 -4.2
-0.36653 -4.3
-0.36629 -4.4
-0.36604 -4.6
-0.3658 -4.7
-0.36555 -4.8
-0.36531 -4.9
-0.36507 -5.0
-0.36482 -5.1
-0.36458 -5.2
-0.36433 -5.2
-0.36409 -5.3
-0.36385 -5.4
-0.3636 -5.4
-0.36336 -5.5
-0.36311 -5.5
-0.36287 -5.5
-0.36263 -5.5
-0.36238 -5.6
-0.36214 -5.6
-0.36189 -5.6
-0.36165 -5.5
-0.3614 -5.5
-0.36116 -5.5
-0.36092 -5.4
-0.36067 -5.4
-0.36043 -5.3
-0.36018 -5.3
-0.35994 -5.2
-0.3597 -5.1
-0.35945 -5.0
-0.35921 -4.9
-0.35896 -4.8
-0.35872 -4.7
-0.35847 -4.6
-0.35823 -4.5
-0.35799 -4.4
-0.35774 -4.2
-0.3575 -4.1
-0.35725 -3.9
-0.35701 -3.8
-0.35677 -3.6
-0.35652 -3.4
-0.35628 -3.3
-0.35603 -3.1
-0.35579 -2.9
-0.35555 -2.7
-0.3553 -2.5
-0.35506 -2.3
-0.35481 -2.1
-0.35457 -1.9
-0.35432 -1.7
-0.35408 -1.5
-0.35384 -1.3
-0.35359 -1.1
-0.35335 -0.9
-0.3531 -0.7
-0.35286 -0.4
-0.35262 -0.2
-0.35237 0.0
-0.35213 0.2
-0.35188 0.4
-0.35164 0.7
-0.35139 0.9
-0.35115 1.1
-0.35091 1.3
-0.35066 1.5
-0.35042 1.7
-0.35017 1.9
-0.34993 2.1
-0.34969 2.3
-0.34944 2.5
-0.3492 2.7
-0.34895 2.9
-0.34871 3.1
-0.34846 3.3
-0.34822 3.5
-0.34798 3.6
-0.34773 3.8
-0.34749 4.0
-0.34724 4.1
-0.347 4.3
-0.34676 4.4
-0.34651 4.5
-0.34627 4.7
-0.34602 4.8
-0.34578 4.9
-0.34554 5.0
-0.34529 5.1
-0.34505 5.2
-0.3448 5.3
-0.34456 5.4
-0.34431 5.4
-0.34407 5.5
-0.34383 5.5
-0.34358 5.6
-0.34334 5.6
-0.34309 5.6
-0.34285 5.6
-0.34261 5.6
-0.34236 5.6
-0.34212 5.6
-0.34187 5.6
-0.34163 5.6
-0.34138 5.5
-0.34114 5.5
-0.3409 5.4
-0.34065 5.4
-0.34041 5.3
-0.34016 5.2
-0.33992 5.1
-0.33968 5.0
-0.33943 4.9
-0.33919 4.8
-0.33894 4.7
-0.3387 4.5
-0.33846 4.4
-0.33821 4.3
-0.33797 4.1
-0.33772 4.0
-0.33748 3.8
-0.33723 3.6
-0.33699 3.5
-0.33675 3.3
-0.3365 3.1
-0.33626 2.9
-0.33601 2.7
-0.33577 2.5
-0.33553 2.3
-0.33528 2.1
-0.33504 1.9
-0.33479 1.7
-0.33455 1.5
-0.3343 1.2
-0.33406 1.0
-0.33382 0.8
-0.33357 0.6
-0.33333 0.3
-0.33308 0.1
-0.33284 -0.1
-0.3326 -0.3
-0.33235 -0.6
-0.33211 -0.8
-0.33186 -1.0
-0.33162 -1.2
-0.33138 -1.4
-0.33113 -1.7
-0.33089 -1.9
-0.33064 -2.1
-0.3304 -2.3
-0.33015 -2.5
-0.32991 -2.7
-0.32967 -2.9
-0.32942 -3.1
-0.32918 -3.3
-0.32893 -3.5
-0.32869 -3.7
-0.32845 -3.8
-0.3282 -4.0
-0.32796 -4.1
-0.32771 -4.3
-0.32747 -4.4
-0.32722 -4.6
-0.32698 -4.7
-0.32674 -4.8
-0.32649 -5.0
-0.32625 -5.1
-0.326 -5.2
-0.32576 -5.3
-0.32552 -5.3
-0.32527 -5.4
-0.32503 -5.5
-0.32478 -5.5
-0.32454 -5.6
-0.3243 -5.6
-0.32405 -5.7
-0.32381 -5.7
-0.32356 -5.7
-0.32332 -5.7
-0.32307 -5.7
-0.32283 -5.7
-0.32259 -5.7
-0.32234 -5.6
-0.3221 -5.6
-0.32185 -5.5
-0.32161 -5.5
-0.32137 -5.4
-0.32112 -5.3
-0.32088 -5.2
-0.32063 -5.1
-0.32039 -5.0
-0.32014 -4.9
-0.3199 -4.8
-0.31966 -4.7
-0.31941 -4.5
-0.31917 -4.4
-0.31892 -4.2
-0.31868 -4.1
-0.31844 -3.9
-0.31819 -3.7
-0.31795 -3.6
-0.3177 -3.4
-0.31746 -3.2
-0.31721 -3.0
-0.31697 -2.8
-0.31673 -2.6
-0.31648 -2.4
-0.31624 -2.2
-0.31599 -2.0
-0.31575 -1.7
-0.31551 -1.5
-0.31526 -1.3
-0.31502 -1.1
-0.31477 -0.8
-0.31453 -0.6
-0.31429 -0.4
-0.31404 -0.1
-0.3138 0.0
-0.31355 0.3
-0.31331 0.6
-0.31306 0.8
-0.31282 1.0
-0.31258 1.3
-0.31233 1.5
-0.31209 1.7
-0.31184 1.9
-0.3116 2.2
-0.31136 2.4
-0.31111 2.6
-0.31087 2.8
-0.31062 3.0
-0.31038 3.2
-0.31013 3.4
-0.30989 3.6
-0.30965 3.8
-0.3094 3.9
-0.30916 4.1
-0.30891 4.3
-0.30867 4.4
-0.30843 4.6
-0.30818 4.7
-0.30794 4.8
-0.30769 5.0
-0.30745 5.1
-0.30721 5.2
-0.30696 5.3
-0.30672 5.4
-0.30647 5.5
-0.30623 5.5
-0.30598 5.6
-0.30574 5.7
-0.3055 5.7
-0.30525 5.7
-0.30501 5.8
-0.30476 5.8
-0.30452 5.8
-0.30428 5.8
-0.30403 5.8
-0.30379 5.7
-0.30354 5.7
-0.3033 5.7
-0.30305 5.6
-0.30281 5.5
-0.30257 5.5
-0.30232 5.4
-0.30208 5.3
-0.30183 5.2
-0.30159 5.1
-0.30135 5.0
-0.3011 4.9
-0.30086 4.7
-0.30061 4.6
-0.30037 4.4
-0.30013 4.3
-0.29988 4.1
-0.29964 3.9
-0.29939 3.8
-0.29915 3.6
-0.2989 3.4
-0.29866 3.2
-0.29842 3.0
-0.29817 2.8
-0.29793 2.6
-0.29768 2.4
-0.29744 2.1
-0.2972 1.9
-0.29695 1.7
-0.29671 1.4
-0.29646 1.2
-0.29622 1.0
-0.29597 0.7
-0.29573 0.5
-0.29549 0.3
-0.29524 0.0
-0.295 -0.2
-0.29475 -0.5
-0.29451 -0.7
-0.29427 -0.9
-0.29402 -1.2
-0.29378 -1.4
-0.29353 -1.7
-0.29329 -1.9
-0.29305 -2.1
-0.2928 -2.3
-0.29256 -2.6
-0.29231 -2.8
-0.29207 -3.0
-0.29182 -3.2
-0.29158 -3.4
-0.29134 -3.6
-0.29109 -3.8
-0.29085 -4.0
-0.2906 -4.1
-0.29036 -4.3
-0.29012 -4.5
-0.28987 -4.6
-0.28963 -4.8
-0.28938 -4.9
-0.28914 -5.0
-0.28889 -5.2
-0.28865 -5.3
-0.28841 -5.4
-0.28816 -5.5
-0.28792 -5.5
-0.28767 -5.6
-0.28743 -5.7
-0.28719 -5.7
-0.28694 -5.8
-0.2867 -5.8
-0.28645 -5.8
-0.28621 -5.9
-0.28596 -5.9
-0.28572 -5.9
-0.28548 -5.8
-0.28523 -5.8
-0.28499 -5.8
-0.28474 -5.7
-0.2845 -5.7
-0.28426 -5.6
-0.28401 -5.5
-0.28377 -5.4
-0.28352 -5.3
-0.28328 -5.2
-0.28304 -5.1
-0.28279 -5.0
-0.28255 -4.8
-0.2823 -4.7
-0.28206 -4.6
-0.28181 -4.4
-0.28157 -4.2
-0.28133 -4.1
-0.28108 -3.9
-0.28084 -3.7
-0.28059 -3.5
-0.28035 -3.3
-0.28011 -3.1
-0.27986 -2.9
-0.27962 -2.6
-0.27937 -2.4
-0.27913 -2.2
-0.27888 -2.0
-0.27864 -1.7
-0.2784 -1.5
-0.27815 -1.2
-0.27791 -1.0
-0.27766 -0.7
-0.27742 -0.5
-0.27718 -0.2
-0.27693 0.0
-0.27669 0.3
-0.27644 0.5
-0.2762 0.8
-0.27596 1.0
-0.27571 1.2
-0.27547 1.5
-0.27522 1.7
-0.27498 2.0
-0.27473 2.2
-0.27449 2.4
-0.27425 2.7
-0.274 2.9
-0.27376 3.1
-0.27351 3.3
-0.27327 3.5
-0.27303 3.7
-0.27278 3.9
-0.27254 4.1
-0.27229 4.3
-0.27205 4.5
-0.2718 4.6
-0.27156 4.8
-0.27132 4.9
-0.27107 5.1
-0.27083 5.2
-0.27058 5.3
-0.27034 5.4
-0.2701 5.5
-0.26985 5.6
-0.26961 5.7
-0.26936 5.8
-0.26912 5.8
-0.26888 5.9
-0.26863 5.9
-0.26839 5.9
-0.26814 5.9
-0.2679 5.9
-0.26765 5.9
-0.26741 5.9
-0.26717 5.9
-0.26692 5.9
-0.26668 5.8
-0.26643 5.7
-0.26619 5.7
-0.26595 5.6
-0.2657 5.5
-0.26546 5.4
-0.26521 5.3
-0.26497 5.2
-0.26472 5.0
-0.26448 4.9
-0.26424 4.7
-0.26399 4.6
-0.26375 4.4
-0.2635 4.2
-0.26326 4.1
-0.26302 3.9
-0.26277 3.7
-0.26253 3.5
-0.26228 3.2
-0.26204 3.0
-0.2618 2.8
-0.26155 2.6
-0.26131 2.3
-0.26106 2.1
-0.26082 1.8
-0.26057 1.6
-0.26033 1.3
-0.26009 1.1
-0.25984 0.8
-0.2596 0.6
-0.25935 0.3
-0.25911 0.0
-0.25887 -0.2
-0.25862 -0.5
-0.25838 -0.7
-0.25813 -1.0
-0.25789 -1.2
-0.25764 -1.5
-0.2574 -1.7
-0.25716 -2.0
-0.25691 -2.2
-0.25667 -2.5
-0.25642 -2.7
-0.25618 -2.9
-0.25594 -3.2
-0.25569 -3.4
-0.25545 -3.6
-0.2552 -3.8
-0.25496 -4.0
-0.25471 -4.2
-0.25447 -4.4
-0.25423 -4.6
-0.25398 -4.7
-0.25374 -4.9
-0.25349 -5.0
-0.25325 -5.2
-0.25301 -5.3
-0.25276 -5.4
-0.25252 -5.5
-0.25227 -5.6
-0.25203 -5.7
-0.25179 -5.8
-0.25154 -5.9
-0.2513 -5.9
-0.25105 -6.0
-0.25081 -6.0
-0.25056 -6.0
-0.25032 -6.0
-0.25008 -6.0
-0.24983 -6.0
-0.24959 -6.0
-0.24934 -6.0
-0.2491 -5.9
-0.24886 -5.9
-0.24861 -5.8
-0.24837 -5.7
-0.24812 -5.6
-0.24788 -5.5
-0.24763 -5.4
-0.24739 -5.3
-0.24715 -5.1
-0.2469 -5.0
-0.24666 -4.8
-0.24641 -4.7
-0.24617 -4.5
-0.24593 -4.3
-0.24568 -4.1
-0.24544 -3.9
-0.24519 -3.7
-0.24495 -3.5
-0.24471 -3.3
-0.24446 -3.0
-0.24422 -2.8
-0.24397 -2.6
-0.24373 -2.3
-0.24348 -2.1
-0.24324 -1.8
-0.243 -1.6
-0.24275 -1.3
-0.24251 -1.0
-0.24226 -0.8
-0.24202 -0.5
-0.24178 -0.2
-0.24153 0.0
-0.24129 0.3
-0.24104 0.6
-0.2408 0.8
-0.24055 1.1
-0.24031 1.4
-0.24007 1.6
-0.23982 1.9
-0.23958 2.2
-0.23933 2.4
-0.23909 2.7
-0.23885 2.9
-0.2386 3.1
-0.23836 3.4
-0.23811 3.6
-0.23787 3.8
-0.23763 4.0
-0.23738 4.2
-0.23714 4.4
-0.23689 4.6
-0.23665 4.8
-0.2364 4.9
-0.23616 5.1
-0.23592 5.2
-0.23567 5.4
-0.23543 5.5
-0.23518 5.6
-0.23494 5.7
-0.2347 5.8
-0.23445 5.9
-0.23421 6.0
-0.23396 6.0
-0.23372 6.1
-0.23347 6.1
-0.23323 6.1
-0.23299 6.1
-0.23274 6.1
-0.2325 6.1
-0.23225 6.1
-0.23201 6.0
-0.23177 6.0
-0.23152 5.9
-0.23128 5.8
-0.23103 5.8
-0.23079 5.7
-0.23055 5.5
-0.2303 5.4
-0.23006 5.3
-0.22981 5.1
-0.22957 5.0
-0.22932 4.8
-0.22908 4.6
-0.22884 4.4
-0.22859 4.2
-0.22835 4.0
-0.2281 3.8
-0.22786 3.6
-0.22762 3.4
-0.22737 3.1
-0.22713 2.9
-0.22688 2.7
-0.22664 2.4
-0.22639 2.1
-0.22615 1.9
-0.22591 1.6
-0.22566 1.3
-0.22542 1.1
-0.22517 0.8
-0.22493 0.5
-0.22469 0.2
-0.22444 0.0
-0.2242 -0.3
-0.22395 -0.6
-0.22371 -0.9
-0.22346 -1.2
-0.22322 -1.5
-0.22298 -1.7
-0.22273 -2.0
-0.22249 -2.3
-0.22224 -2.5
-0.222 -2.8
-0.22176 -3.0
-0.22151 -3.3
-0.22127 -3.5
-0.22102 -3.7
-0.22078 -4.0
-0.22054 -4.2
-0.22029 -4.4
-0.22005 -4.6
-0.2198 -4.8
-0.21956 -5.0
-0.21931 -5.1
-0.21907 -5.3
-0.21883 -5.4
-0.21858 -5.6
-0.21834 -5.7
-0.21809 -5.8
-0.21785 -5.9
-0.21761 -6.0
-0.21736 -6.1
-0.21712 -6.1
-0.21687 -6.2
-0.21663 -6.2
-0.21638 -6.2
-0.21614 -6.2
-0.2159 -6.2
-0.21565 -6.2
-0.21541 -6.2
-0.21516 -6.1
-0.21492 -6.1
-0.21468 -6.0
-0.21443 -5.9
-0.21419 -5.8
-0.21394 -5.7
-0.2137 -5.6
-0.21346 -5.5
-0.21321 -5.3
-0.21297 -5.2
-0.21272 -5.0
-0.21248 -4.8
-0.21223 -4.6
-0.21199 -4.4
-0.21175 -4.2
-0.2115 -4.0
-0.21126 -3.8
-0.21101 -3.6
-0.21077 -3.3
-0.21053 -3.1
-0.21028 -2.8
-0.21004 -2.6
-0.20979 -2.3
-0.20955 -2.0
-0.2093 -1.7
-0.20906 -1.4
-0.20882 -1.2
-0.20857 -0.9
-0.20833 -0.6
-0.20808 -0.3
-0.20784 0.0
-0.2076 0.3
-0.20735 0.6
-0.20711 0.9
-0.20686 1.2
-0.20662 1.5
-0.20638 1.7
-0.20613 2.0
-0.20589 2.3
-0.20564 2.6
-0.2054 2.8
-0.20515 3.1
-0.20491 3.4
-0.20467 3.6
-0.20442 3.8
-0.20418 4.1
-0.20393 4.3
-0.20369 4.5
-0.20345 4.7
-0.2032 4.9
-0.20296 5.1
-0.20271 5.3
-0.20247 5.4
-0.20222 5.6
-0.20198 5.7
-0.20174 5.8
-0.20149 5.9
-0.20125 6.0
-0.201 6.1
-0.20076 6.2
-0.20052 6.3
-0.20027 6.3
-0.20003 6.3
-0.19978 6.3
-0.19954 6.3
-0.1993 6.3
-0.19905 6.3
-0.19881 6.3
-0.19856 6.2
-0.19832 6.1
-0.19807 6.0
-0.19783 6.0
-0.19759 5.8
-0.19734 5.7
-0.1971 5.6
-0.19685 5.4
-0.19661 5.3
-0.19637 5.1
-0.19612 4.9
-0.19588 4.7
-0.19563 4.5
-0.19539 4.3
-0.19514 4.1
-0.1949 3.8
-0.19466 3.6
-0.19441 3.3
-0.19417 3.1
-0.19392 2.8
-0.19368 2.5
-0.19344 2.2
-0.19319 1.9
-0.19295 1.6
-0.1927 1.3
-0.19246 1.0
-0.19221 0.7
-0.19197 0.4
-0.19173 0.1
-0.19148 -0.2
-0.19124 -0.5
-0.19099 -0.8
-0.19075 -1.1
-0.19051 -1.4
-0.19026 -1.7
-0.19002 -2.0
-0.18977 -2.3
-0.18953 -2.6
-0.18929 -2.9
-0.18904 -3.1
-0.1888 -3.4
-0.18855 -3.7
-0.18831 -3.9
-0.18806 -4.1
-0.18782 -4.4
-0.18758 -4.6
-0.18733 -4.8
-0.18709 -5.0
-0.18684 -5.2
-0.1866 -5.4
-0.18636 -5.6
-0.18611 -5.7
-0.18587 -5.8
-0.18562 -6.0
-0.18538 -6.1
-0.18513 -6.2
-0.18489 -6.3
-0.18465 -6.3
-0.1844 -6.4
-0.18416 -6.4
-0.18391 -6.5
-0.18367 -6.5
-0.18343 -6.5
-0.18318 -6.4
-0.18294 -6.4
-0.18269 -6.3
-0.18245 -6.3
-0.18221 -6.2
-0.18196 -6.1
-0.18172 -6.0
-0.18147 -5.9
-0.18123 -5.7
-0.18098 -5.6
-0.18074 -5.4
-0.1805 -5.2
-0.18025 -5.0
-0.18001 -4.8
-0.17976 -4.6
-0.17952 -4.4
-0.17928 -4.1
-0.17903 -3.9
-0.17879 -3.6
-0.17854 -3.4
-0.1783 -3.1
-0.17805 -2.8
-0.17781 -2.5
-0.17757 -2.2
-0.17732 -1.9
-0.17708 -1.6
-0.17683 -1.3
-0.17659 -1.0
-0.17635 -0.6
-0.1761 -0.3
-0.17586 0.0
-0.17561 0.3
-0.17537 0.6
-0.17513 1.0
-0.17488 1.3
-0.17464 1.6
-0.17439 1.9
-0.17415 2.2
-0.1739 2.5
-0.17366 2.8
-0.17342 3.1
-0.17317 3.4
-0.17293 3.7
-0.17268 3.9
-0.17244 4.2
-0.1722 4.4
-0.17195 4.7
-0.17171 4.9
-0.17146 5.1
-0.17122 5.3
-0.17097 5.5
-0.17073 5.7
-0.17049 5.8
-0.17024 6.0
-0.17 6.1
-0.16975 6.2
-0.16951 6.3
-0.16927 6.4
-0.16902 6.5
-0.16878 6.5
-0.16853 6.6
-0.16829 6.6
-0.16805 6.6
-0.1678 6.6
-0.16756 6.5
-0.16731 6.5
-0.16707 6.4
-0.16682 6.4
-0.16658 6.3
-0.16634 6.2
-0.16609 6.0
-0.16585 5.9
-0.1656 5.7
-0.16536 5.6
-0.16512 5.4
-0.16487 5.2
-0.16463 5.0
-0.16438 4.7
-0.16414 4.5
-0.16389 4.3
-0.16365 4.0
-0.16341 3.7
-0.16316 3.4
-0.16292 3.1
-0.16267 2.8
-0.16243 2.5
-0.16219 2.2
-0.16194 1.9
-0.1617 1.6
-0.16145 1.3
-0.16121 0.9
-0.16096 0.6
-0.16072 0.3
-0.16048 0.0
-0.16023 -0.4
-0.15999 -0.8
-0.15974 -1.1
-0.1595 -1.4
-0.15926 -1.8
-0.15901 -2.1
-0.15877 -2.4
-0.15852 -2.7
-0.15828 -3.0
-0.15804 -3.3
-0.15779 -3.6
-0.15755 -3.9
-0.1573 -4.2
-0.15706 -4.5
-0.15681 -4.7
-0.15657 -4.9
-0.15633 -5.2
-0.15608 -5.4
-0.15584 -5.6
-0.15559 -5.8
-0.15535 -5.9
-0.15511 -6.1
-0.15486 -6.2
-0.15462 -6.4
-0.15437 -6.5
-0.15413 -6.5
-0.15388 -6.6
-0.15364 -6.7
-0.1534 -6.7
-0.15315 -6.7
-0.15291 -6.7
-0.15266 -6.7
-0.15242 -6.7
-0.15218 -6.6
-0.15193 -6.5
-0.15169 -6.5
-0.15144 -6.4
-0.1512 -6.2
-0.15096 -6.1
-0.15071 -5.9
-0.15047 -5.8
-0.15022 -5.6
-0.14998 -5.4
-0.14973 -5.1
-0.14949 -4.9
-0.14925 -4.7
-0.149 -4.4
-0.14876 -4.1
-0.14851 -3.8
-0.14827 -3.5
-0.14803 -3.2
-0.14778 -2.9
-0.14754 -2.6
-0.14729 -2.3
-0.14705 -1.9
-0.1468 -1.6
-0.14656 -1.2
-0.14632 -0.9
-0.14607 -0.5
-0.14583 -0.2
-0.14558 0.2
-0.14534 0.5
-0.1451 0.9
-0.14485 1.2
-0.14461 1.6
-0.14436 1.9
-0.14412 2.3
-0.14388 2.6
-0.14363 2.9
-0.14339 3.3
-0.14314 3.6
-0.1429 3.9
-0.14265 4.2
-0.14241 4.5
-0.14217 4.7
-0.14192 5.0
-0.14168 5.2
-0.14143 5.5
-0.14119 5.7
-0.14095 5.9
-0.1407 6.1
-0.14046 6.2
-0.14021 6.4
-0.13997 6.5
-0.13972 6.6
-0.13948 6.7
-0.13924 6.8
-0.13899 6.8
-0.13875 6.9
-0.1385 6.9
-0.13826 6.9
-0.13802 6.9
-0.13777 6.8
-0.13753 6.7
-0.13728 6.7
-0.13704 6.6
-0.1368 6.4
-0.13655 6.3
-0.13631 6.1
-0.13606 6.0
-0.13582 5.8
-0.13557 5.6
-0.13533 5.3
-0.13509 5.1
-0.13484 4.8
-0.1346 4.6
-0.13435 4.3
-0.13411 4.0
-0.13387 3.7
-0.13362 3.4
-0.13338 3.0
-0.13313 2.7
-0.13289 2.3
-0.13264 2.0
-0.1324 1.6
-0.13216 1.2
-0.13191 0.9
-0.13167 0.5
-0.13142 0.1
-0.13118 -0.3
-0.13094 -0.6
-0.13069 -1.0
-0.13045 -1.4
-0.1302 -1.8
-0.12996 -2.1
-0.12971 -2.5
-0.12947 -2.8
-0.12923 -3.2
-0.12898 -3.5
-0.12874 -3.9
-0.12849 -4.2
-0.12825 -4.5
-0.12801 -4.8
-0.12776 -5.0
-0.12752 -5.3
-0.12727 -5.5
-0.12703 -5.8
-0.12679 -6.0
-0.12654 -6.2
-0.1263 -6.4
-0.12605 -6.5
-0.12581 -6.7
-0.12556 -6.8
-0.12532 -6.9
-0.12508 -6.9
-0.12483 -7.0
-0.12459 -7.0
-0.12434 -7.0
-0.1241 -7.0
-0.12386 -7.0
-0.12361 -7.0
-0.12337 -6.9
-0.12312 -6.8
-0.12288 -6.7
-0.12263 -6.5
-0.12239 -6.4
-0.12215 -6.2
-0.1219 -6.0
-0.12166 -5.8
-0.12141 -5.5
-0.12117 -5.3
-0.12093 -5.0
-0.12068 -4.7
-0.12044 -4.4
-0.12019 -4.1
-0.11995 -3.8
-0.11971 -3.5
-0.11946 -3.1
-0.11922 -2.7
-0.11897 -2.4
-0.11873 -2.0
-0.11848 -1.6
-0.11824 -1.2
-0.118 -0.8
-0.11775 -0.4
-0.11751 0.0
-0.11726 0.4
-0.11702 0.8
-0.11678 1.2
-0.11653 1.6
-0.11629 2.0
-0.11604 2.4
-0.1158 2.8
-0.11555 3.1
-0.11531 3.5
-0.11507 3.8
-0.11482 4.2
-0.11458 4.5
-0.11433 4.8
-0.11409 5.1
-0.11385 5.4
-0.1136 5.7
-0.11336 5.9
-0.11311 6.1
-0.11287 6.3
-0.11263 6.5
-0.11238 6.7
-0.11214 6.8
-0.11189 7.0
-0.11165 7.1
-0.1114 7.1
-0.11116 7.2
-0.11092 7.2
-0.11067 7.2
-0.11043 7.2
-0.11018 7.2
-0.10994 7.1
-0.1097 7.0
-0.10945 6.9
-0.10921 6.8
-0.10896 6.6
-0.10872 6.4
-0.10847 6.2
-0.10823 6.0
-0.10799 5.7
-0.10774 5.5
-0.1075 5.2
-0.10725 4.9
-0.10701 4.6
-0.10677 4.2
-0.10652 3.9
-0.10628 3.5
-0.10603 3.1
-0.10579 2.8
-0.10555 2.4
-0.1053 1.9
-0.10506 1.5
-0.10481 1.1
-0.10457 0.7
-0.10432 0.3
-0.10408 -0.2
-0.10384 -0.6
-0.10359 -1.0
-0.10335 -1.5
-0.1031 -1.9
-0.10286 -2.3
-0.10262 -2.7
-0.10237 -3.1
-0.10213 -3.5
-0.10188 -3.9
-0.10164 -4.3
-0.10139 -4.6
-0.10115 -4.9
-0.10091 -5.3
-0.10066 -5.6
-0.10042 -5.8
-0.10017 -6.1
-0.09993 -6.3
-0.09969 -6.6
-0.09944 -6.8
-0.0992 -6.9
-0.09895 -7.1
-0.09871 -7.2
-0.09846 -7.3
-0.09822 -7.4
-0.09798 -7.4
-0.09773 -7.4
-0.09749 -7.4
-0.09724 -7.4
-0.097 -7.3
-0.09676 -7.2
-0.09651 -7.1
-0.09627 -7.0
-0.09602 -6.8
-0.09578 -6.6
-0.09554 -6.4
-0.09529 -6.2
-0.09505 -5.9
-0.0948 -5.6
-0.09456 -5.3
-0.09431 -5.0
-0.09407 -4.6
-0.09383 -4.3
-0.09358 -3.9
-0.09334 -3.5
-0.09309 -3.1
-0.09285 -2.7
-0.09261 -2.2
-0.09236 -1.8
-0.09212 -1.3
-0.09187 -0.9
-0.09163 -0.4
-0.09138 0.0
-0.09114 0.5
-0.0909 1.0
-0.09065 1.4
-0.09041 1.9
-0.09016 2.3
-0.08992 2.8
-0.08968 3.2
-0.08943 3.6
-0.08919 4.0
-0.08894 4.4
-0.0887 4.8
-0.08846 5.2
-0.08821 5.5
-0.08797 5.8
-0.08772 6.1
-0.08748 6.4
-0.08723 6.7
-0.08699 6.9
-0.08675 7.1
-0.0865 7.2
-0.08626 7.4
-0.08601 7.5
-0.08577 7.6
-0.08553 7.6
-0.08528 7.7
-0.08504 7.7
-0.08479 7.6
-0.08455 7.6
-0.0843 7.5
-0.08406 7.3
-0.08382 7.2
-0.08357 7.0
-0.08333 6.8
-0.08308 6.6
-0.08284 6.3
-0.0826 6.0
-0.08235 5.7
-0.08211 5.3
-0.08186 5.0
-0.08162 4.6
-0.08138 4.2
-0.08113 3.8
-0.08089 3.3
-0.08064 2.9
-0.0804 2.4
-0.08015 1.9
-0.07991 1.4
-0.07967 0.9
-0.07942 0.4
-0.07918 0.0
-0.07893 -0.6
-0.07869 -1.1
-0.07845 -1.6
-0.0782 -2.1
-0.07796 -2.6
-0.07771 -3.0
-0.07747 -3.5
-0.07722 -3.9
-0.07698 -4.4
-0.07674 -4.8
-0.07649 -5.2
-0.07625 -5.6
-0.076 -5.9
-0.07576 -6.3
-0.07552 -6.6
-0.07527 -6.8
-0.07503 -7.1
-0.07478 -7.3
-0.07454 -7.5
-0.0743 -7.7
-0.07405 -7.8
-0.07381 -7.9
-0.07356 -7.9
-0.07332 -7.9
-0.07307 -7.9
-0.07283 -7.9
-0.07259 -7.8
-0.07234 -7.7
-0.0721 -7.5
-0.07185 -7.3
-0.07161 -7.1
-0.07137 -6.9
-0.07112 -6.6
-0.07088 -6.3
-0.07063 -5.9
-0.07039 -5.6
-0.07014 -5.2
-0.0699 -4.7
-0.06966 -4.3
-0.06941 -3.8
-0.06917 -3.3
-0.06892 -2.8
-0.06868 -2.3
-0.06844 -1.8
-0.06819 -1.3
-0.06795 -0.7
-0.0677 -0.2
-0.06746 0.4
-0.06721 0.9
-0.06697 1.5
-0.06673 2.0
-0.06648 2.5
-0.06624 3.1
-0.06599 3.6
-0.06575 4.1
-0.06551 4.6
-0.06526 5.0
-0.06502 5.4
-0.06477 5.9
-0.06453 6.2
-0.06429 6.6
-0.06404 6.9
-0.0638 7.2
-0.06355 7.5
-0.06331 7.7
-0.06306 7.9
-0.06282 8.0
-0.06258 8.1
-0.06233 8.2
-0.06209 8.2
-0.06184 8.2
-0.0616 8.2
-0.06136 8.1
-0.06111 8.0
-0.06087 7.8
-0.06062 7.6
-0.06038 7.3
-0.06013 7.1
-0.05989 6.7
-0.05965 6.4
-0.0594 6.0
-0.05916 5.6
-0.05891 5.1
-0.05867 4.6
-0.05843 4.1
-0.05818 3.6
-0.05794 3.0
-0.05769 2.5
-0.05745 1.9
-0.05721 1.3
-0.05696 0.7
-0.05672 0.1
-0.05647 -0.5
-0.05623 -1.1
-0.05598 -1.7
-0.05574 -2.3
-0.0555 -2.9
-0.05525 -3.5
-0.05501 -4.0
-0.05476 -4.6
-0.05452 -5.1
-0.05428 -5.6
-0.05403 -6.0
-0.05379 -6.5
-0.05354 -6.9
-0.0533 -7.2
-0.05305 -7.6
-0.05281 -7.8
-0.05257 -8.1
-0.05232 -8.3
-0.05208 -8.4
-0.05183 -8.5
-0.05159 -8.6
-0.05135 -8.6
-0.0511 -8.6
-0.05086 -8.5
-0.05061 -8.4
-0.05037 -8.2
-0.05013 -8.0
-0.04988 -7.7
-0.04964 -7.4
-0.04939 -7.0
-0.04915 -6.6
-0.0489 -6.2
-0.04866 -5.7
-0.04842 -5.2
-0.04817 -4.6
-0.04793 -4.0
-0.04768 -3.4
-0.04744 -2.8
-0.0472 -2.2
-0.04695 -1.5
-0.04671 -0.8
-0.04646 -0.1
-0.04622 0.5
-0.04597 1.2
-0.04573 1.9
-0.04549 2.6
-0.04524 3.2
-0.045 3.9
-0.04475 4.5
-0.04451 5.1
-0.04427 5.7
-0.04402 6.2
-0.04378 6.7
-0.04353 7.1
-0.04329 7.6
-0.04305 7.9
-0.0428 8.3
-0.04256 8.5
-0.04231 8.7
-0.04207 8.9
-0.04182 9.0
-0.04158 9.1
-0.04134 9.0
-0.04109 9.0
-0.04085 8.8
-0.0406 8.7
-0.04036 8.4
-0.04012 8.1
-0.03987 7.8
-0.03963 7.3
-0.03938 6.9
-0.03914 6.4
-0.03889 5.8
-0.03865 5.2
-0.03841 4.6
-0.03816 3.9
-0.03792 3.2
-0.03767 2.5
-0.03743 1.7
-0.03719 0.9
-0.03694 0.2
-0.0367 -0.6
-0.03645 -1.4
-0.03621 -2.2
-0.03596 -2.9
-0.03572 -3.7
-0.03548 -4.4
-0.03523 -5.1
-0.03499 -5.8
-0.03474 -6.4
-0.0345 -7.0
-0.03426 -7.5
-0.03401 -8.0
-0.03377 -8.4
-0.03352 -8.8
-0.03328 -9.1
-0.03304 -9.3
-0.03279 -9.5
-0.03255 -9.6
-0.0323 -9.6
-0.03206 -9.5
-0.03181 -9.4
-0.03157 -9.2
-0.03133 -8.9
-0.03108 -8.6
-0.03084 -8.2
-0.03059 -7.7
-0.03035 -7.1
-0.03011 -6.5
-0.02986 -5.8
-0.02962 -5.1
-0.02937 -4.3
-0.02913 -3.5
-0.02888 -2.6
-0.02864 -1.8
-0.0284 -0.9
-0.02815 0.0
-0.02791 1.0
-0.02766 1.9
-0.02742 2.8
-0.02718 3.7
-0.02693 4.6
-0.02669 5.4
-0.02644 6.2
-0.0262 6.9
-0.02596 7.6
-0.02571 8.2
-0.02547 8.8
-0.02522 9.2
-0.02498 9.6
-0.02473 9.9
-0.02449 10.2
-0.02425 10.3
-0.024 10.3
-0.02376 10.2
-0.02351 10.0
-0.02327 9.8
-0.02303 9.4
-0.02278 8.9
-0.02254 8.4
-0.02229 7.7
-0.02205 7.0
-0.0218 6.2
-0.02156 5.3
-0.02132 4.3
-0.02107 3.3
-0.02083 2.3
-0.02058 1.2
-0.02034 0.0
-0.0201 -1.0
-0.01985 -2.2
-0.01961 -3.3
-0.01936 -4.3
-0.01912 -5.4
-0.01888 -6.4
-0.01863 -7.3
-0.01839 -8.2
-0.01814 -8.9
-0.0179 -9.6
-0.01765 -10.2
-0.01741 -10.6
-0.01717 -11.0
-0.01692 -11.2
-0.01668 -11.2
-0.01643 -11.2
-0.01619 -10.9
-0.01595 -10.6
-0.0157 -10.1
-0.01546 -9.4
-0.01521 -8.6
-0.01497 -7.7
-0.01472 -6.7
-0.01448 -5.6
-0.01424 -4.4
-0.01399 -3.1
-0.01375 -1.7
-0.0135 -0.3
-0.01326 1.1
-0.01302 2.6
-0.01277 4.0
-0.01253 5.4
-0.01228 6.7
-0.01204 7.9
-0.0118 9.0
-0.01155 10.0
-0.01131 10.9
-0.01106 11.6
-0.01082 12.1
-0.01057 12.4
-0.01033 12.5
-0.01009 12.4
-0.00984 12.0
-0.0096 11.4
-0.00935 10.6
-0.00911 9.6
-0.00887 8.4
-0.00862 7.0
-0.00838 5.4
-0.00813 3.7
-0.00789 1.9
-0.00764 0.0
-0.0074 -2.0
-0.00716 -4.0
-0.00691 -5.9
-0.00667 -7.7
-0.00642 -9.4
-0.00618 -10.9
-0.00594 -12.2
-0.00569 -13.1
-0.00545 -13.8
-0.0052 -14.1
-0.00496 -14.1
-0.00471 -13.6
-0.00447 -12.8
-0.00423 -11.5
-0.00398 -9.8
-0.00374 -7.8
-0.00349 -5.5
-0.00325 -2.9
-0.00301 0.0
-0.00276 2.8
-0.00252 5.7
-0.00227 8.4
-0.00203 10.9
-0.00179 13.1
-0.00154 14.7
-0.0013 15.7
-0.00105 16.1
-0.00081 15.5
-0.00056 14.2
-0.00032 11.9
-8e-05 8.9
0.00017 5.2
0.00041 1.0
0.00066 -3.3
0.0009 -7.4
0.00114 -10.9
0.00139 -13.6
0.00163 -15.1
0.00188 -15.2
0.00212 -14.0
0.00237 -11.4
0.00261 -7.8
0.00285 -3.6
0.0031 0.8
0.00334 4.9
0.00359 8.2
0.00383 10.4
0.00407 11.2
0.00432 10.7
0.00456 9.0
0.00481 6.4
0.00505 3.3
0.00529 0.0
0.00554 -2.9
0.00578 -5.2
0.00603 -6.6
0.00627 -7.0
0.00652 -6.5
0.00676 -5.2
0.007 -3.4
0.00725 -1.3
0.00749 0.7
0.00774 2.4
0.00798 3.5
0.00822 4.1
0.00847 4.0
0.00871 3.4
0.00896 2.4
0.0092 1.2
0.00945 0.0
0.00969 -1.1
0.00993 -1.9
0.01018 -2.3
0.01042 -2.4
0.01067 -2.1
0.01091 -1.6
0.01115 -0.9
0.0114 -0.2
0.01164 0.5
0.01189 1.0
0.01213 1.3
0.01237 1.4
0.01262 1.3
0.01286 1.0
0.01311 0.6
0.01335 0.2
0.0136 -0.2
0.01384 -0.5
0.01408 -0.8
0.01433 -0.8
0.01457 -0.8
0.01482 -0.6
0.01506 -0.4
0.0153 -0.2
0.01555 0.0
0.01579 0.3
0.01604 0.4
0.01628 0.5
0.01653 0.5
0.01677 0.4
0.01701 0.3
0.01726 0.1
0.0175 0.0
0.01775 -0.2
0.01799 -0.2
0.01823 -0.3
0.01848 -0.3
0.01872 -0.3
0.01897 -0.2
0.01921 0.0
0.01945 0.0
0.0197 0.0
0.01994 0.1
0.02019 0.2
0.02043 0.2
0.02068 0.2
0.02092 0.1
0.02116 0.0
0.02141 0.0
0.02165 0.0
0.0219 0.0
0.02214 -0.1
0.02238 -0.1
0.02263 0.0
0.02287 0.0
0.02312 0.0
0.02336 0.0
0.02361 0.0
0.02385 0.0
0.02409 0.0
0.02434 0.0
0.02458 0.0
0.02483 0.0
0.02507 0.0
0.02531 0.0
0.02556 0.0
0.0258 0.0
0.02605 0.0
0.02629 0.0
0.02654 0.0
0.02678 0.0
0.02702 0.0
0.02727 0.0
0.02751 0.0
0.02776 0.0
0.028 0.0
0.02824 0.0
0.02849 0.0
0.02873 0.0
0.02898 0.0
0.02922 0.0
0.02946 0.0
0.02971 0.0
0.02995 0.0
0.0302 0.0
0.03044 0.0
0.03069 0.0
0.03093 0.0
0.03117 0.0
0.03142 0.0
0.03166 0.0
0.03191 0.0
0.03215 0.0
0.03239 0.0
0.03264 0.0
0.03288 0.0
0.03313 0.0
0.03337 0.0
0.03362 0.0
0.03386 0.0
0.0341 0.0
0.03435 0.0
0.03459 0.0
0.03484 0.0
0.03508 0.0
0.03532 0.0
0.03557 0.0
0.03581 0.0
0.03606 0.0
0.0363 0.0
0.03654 0.0
0.03679 0.0
0.03703 0.0
0.03728 0.0
0.03752 0.0
0.03777 0.0
0.03801 0.0
0.03825 0.0
0.0385 0.0
0.03874 0.0
0.03899 0.0
0.03923 0.0
0.03947 0.0
0.03972 0.0
0.03996 0.0
0.04021 0.0
0.04045 0.0
0.0407 0.0
0.04094 0.0
0.04118 0.0
0.04143 0.0
0.04167 0.0
0.04192 0.0
0.04216 0.0
0.0424 0.0
0.04265 0.0
0.04289 0.0
0.04314 0.0
0.04338 0.0
0.04362 0.0
0.04387 0.0
0.04411 0.0
0.04436 0.0
0.0446 0.0
0.04485 0.0
0.04509 0.0
0.04533 0.0
0.04558 0.0
0.04582 0.0
0.04607 0.0
0.04631 0.0
0.04655 0.0
0.0468 0.0
0.04704 0.0
0.04729 0.0
0.04753 0.0
0.04778 0.0
0.04802 0.0
0.04826 0.0
0.04851 0.0
0.04875 0.0
0.049 0.0
0.04924 0.0
0.04948 0.0
0.04973 0.0
0.04997 0.0
0.05022 0.0
0.05046 0.0
0.0507 0.0
0.05095 0.0
0.05119 0.0
0.05144 0.0
0.05168 0.0
0.05193 0.0
0.05217 0.0
0.05241 0.0
0.05266 0.0
0.0529 0.0
0.05315 0.0
0.05339 0.0
0.05363 0.0
0.05388 0.0
0.05412 0.0
0.05437 0.0
0.05461 0.0
0.05486 0.0
0.0551 0.0
0.05534 0.0
0.05559 0.0
0.05583 0.0
0.05608 0.0
0.05632 0.0
0.05656 0.0
0.05681 0.0
0.05705 0.0
0.0573 0.0
0.05754 0.0
0.05779 0.0
0.05803 0.0
0.05827 0.0
0.05852 0.0
0.05876 0.0
0.05901 0.0
0.05925 0.0
0.05949 0.0
0.05974 0.0
0.05998 0.0
0.06023 0.0
0.06047 0.0
0.06071 0.0
0.06096 0.0
0.0612 0.0
0.06145 0.0
0.06169 0.0
0.06194 0.0
0.06218 0.0
0.06242 0.0
0.06267 0.0
0.06291 0.0
0.06316 0.0
0.0634 0.0
0.06364 0.0
0.06389 0.0
0.06413 0.0
0.06438 0.0
0.06462 0.0
0.06487 0.0
0.06511 0.0
0.06535 0.0
0.0656 0.0
0.06584 0.0
0.06609 0.0
0.06633 0.0
0.06657 0.0
0.06682 0.0
0.06706 0.0
0.06731 0.0
0.06755 0.0
0.06779 0.0
0.06804 0.0
0.06828 0.0
0.06853 0.0
0.06877 0.0
0.06902 0.0
0.06926 0.0
0.0695 0.0
0.06975 0.0
0.06999 0.0
0.07024 0.0
0.07048 0.0
0.07072 0.0
0.07097 0.0
0.07121 0.0
0.07146 0.0
0.0717 0.0
0.07195 0.0
0.07219 0.0
0.07243 0.0
0.07268 0.0
0.07292 0.0
0.07317 0.0
0.07341 0.0
0.07365 0.0
0.0739 0.0
0.07414 0.0
0.07439 0.0
0.07463 0.0
0.07487 0.0
0.07512 0.0
0.07536 0.0
0.07561 0.0
0.07585 0.0
0.0761 0.0
0.07634 0.0
0.07658 0.0
0.07683 0.0
0.07707 0.0
0.07732 0.0
0.07756 0.0
0.0778 0.0
0.07805 0.0
0.07829 0.0
0.07854 0.0
0.07878 0.0
0.07903 0.0
0.07927 0.0
0.07951 0.0
0.07976 0.0
0.08 0.0
0.08025 0.0
0.08049 0.0
0.08073 0.0
0.08098 0.0
0.08122 0.0
0.08147 0.0
0.08171 0.0
0.08195 0.0
0.0822 0.0
0.08244 0.0
0.08269 0.0
0.08293 0.0
0.08318 0.0
0.08342 0.0
0.08366 0.0
0.08391 0.0
0.08415 0.0
0.0844 0.0
0.08464 0.0
0.08488 0.0
0.08513 0.0
0.08537 0.0
0.08562 0.0
0.08586 0.0
0.08611 0.0
0.08635 0.0
0.08659 0.0
0.08684 0.0
0.08708 0.0
0.08733 0.0
0.08757 0.0
0.08781 0.0
0.08806 0.0
0.0883 0.0
0.08855 0.0
0.08879 0.0
0.08904 0.0
0.08928 0.0
0.08952 0.0
0.08977 0.0
0.09001 0.0
0.09026 0.0
0.0905 0.0
0.09074 0.0
0.09099 0.0
0.09123 0.0
0.09148 0.0
0.09172 0.0
0.09196 0.0
0.09221 0.0
0.09245 0.0
0.0927 0.0
0.09294 0.0
0.09319 0.0
0.09343 0.0
0.09367 0.0
0.09392 0.0
0.09416 0.0
0.09441 0.0
0.09465 0.0
0.09489 0.0
0.09514 0.0
0.09538 0.0
0.09563 0.0
0.09587 0.0
0.09612 0.0
0.09636 0.0
0.0966 0.0
0.09685 0.0
0.09709 0.0
0.09734 0.0
0.09758 0.0
0.09782 0.0
0.09807 0.0
0.09831 0.0
0.09856 0.0
0.0988 0.0
0.09904 0.0
0.09929 0.0
0.09953 0.0
0.09978 0.0
0.10002 0.0
0.10027 0.0
0.10051 0.0
0.10075 0.0
0.101 0.0
0.10124 0.0
0.10149 0.0
0.10173 0.0
0.10197 0.0
0.10222 0.0
0.10246 0.0
0.10271 0.0
0.10295 0.0
0.1032 0.0
0.10344 0.0
0.10368 0.0
0.10393 0.0
0.10417 0.0
0.10442 0.0
0.10466 0.0
0.1049 0.0
0.10515 0.0
0.10539 0.0
0.10564 0.0
0.10588 0.0
0.10612 0.0
0.10637 0.0
0.10661 0.0
0.10686 0.0
0.1071 0.0
0.10735 0.0
0.10759 0.0
0.10783 0.0
0.10808 0.0
0.10832 0.0
0.10857 0.0
0.10881 0.0
0.10905 0.0
0.1093 0.0
0.10954 0.0
0.10979 0.0
0.11003 0.0
0.11028 0.0
0.11052 0.0
0.11076 0.0
0.11101 0.0
0.11125 0.0
0.1115 0.0
0.11174 0.0
0.11198 0.0
0.11223 0.0
0.11247 0.0
0.11272 0.0
0.11296 0.0
0.1132 0.0
0.11345 0.0
0.11369 0.0
0.11394 0.0
0.11418 0.0
0.11443 0.0
0.11467 0.0
0.11491 0.0
0.11516 0.0
0.1154 0.0
0.11565 0.0
0.11589 0.0
0.11613 0.0
0.11638 0.0
0.11662 0.0
0.11687 0.0
0.11711 0.0
0.11736 0.0
0.1176 0.0
0.11784 0.0
0.11809 0.0
0.11833 0.0
0.11858 0.0
0.11882 0.0
0.11906 0.0
0.11931 0.0
0.11955 0.0
0.1198 0.0
0.12004 0.0
0.12029 0.0
0.12053 0.0
0.12077 0.0
0.12102 0.0
0.12126 0.0
0.12151 0.0
0.12175 0.0
0.12199 0.0
0.12224 0.0
0.12248 0.0
0.12273 0.0
0.12297 0.0
0.12321 0.0
0.12346 0.0
0.1237 0.0
0.12395 0.0
0.12419 0.0
0.12444 0.0
0.12468 0.0
0.12492 0.0
0.12517 0.0
0.12541 0.0
0.12566 0.0
0.1259 0.0
0.12614 0.0
0.12639 0.0
0.12663 0.0
0.12688 0.0
0.12712 0.0
0.12737 0.0
0.12761 0.0
0.12785 0.0
0.1281 0.0
0.12834 0.0
0.12859 0.0
0.12883 0.0
0.12907 0.0
0.12932 0.0
0.12956 0.0
0.12981 0.0
0.13005 0.0
0.13029 0.0
0.13054 0.0
0.13078 0.0
0.13103 0.0
0.13127 0.0
0.13152 0.0
0.13176 0.0
0.132 0.0
0.13225 0.0
0.13249 0.0
0.13274 0.0
0.13298 0.0
0.13322 0.0
0.13347 0.0
0.13371 0.0
0.13396 0.0
0.1342 0.0
0.13445 0.0
0.13469 0.0
0.13493 0.0
0.13518 0.0
0.13542 0.0
0.13567 0.0
0.13591 0.0
0.13615 0.0
0.1364 0.0
0.13664 0.0
0.13689 0.0
0.13713 0.0
0.13737 0.0
0.13762 0.0
0.13786 0.0
0.13811 0.0
0.13835 0.0
0.1386 0.0
0.13884 0.0
0.13908 0.0
0.13933 0.0
0.13957 0.0
0.13982 0.0
0.14006 0.0
0.1403 0.0
0.14055 0.0
0.14079 0.0
0.14104 0.0
0.14128 0.0
0.14153 0.0
0.14177 0.0
0.14201 0.0
0.14226 0.0
0.1425 0.0
0.14275 0.0
0.14299 0.0
0.14323 0.0
0.14348 0.0
0.14372 0.0
0.14397 0.0
0.14421 0.0
0.14445 0.0
0.1447 0.0
0.14494 0.0
0.14519 0.0
0.14543 0.0
0.14568 0.0
0.14592 0.0
0.14616 0.0
0.14641 0.0
0.14665 0.0
0.1469 0.0
0.14714 0.0
0.14738 0.0
0.14763 0.0
0.14787 0.0
0.14812 0.0
0.14836 0.0
0.14861 0.0
0.14885 0.0
0.14909 0.0
0.14934 0.0
0.14958 0.0
0.14983 0.0
0.15007 0.0
0.15031 0.0
0.15056 0.0
0.1508 0.0
0.15105 0.0
0.15129 0.0
0.15154 0.0
0.15178 0.0
0.15202 0.0
0.15227 0.0
0.15251 0.0
0.15276 0.0
0.153 0.0
0.15324 0.0
0.15349 0.0
0.15373 0.0
0.15398 0.0
0.15422 0.0
0.15446 0.0
0.15471 0.0
0.15495 0.0
0.1552 0.0
0.15544 0.0
0.15569 0.0
0.15593 0.0
