t strain*1e23
-0.51806 -12.2
-0.51782 -12.1
-0.51757 -12.0
-0.51733 -11.8
-0.51709 -11.6
-0.51684 -11.5
-0.5166 -11.2
-0.51635 -11.0
-0.51611 -10.8
-0.51587 -10.5
-0.51562 -10.3
-0.51538 -10.0
-0.51513 -9.7
-0.51489 -9.3
-0.51464 -9.0
-0.5144 -8.7
-0.51416 -8.3
-0.51391 -7.9
-0.51367 -7.6
-0.51342 -7.2
-0.51318 -6.8
-0.51294 -6.3
-0.51269 -5.9
-0.51245 -5.5
-0.5122 -5.0
-0.51196 -4.6
-0.51171 -4.1
-0.51147 -3.7
-0.51123 -3.2
-0.51098 -2.7
-0.51074 -2.3
-0.51049 -1.8
-0.51025 -1.3
-0.51001 -0.8
-0.50976 -0.3
-0.50952 0.2
-0.50927 0.6
-0.50903 1.1
-0.50879 1.6
-0.50854 2.1
-0.5083 2.6
-0.50805 3.1
-0.50781 3.5
-0.50756 4.0
-0.50732 4.5
-0.50708 4.9
-0.50683 5.4
-0.50659 5.8
-0.50634 6.2
-0.5061 6.6
-0.50586 7.1
-0.50561 7.5
-0.50537 7.9
-0.50512 8.2
-0.50488 8.6
-0.50463 9.0
-0.50439 9.3
-0.50415 9.6
-0.5039 9.9
-0.50366 10.2
-0.50341 10.5
-0.50317 10.8
-0.50293 11.0
-0.50268 11.3
-0.50244 11.5
-0.50219 11.7
-0.50195 11.9
-0.50171 12.0
-0.50146 12.2
-0.50122 12.3
-0.50097 12.4
-0.50073 12.5
-0.50048 12.6
-0.50024 12.6
-0.5 12.7
-0.49975 12.7
-0.49951 12.7
-0.49926 12.7
-0.49902 12.6
-0.49878 12.6
-0.49853 12.5
-0.49829 12.4
-0.49804 12.3
-0.4978 12.1
-0.49755 12.0
-0.49731 11.8
-0.49707 11.6
-0.49682 11.4
-0.49658 11.2
-0.49633 10.9
-0.49609 10.7
-0.49585 10.4
-0.4956 10.1
-0.49536 9.8
-0.49511 9.5
-0.49487 9.1
-0.49463 8.8
-0.49438 8.4
-0.49414 8.1
-0.49389 7.7
-0.49365 7.3
-0.4934 6.8
-0.49316 6.4
-0.49292 6.0
-0.49267 5.6
-0.49243 5.1
-0.49218 4.6
-0.49194 4.2
-0.4917 3.7
-0.49145 3.2
-0.49121 2.7
-0.49096 2.3
-0.49072 1.8
-0.49047 1.3
-0.49023 0.8
-0.48999 0.3
-0.48974 -0.2
-0.4895 -0.7
-0.48925 -1.2
-0.48901 -1.7
-0.48877 -2.2
-0.48852 -2.7
-0.48828 -3.2
-0.48803 -3.7
-0.48779 -4.1
-0.48755 -4.6
-0.4873 -5.1
-0.48706 -5.5
-0.48681 -6.0
-0.48657 -6.4
-0.48632 -6.8
-0.48608 -7.3
-0.48584 -7.7
-0.48559 -8.1
-0.48535 -8.4
-0.4851 -8.8
-0.48486 -9.2
-0.48462 -9.5
-0.48437 -9.8
-0.48413 -10.1
-0.48388 -10.4
-0.48364 -10.7
-0.48339 -11.0
-0.48315 -11.2
-0.48291 -11.5
-0.48266 -11.7
-0.48242 -11.9
-0.48217 -12.1
-0.48193 -12.2
-0.48169 -12.4
-0.48144 -12.5
-0.4812 -12.6
-0.48095 -12.7
-0.48071 -12.7
-0.48046 -12.8
-0.48022 -12.8
-0.47998 -12.8
-0.47973 -12.8
-0.47949 -12.7
-0.47924 -12.7
-0.479 -12.6
-0.47876 -12.5
-0.47851 -12.4
-0.47827 -12.3
-0.47802 -12.1
-0.47778 -11.9
-0.47754 -11.8
-0.47729 -11.5
-0.47705 -11.3
-0.4768 -11.1
-0.47656 -10.8
-0.47631 -10.5
-0.47607 -10.2
-0.47583 -9.9
-0.47558 -9.6
-0.47534 -9.3
-0.47509 -8.9
-0.47485 -8.5
-0.47461 -8.1
-0.47436 -7.7
-0.47412 -7.3
-0.47387 -6.9
-0.47363 -6.5
-0.47338 -6.0
-0.47314 -5.6
-0.4729 -5.1
-0.47265 -4.7
-0.47241 -4.2
-0.47216 -3.7
-0.47192 -3.2
-0.47168 -2.7
-0.47143 -2.2
-0.47119 -1.7
-0.47094 -1.2
-0.4707 -0.7
-0.47046 -0.2
-0.47021 0.3
-0.46997 0.8
-0.46972 1.3
-0.46948 1.8
-0.46923 2.3
-0.46899 2.8
-0.46875 3.3
-0.4685 3.8
-0.46826 4.3
-0.46801 4.8
-0.46777 5.3
-0.46753 5.7
-0.46728 6.2
-0.46704 6.6
-0.46679 7.1
-0.46655 7.5
-0.4663 7.9
-0.46606 8.3
-0.46582 8.7
-0.46557 9.1
-0.46533 9.4
-0.46508 9.8
-0.46484 10.1
-0.4646 10.4
-0.46435 10.7
-0.46411 11.0
-0.46386 11.2
-0.46362 11.5
-0.46338 11.7
-0.46313 11.9
-0.46289 12.1
-0.46264 12.3
-0.4624 12.4
-0.46215 12.6
-0.46191 12.7
-0.46167 12.8
-0.46142 12.8
-0.46118 12.9
-0.46093 12.9
-0.46069 12.9
-0.46045 12.9
-0.4602 12.9
-0.45996 12.8
-0.45971 12.7
-0.45947 12.7
-0.45922 12.5
-0.45898 12.4
-0.45874 12.3
-0.45849 12.1
-0.45825 11.9
-0.458 11.7
-0.45776 11.4
-0.45752 11.2
-0.45727 10.9
-0.45703 10.6
-0.45678 10.3
-0.45654 10.0
-0.4563 9.7
-0.45605 9.3
-0.45581 9.0
-0.45556 8.6
-0.45532 8.2
-0.45507 7.8
-0.45483 7.4
-0.45459 6.9
-0.45434 6.5
-0.4541 6.0
-0.45385 5.6
-0.45361 5.1
-0.45337 4.6
-0.45312 4.1
-0.45288 3.6
-0.45263 3.1
-0.45239 2.6
-0.45214 2.1
-0.4519 1.6
-0.45166 1.1
-0.45141 0.6
-0.45117 0.0
-0.45092 -0.5
-0.45068 -1.0
-0.45044 -1.5
-0.45019 -2.0
-0.44995 -2.5
-0.4497 -3.1
-0.44946 -3.6
-0.44921 -4.1
-0.44897 -4.6
-0.44873 -5.0
-0.44848 -5.5
-0.44824 -6.0
-0.44799 -6.4
-0.44775 -6.9
-0.44751 -7.3
-0.44726 -7.8
-0.44702 -8.2
-0.44677 -8.6
-0.44653 -9.0
-0.44629 -9.3
-0.44604 -9.7
-0.4458 -10.0
-0.44555 -10.4
-0.44531 -10.7
-0.44506 -11.0
-0.44482 -11.2
-0.44458 -11.5
-0.44433 -11.7
-0.44409 -12.0
-0.44384 -12.2
-0.4436 -12.3
-0.44336 -12.5
-0.44311 -12.6
-0.44287 -12.8
-0.44262 -12.9
-0.44238 -12.9
-0.44213 -13.0
-0.44189 -13.0
-0.44165 -13.0
-0.4414 -13.0
-0.44116 -13.0
-0.44091 -12.9
-0.44067 -12.9
-0.44043 -12.8
-0.44018 -12.7
-0.43994 -12.5
-0.43969 -12.4
-0.43945 -12.2
-0.43921 -12.0
-0.43896 -11.8
-0.43872 -11.5
-0.43847 -11.3
-0.43823 -11.0
-0.43798 -10.7
-0.43774 -10.4
-0.4375 -10.1
-0.43725 -9.7
-0.43701 -9.4
-0.43676 -9.0
-0.43652 -8.6
-0.43628 -8.2
-0.43603 -7.8
-0.43579 -7.4
-0.43554 -6.9
-0.4353 -6.5
-0.43505 -6.0
-0.43481 -5.5
-0.43457 -5.0
-0.43432 -4.5
-0.43408 -4.0
-0.43383 -3.5
-0.43359 -3.0
-0.43335 -2.5
-0.4331 -2.0
-0.43286 -1.4
-0.43261 -0.9
-0.43237 -0.4
-0.43213 0.2
-0.43188 0.7
-0.43164 1.2
-0.43139 1.8
-0.43115 2.3
-0.4309 2.8
-0.43066 3.3
-0.43042 3.9
-0.43017 4.4
-0.42993 4.9
-0.42968 5.4
-0.42944 5.9
-0.4292 6.3
-0.42895 6.8
-0.42871 7.3
-0.42846 7.7
-0.42822 8.1
-0.42797 8.5
-0.42773 8.9
-0.42749 9.3
-0.42724 9.7
-0.427 10.1
-0.42675 10.4
-0.42651 10.7
-0.42627 11.0
-0.42602 11.3
-0.42578 11.6
-0.42553 11.8
-0.42529 12.0
-0.42505 12.3
-0.4248 12.4
-0.42456 12.6
-0.42431 12.8
-0.42407 12.9
-0.42382 13.0
-0.42358 13.1
-0.42334 13.1
-0.42309 13.2
-0.42285 13.2
-0.4226 13.2
-0.42236 13.1
-0.42212 13.1
-0.42187 13.0
-0.42163 12.9
-0.42138 12.8
-0.42114 12.6
-0.42089 12.5
-0.42065 12.3
-0.42041 12.1
-0.42016 11.9
-0.41992 11.6
-0.41967 11.4
-0.41943 11.1
-0.41919 10.8
-0.41894 10.4
-0.4187 10.1
-0.41845 9.7
-0.41821 9.4
-0.41796 9.0
-0.41772 8.6
-0.41748 8.2
-0.41723 7.7
-0.41699 7.3
-0.41674 6.8
-0.4165 6.3
-0.41626 5.9
-0.41601 5.4
-0.41577 4.9
-0.41552 4.3
-0.41528 3.8
-0.41504 3.3
-0.41479 2.8
-0.41455 2.2
-0.4143 1.7
-0.41406 1.1
-0.41381 0.6
-0.41357 0.0
-0.41333 -0.5
-0.41308 -1.0
-0.41284 -1.6
-0.41259 -2.1
-0.41235 -2.7
-0.41211 -3.2
-0.41186 -3.7
-0.41162 -4.3
-0.41137 -4.8
-0.41113 -5.3
-0.41088 -5.8
-0.41064 -6.3
-0.4104 -6.8
-0.41015 -7.2
-0.40991 -7.7
-0.40966 -8.1
-0.40942 -8.6
-0.40918 -9.0
-0.40893 -9.4
-0.40869 -9.8
-0.40844 -10.1
-0.4082 -10.5
-0.40796 -10.8
-0.40771 -11.1
-0.40747 -11.4
-0.40722 -11.7
-0.40698 -11.9
-0.40673 -12.2
-0.40649 -12.4
-0.40625 -12.6
-0.406 -12.7
-0.40576 -12.9
-0.40551 -13.0
-0.40527 -13.1
-0.40503 -13.2
-0.40478 -13.3
-0.40454 -13.3
-0.40429 -13.3
-0.40405 -13.3
-0.4038 -13.3
-0.40356 -13.2
-0.40332 -13.1
-0.40307 -13.0
-0.40283 -12.9
-0.40258 -12.7
-0.40234 -12.6
-0.4021 -12.4
-0.40185 -12.1
-0.40161 -11.9
-0.40136 -11.6
-0.40112 -11.4
-0.40088 -11.1
-0.40063 -10.7
-0.40039 -10.4
-0.40014 -10.1
-0.3999 -9.7
-0.39965 -9.3
-0.39941 -8.9
-0.39917 -8.5
-0.39892 -8.0
-0.39868 -7.6
-0.39843 -7.1
-0.39819 -6.6
-0.39795 -6.1
-0.3977 -5.6
-0.39746 -5.1
-0.39721 -4.6
-0.39697 -4.1
-0.39672 -3.5
-0.39648 -3.0
-0.39624 -2.4
-0.39599 -1.9
-0.39575 -1.3
-0.3955 -0.8
-0.39526 -0.2
-0.39502 0.4
-0.39477 0.9
-0.39453 1.5
-0.39428 2.0
-0.39404 2.6
-0.3938 3.1
-0.39355 3.7
-0.39331 4.2
-0.39306 4.8
-0.39282 5.3
-0.39257 5.8
-0.39233 6.3
-0.39209 6.8
-0.39184 7.3
-0.3916 7.7
-0.39135 8.2
-0.39111 8.6
-0.39087 9.1
-0.39062 9.5
-0.39038 9.9
-0.39013 10.2
-0.38989 10.6
-0.38964 10.9
-0.3894 11.3
-0.38916 11.6
-0.38891 11.8
-0.38867 12.1
-0.38842 12.3
-0.38818 12.5
-0.38794 12.7
-0.38769 12.9
-0.38745 13.1
-0.3872 13.2
-0.38696 13.3
-0.38671 13.3
-0.38647 13.4
-0.38623 13.4
-0.38598 13.4
-0.38574 13.4
-0.38549 13.4
-0.38525 13.3
-0.38501 13.2
-0.38476 13.1
-0.38452 12.9
-0.38427 12.8
-0.38403 12.6
-0.38379 12.4
-0.38354 12.2
-0.3833 11.9
-0.38305 11.6
-0.38281 11.3
-0.38256 11.0
-0.38232 10.7
-0.38208 10.3
-0.38183 9.9
-0.38159 9.5
-0.38134 9.1
-0.3811 8.7
-0.38086 8.3
-0.38061 7.8
-0.38037 7.3
-0.38012 6.8
-0.37988 6.3
-0.37963 5.8
-0.37939 5.3
-0.37915 4.8
-0.3789 4.2
-0.37866 3.7
-0.37841 3.1
-0.37817 2.6
-0.37793 2.0
-0.37768 1.4
-0.37744 0.9
-0.37719 0.3
-0.37695 -0.3
-0.37671 -0.9
-0.37646 -1.4
-0.37622 -2.0
-0.37597 -2.6
-0.37573 -3.2
-0.37548 -3.7
-0.37524 -4.3
-0.375 -4.8
-0.37475 -5.3
-0.37451 -5.9
-0.37426 -6.4
-0.37402 -6.9
-0.37378 -7.4
-0.37353 -7.9
-0.37329 -8.3
-0.37304 -8.8
-0.3728 -9.2
-0.37255 -9.6
-0.37231 -10.0
-0.37207 -10.4
-0.37182 -10.8
-0.37158 -11.1
-0.37133 -11.4
-0.37109 -11.8
-0.37085 -12.0
-0.3706 -12.3
-0.37036 -12.5
-0.37011 -12.7
-0.36987 -12.9
-0.36963 -13.1
-0.36938 -13.2
-0.36914 -13.4
-0.36889 -13.4
-0.36865 -13.5
-0.3684 -13.6
-0.36816 -13.6
-0.36792 -13.6
-0.36767 -13.5
-0.36743 -13.5
-0.36718 -13.4
-0.36694 -13.3
-0.3667 -13.2
-0.36645 -13.0
-0.36621 -12.8
-0.36596 -12.6
-0.36572 -12.4
-0.36547 -12.1
-0.36523 -11.9
-0.36499 -11.6
-0.36474 -11.2
-0.3645 -10.9
-0.36425 -10.5
-0.36401 -10.2
-0.36377 -9.8
-0.36352 -9.3
-0.36328 -8.9
-0.36303 -8.4
-0.36279 -8.0
-0.36255 -7.5
-0.3623 -7.0
-0.36206 -6.5
-0.36181 -6.0
-0.36157 -5.4
-0.36132 -4.9
-0.36108 -4.3
-0.36084 -3.8
-0.36059 -3.2
-0.36035 -2.6
-0.3601 -2.0
-0.35986 -1.4
-0.35962 -0.9
-0.35937 -0.3
-0.35913 0.3
-0.35888 0.9
-0.35864 1.5
-0.35839 2.1
-0.35815 2.7
-0.35791 3.3
-0.35766 3.8
-0.35742 4.4
-0.35717 5.0
-0.35693 5.5
-0.35669 6.1
-0.35644 6.6
-0.3562 7.1
-0.35595 7.6
-0.35571 8.1
-0.35546 8.6
-0.35522 9.0
-0.35498 9.5
-0.35473 9.9
-0.35449 10.3
-0.35424 10.7
-0.354 11.0
-0.35376 11.4
-0.35351 11.7
-0.35327 12.0
-0.35302 12.3
-0.35278 12.5
-0.35254 12.8
-0.35229 13.0
-0.35205 13.2
-0.3518 13.3
-0.35156 13.4
-0.35131 13.6
-0.35107 13.6
-0.35083 13.7
-0.35058 13.7
-0.35034 13.7
-0.35009 13.7
-0.34985 13.6
-0.34961 13.6
-0.34936 13.5
-0.34912 13.3
-0.34887 13.2
-0.34863 13.0
-0.34838 12.8
-0.34814 12.6
-0.3479 12.3
-0.34765 12.0
-0.34741 11.7
-0.34716 11.4
-0.34692 11.1
-0.34668 10.7
-0.34643 10.3
-0.34619 9.9
-0.34594 9.5
-0.3457 9.0
-0.34546 8.5
-0.34521 8.1
-0.34497 7.6
-0.34472 7.1
-0.34448 6.5
-0.34423 6.0
-0.34399 5.4
-0.34375 4.9
-0.3435 4.3
-0.34326 3.7
-0.34301 3.1
-0.34277 2.5
-0.34253 1.9
-0.34228 1.3
-0.34204 0.7
-0.34179 0.1
-0.34155 -0.5
-0.3413 -1.1
-0.34106 -1.7
-0.34082 -2.3
-0.34057 -2.9
-0.34033 -3.5
-0.34008 -4.1
-0.33984 -4.7
-0.3396 -5.2
-0.33935 -5.8
-0.33911 -6.4
-0.33886 -6.9
-0.33862 -7.4
-0.33838 -7.9
-0.33813 -8.4
-0.33789 -8.9
-0.33764 -9.4
-0.3374 -9.8
-0.33715 -10.2
-0.33691 -10.6
-0.33667 -11.0
-0.33642 -11.4
-0.33618 -11.7
-0.33593 -12.0
-0.33569 -12.3
-0.33545 -12.6
-0.3352 -12.9
-0.33496 -13.1
-0.33471 -13.3
-0.33447 -13.4
-0.33422 -13.6
-0.33398 -13.7
-0.33374 -13.8
-0.33349 -13.8
-0.33325 -13.9
-0.333 -13.9
-0.33276 -13.9
-0.33252 -13.8
-0.33227 -13.7
-0.33203 -13.6
-0.33178 -13.5
-0.33154 -13.3
-0.3313 -13.1
-0.33105 -12.9
-0.33081 -12.7
-0.33056 -12.4
-0.33032 -12.2
-0.33007 -11.8
-0.32983 -11.5
-0.32959 -11.1
-0.32934 -10.8
-0.3291 -10.4
-0.32885 -9.9
-0.32861 -9.5
-0.32837 -9.0
-0.32812 -8.5
-0.32788 -8.0
-0.32763 -7.5
-0.32739 -7.0
-0.32714 -6.4
-0.3269 -5.9
-0.32666 -5.3
-0.32641 -4.7
-0.32617 -4.1
-0.32592 -3.5
-0.32568 -2.9
-0.32544 -2.3
-0.32519 -1.7
-0.32495 -1.1
-0.3247 -0.4
-0.32446 0.2
-0.32421 0.8
-0.32397 1.4
-0.32373 2.1
-0.32348 2.7
-0.32324 3.3
-0.32299 3.9
-0.32275 4.5
-0.32251 5.1
-0.32226 5.7
-0.32202 6.2
-0.32177 6.8
-0.32153 7.3
-0.32129 7.9
-0.32104 8.4
-0.3208 8.9
-0.32055 9.4
-0.32031 9.8
-0.32006 10.3
-0.31982 10.7
-0.31958 11.1
-0.31933 11.5
-0.31909 11.8
-0.31884 12.2
-0.3186 12.5
-0.31836 12.7
-0.31811 13.0
-0.31787 13.2
-0.31762 13.4
-0.31738 13.6
-0.31713 13.7
-0.31689 13.9
-0.31665 13.9
-0.3164 14.0
-0.31616 14.0
-0.31591 14.0
-0.31567 14.0
-0.31543 14.0
-0.31518 13.9
-0.31494 13.8
-0.31469 13.6
-0.31445 13.5
-0.31421 13.3
-0.31396 13.0
-0.31372 12.8
-0.31347 12.5
-0.31323 12.2
-0.31298 11.9
-0.31274 11.5
-0.3125 11.1
-0.31225 10.7
-0.31201 10.3
-0.31176 9.9
-0.31152 9.4
-0.31128 8.9
-0.31103 8.4
-0.31079 7.9
-0.31054 7.3
-0.3103 6.8
-0.31005 6.2
-0.30981 5.6
-0.30957 5.0
-0.30932 4.4
-0.30908 3.8
-0.30883 3.2
-0.30859 2.6
-0.30835 1.9
-0.3081 1.3
-0.30786 0.6
-0.30761 0.0
-0.30737 -0.7
-0.30713 -1.3
-0.30688 -1.9
-0.30664 -2.6
-0.30639 -3.2
-0.30615 -3.8
-0.3059 -4.5
-0.30566 -5.1
-0.30542 -5.7
-0.30517 -6.3
-0.30493 -6.8
-0.30468 -7.4
-0.30444 -8.0
-0.3042 -8.5
-0.30395 -9.0
-0.30371 -9.5
-0.30346 -10.0
-0.30322 -10.4
-0.30297 -10.9
-0.30273 -11.3
-0.30249 -11.7
-0.30224 -12.0
-0.302 -12.4
-0.30175 -12.7
-0.30151 -12.9
-0.30127 -13.2
-0.30102 -13.4
-0.30078 -13.6
-0.30053 -13.8
-0.30029 -13.9
-0.30005 -14.1
-0.2998 -14.1
-0.29956 -14.2
-0.29931 -14.2
-0.29907 -14.2
-0.29882 -14.2
-0.29858 -14.1
-0.29834 -14.0
-0.29809 -13.9
-0.29785 -13.7
-0.2976 -13.5
-0.29736 -13.3
-0.29712 -13.1
-0.29687 -12.8
-0.29663 -12.5
-0.29638 -12.2
-0.29614 -11.8
-0.29589 -11.4
-0.29565 -11.0
-0.29541 -10.6
-0.29516 -10.1
-0.29492 -9.7
-0.29467 -9.2
-0.29443 -8.6
-0.29419 -8.1
-0.29394 -7.6
-0.2937 -7.0
-0.29345 -6.4
-0.29321 -5.8
-0.29296 -5.2
-0.29272 -4.6
-0.29248 -3.9
-0.29223 -3.3
-0.29199 -2.6
-0.29174 -2.0
-0.2915 -1.3
-0.29126 -0.7
-0.29101 0.0
-0.29077 0.7
-0.29052 1.3
-0.29028 2.0
-0.29004 2.7
-0.28979 3.3
-0.28955 4.0
-0.2893 4.6
-0.28906 5.2
-0.28881 5.8
-0.28857 6.4
-0.28833 7.0
-0.28808 7.6
-0.28784 8.2
-0.28759 8.7
-0.28735 9.2
-0.28711 9.8
-0.28686 10.2
-0.28662 10.7
-0.28637 11.1
-0.28613 11.5
-0.28588 11.9
-0.28564 12.3
-0.2854 12.6
-0.28515 12.9
-0.28491 13.2
-0.28466 13.5
-0.28442 13.7
-0.28418 13.9
-0.28393 14.1
-0.28369 14.2
-0.28344 14.3
-0.2832 14.3
-0.28296 14.4
-0.28271 14.4
-0.28247 14.4
-0.28222 14.3
-0.28198 14.2
-0.28173 14.1
-0.28149 13.9
-0.28125 13.7
-0.281 13.5
-0.28076 13.3
-0.28051 13.0
-0.28027 12.7
-0.28003 12.4
-0.27978 12.0
-0.27954 11.6
-0.27929 11.2
-0.27905 10.8
-0.2788 10.3
-0.27856 9.8
-0.27832 9.3
-0.27807 8.8
-0.27783 8.2
-0.27758 7.6
-0.27734 7.1
-0.2771 6.5
-0.27685 5.8
-0.27661 5.2
-0.27636 4.6
-0.27612 3.9
-0.27588 3.2
-0.27563 2.6
-0.27539 1.9
-0.27514 1.2
-0.2749 0.5
-0.27465 -0.2
-0.27441 -0.9
-0.27417 -1.5
-0.27392 -2.2
-0.27368 -2.9
-0.27343 -3.6
-0.27319 -4.2
-0.27295 -4.9
-0.2727 -5.5
-0.27246 -6.2
-0.27221 -6.8
-0.27197 -7.4
-0.27172 -8.0
-0.27148 -8.6
-0.27124 -9.1
-0.27099 -9.6
-0.27075 -10.2
-0.2705 -10.6
-0.27026 -11.1
-0.27002 -11.5
-0.26977 -12.0
-0.26953 -12.3
-0.26928 -12.7
-0.26904 -13.0
-0.2688 -13.3
-0.26855 -13.6
-0.26831 -13.8
-0.26806 -14.0
-0.26782 -14.2
-0.26757 -14.3
-0.26733 -14.5
-0.26709 -14.5
-0.26684 -14.6
-0.2666 -14.6
-0.26635 -14.5
-0.26611 -14.5
-0.26587 -14.4
-0.26562 -14.3
-0.26538 -14.1
-0.26513 -13.9
-0.26489 -13.7
-0.26464 -13.4
-0.2644 -13.2
-0.26416 -12.8
-0.26391 -12.5
-0.26367 -12.1
-0.26342 -11.7
-0.26318 -11.3
-0.26294 -10.8
-0.26269 -10.3
-0.26245 -9.8
-0.2622 -9.3
-0.26196 -8.7
-0.26171 -8.2
-0.26147 -7.6
-0.26123 -6.9
-0.26098 -6.3
-0.26074 -5.7
-0.26049 -5.0
-0.26025 -4.3
-0.26001 -3.7
-0.25976 -3.0
-0.25952 -2.3
-0.25927 -1.6
-0.25903 -0.9
-0.25879 -0.2
-0.25854 0.6
-0.2583 1.3
-0.25805 2.0
-0.25781 2.7
-0.25756 3.4
-0.25732 4.1
-0.25708 4.8
-0.25683 5.4
-0.25659 6.1
-0.25634 6.7
-0.2561 7.4
-0.25586 8.0
-0.25561 8.6
-0.25537 9.1
-0.25512 9.7
-0.25488 10.2
-0.25463 10.7
-0.25439 11.2
-0.25415 11.7
-0.2539 12.1
-0.25366 12.5
-0.25341 12.9
-0.25317 13.2
-0.25293 13.5
-0.25268 13.8
-0.25244 14.0
-0.25219 14.2
-0.25195 14.4
-0.25171 14.6
-0.25146 14.7
-0.25122 14.7
-0.25097 14.8
-0.25073 14.8
-0.25048 14.7
-0.25024 14.7
-0.25 14.6
-0.24975 14.4
-0.24951 14.2
-0.24926 14.0
-0.24902 13.8
-0.24878 13.5
-0.24853 13.2
-0.24829 12.9
-0.24804 12.5
-0.2478 12.1
-0.24755 11.7
-0.24731 11.2
-0.24707 10.7
-0.24682 10.2
-0.24658 9.7
-0.24633 9.1
-0.24609 8.5
-0.24585 7.9
-0.2456 7.3
-0.24536 6.6
-0.24511 6.0
-0.24487 5.3
-0.24463 4.6
-0.24438 3.9
-0.24414 3.2
-0.24389 2.4
-0.24365 1.7
-0.2434 1.0
-0.24316 0.3
-0.24292 -0.5
-0.24267 -1.2
-0.24243 -2.0
-0.24218 -2.7
-0.24194 -3.4
-0.2417 -4.1
-0.24145 -4.8
-0.24121 -5.5
-0.24096 -6.2
-0.24072 -6.9
-0.24047 -7.5
-0.24023 -8.2
-0.23999 -8.8
-0.23974 -9.4
-0.2395 -9.9
-0.23925 -10.5
-0.23901 -11.0
-0.23877 -11.5
-0.23852 -12.0
-0.23828 -12.4
-0.23803 -12.8
-0.23779 -13.2
-0.23755 -13.5
-0.2373 -13.8
-0.23706 -14.1
-0.23681 -14.3
-0.23657 -14.5
-0.23632 -14.7
-0.23608 -14.8
-0.23584 -14.9
-0.23559 -15.0
-0.23535 -15.0
-0.2351 -15.0
-0.23486 -14.9
-0.23462 -14.8
-0.23437 -14.7
-0.23413 -14.5
-0.23388 -14.3
-0.23364 -14.1
-0.23339 -13.8
-0.23315 -13.5
-0.23291 -13.1
-0.23266 -12.8
-0.23242 -12.3
-0.23217 -11.9
-0.23193 -11.4
-0.23169 -10.9
-0.23144 -10.4
-0.2312 -9.8
-0.23095 -9.2
-0.23071 -8.6
-0.23046 -8.0
-0.23022 -7.4
-0.22998 -6.7
-0.22973 -6.0
-0.22949 -5.3
-0.22924 -4.6
-0.229 -3.8
-0.22876 -3.1
-0.22851 -2.4
-0.22827 -1.6
-0.22802 -0.8
-0.22778 0.0
-0.22754 0.7
-0.22729 1.5
-0.22705 2.2
-0.2268 3.0
-0.22656 3.7
-0.22631 4.5
-0.22607 5.2
-0.22583 5.9
-0.22558 6.6
-0.22534 7.3
-0.22509 7.9
-0.22485 8.6
-0.22461 9.2
-0.22436 9.8
-0.22412 10.4
-0.22387 10.9
-0.22363 11.5
-0.22338 12.0
-0.22314 12.4
-0.2229 12.9
-0.22265 13.3
-0.22241 13.6
-0.22216 13.9
-0.22192 14.2
-0.22168 14.5
-0.22143 14.7
-0.22119 14.9
-0.22094 15.0
-0.2207 15.1
-0.22046 15.2
-0.22021 15.2
-0.21997 15.2
-0.21972 15.1
-0.21948 15.0
-0.21923 14.9
-0.21899 14.7
-0.21875 14.5
-0.2185 14.3
-0.21826 14.0
-0.21801 13.6
-0.21777 13.3
-0.21753 12.9
-0.21728 12.4
-0.21704 12.0
-0.21679 11.5
-0.21655 10.9
-0.2163 10.4
-0.21606 9.8
-0.21582 9.2
-0.21557 8.5
-0.21533 7.9
-0.21508 7.2
-0.21484 6.5
-0.2146 5.8
-0.21435 5.0
-0.21411 4.3
-0.21386 3.5
-0.21362 2.7
-0.21338 2.0
-0.21313 1.2
-0.21289 0.4
-0.21264 -0.4
-0.2124 -1.2
-0.21215 -2.0
-0.21191 -2.8
-0.21167 -3.6
-0.21142 -4.3
-0.21118 -5.1
-0.21093 -5.8
-0.21069 -6.6
-0.21045 -7.3
-0.2102 -8.0
-0.20996 -8.7
-0.20971 -9.3
-0.20947 -9.9
-0.20922 -10.5
-0.20898 -11.1
-0.20874 -11.6
-0.20849 -12.2
-0.20825 -12.6
-0.208 -13.1
-0.20776 -13.5
-0.20752 -13.9
-0.20727 -14.2
-0.20703 -14.5
-0.20678 -14.8
-0.20654 -15.0
-0.2063 -15.2
-0.20605 -15.3
-0.20581 -15.4
-0.20556 -15.4
-0.20532 -15.4
-0.20507 -15.4
-0.20483 -15.3
-0.20459 -15.2
-0.20434 -15.1
-0.2041 -14.9
-0.20385 -14.6
-0.20361 -14.3
-0.20337 -14.0
-0.20312 -13.7
-0.20288 -13.3
-0.20263 -12.8
-0.20239 -12.3
-0.20214 -11.8
-0.2019 -11.3
-0.20166 -10.7
-0.20141 -10.1
-0.20117 -9.5
-0.20092 -8.8
-0.20068 -8.1
-0.20044 -7.4
-0.20019 -6.7
-0.19995 -6.0
-0.1997 -5.2
-0.19946 -4.4
-0.19921 -3.6
-0.19897 -2.8
-0.19873 -2.0
-0.19848 -1.2
-0.19824 -0.4
-0.19799 0.5
-0.19775 1.3
-0.19751 2.1
-0.19726 2.9
-0.19702 3.7
-0.19677 4.5
-0.19653 5.3
-0.19629 6.1
-0.19604 6.8
-0.1958 7.6
-0.19555 8.3
-0.19531 9.0
-0.19506 9.7
-0.19482 10.3
-0.19458 10.9
-0.19433 11.5
-0.19409 12.1
-0.19384 12.6
-0.1936 13.1
-0.19336 13.5
-0.19311 13.9
-0.19287 14.3
-0.19262 14.6
-0.19238 14.9
-0.19213 15.1
-0.19189 15.3
-0.19165 15.5
-0.1914 15.6
-0.19116 15.7
-0.19091 15.7
-0.19067 15.7
-0.19043 15.6
-0.19018 15.5
-0.18994 15.3
-0.18969 15.1
-0.18945 14.9
-0.18921 14.6
-0.18896 14.3
-0.18872 13.9
-0.18847 13.5
-0.18823 13.0
-0.18798 12.5
-0.18774 12.0
-0.1875 11.4
-0.18725 10.8
-0.18701 10.2
-0.18676 9.5
-0.18652 8.8
-0.18628 8.1
-0.18603 7.4
-0.18579 6.6
-0.18554 5.8
-0.1853 5.0
-0.18505 4.2
-0.18481 3.4
-0.18457 2.5
-0.18432 1.7
-0.18408 0.8
-0.18383 0.0
-0.18359 -0.9
-0.18335 -1.7
-0.1831 -2.6
-0.18286 -3.4
-0.18261 -4.3
-0.18237 -5.1
-0.18213 -5.9
-0.18188 -6.7
-0.18164 -7.5
-0.18139 -8.2
-0.18115 -9.0
-0.1809 -9.7
-0.18066 -10.3
-0.18042 -11.0
-0.18017 -11.6
-0.17993 -12.2
-0.17968 -12.7
-0.17944 -13.2
-0.1792 -13.7
-0.17895 -14.1
-0.17871 -14.5
-0.17846 -14.9
-0.17822 -15.2
-0.17797 -15.4
-0.17773 -15.6
-0.17749 -15.8
-0.17724 -15.9
-0.177 -15.9
-0.17675 -16.0
-0.17651 -15.9
-0.17627 -15.8
-0.17602 -15.7
-0.17578 -15.5
-0.17553 -15.3
-0.17529 -15.0
-0.17505 -14.7
-0.1748 -14.4
-0.17456 -13.9
-0.17431 -13.5
-0.17407 -13.0
-0.17382 -12.5
-0.17358 -11.9
-0.17334 -11.3
-0.17309 -10.6
-0.17285 -10.0
-0.1726 -9.3
-0.17236 -8.5
-0.17212 -7.7
-0.17187 -7.0
-0.17163 -6.1
-0.17138 -5.3
-0.17114 -4.5
-0.17089 -3.6
-0.17065 -2.7
-0.17041 -1.8
-0.17016 -0.9
-0.16992 0.0
-0.16967 0.9
-0.16943 1.8
-0.16919 2.6
-0.16894 3.5
-0.1687 4.4
-0.16845 5.3
-0.16821 6.1
-0.16796 6.9
-0.16772 7.8
-0.16748 8.5
-0.16723 9.3
-0.16699 10.0
-0.16674 10.7
-0.1665 11.4
-0.16626 12.0
-0.16601 12.6
-0.16577 13.2
-0.16552 13.7
-0.16528 14.2
-0.16504 14.6
-0.16479 15.0
-0.16455 15.3
-0.1643 15.6
-0.16406 15.8
-0.16381 16.0
-0.16357 16.1
-0.16333 16.2
-0.16308 16.3
-0.16284 16.2
-0.16259 16.2
-0.16235 16.0
-0.16211 15.9
-0.16186 15.6
-0.16162 15.4
-0.16137 15.0
-0.16113 14.7
-0.16088 14.2
-0.16064 13.8
-0.1604 13.2
-0.16015 12.7
-0.15991 12.1
-0.15966 11.4
-0.15942 10.8
-0.15918 10.1
-0.15893 9.3
-0.15869 8.5
-0.15844 7.7
-0.1582 6.9
-0.15796 6.0
-0.15771 5.1
-0.15747 4.3
-0.15722 3.3
-0.15698 2.4
-0.15673 1.5
-0.15649 0.5
-0.15625 -0.4
-0.156 -1.3
-0.15576 -2.3
-0.15551 -3.2
-0.15527 -4.1
-0.15503 -5.0
-0.15478 -5.9
-0.15454 -6.8
-0.15429 -7.7
-0.15405 -8.5
-0.1538 -9.3
-0.15356 -10.1
-0.15332 -10.8
-0.15307 -11.5
-0.15283 -12.2
-0.15258 -12.8
-0.15234 -13.4
-0.1521 -13.9
-0.15185 -14.4
-0.15161 -14.9
-0.15136 -15.3
-0.15112 -15.6
-0.15088 -15.9
-0.15063 -16.1
-0.15039 -16.3
-0.15014 -16.5
-0.1499 -16.5
-0.14965 -16.6
-0.14941 -16.5
-0.14917 -16.4
-0.14892 -16.3
-0.14868 -16.1
-0.14843 -15.8
-0.14819 -15.5
-0.14795 -15.2
-0.1477 -14.7
-0.14746 -14.3
-0.14721 -13.7
-0.14697 -13.2
-0.14672 -12.6
-0.14648 -11.9
-0.14624 -11.2
-0.14599 -10.5
-0.14575 -9.7
-0.1455 -8.9
-0.14526 -8.1
-0.14502 -7.2
-0.14477 -6.3
-0.14453 -5.4
-0.14428 -4.4
-0.14404 -3.5
-0.1438 -2.5
-0.14355 -1.5
-0.14331 -0.5
-0.14306 0.4
-0.14282 1.4
-0.14257 2.4
-0.14233 3.4
-0.14209 4.4
-0.14184 5.3
-0.1416 6.2
-0.14135 7.2
-0.14111 8.0
-0.14087 8.9
-0.14062 9.7
-0.14038 10.5
-0.14013 11.3
-0.13989 12.0
-0.13964 12.7
-0.1394 13.4
-0.13916 13.9
-0.13891 14.5
-0.13867 15.0
-0.13842 15.4
-0.13818 15.8
-0.13794 16.1
-0.13769 16.4
-0.13745 16.6
-0.1372 16.8
-0.13696 16.9
-0.13671 16.9
-0.13647 16.9
-0.13623 16.8
-0.13598 16.6
-0.13574 16.4
-0.13549 16.2
-0.13525 15.8
-0.13501 15.4
-0.13476 15.0
-0.13452 14.5
-0.13427 14.0
-0.13403 13.3
-0.13379 12.7
-0.13354 12.0
-0.1333 11.3
-0.13305 10.5
-0.13281 9.6
-0.13256 8.8
-0.13232 7.9
-0.13208 7.0
-0.13183 6.0
-0.13159 5.0
-0.13134 4.0
-0.1311 3.0
-0.13086 2.0
-0.13061 1.0
-0.13037 0.0
-0.13012 -1.1
-0.12988 -2.2
-0.12963 -3.2
-0.12939 -4.2
-0.12915 -5.2
-0.1289 -6.2
-0.12866 -7.2
-0.12841 -8.1
-0.12817 -9.0
-0.12793 -9.9
-0.12768 -10.8
-0.12744 -11.6
-0.12719 -12.3
-0.12695 -13.0
-0.12671 -13.7
-0.12646 -14.3
-0.12622 -14.9
-0.12597 -15.4
-0.12573 -15.9
-0.12548 -16.2
-0.12524 -16.6
-0.125 -16.8
-0.12475 -17.0
-0.12451 -17.2
-0.12426 -17.3
-0.12402 -17.3
-0.12378 -17.2
-0.12353 -17.1
-0.12329 -16.9
-0.12304 -16.6
-0.1228 -16.3
-0.12255 -15.9
-0.12231 -15.5
-0.12207 -15.0
-0.12182 -14.4
-0.12158 -13.8
-0.12133 -13.1
-0.12109 -12.4
-0.12085 -11.6
-0.1206 -10.7
-0.12036 -9.9
-0.12011 -9.0
-0.11987 -8.0
-0.11963 -7.0
-0.11938 -6.0
-0.11914 -5.0
-0.11889 -3.9
-0.11865 -2.9
-0.1184 -1.8
-0.11816 -0.7
-0.11792 0.4
-0.11767 1.5
-0.11743 2.6
-0.11718 3.7
-0.11694 4.8
-0.1167 5.8
-0.11645 6.9
-0.11621 7.9
-0.11596 8.8
-0.11572 9.8
-0.11547 10.7
-0.11523 11.6
-0.11499 12.4
-0.11474 13.2
-0.1145 13.9
-0.11425 14.5
-0.11401 15.2
-0.11377 15.7
-0.11352 16.2
-0.11328 16.6
-0.11303 16.9
-0.11279 17.2
-0.11255 17.4
-0.1123 17.6
-0.11206 17.7
-0.11181 17.7
-0.11157 17.6
-0.11132 17.4
-0.11108 17.2
-0.11084 16.9
-0.11059 16.6
-0.11035 16.1
-0.1101 15.6
-0.10986 15.1
-0.10962 14.4
-0.10937 13.7
-0.10913 13.0
-0.10888 12.2
-0.10864 11.3
-0.10839 10.4
-0.10815 9.5
-0.10791 8.5
-0.10766 7.4
-0.10742 6.4
-0.10717 5.3
-0.10693 4.2
-0.10669 3.0
-0.10644 1.9
-0.1062 0.7
-0.10595 -0.4
-0.10571 -1.6
-0.10546 -2.8
-0.10522 -3.9
-0.10498 -5.1
-0.10473 -6.2
-0.10449 -7.3
-0.10424 -8.3
-0.104 -9.4
-0.10376 -10.4
-0.10351 -11.3
-0.10327 -12.2
-0.10302 -13.1
-0.10278 -13.8
-0.10254 -14.6
-0.10229 -15.3
-0.10205 -15.9
-0.1018 -16.4
-0.10156 -16.9
-0.10131 -17.3
-0.10107 -17.6
-0.10083 -17.8
-0.10058 -18.0
-0.10034 -18.1
-0.10009 -18.1
-0.09985 -18.0
-0.09961 -17.9
-0.09936 -17.6
-0.09912 -17.3
-0.09887 -16.9
-0.09863 -16.5
-0.09838 -15.9
-0.09814 -15.3
-0.0979 -14.6
-0.09765 -13.9
-0.09741 -13.1
-0.09716 -12.2
-0.09692 -11.3
-0.09668 -10.3
-0.09643 -9.2
-0.09619 -8.2
-0.09594 -7.0
-0.0957 -5.9
-0.09546 -4.7
-0.09521 -3.5
-0.09497 -2.3
-0.09472 -1.1
-0.09448 0.2
-0.09423 1.4
-0.09399 2.7
-0.09375 3.9
-0.0935 5.1
-0.09326 6.3
-0.09301 7.5
-0.09277 8.6
-0.09253 9.7
-0.09228 10.8
-0.09204 11.8
-0.09179 12.7
-0.09155 13.6
-0.0913 14.4
-0.09106 15.2
-0.09082 15.9
-0.09057 16.5
-0.09033 17.1
-0.09008 17.5
-0.08984 17.9
-0.0896 18.2
-0.08935 18.4
-0.08911 18.6
-0.08886 18.6
-0.08862 18.5
-0.08838 18.4
-0.08813 18.2
-0.08789 17.8
-0.08764 17.4
-0.0874 16.9
-0.08715 16.4
-0.08691 15.7
-0.08667 15.0
-0.08642 14.2
-0.08618 13.3
-0.08593 12.3
-0.08569 11.3
-0.08545 10.3
-0.0852 9.1
-0.08496 8.0
-0.08471 6.8
-0.08447 5.5
-0.08422 4.2
-0.08398 2.9
-0.08374 1.6
-0.08349 0.3
-0.08325 -1.0
-0.083 -2.4
-0.08276 -3.7
-0.08252 -5.0
-0.08227 -6.3
-0.08203 -7.6
-0.08178 -8.8
-0.08154 -10.0
-0.0813 -11.1
-0.08105 -12.2
-0.08081 -13.2
-0.08056 -14.1
-0.08032 -15.0
-0.08007 -15.8
-0.07983 -16.6
-0.07959 -17.2
-0.07934 -17.8
-0.0791 -18.2
-0.07885 -18.6
-0.07861 -18.9
-0.07837 -19.1
-0.07812 -19.1
-0.07788 -19.1
-0.07763 -19.0
-0.07739 -18.8
-0.07714 -18.5
-0.0769 -18.1
-0.07666 -17.5
-0.07641 -16.9
-0.07617 -16.2
-0.07592 -15.4
-0.07568 -14.6
-0.07544 -13.6
-0.07519 -12.6
-0.07495 -11.5
-0.0747 -10.3
-0.07446 -9.1
-0.07421 -7.8
-0.07397 -6.5
-0.07373 -5.2
-0.07348 -3.8
-0.07324 -2.4
-0.07299 -0.9
-0.07275 0.5
-0.07251 2.0
-0.07226 3.4
-0.07202 4.8
-0.07177 6.2
-0.07153 7.6
-0.07129 8.9
-0.07104 10.2
-0.0708 11.4
-0.07055 12.6
-0.07031 13.7
-0.07006 14.7
-0.06982 15.6
-0.06958 16.5
-0.06933 17.3
-0.06909 18.0
-0.06884 18.5
-0.0686 19.0
-0.06836 19.4
-0.06811 19.6
-0.06787 19.7
-0.06762 19.8
-0.06738 19.7
-0.06713 19.5
-0.06689 19.2
-0.06665 18.7
-0.0664 18.2
-0.06616 17.6
-0.06591 16.8
-0.06567 16.0
-0.06543 15.0
-0.06518 14.0
-0.06494 12.8
-0.06469 11.6
-0.06445 10.4
-0.06421 9.0
-0.06396 7.6
-0.06372 6.2
-0.06347 4.7
-0.06323 3.2
-0.06298 1.6
-0.06274 0.0
-0.0625 -1.5
-0.06225 -3.1
-0.06201 -4.6
-0.06176 -6.2
-0.06152 -7.7
-0.06128 -9.1
-0.06103 -10.5
-0.06079 -11.9
-0.06054 -13.1
-0.0603 -14.3
-0.06005 -15.4
-0.05981 -16.4
-0.05957 -17.3
-0.05932 -18.2
-0.05908 -18.9
-0.05883 -19.4
-0.05859 -19.9
-0.05835 -20.2
-0.0581 -20.4
-0.05786 -20.5
-0.05761 -20.4
-0.05737 -20.3
-0.05713 -19.9
-0.05688 -19.5
-0.05664 -18.9
-0.05639 -18.2
-0.05615 -17.4
-0.0559 -16.4
-0.05566 -15.4
-0.05542 -14.2
-0.05517 -13.0
-0.05493 -11.6
-0.05468 -10.2
-0.05444 -8.7
-0.0542 -7.1
-0.05395 -5.5
-0.05371 -3.9
-0.05346 -2.2
-0.05322 -0.4
-0.05297 1.3
-0.05273 3.0
-0.05249 4.7
-0.05224 6.4
-0.052 8.0
-0.05175 9.6
-0.05151 11.2
-0.05127 12.6
-0.05102 14.0
-0.05078 15.3
-0.05053 16.5
-0.05029 17.5
-0.05005 18.5
-0.0498 19.3
-0.04956 20.0
-0.04931 20.6
-0.04907 21.0
-0.04882 21.2
-0.04858 21.3
-0.04834 21.3
-0.04809 21.1
-0.04785 20.7
-0.0476 20.2
-0.04736 19.6
-0.04712 18.8
-0.04687 17.8
-0.04663 16.7
-0.04638 15.5
-0.04614 14.2
-0.04589 12.7
-0.04565 11.2
-0.04541 9.5
-0.04516 7.8
-0.04492 6.0
-0.04467 4.2
-0.04443 2.3
-0.04419 0.4
-0.04394 -1.5
-0.0437 -3.4
-0.04345 -5.3
-0.04321 -7.2
-0.04296 -9.0
-0.04272 -10.8
-0.04248 -12.4
-0.04223 -14.0
-0.04199 -15.5
-0.04174 -16.9
-0.0415 -18.1
-0.04126 -19.2
-0.04101 -20.1
-0.04077 -20.9
-0.04052 -21.5
-0.04028 -22.0
-0.04004 -22.3
-0.03979 -22.3
-0.03955 -22.2
-0.0393 -22.0
-0.03906 -21.5
-0.03881 -20.8
-0.03857 -20.0
-0.03833 -19.0
-0.03808 -17.8
-0.03784 -16.5
-0.03759 -15.0
-0.03735 -13.4
-0.03711 -11.6
-0.03686 -9.8
-0.03662 -7.8
-0.03637 -5.8
-0.03613 -3.7
-0.03588 -1.6
-0.03564 0.6
-0.0354 2.8
-0.03515 4.9
-0.03491 7.1
-0.03466 9.1
-0.03442 11.1
-0.03418 13.0
-0.03393 14.8
-0.03369 16.5
-0.03344 18.1
-0.0332 19.4
-0.03296 20.6
-0.03271 21.6
-0.03247 22.4
-0.03222 23.0
-0.03198 23.4
-0.03173 23.6
-0.03149 23.5
-0.03125 23.2
-0.031 22.7
-0.03076 21.9
-0.03051 20.9
-0.03027 19.7
-0.03003 18.3
-0.02978 16.7
-0.02954 14.9
-0.02929 13.0
-0.02905 10.9
-0.0288 8.7
-0.02856 6.3
-0.02832 3.9
-0.02807 1.4
-0.02783 -1.1
-0.02758 -3.6
-0.02734 -6.1
-0.0271 -8.5
-0.02685 -10.9
-0.02661 -13.1
-0.02636 -15.3
-0.02612 -17.3
-0.02588 -19.1
-0.02563 -20.7
-0.02539 -22.1
-0.02514 -23.2
-0.0249 -24.1
-0.02465 -24.7
-0.02441 -25.1
-0.02417 -25.1
-0.02392 -24.8
-0.02368 -24.3
-0.02343 -23.4
-0.02319 -22.3
-0.02295 -20.9
-0.0227 -19.2
-0.02246 -17.2
-0.02221 -15.1
-0.02197 -12.7
-0.02172 -10.1
-0.02148 -7.4
-0.02124 -4.6
-0.02099 -1.6
-0.02075 1.4
-0.0205 4.3
-0.02026 7.3
-0.02002 10.2
-0.01977 13.0
-0.01953 15.6
-0.01928 18.1
-0.01904 20.3
-0.0188 22.3
-0.01855 23.9
-0.01831 25.3
-0.01806 26.3
-0.01782 26.9
-0.01757 27.1
-0.01733 26.9
-0.01709 26.4
-0.01684 25.4
-0.0166 24.0
-0.01635 22.2
-0.01611 20.1
-0.01587 17.6
-0.01562 14.8
-0.01538 11.7
-0.01513 8.4
-0.01489 4.9
-0.01464 1.2
-0.0144 -2.5
-0.01416 -6.2
-0.01391 -9.8
-0.01367 -13.4
-0.01342 -16.7
-0.01318 -19.8
-0.01294 -22.6
-0.01269 -25.0
-0.01245 -27.0
-0.0122 -28.4
-0.01196 -29.4
-0.01171 -29.8
-0.01147 -29.6
-0.01123 -28.8
-0.01098 -27.4
-0.01074 -25.3
-0.01049 -22.7
-0.01025 -19.6
-0.01001 -16.0
-0.00976 -11.9
-0.00952 -7.5
-0.00927 -2.9
-0.00903 2.0
-0.00879 6.9
-0.00854 11.7
-0.0083 16.3
-0.00805 20.6
-0.00781 24.5
-0.00756 27.8
-0.00732 30.5
-0.00708 32.3
-0.00683 33.3
-0.00659 33.3
-0.00634 32.4
-0.0061 30.4
-0.00586 27.4
-0.00561 23.4
-0.00537 18.6
-0.00512 13.0
-0.00488 6.7
-0.00463 0.0
-0.00439 -6.8
-0.00415 -13.7
-0.0039 -20.2
-0.00366 -26.2
-0.00341 -31.2
-0.00317 -35.0
-0.00293 -37.4
-0.00268 -38.1
-0.00244 -37.0
-0.00219 -33.9
-0.00195 -28.9
-0.00171 -22.0
-0.00146 -13.6
-0.00122 -3.9
-0.00097 6.4
-0.00073 16.8
-0.00048 26.4
-0.00024 34.2
0.0 39.5
0.00025 41.3
0.00049 39.3
0.00074 33.1
0.00098 23.4
0.00122 10.9
0.00147 -2.7
0.00171 -15.7
0.00196 -26.4
0.0022 -33.1
0.00245 -34.9
0.00269 -31.6
0.00293 -23.9
0.00318 -13.2
0.00342 -1.4
0.00367 9.6
0.00391 18.0
0.00415 22.6
0.0044 23.1
0.00464 19.6
0.00489 13.2
0.00513 5.4
0.00537 -2.4
0.00562 -8.8
0.00586 -12.8
0.00611 -14.0
0.00635 -12.6
0.0066 -9.1
0.00684 -4.4
0.00708 0.5
0.00733 4.6
0.00757 7.2
0.00782 8.2
0.00806 7.5
0.0083 5.5
0.00855 2.7
0.00879 -0.1
0.00904 -2.6
0.00928 -4.2
0.00953 -4.8
0.00977 -4.4
0.01001 -3.2
0.01026 -1.6
0.0105 0.1
0.01075 1.6
0.01099 2.5
0.01123 2.9
0.01148 2.6
0.01172 1.9
0.01197 0.9
0.01221 -0.1
0.01245 -1.0
0.0127 -1.5
0.01294 -1.7
0.01319 -1.5
0.01343 -1.1
0.01368 -0.5
0.01392 0.0
0.01416 0.6
0.01441 0.9
0.01465 1.0
0.0149 0.9
0.01514 0.6
0.01538 0.3
0.01563 0.0
0.01587 -0.4
0.01612 -0.5
0.01636 -0.6
0.01661 -0.5
0.01685 -0.4
0.01709 -0.2
0.01734 0.0
0.01758 0.2
0.01783 0.3
0.01807 0.4
0.01831 0.3
0.01856 0.2
0.0188 0.0
0.01905 0.0
0.01929 -0.1
0.01954 -0.2
0.01978 -0.2
0.02002 -0.2
0.02027 -0.1
0.02051 0.0
0.02076 0.0
0.021 0.0
0.02124 0.1
0.02149 0.1
0.02173 0.1
0.02198 0.0
0.02222 0.0
0.02246 0.0
0.02271 0.0
0.02295 0.0
0.0232 0.0
0.02344 0.0
0.02369 0.0
0.02393 0.0
0.02417 0.0
0.02442 0.0
0.02466 0.0
0.02491 0.0
0.02515 0.0
0.02539 0.0
0.02564 0.0
0.02588 0.0
0.02613 0.0
0.02637 0.0
0.02662 0.0
0.02686 0.0
0.0271 0.0
0.02735 0.0
0.02759 0.0
0.02784 0.0
0.02808 0.0
0.02832 0.0
0.02857 0.0
0.02881 0.0
0.02906 0.0
0.0293 0.0
0.02954 0.0
0.02979 0.0
0.03003 0.0
0.03028 0.0
0.03052 0.0
0.03077 0.0
0.03101 0.0
0.03125 0.0
0.0315 0.0
0.03174 0.0
0.03199 0.0
0.03223 0.0
0.03247 0.0
0.03272 0.0
0.03296 0.0
0.03321 0.0
0.03345 0.0
0.0337 0.0
0.03394 0.0
0.03418 0.0
0.03443 0.0
0.03467 0.0
0.03492 0.0
0.03516 0.0
0.0354 0.0
0.03565 0.0
0.03589 0.0
0.03614 0.0
0.03638 0.0
0.03662 0.0
0.03687 0.0
0.03711 0.0
0.03736 0.0
0.0376 0.0
0.03785 0.0
0.03809 0.0
0.03833 0.0
0.03858 0.0
0.03882 0.0
0.03907 0.0
0.03931 0.0
0.03955 0.0
0.0398 0.0
0.04004 0.0
0.04029 0.0
0.04053 0.0
0.04078 0.0
0.04102 0.0
0.04126 0.0
0.04151 0.0
0.04175 0.0
0.042 0.0
0.04224 0.0
0.04248 0.0
0.04273 0.0
0.04297 0.0
0.04322 0.0
0.04346 0.0
0.0437 0.0
0.04395 0.0
0.04419 0.0
0.04444 0.0
0.04468 0.0
0.04493 0.0
0.04517 0.0
0.04541 0.0
0.04566 0.0
0.0459 0.0
0.04615 0.0
0.04639 0.0
0.04663 0.0
0.04688 0.0
0.04712 0.0
0.04737 0.0
0.04761 0.0
0.04786 0.0
0.0481 0.0
0.04834 0.0
0.04859 0.0
0.04883 0.0
0.04908 0.0
0.04932 0.0
0.04956 0.0
0.04981 0.0
0.05005 0.0
0.0503 0.0
0.05054 0.0
0.05079 0.0
0.05103 0.0
0.05127 0.0
0.05152 0.0
0.05176 0.0
0.05201 0.0
0.05225 0.0
0.05249 0.0
0.05274 0.0
0.05298 0.0
0.05323 0.0
0.05347 0.0
0.05371 0.0
0.05396 0.0
0.0542 0.0
0.05445 0.0
0.05469 0.0
0.05494 0.0
0.05518 0.0
0.05542 0.0
0.05567 0.0
0.05591 0.0
0.05616 0.0
0.0564 0.0
0.05664 0.0
0.05689 0.0
0.05713 0.0
0.05738 0.0
0.05762 0.0
0.05787 0.0
0.05811 0.0
0.05835 0.0
0.0586 0.0
0.05884 0.0
0.05909 0.0
0.05933 0.0
0.05957 0.0
0.05982 0.0
0.06006 0.0
0.06031 0.0
0.06055 0.0
0.06079 0.0
0.06104 0.0
0.06128 0.0
0.06153 0.0
0.06177 0.0
0.06202 0.0
0.06226 0.0
0.0625 0.0
0.06275 0.0
0.06299 0.0
0.06324 0.0
0.06348 0.0
0.06372 0.0
0.06397 0.0
0.06421 0.0
0.06446 0.0
0.0647 0.0
0.06495 0.0
0.06519 0.0
0.06543 0.0
0.06568 0.0
0.06592 0.0
0.06617 0.0
0.06641 0.0
0.06665 0.0
0.0669 0.0
0.06714 0.0
0.06739 0.0
0.06763 0.0
0.06787 0.0
0.06812 0.0
0.06836 0.0
0.06861 0.0
0.06885 0.0
0.0691 0.0
0.06934 0.0
0.06958 0.0
0.06983 0.0
0.07007 0.0
0.07032 0.0
0.07056 0.0
0.0708 0.0
0.07105 0.0
0.07129 0.0
0.07154 0.0
0.07178 0.0
0.07203 0.0
0.07227 0.0
0.07251 0.0
0.07276 0.0
0.073 0.0
0.07325 0.0
0.07349 0.0
0.07373 0.0
0.07398 0.0
0.07422 0.0
0.07447 0.0
0.07471 0.0
0.07495 0.0
0.0752 0.0
0.07544 0.0
0.07569 0.0
0.07593 0.0
0.07618 0.0
0.07642 0.0
0.07666 0.0
0.07691 0.0
0.07715 0.0
0.0774 0.0
0.07764 0.0
0.07788 0.0
0.07813 0.0
0.07837 0.0
0.07862 0.0
0.07886 0.0
0.07911 0.0
0.07935 0.0
0.07959 0.0
0.07984 0.0
0.08008 0.0
0.08033 0.0
0.08057 0.0
0.08081 0.0
0.08106 0.0
0.0813 0.0
0.08155 0.0
0.08179 0.0
0.08204 0.0
0.08228 0.0
0.08252 0.0
0.08277 0.0
0.08301 0.0
0.08326 0.0
0.0835 0.0
0.08374 0.0
0.08399 0.0
0.08423 0.0
0.08448 0.0
0.08472 0.0
0.08496 0.0
0.08521 0.0
0.08545 0.0
0.0857 0.0
0.08594 0.0
0.08619 0.0
0.08643 0.0
0.08667 0.0
0.08692 0.0
0.08716 0.0
0.08741 0.0
0.08765 0.0
0.08789 0.0
0.08814 0.0
0.08838 0.0
0.08863 0.0
0.08887 0.0
0.08912 0.0
0.08936 0.0
0.0896 0.0
0.08985 0.0
0.09009 0.0
0.09034 0.0
0.09058 0.0
0.09082 0.0
0.09107 0.0
0.09131 0.0
0.09156 0.0
0.0918 0.0
0.09204 0.0
0.09229 0.0
0.09253 0.0
0.09278 0.0
0.09302 0.0
0.09327 0.0
0.09351 0.0
0.09375 0.0
0.094 0.0
0.09424 0.0
0.09449 0.0
0.09473 0.0
0.09497 0.0
0.09522 0.0
0.09546 0.0
0.09571 0.0
0.09595 0.0
0.0962 0.0
0.09644 0.0
0.09668 0.0
0.09693 0.0
0.09717 0.0
0.09742 0.0
0.09766 0.0
0.0979 0.0
0.09815 0.0
0.09839 0.0
0.09864 0.0
0.09888 0.0
0.09912 0.0
0.09937 0.0
0.09961 0.0
0.09986 0.0
0.1001 0.0
0.10035 0.0
0.10059 0.0
0.10083 0.0
0.10108 0.0
0.10132 0.0
0.10157 0.0
0.10181 0.0
0.10205 0.0
0.1023 0.0
0.10254 0.0
0.10279 0.0
0.10303 0.0
0.10328 0.0
0.10352 0.0
0.10376 0.0
0.10401 0.0
0.10425 0.0
0.1045 0.0
0.10474 0.0
0.10498 0.0
0.10523 0.0
0.10547 0.0
0.10572 0.0
0.10596 0.0
0.1062 0.0
0.10645 0.0
0.10669 0.0
0.10694 0.0
0.10718 0.0
0.10743 0.0
0.10767 0.0
0.10791 0.0
0.10816 0.0
0.1084 0.0
0.10865 0.0
0.10889 0.0
0.10913 0.0
0.10938 0.0
0.10962 0.0
0.10987 0.0
0.11011 0.0
0.11036 0.0
0.1106 0.0
0.11084 0.0
0.11109 0.0
0.11133 0.0
0.11158 0.0
0.11182 0.0
0.11206 0.0
0.11231 0.0
0.11255 0.0
0.1128 0.0
0.11304 0.0
0.11329 0.0
0.11353 0.0
0.11377 0.0
0.11402 0.0
0.11426 0.0
0.11451 0.0
0.11475 0.0
0.11499 0.0
0.11524 0.0
0.11548 0.0
0.11573 0.0
0.11597 0.0
0.11621 0.0
0.11646 0.0
0.1167 0.0
0.11695 0.0
0.11719 0.0
0.11744 0.0
0.11768 0.0
0.11792 0.0
0.11817 0.0
0.11841 0.0
0.11866 0.0
0.1189 0.0
0.11914 0.0
0.11939 0.0
0.11963 0.0
0.11988 0.0
0.12012 0.0
0.12037 0.0
0.12061 0.0
0.12085 0.0
0.1211 0.0
0.12134 0.0
0.12159 0.0
0.12183 0.0
0.12207 0.0
0.12232 0.0
0.12256 0.0
0.12281 0.0
0.12305 0.0
0.12329 0.0
0.12354 0.0
0.12378 0.0
0.12403 0.0
0.12427 0.0
0.12452 0.0
0.12476 0.0
0.125 0.0
0.12525 0.0
0.12549 0.0
0.12574 0.0
0.12598 0.0
0.12622 0.0
0.12647 0.0
0.12671 0.0
0.12696 0.0
0.1272 0.0
0.12745 0.0
0.12769 0.0
0.12793 0.0
0.12818 0.0
0.12842 0.0
0.12867 0.0
0.12891 0.0
0.12915 0.0
0.1294 0.0
0.12964 0.0
0.12989 0.0
0.13013 0.0
0.13037 0.0
0.13062 0.0
0.13086 0.0
0.13111 0.0
0.13135 0.0
0.1316 0.0
0.13184 0.0
0.13208 0.0
