t strain*1e23
-0.40415 -25.7
-0.4039 -25.4
-0.40366 -25.1
-0.40342 -24.7
-0.40317 -24.4
-0.40293 -23.9
-0.40268 -23.5
-0.40244 -23.0
-0.40219 -22.5
-0.40195 -21.9
-0.40171 -21.3
-0.40146 -20.7
-0.40122 -20.1
-0.40097 -19.4
-0.40073 -18.7
-0.40049 -18.0
-0.40024 -17.2
-0.4 -16.4
-0.39975 -15.6
-0.39951 -14.8
-0.39927 -13.9
-0.39902 -13.0
-0.39878 -12.1
-0.39853 -11.2
-0.39829 -10.3
-0.39804 -9.3
-0.3978 -8.3
-0.39756 -7.4
-0.39731 -6.4
-0.39707 -5.4
-0.39682 -4.4
-0.39658 -3.3
-0.39634 -2.3
-0.39609 -1.3
-0.39585 -0.3
-0.3956 0.8
-0.39536 1.8
-0.39511 2.8
-0.39487 3.8
-0.39463 4.9
-0.39438 5.9
-0.39414 6.9
-0.39389 7.9
-0.39365 8.8
-0.39341 9.8
-0.39316 10.8
-0.39292 11.7
-0.39267 12.6
-0.39243 13.5
-0.39219 14.4
-0.39194 15.3
-0.3917 16.1
-0.39145 16.9
-0.39121 17.7
-0.39096 18.5
-0.39072 19.2
-0.39048 19.9
-0.39023 20.6
-0.38999 21.2
-0.38974 21.9
-0.3895 22.4
-0.38926 23.0
-0.38901 23.5
-0.38877 24.0
-0.38852 24.4
-0.38828 24.8
-0.38803 25.2
-0.38779 25.5
-0.38755 25.8
-0.3873 26.1
-0.38706 26.3
-0.38681 26.5
-0.38657 26.6
-0.38633 26.7
-0.38608 26.7
-0.38584 26.8
-0.38559 26.7
-0.38535 26.7
-0.38511 26.6
-0.38486 26.4
-0.38462 26.2
-0.38437 26.0
-0.38413 25.7
-0.38388 25.4
-0.38364 25.1
-0.3834 24.7
-0.38315 24.3
-0.38291 23.8
-0.38266 23.3
-0.38242 22.8
-0.38218 22.2
-0.38193 21.6
-0.38169 21.0
-0.38144 20.3
-0.3812 19.6
-0.38095 18.9
-0.38071 18.1
-0.38047 17.3
-0.38022 16.5
-0.37998 15.6
-0.37973 14.8
-0.37949 13.9
-0.37925 13.0
-0.379 12.1
-0.37876 11.1
-0.37851 10.1
-0.37827 9.2
-0.37803 8.2
-0.37778 7.1
-0.37754 6.1
-0.37729 5.1
-0.37705 4.1
-0.3768 3.0
-0.37656 2.0
-0.37632 0.9
-0.37607 -0.2
-0.37583 -1.2
-0.37558 -2.3
-0.37534 -3.3
-0.3751 -4.4
-0.37485 -5.4
-0.37461 -6.5
-0.37436 -7.5
-0.37412 -8.5
-0.37387 -9.5
-0.37363 -10.5
-0.37339 -11.5
-0.37314 -12.4
-0.3729 -13.3
-0.37265 -14.3
-0.37241 -15.2
-0.37217 -16.0
-0.37192 -16.9
-0.37168 -17.7
-0.37143 -18.5
-0.37119 -19.2
-0.37094 -20.0
-0.3707 -20.7
-0.37046 -21.4
-0.37021 -22.0
-0.36997 -22.6
-0.36972 -23.2
-0.36948 -23.7
-0.36924 -24.2
-0.36899 -24.7
-0.36875 -25.1
-0.3685 -25.5
-0.36826 -25.8
-0.36802 -26.1
-0.36777 -26.4
-0.36753 -26.6
-0.36728 -26.8
-0.36704 -26.9
-0.36679 -27.0
-0.36655 -27.1
-0.36631 -27.1
-0.36606 -27.0
-0.36582 -27.0
-0.36557 -26.8
-0.36533 -26.7
-0.36509 -26.5
-0.36484 -26.2
-0.3646 -25.9
-0.36435 -25.6
-0.36411 -25.2
-0.36386 -24.8
-0.36362 -24.4
-0.36338 -23.9
-0.36313 -23.4
-0.36289 -22.8
-0.36264 -22.2
-0.3624 -21.6
-0.36216 -20.9
-0.36191 -20.2
-0.36167 -19.5
-0.36142 -18.7
-0.36118 -17.9
-0.36094 -17.1
-0.36069 -16.3
-0.36045 -15.4
-0.3602 -14.5
-0.35996 -13.6
-0.35971 -12.6
-0.35947 -11.6
-0.35923 -10.6
-0.35898 -9.6
-0.35874 -8.6
-0.35849 -7.6
-0.35825 -6.5
-0.35801 -5.5
-0.35776 -4.4
-0.35752 -3.3
-0.35727 -2.3
-0.35703 -1.2
-0.35678 0.0
-0.35654 1.0
-0.3563 2.1
-0.35605 3.2
-0.35581 4.3
-0.35556 5.3
-0.35532 6.4
-0.35508 7.5
-0.35483 8.5
-0.35459 9.5
-0.35434 10.6
-0.3541 11.6
-0.35386 12.5
-0.35361 13.5
-0.35337 14.4
-0.35312 15.4
-0.35288 16.3
-0.35263 17.1
-0.35239 18.0
-0.35215 18.8
-0.3519 19.6
-0.35166 20.3
-0.35141 21.0
-0.35117 21.7
-0.35093 22.4
-0.35068 23.0
-0.35044 23.6
-0.35019 24.1
-0.34995 24.6
-0.3497 25.1
-0.34946 25.5
-0.34922 25.9
-0.34897 26.2
-0.34873 26.5
-0.34848 26.8
-0.34824 27.0
-0.348 27.2
-0.34775 27.3
-0.34751 27.4
-0.34726 27.4
-0.34702 27.4
-0.34678 27.3
-0.34653 27.2
-0.34629 27.1
-0.34604 26.9
-0.3458 26.7
-0.34555 26.4
-0.34531 26.1
-0.34507 25.7
-0.34482 25.3
-0.34458 24.8
-0.34433 24.3
-0.34409 23.8
-0.34385 23.3
-0.3436 22.6
-0.34336 22.0
-0.34311 21.3
-0.34287 20.6
-0.34262 19.9
-0.34238 19.1
-0.34214 18.3
-0.34189 17.4
-0.34165 16.5
-0.3414 15.6
-0.34116 14.7
-0.34092 13.8
-0.34067 12.8
-0.34043 11.8
-0.34018 10.8
-0.33994 9.7
-0.33969 8.7
-0.33945 7.6
-0.33921 6.5
-0.33896 5.4
-0.33872 4.3
-0.33847 3.2
-0.33823 2.1
-0.33799 1.0
-0.33774 -0.1
-0.3375 -1.3
-0.33725 -2.4
-0.33701 -3.5
-0.33677 -4.6
-0.33652 -5.7
-0.33628 -6.8
-0.33603 -7.9
-0.33579 -9.0
-0.33554 -10.0
-0.3353 -11.1
-0.33506 -12.1
-0.33481 -13.1
-0.33457 -14.1
-0.33432 -15.1
-0.33408 -16.0
-0.33384 -16.9
-0.33359 -17.8
-0.33335 -18.7
-0.3331 -19.5
-0.33286 -20.3
-0.33261 -21.0
-0.33237 -21.7
-0.33213 -22.4
-0.33188 -23.1
-0.33164 -23.7
-0.33139 -24.3
-0.33115 -24.8
-0.33091 -25.3
-0.33066 -25.7
-0.33042 -26.1
-0.33017 -26.5
-0.32993 -26.8
-0.32969 -27.1
-0.32944 -27.3
-0.3292 -27.5
-0.32895 -27.6
-0.32871 -27.7
-0.32846 -27.7
-0.32822 -27.7
-0.32798 -27.7
-0.32773 -27.6
-0.32749 -27.4
-0.32724 -27.2
-0.327 -27.0
-0.32676 -26.7
-0.32651 -26.4
-0.32627 -26.0
-0.32602 -25.6
-0.32578 -25.1
-0.32553 -24.6
-0.32529 -24.0
-0.32505 -23.4
-0.3248 -22.8
-0.32456 -22.1
-0.32431 -21.4
-0.32407 -20.7
-0.32383 -19.9
-0.32358 -19.1
-0.32334 -18.2
-0.32309 -17.3
-0.32285 -16.4
-0.32261 -15.5
-0.32236 -14.5
-0.32212 -13.5
-0.32187 -12.5
-0.32163 -11.4
-0.32138 -10.4
-0.32114 -9.3
-0.3209 -8.2
-0.32065 -7.1
-0.32041 -6.0
-0.32016 -4.8
-0.31992 -3.7
-0.31968 -2.5
-0.31943 -1.4
-0.31919 -0.2
-0.31894 1.0
-0.3187 2.1
-0.31845 3.3
-0.31821 4.4
-0.31797 5.6
-0.31772 6.7
-0.31748 7.8
-0.31723 8.9
-0.31699 10.0
-0.31675 11.1
-0.3165 12.2
-0.31626 13.2
-0.31601 14.2
-0.31577 15.2
-0.31553 16.2
-0.31528 17.2
-0.31504 18.1
-0.31479 18.9
-0.31455 19.8
-0.3143 20.6
-0.31406 21.4
-0.31382 22.1
-0.31357 22.8
-0.31333 23.5
-0.31308 24.1
-0.31284 24.7
-0.3126 25.2
-0.31235 25.7
-0.31211 26.2
-0.31186 26.6
-0.31162 27.0
-0.31137 27.3
-0.31113 27.5
-0.31089 27.7
-0.31064 27.9
-0.3104 28.0
-0.31015 28.1
-0.30991 28.1
-0.30967 28.1
-0.30942 28.0
-0.30918 27.9
-0.30893 27.7
-0.30869 27.5
-0.30844 27.2
-0.3082 26.9
-0.30796 26.5
-0.30771 26.1
-0.30747 25.6
-0.30722 25.1
-0.30698 24.5
-0.30674 23.9
-0.30649 23.3
-0.30625 22.6
-0.306 21.9
-0.30576 21.1
-0.30552 20.3
-0.30527 19.4
-0.30503 18.6
-0.30478 17.7
-0.30454 16.7
-0.30429 15.7
-0.30405 14.7
-0.30381 13.7
-0.30356 12.7
-0.30332 11.6
-0.30307 10.5
-0.30283 9.4
-0.30259 8.2
-0.30234 7.1
-0.3021 5.9
-0.30185 4.7
-0.30161 3.5
-0.30136 2.4
-0.30112 1.2
-0.30088 0.0
-0.30063 -1.2
-0.30039 -2.4
-0.30014 -3.6
-0.2999 -4.8
-0.29966 -6.0
-0.29941 -7.2
-0.29917 -8.4
-0.29892 -9.5
-0.29868 -10.6
-0.29844 -11.7
-0.29819 -12.8
-0.29795 -13.9
-0.2977 -14.9
-0.29746 -16.0
-0.29721 -16.9
-0.29697 -17.9
-0.29673 -18.8
-0.29648 -19.7
-0.29624 -20.6
-0.29599 -21.4
-0.29575 -22.2
-0.29551 -22.9
-0.29526 -23.6
-0.29502 -24.3
-0.29477 -24.9
-0.29453 -25.5
-0.29428 -26.0
-0.29404 -26.5
-0.2938 -26.9
-0.29355 -27.3
-0.29331 -27.6
-0.29306 -27.9
-0.29282 -28.1
-0.29258 -28.3
-0.29233 -28.4
-0.29209 -28.5
-0.29184 -28.5
-0.2916 -28.5
-0.29136 -28.4
-0.29111 -28.2
-0.29087 -28.1
-0.29062 -27.8
-0.29038 -27.5
-0.29013 -27.2
-0.28989 -26.8
-0.28965 -26.3
-0.2894 -25.8
-0.28916 -25.3
-0.28891 -24.7
-0.28867 -24.1
-0.28843 -23.4
-0.28818 -22.7
-0.28794 -21.9
-0.28769 -21.1
-0.28745 -20.3
-0.2872 -19.4
-0.28696 -18.5
-0.28672 -17.5
-0.28647 -16.5
-0.28623 -15.5
-0.28598 -14.4
-0.28574 -13.4
-0.2855 -12.3
-0.28525 -11.1
-0.28501 -10.0
-0.28476 -8.8
-0.28452 -7.6
-0.28428 -6.4
-0.28403 -5.2
-0.28379 -4.0
-0.28354 -2.8
-0.2833 -1.5
-0.28305 -0.3
-0.28281 1.0
-0.28257 2.2
-0.28232 3.5
-0.28208 4.7
-0.28183 5.9
-0.28159 7.1
-0.28135 8.3
-0.2811 9.5
-0.28086 10.7
-0.28061 11.8
-0.28037 13.0
-0.28012 14.1
-0.27988 15.2
-0.27964 16.2
-0.27939 17.2
-0.27915 18.2
-0.2789 19.2
-0.27866 20.1
-0.27842 21.0
-0.27817 21.8
-0.27793 22.6
-0.27768 23.4
-0.27744 24.1
-0.27719 24.8
-0.27695 25.4
-0.27671 26.0
-0.27646 26.5
-0.27622 27.0
-0.27597 27.4
-0.27573 27.8
-0.27549 28.1
-0.27524 28.4
-0.275 28.6
-0.27475 28.7
-0.27451 28.8
-0.27427 28.9
-0.27402 28.9
-0.27378 28.8
-0.27353 28.7
-0.27329 28.5
-0.27304 28.3
-0.2728 28.0
-0.27256 27.7
-0.27231 27.3
-0.27207 26.9
-0.27182 26.4
-0.27158 25.8
-0.27134 25.2
-0.27109 24.6
-0.27085 23.9
-0.2706 23.1
-0.27036 22.3
-0.27011 21.5
-0.26987 20.6
-0.26963 19.7
-0.26938 18.8
-0.26914 17.8
-0.26889 16.8
-0.26865 15.7
-0.26841 14.6
-0.26816 13.5
-0.26792 12.4
-0.26767 11.2
-0.26743 10.0
-0.26719 8.8
-0.26694 7.6
-0.2667 6.3
-0.26645 5.1
-0.26621 3.8
-0.26596 2.5
-0.26572 1.2
-0.26548 0.0
-0.26523 -1.3
-0.26499 -2.6
-0.26474 -3.9
-0.2645 -5.2
-0.26426 -6.5
-0.26401 -7.7
-0.26377 -8.9
-0.26352 -10.2
-0.26328 -11.4
-0.26303 -12.6
-0.26279 -13.7
-0.26255 -14.8
-0.2623 -16.0
-0.26206 -17.0
-0.26181 -18.1
-0.26157 -19.1
-0.26133 -20.0
-0.26108 -21.0
-0.26084 -21.9
-0.26059 -22.7
-0.26035 -23.5
-0.26011 -24.3
-0.25986 -25.0
-0.25962 -25.6
-0.25937 -26.2
-0.25913 -26.8
-0.25888 -27.3
-0.25864 -27.7
-0.2584 -28.1
-0.25815 -28.5
-0.25791 -28.8
-0.25766 -29.0
-0.25742 -29.1
-0.25718 -29.3
-0.25693 -29.3
-0.25669 -29.3
-0.25644 -29.2
-0.2562 -29.1
-0.25595 -28.9
-0.25571 -28.7
-0.25547 -28.4
-0.25522 -28.0
-0.25498 -27.6
-0.25473 -27.1
-0.25449 -26.6
-0.25425 -26.0
-0.254 -25.4
-0.25376 -24.7
-0.25351 -24.0
-0.25327 -23.2
-0.25303 -22.4
-0.25278 -21.5
-0.25254 -20.6
-0.25229 -19.6
-0.25205 -18.6
-0.2518 -17.6
-0.25156 -16.5
-0.25132 -15.4
-0.25107 -14.2
-0.25083 -13.0
-0.25058 -11.8
-0.25034 -10.6
-0.2501 -9.4
-0.24985 -8.1
-0.24961 -6.8
-0.24936 -5.5
-0.24912 -4.2
-0.24887 -2.9
-0.24863 -1.5
-0.24839 -0.2
-0.24814 1.1
-0.2479 2.5
-0.24765 3.8
-0.24741 5.1
-0.24717 6.4
-0.24692 7.7
-0.24668 9.0
-0.24643 10.3
-0.24619 11.6
-0.24594 12.8
-0.2457 14.0
-0.24546 15.2
-0.24521 16.3
-0.24497 17.4
-0.24472 18.5
-0.24448 19.5
-0.24424 20.5
-0.24399 21.5
-0.24375 22.4
-0.2435 23.3
-0.24326 24.1
-0.24302 24.9
-0.24277 25.6
-0.24253 26.2
-0.24228 26.8
-0.24204 27.4
-0.24179 27.9
-0.24155 28.3
-0.24131 28.7
-0.24106 29.1
-0.24082 29.3
-0.24057 29.5
-0.24033 29.7
-0.24009 29.7
-0.23984 29.8
-0.2396 29.7
-0.23935 29.6
-0.23911 29.4
-0.23886 29.2
-0.23862 28.9
-0.23838 28.5
-0.23813 28.1
-0.23789 27.7
-0.23764 27.1
-0.2374 26.5
-0.23716 25.9
-0.23691 25.2
-0.23667 24.4
-0.23642 23.6
-0.23618 22.7
-0.23594 21.8
-0.23569 20.9
-0.23545 19.9
-0.2352 18.8
-0.23496 17.7
-0.23471 16.6
-0.23447 15.5
-0.23423 14.3
-0.23398 13.0
-0.23374 11.8
-0.23349 10.5
-0.23325 9.2
-0.23301 7.9
-0.23276 6.5
-0.23252 5.2
-0.23227 3.8
-0.23203 2.4
-0.23178 1.0
-0.23154 -0.4
-0.2313 -1.8
-0.23105 -3.1
-0.23081 -4.5
-0.23056 -5.9
-0.23032 -7.3
-0.23008 -8.6
-0.22983 -9.9
-0.22959 -11.3
-0.22934 -12.5
-0.2291 -13.8
-0.22886 -15.0
-0.22861 -16.2
-0.22837 -17.4
-0.22812 -18.5
-0.22788 -19.6
-0.22763 -20.7
-0.22739 -21.7
-0.22715 -22.6
-0.2269 -23.5
-0.22666 -24.4
-0.22641 -25.2
-0.22617 -26.0
-0.22593 -26.7
-0.22568 -27.3
-0.22544 -27.9
-0.22519 -28.4
-0.22495 -28.8
-0.2247 -29.2
-0.22446 -29.6
-0.22422 -29.8
-0.22397 -30.0
-0.22373 -30.2
-0.22348 -30.2
-0.22324 -30.2
-0.223 -30.2
-0.22275 -30.0
-0.22251 -29.8
-0.22226 -29.6
-0.22202 -29.2
-0.22178 -28.9
-0.22153 -28.4
-0.22129 -27.9
-0.22104 -27.3
-0.2208 -26.6
-0.22055 -25.9
-0.22031 -25.2
-0.22007 -24.3
-0.21982 -23.5
-0.21958 -22.5
-0.21933 -21.6
-0.21909 -20.5
-0.21885 -19.5
-0.2186 -18.3
-0.21836 -17.2
-0.21811 -16.0
-0.21787 -14.7
-0.21762 -13.5
-0.21738 -12.2
-0.21714 -10.8
-0.21689 -9.5
-0.21665 -8.1
-0.2164 -6.7
-0.21616 -5.3
-0.21592 -3.8
-0.21567 -2.4
-0.21543 -0.9
-0.21518 0.5
-0.21494 2.0
-0.21469 3.4
-0.21445 4.8
-0.21421 6.3
-0.21396 7.7
-0.21372 9.1
-0.21347 10.5
-0.21323 11.8
-0.21299 13.2
-0.21274 14.5
-0.2125 15.8
-0.21225 17.0
-0.21201 18.2
-0.21177 19.4
-0.21152 20.5
-0.21128 21.5
-0.21103 22.6
-0.21079 23.5
-0.21054 24.5
-0.2103 25.3
-0.21006 26.1
-0.20981 26.9
-0.20957 27.6
-0.20932 28.2
-0.20908 28.7
-0.20884 29.2
-0.20859 29.7
-0.20835 30.0
-0.2081 30.3
-0.20786 30.5
-0.20761 30.7
-0.20737 30.8
-0.20713 30.8
-0.20688 30.7
-0.20664 30.6
-0.20639 30.4
-0.20615 30.1
-0.20591 29.7
-0.20566 29.3
-0.20542 28.8
-0.20517 28.3
-0.20493 27.6
-0.20469 27.0
-0.20444 26.2
-0.2042 25.4
-0.20395 24.5
-0.20371 23.6
-0.20346 22.6
-0.20322 21.6
-0.20298 20.5
-0.20273 19.3
-0.20249 18.1
-0.20224 16.9
-0.202 15.6
-0.20176 14.3
-0.20151 13.0
-0.20127 11.6
-0.20102 10.2
-0.20078 8.7
-0.20053 7.3
-0.20029 5.8
-0.20005 4.3
-0.1998 2.8
-0.19956 1.3
-0.19931 -0.2
-0.19907 -1.7
-0.19883 -3.2
-0.19858 -4.7
-0.19834 -6.2
-0.19809 -7.7
-0.19785 -9.2
-0.19761 -10.6
-0.19736 -12.1
-0.19712 -13.4
-0.19687 -14.8
-0.19663 -16.1
-0.19638 -17.4
-0.19614 -18.7
-0.1959 -19.9
-0.19565 -21.0
-0.19541 -22.2
-0.19516 -23.2
-0.19492 -24.2
-0.19468 -25.2
-0.19443 -26.0
-0.19419 -26.9
-0.19394 -27.6
-0.1937 -28.3
-0.19345 -28.9
-0.19321 -29.5
-0.19297 -30.0
-0.19272 -30.4
-0.19248 -30.7
-0.19223 -31.0
-0.19199 -31.2
-0.19175 -31.3
-0.1915 -31.3
-0.19126 -31.3
-0.19101 -31.2
-0.19077 -31.0
-0.19053 -30.7
-0.19028 -30.3
-0.19004 -29.9
-0.18979 -29.4
-0.18955 -28.9
-0.1893 -28.2
-0.18906 -27.5
-0.18882 -26.7
-0.18857 -25.9
-0.18833 -25.0
-0.18808 -24.0
-0.18784 -22.9
-0.1876 -21.9
-0.18735 -20.7
-0.18711 -19.5
-0.18686 -18.2
-0.18662 -17.0
-0.18637 -15.6
-0.18613 -14.2
-0.18589 -12.8
-0.18564 -11.4
-0.1854 -9.9
-0.18515 -8.4
-0.18491 -6.8
-0.18467 -5.3
-0.18442 -3.7
-0.18418 -2.1
-0.18393 -0.6
-0.18369 1.0
-0.18344 2.6
-0.1832 4.2
-0.18296 5.8
-0.18271 7.3
-0.18247 8.9
-0.18222 10.4
-0.18198 11.9
-0.18174 13.3
-0.18149 14.8
-0.18125 16.2
-0.181 17.5
-0.18076 18.9
-0.18052 20.1
-0.18027 21.3
-0.18003 22.5
-0.17978 23.6
-0.17954 24.7
-0.17929 25.7
-0.17905 26.6
-0.17881 27.4
-0.17856 28.2
-0.17832 28.9
-0.17807 29.6
-0.17783 30.2
-0.17759 30.6
-0.17734 31.1
-0.1771 31.4
-0.17685 31.6
-0.17661 31.8
-0.17636 31.9
-0.17612 31.9
-0.17588 31.8
-0.17563 31.7
-0.17539 31.4
-0.17514 31.1
-0.1749 30.7
-0.17466 30.2
-0.17441 29.6
-0.17417 29.0
-0.17392 28.3
-0.17368 27.5
-0.17344 26.6
-0.17319 25.7
-0.17295 24.7
-0.1727 23.6
-0.17246 22.5
-0.17221 21.3
-0.17197 20.0
-0.17173 18.7
-0.17148 17.4
-0.17124 15.9
-0.17099 14.5
-0.17075 13.0
-0.17051 11.5
-0.17026 9.9
-0.17002 8.3
-0.16977 6.7
-0.16953 5.1
-0.16928 3.5
-0.16904 1.8
-0.1688 0.2
-0.16855 -1.5
-0.16831 -3.2
-0.16806 -4.8
-0.16782 -6.5
-0.16758 -8.1
-0.16733 -9.7
-0.16709 -11.3
-0.16684 -12.8
-0.1666 -14.4
-0.16636 -15.9
-0.16611 -17.3
-0.16587 -18.7
-0.16562 -20.0
-0.16538 -21.3
-0.16513 -22.6
-0.16489 -23.8
-0.16465 -24.9
-0.1644 -25.9
-0.16416 -26.9
-0.16391 -27.8
-0.16367 -28.7
-0.16343 -29.4
-0.16318 -30.1
-0.16294 -30.7
-0.16269 -31.2
-0.16245 -31.7
-0.1622 -32.0
-0.16196 -32.3
-0.16172 -32.4
-0.16147 -32.5
-0.16123 -32.5
-0.16098 -32.4
-0.16074 -32.2
-0.1605 -32.0
-0.16025 -31.6
-0.16001 -31.1
-0.15976 -30.6
-0.15952 -30.0
-0.15928 -29.3
-0.15903 -28.5
-0.15879 -27.6
-0.15854 -26.7
-0.1583 -25.7
-0.15805 -24.6
-0.15781 -23.4
-0.15757 -22.2
-0.15732 -20.9
-0.15708 -19.5
-0.15683 -18.1
-0.15659 -16.6
-0.15635 -15.1
-0.1561 -13.6
-0.15586 -12.0
-0.15561 -10.3
-0.15537 -8.7
-0.15512 -7.0
-0.15488 -5.3
-0.15464 -3.5
-0.15439 -1.8
-0.15415 0.0
-0.1539 1.7
-0.15366 3.4
-0.15342 5.2
-0.15317 6.9
-0.15293 8.6
-0.15268 10.3
-0.15244 12.0
-0.15219 13.6
-0.15195 15.2
-0.15171 16.7
-0.15146 18.2
-0.15122 19.7
-0.15097 21.1
-0.15073 22.4
-0.15049 23.7
-0.15024 24.9
-0.15 26.1
-0.14975 27.1
-0.14951 28.1
-0.14927 29.0
-0.14902 29.9
-0.14878 30.6
-0.14853 31.2
-0.14829 31.8
-0.14804 32.3
-0.1478 32.7
-0.14756 32.9
-0.14731 33.1
-0.14707 33.2
-0.14682 33.2
-0.14658 33.1
-0.14634 32.9
-0.14609 32.6
-0.14585 32.2
-0.1456 31.7
-0.14536 31.1
-0.14511 30.5
-0.14487 29.7
-0.14463 28.8
-0.14438 27.9
-0.14414 26.9
-0.14389 25.8
-0.14365 24.6
-0.14341 23.3
-0.14316 22.0
-0.14292 20.6
-0.14267 19.1
-0.14243 17.6
-0.14219 16.0
-0.14194 14.4
-0.1417 12.7
-0.14145 11.0
-0.14121 9.3
-0.14096 7.5
-0.14072 5.7
-0.14048 3.9
-0.14023 2.0
-0.13999 0.2
-0.13974 -1.7
-0.1395 -3.5
-0.13926 -5.4
-0.13901 -7.2
-0.13877 -9.0
-0.13852 -10.8
-0.13828 -12.5
-0.13803 -14.2
-0.13779 -15.9
-0.13755 -17.5
-0.1373 -19.1
-0.13706 -20.6
-0.13681 -22.1
-0.13657 -23.5
-0.13633 -24.8
-0.13608 -26.0
-0.13584 -27.2
-0.13559 -28.3
-0.13535 -29.3
-0.13511 -30.2
-0.13486 -31.0
-0.13462 -31.8
-0.13437 -32.4
-0.13413 -32.9
-0.13388 -33.3
-0.13364 -33.7
-0.1334 -33.9
-0.13315 -34.0
-0.13291 -34.0
-0.13266 -33.9
-0.13242 -33.7
-0.13218 -33.4
-0.13193 -32.9
-0.13169 -32.4
-0.13144 -31.8
-0.1312 -31.0
-0.13095 -30.2
-0.13071 -29.3
-0.13047 -28.3
-0.13022 -27.2
-0.12998 -26.0
-0.12973 -24.7
-0.12949 -23.3
-0.12925 -21.9
-0.129 -20.4
-0.12876 -18.8
-0.12851 -17.1
-0.12827 -15.4
-0.12803 -13.7
-0.12778 -11.9
-0.12754 -10.0
-0.12729 -8.2
-0.12705 -6.2
-0.1268 -4.3
-0.12656 -2.4
-0.12632 -0.4
-0.12607 1.5
-0.12583 3.5
-0.12558 5.5
-0.12534 7.4
-0.1251 9.3
-0.12485 11.2
-0.12461 13.1
-0.12436 14.9
-0.12412 16.6
-0.12387 18.3
-0.12363 20.0
-0.12339 21.6
-0.12314 23.1
-0.1229 24.6
-0.12265 26.0
-0.12241 27.2
-0.12217 28.4
-0.12192 29.6
-0.12168 30.6
-0.12143 31.5
-0.12119 32.3
-0.12094 33.0
-0.1207 33.6
-0.12046 34.1
-0.12021 34.4
-0.11997 34.7
-0.11972 34.8
-0.11948 34.8
-0.11924 34.7
-0.11899 34.5
-0.11875 34.2
-0.1185 33.7
-0.11826 33.2
-0.11802 32.5
-0.11777 31.7
-0.11753 30.8
-0.11728 29.8
-0.11704 28.7
-0.11679 27.5
-0.11655 26.2
-0.11631 24.8
-0.11606 23.3
-0.11582 21.7
-0.11557 20.1
-0.11533 18.3
-0.11509 16.5
-0.11484 14.7
-0.1146 12.8
-0.11435 10.9
-0.11411 8.9
-0.11386 6.8
-0.11362 4.8
-0.11338 2.7
-0.11313 0.6
-0.11289 -1.4
-0.11264 -3.5
-0.1124 -5.6
-0.11216 -7.7
-0.11191 -9.7
-0.11167 -11.7
-0.11142 -13.7
-0.11118 -15.6
-0.11094 -17.5
-0.11069 -19.3
-0.11045 -21.1
-0.1102 -22.7
-0.10996 -24.3
-0.10971 -25.8
-0.10947 -27.3
-0.10923 -28.6
-0.10898 -29.8
-0.10874 -31.0
-0.10849 -32.0
-0.10825 -32.9
-0.10801 -33.7
-0.10776 -34.3
-0.10752 -34.9
-0.10727 -35.3
-0.10703 -35.6
-0.10678 -35.7
-0.10654 -35.8
-0.1063 -35.7
-0.10605 -35.4
-0.10581 -35.1
-0.10556 -34.6
-0.10532 -33.9
-0.10508 -33.2
-0.10483 -32.3
-0.10459 -31.3
-0.10434 -30.2
-0.1041 -29.0
-0.10386 -27.7
-0.10361 -26.2
-0.10337 -24.7
-0.10312 -23.1
-0.10288 -21.4
-0.10263 -19.5
-0.10239 -17.7
-0.10215 -15.7
-0.1019 -13.7
-0.10166 -11.6
-0.10141 -9.5
-0.10117 -7.4
-0.10093 -5.2
-0.10068 -3.0
-0.10044 -0.7
-0.10019 1.5
-0.09995 3.7
-0.0997 6.0
-0.09946 8.2
-0.09922 10.4
-0.09897 12.5
-0.09873 14.6
-0.09848 16.6
-0.09824 18.6
-0.098 20.5
-0.09775 22.4
-0.09751 24.2
-0.09726 25.8
-0.09702 27.4
-0.09678 28.9
-0.09653 30.2
-0.09629 31.5
-0.09604 32.6
-0.0958 33.6
-0.09555 34.5
-0.09531 35.2
-0.09507 35.8
-0.09482 36.3
-0.09458 36.6
-0.09433 36.7
-0.09409 36.8
-0.09385 36.7
-0.0936 36.4
-0.09336 36.0
-0.09311 35.4
-0.09287 34.7
-0.09262 33.9
-0.09238 32.9
-0.09214 31.8
-0.09189 30.5
-0.09165 29.2
-0.0914 27.7
-0.09116 26.1
-0.09092 24.4
-0.09067 22.6
-0.09043 20.6
-0.09018 18.6
-0.08994 16.6
-0.08969 14.4
-0.08945 12.2
-0.08921 9.9
-0.08896 7.6
-0.08872 5.2
-0.08847 2.9
-0.08823 0.5
-0.08799 -2.0
-0.08774 -4.4
-0.0875 -6.7
-0.08725 -9.1
-0.08701 -11.5
-0.08677 -13.7
-0.08652 -16.0
-0.08628 -18.2
-0.08603 -20.3
-0.08579 -22.3
-0.08554 -24.2
-0.0853 -26.1
-0.08506 -27.8
-0.08481 -29.4
-0.08457 -30.9
-0.08432 -32.3
-0.08408 -33.5
-0.08384 -34.6
-0.08359 -35.5
-0.08335 -36.3
-0.0831 -37.0
-0.08286 -37.4
-0.08261 -37.8
-0.08237 -37.9
-0.08213 -37.9
-0.08188 -37.7
-0.08164 -37.4
-0.08139 -36.9
-0.08115 -36.2
-0.08091 -35.4
-0.08066 -34.4
-0.08042 -33.3
-0.08017 -32.0
-0.07993 -30.5
-0.07969 -29.0
-0.07944 -27.2
-0.0792 -25.4
-0.07895 -23.5
-0.07871 -21.4
-0.07846 -19.2
-0.07822 -17.0
-0.07798 -14.6
-0.07773 -12.2
-0.07749 -9.8
-0.07724 -7.2
-0.077 -4.7
-0.07676 -2.1
-0.07651 0.5
-0.07627 3.1
-0.07602 5.7
-0.07578 8.3
-0.07553 10.9
-0.07529 13.4
-0.07505 15.8
-0.0748 18.2
-0.07456 20.5
-0.07431 22.7
-0.07407 24.9
-0.07383 26.9
-0.07358 28.7
-0.07334 30.5
-0.07309 32.1
-0.07285 33.6
-0.07261 34.9
-0.07236 36.1
-0.07212 37.0
-0.07187 37.8
-0.07163 38.5
-0.07138 38.9
-0.07114 39.2
-0.0709 39.3
-0.07065 39.1
-0.07041 38.8
-0.07016 38.3
-0.06992 37.6
-0.06968 36.8
-0.06943 35.7
-0.06919 34.5
-0.06894 33.1
-0.0687 31.5
-0.06845 29.8
-0.06821 27.9
-0.06797 25.9
-0.06772 23.7
-0.06748 21.4
-0.06723 19.0
-0.06699 16.5
-0.06675 14.0
-0.0665 11.3
-0.06626 8.5
-0.06601 5.8
-0.06577 2.9
-0.06553 0.0
-0.06528 -2.8
-0.06504 -5.6
-0.06479 -8.5
-0.06455 -11.2
-0.0643 -14.0
-0.06406 -16.7
-0.06382 -19.3
-0.06357 -21.8
-0.06333 -24.2
-0.06308 -26.5
-0.06284 -28.7
-0.0626 -30.7
-0.06235 -32.5
-0.06211 -34.2
-0.06186 -35.7
-0.06162 -37.1
-0.06137 -38.2
-0.06113 -39.1
-0.06089 -39.9
-0.06064 -40.4
-0.0604 -40.7
-0.06015 -40.8
-0.05991 -40.6
-0.05967 -40.3
-0.05942 -39.7
-0.05918 -38.9
-0.05893 -37.9
-0.05869 -36.7
-0.05844 -35.3
-0.0582 -33.6
-0.05796 -31.8
-0.05771 -29.8
-0.05747 -27.6
-0.05722 -25.3
-0.05698 -22.8
-0.05674 -20.2
-0.05649 -17.4
-0.05625 -14.5
-0.056 -11.6
-0.05576 -8.6
-0.05552 -5.5
-0.05527 -2.3
-0.05503 0.8
-0.05478 4.0
-0.05454 7.1
-0.05429 10.2
-0.05405 13.3
-0.05381 16.3
-0.05356 19.3
-0.05332 22.1
-0.05307 24.8
-0.05283 27.3
-0.05259 29.8
-0.05234 32.0
-0.0521 34.1
-0.05185 35.9
-0.05161 37.6
-0.05136 39.0
-0.05112 40.2
-0.05088 41.2
-0.05063 41.9
-0.05039 42.4
-0.05014 42.6
-0.0499 42.5
-0.04966 42.2
-0.04941 41.6
-0.04917 40.8
-0.04892 39.7
-0.04868 38.3
-0.04844 36.7
-0.04819 34.9
-0.04795 32.8
-0.0477 30.5
-0.04746 28.0
-0.04721 25.4
-0.04697 22.5
-0.04673 19.5
-0.04648 16.3
-0.04624 13.1
-0.04599 9.7
-0.04575 6.2
-0.04551 2.7
-0.04526 -0.8
-0.04502 -4.4
-0.04477 -7.9
-0.04453 -11.4
-0.04428 -14.8
-0.04404 -18.2
-0.0438 -21.4
-0.04355 -24.6
-0.04331 -27.5
-0.04306 -30.3
-0.04282 -32.9
-0.04258 -35.3
-0.04233 -37.5
-0.04209 -39.4
-0.04184 -41.0
-0.0416 -42.3
-0.04136 -43.4
-0.04111 -44.2
-0.04087 -44.6
-0.04062 -44.8
-0.04038 -44.6
-0.04013 -44.1
-0.03989 -43.2
-0.03965 -42.1
-0.0394 -40.6
-0.03916 -38.9
-0.03891 -36.8
-0.03867 -34.5
-0.03843 -31.9
-0.03818 -29.0
-0.03794 -25.9
-0.03769 -22.6
-0.03745 -19.1
-0.0372 -15.5
-0.03696 -11.7
-0.03672 -7.8
-0.03647 -3.8
-0.03623 0.3
-0.03598 4.3
-0.03574 8.4
-0.0355 12.4
-0.03525 16.3
-0.03501 20.1
-0.03476 23.8
-0.03452 27.4
-0.03428 30.7
-0.03403 33.8
-0.03379 36.6
-0.03354 39.2
-0.0333 41.4
-0.03305 43.3
-0.03281 44.9
-0.03257 46.1
-0.03232 46.9
-0.03208 47.4
-0.03183 47.4
-0.03159 47.0
-0.03135 46.2
-0.0311 45.1
-0.03086 43.5
-0.03061 41.5
-0.03037 39.2
-0.03012 36.4
-0.02988 33.4
-0.02964 30.0
-0.02939 26.4
-0.02915 22.4
-0.0289 18.3
-0.02866 13.9
-0.02842 9.4
-0.02817 4.7
-0.02793 0.0
-0.02768 -4.8
-0.02744 -9.5
-0.02719 -14.2
-0.02695 -18.8
-0.02671 -23.2
-0.02646 -27.5
-0.02622 -31.5
-0.02597 -35.2
-0.02573 -38.7
-0.02549 -41.7
-0.02524 -44.4
-0.025 -46.6
-0.02475 -48.4
-0.02451 -49.7
-0.02427 -50.5
-0.02402 -50.8
-0.02378 -50.5
-0.02353 -49.7
-0.02329 -48.4
-0.02304 -46.6
-0.0228 -44.2
-0.02256 -41.3
-0.02231 -37.9
-0.02207 -34.1
-0.02182 -29.9
-0.02158 -25.2
-0.02134 -20.3
-0.02109 -15.1
-0.02085 -9.6
-0.0206 -4.0
-0.02036 1.7
-0.02011 7.5
-0.01987 13.2
-0.01963 18.9
-0.01938 24.3
-0.01914 29.5
-0.01889 34.5
-0.01865 39.0
-0.01841 43.1
-0.01816 46.6
-0.01792 49.7
-0.01767 52.1
-0.01743 53.8
-0.01719 54.9
-0.01694 55.2
-0.0167 54.8
-0.01645 53.6
-0.01621 51.6
-0.01596 48.9
-0.01572 45.5
-0.01548 41.4
-0.01523 36.6
-0.01499 31.2
-0.01474 25.3
-0.0145 18.9
-0.01426 12.1
-0.01401 5.1
-0.01377 -2.2
-0.01352 -9.5
-0.01328 -16.7
-0.01303 -23.8
-0.01279 -30.6
-0.01255 -37.1
-0.0123 -42.9
-0.01206 -48.2
-0.01181 -52.7
-0.01157 -56.3
-0.01133 -58.9
-0.01108 -60.6
-0.01084 -61.1
-0.01059 -60.5
-0.01035 -58.7
-0.01011 -55.7
-0.00986 -51.6
-0.00962 -46.4
-0.00937 -40.1
-0.00913 -32.8
-0.00888 -24.7
-0.00864 -15.8
-0.0084 -6.5
-0.00815 3.3
-0.00791 13.1
-0.00766 22.9
-0.00742 32.3
-0.00718 41.2
-0.00693 49.3
-0.00669 56.3
-0.00644 61.9
-0.0062 66.1
-0.00595 68.5
-0.00571 69.1
-0.00547 67.7
-0.00522 64.2
-0.00498 58.6
-0.00473 51.0
-0.00449 41.6
-0.00425 30.4
-0.004 17.9
-0.00376 4.3
-0.00351 -10.0
-0.00327 -24.3
-0.00303 -38.2
-0.00278 -51.0
-0.00254 -62.2
-0.00229 -71.0
-0.00205 -76.9
-0.0018 -79.3
-0.00156 -77.8
-0.00132 -72.1
-0.00107 -62.1
-0.00083 -47.8
-0.00058 -29.9
-0.00034 -9.1
-0.0001 13.2
0.00015 35.3
0.00039 55.0
0.00064 70.3
0.00088 79.2
0.00113 80.4
0.00137 73.1
0.00161 57.9
0.00186 36.4
0.0021 11.1
0.00235 -14.6
0.00259 -37.2
0.00283 -53.8
0.00308 -62.2
0.00332 -61.5
0.00357 -52.2
0.00381 -36.2
0.00406 -16.4
0.0043 4.0
0.00454 21.8
0.00479 34.5
0.00503 40.6
0.00528 39.6
0.00552 32.6
0.00576 21.1
0.00601 7.6
0.00625 -5.5
0.0065 -16.1
0.00674 -22.8
0.00698 -24.9
0.00723 -22.6
0.00747 -16.8
0.00772 -8.9
0.00796 -0.5
0.00821 6.9
0.00845 12.2
0.00869 14.8
0.00894 14.5
0.00918 11.7
0.00943 7.3
0.00967 2.1
0.00991 -2.7
0.01016 -6.5
0.0104 -8.6
0.01065 -9.0
0.01089 -7.8
0.01114 -5.3
0.01138 -2.3
0.01162 0.8
0.01187 3.3
0.01211 5.0
0.01236 5.5
0.0126 5.1
0.01284 3.8
0.01309 2.0
0.01333 0.0
0.01358 -1.6
0.01382 -2.8
0.01406 -3.4
0.01431 -3.2
0.01455 -2.6
0.0148 -1.6
0.01504 -0.4
0.01529 0.7
0.01553 1.5
0.01577 2.0
0.01602 2.1
0.01626 1.7
0.01651 1.2
0.01675 0.4
0.01699 -0.3
0.01724 -0.8
0.01748 -1.2
0.01773 -1.3
0.01797 -1.1
0.01822 -0.8
0.01846 -0.4
0.0187 0.0
0.01895 0.4
0.01919 0.7
0.01944 0.8
0.01968 0.7
0.01992 0.6
0.02017 0.3
0.02041 0.0
0.02066 -0.2
0.0209 -0.4
0.02114 -0.5
0.02139 -0.5
0.02163 -0.4
0.02188 -0.2
0.02212 0.0
0.02237 0.0
0.02261 0.2
0.02285 0.3
0.0231 0.3
0.02334 0.3
0.02359 0.2
0.02383 0.0
0.02407 0.0
0.02432 -0.1
0.02456 -0.2
0.02481 -0.2
0.02505 -0.2
0.0253 -0.1
0.02554 0.0
0.02578 0.0
0.02603 0.0
0.02627 0.0
0.02652 0.1
0.02676 0.1
0.027 0.0
0.02725 0.0
0.02749 0.0
0.02774 0.0
0.02798 0.0
0.02822 0.0
0.02847 0.0
0.02871 0.0
0.02896 0.0
0.0292 0.0
0.02945 0.0
0.02969 0.0
0.02993 0.0
0.03018 0.0
0.03042 0.0
0.03067 0.0
0.03091 0.0
0.03115 0.0
0.0314 0.0
0.03164 0.0
0.03189 0.0
0.03213 0.0
0.03238 0.0
0.03262 0.0
0.03286 0.0
0.03311 0.0
0.03335 0.0
0.0336 0.0
0.03384 0.0
0.03408 0.0
0.03433 0.0
0.03457 0.0
0.03482 0.0
0.03506 0.0
0.03531 0.0
0.03555 0.0
0.03579 0.0
0.03604 0.0
0.03628 0.0
0.03653 0.0
0.03677 0.0
0.03701 0.0
0.03726 0.0
0.0375 0.0
0.03775 0.0
0.03799 0.0
0.03823 0.0
0.03848 0.0
0.03872 0.0
0.03897 0.0
0.03921 0.0
0.03946 0.0
0.0397 0.0
0.03994 0.0
0.04019 0.0
0.04043 0.0
0.04068 0.0
0.04092 0.0
0.04116 0.0
0.04141 0.0
0.04165 0.0
0.0419 0.0
0.04214 0.0
0.04239 0.0
0.04263 0.0
0.04287 0.0
0.04312 0.0
0.04336 0.0
0.04361 0.0
0.04385 0.0
0.04409 0.0
0.04434 0.0
0.04458 0.0
0.04483 0.0
0.04507 0.0
0.04531 0.0
0.04556 0.0
0.0458 0.0
0.04605 0.0
0.04629 0.0
0.04654 0.0
0.04678 0.0
0.04702 0.0
0.04727 0.0
0.04751 0.0
0.04776 0.0
0.048 0.0
0.04824 0.0
0.04849 0.0
0.04873 0.0
0.04898 0.0
0.04922 0.0
0.04947 0.0
0.04971 0.0
0.04995 0.0
0.0502 0.0
0.05044 0.0
0.05069 0.0
0.05093 0.0
0.05117 0.0
0.05142 0.0
0.05166 0.0
0.05191 0.0
0.05215 0.0
0.05239 0.0
0.05264 0.0
0.05288 0.0
0.05313 0.0
0.05337 0.0
0.05362 0.0
0.05386 0.0
0.0541 0.0
0.05435 0.0
0.05459 0.0
0.05484 0.0
0.05508 0.0
0.05532 0.0
0.05557 0.0
0.05581 0.0
0.05606 0.0
0.0563 0.0
0.05655 0.0
0.05679 0.0
0.05703 0.0
0.05728 0.0
0.05752 0.0
0.05777 0.0
0.05801 0.0
0.05825 0.0
0.0585 0.0
0.05874 0.0
0.05899 0.0
0.05923 0.0
0.05947 0.0
0.05972 0.0
0.05996 0.0
0.06021 0.0
0.06045 0.0
0.0607 0.0
0.06094 0.0
0.06118 0.0
0.06143 0.0
0.06167 0.0
0.06192 0.0
0.06216 0.0
0.0624 0.0
0.06265 0.0
0.06289 0.0
0.06314 0.0
0.06338 0.0
0.06363 0.0
0.06387 0.0
0.06411 0.0
0.06436 0.0
0.0646 0.0
0.06485 0.0
0.06509 0.0
0.06533 0.0
0.06558 0.0
0.06582 0.0
0.06607 0.0
0.06631 0.0
0.06656 0.0
0.0668 0.0
0.06704 0.0
0.06729 0.0
0.06753 0.0
0.06778 0.0
0.06802 0.0
0.06826 0.0
0.06851 0.0
0.06875 0.0
0.069 0.0
0.06924 0.0
0.06948 0.0
0.06973 0.0
0.06997 0.0
0.07022 0.0
0.07046 0.0
0.07071 0.0
0.07095 0.0
0.07119 0.0
0.07144 0.0
0.07168 0.0
0.07193 0.0
0.07217 0.0
0.07241 0.0
0.07266 0.0
0.0729 0.0
0.07315 0.0
0.07339 0.0
0.07364 0.0
0.07388 0.0
0.07412 0.0
0.07437 0.0
0.07461 0.0
0.07486 0.0
0.0751 0.0
0.07534 0.0
0.07559 0.0
0.07583 0.0
0.07608 0.0
0.07632 0.0
0.07656 0.0
0.07681 0.0
0.07705 0.0
0.0773 0.0
0.07754 0.0
0.07779 0.0
0.07803 0.0
0.07827 0.0
0.07852 0.0
0.07876 0.0
0.07901 0.0
0.07925 0.0
0.07949 0.0
0.07974 0.0
0.07998 0.0
0.08023 0.0
0.08047 0.0
0.08072 0.0
0.08096 0.0
0.0812 0.0
0.08145 0.0
0.08169 0.0
0.08194 0.0
0.08218 0.0
0.08242 0.0
0.08267 0.0
0.08291 0.0
0.08316 0.0
0.0834 0.0
0.08364 0.0
0.08389 0.0
0.08413 0.0
0.08438 0.0
0.08462 0.0
0.08487 0.0
0.08511 0.0
0.08535 0.0
0.0856 0.0
0.08584 0.0
0.08609 0.0
0.08633 0.0
0.08657 0.0
0.08682 0.0
0.08706 0.0
0.08731 0.0
0.08755 0.0
0.0878 0.0
0.08804 0.0
0.08828 0.0
0.08853 0.0
0.08877 0.0
0.08902 0.0
0.08926 0.0
0.0895 0.0
0.08975 0.0
0.08999 0.0
0.09024 0.0
0.09048 0.0
0.09072 0.0
0.09097 0.0
0.09121 0.0
0.09146 0.0
0.0917 0.0
0.09195 0.0
0.09219 0.0
0.09243 0.0
0.09268 0.0
0.09292 0.0
0.09317 0.0
0.09341 0.0
0.09365 0.0
0.0939 0.0
0.09414 0.0
0.09439 0.0
0.09463 0.0
0.09488 0.0
0.09512 0.0
0.09536 0.0
0.09561 0.0
0.09585 0.0
0.0961 0.0
0.09634 0.0
0.09658 0.0
0.09683 0.0
0.09707 0.0
0.09732 0.0
0.09756 0.0
0.09781 0.0
0.09805 0.0
0.09829 0.0
0.09854 0.0
0.09878 0.0
0.09903 0.0
0.09927 0.0
0.09951 0.0
0.09976 0.0
0.1 0.0
0.10025 0.0
0.10049 0.0
0.10073 0.0
0.10098 0.0
0.10122 0.0
0.10147 0.0
0.10171 0.0
0.10196 0.0
0.1022 0.0
0.10244 0.0
0.10269 0.0
0.10293 0.0
0.10318 0.0
0.10342 0.0
0.10366 0.0
0.10391 0.0
0.10415 0.0
0.1044 0.0
0.10464 0.0
0.10489 0.0
0.10513 0.0
0.10537 0.0
0.10562 0.0
0.10586 0.0
0.10611 0.0
0.10635 0.0
0.10659 0.0
0.10684 0.0
0.10708 0.0
0.10733 0.0
0.10757 0.0
0.10781 0.0
0.10806 0.0
0.1083 0.0
0.10855 0.0
0.10879 0.0
0.10904 0.0
0.10928 0.0
0.10952 0.0
0.10977 0.0
0.11001 0.0
0.11026 0.0
0.1105 0.0
0.11074 0.0
0.11099 0.0
0.11123 0.0
0.11148 0.0
0.11172 0.0
0.11197 0.0
0.11221 0.0
0.11245 0.0
0.1127 0.0
0.11294 0.0
0.11319 0.0
0.11343 0.0
0.11367 0.0
0.11392 0.0
0.11416 0.0
0.11441 0.0
0.11465 0.0
0.11489 0.0
0.11514 0.0
0.11538 0.0
0.11563 0.0
0.11587 0.0
0.11612 0.0
0.11636 0.0
0.1166 0.0
0.11685 0.0
0.11709 0.0
0.11734 0.0
0.11758 0.0
0.11782 0.0
0.11807 0.0
0.11831 0.0
0.11856 0.0
0.1188 0.0
0.11905 0.0
0.11929 0.0
0.11953 0.0
0.11978 0.0
0.12002 0.0
0.12027 0.0
0.12051 0.0
0.12075 0.0
0.121 0.0
0.12124 0.0
0.12149 0.0
0.12173 0.0
0.12197 0.0
0.12222 0.0
0.12246 0.0
0.12271 0.0
0.12295 0.0
0.1232 0.0
0.12344 0.0
0.12368 0.0
0.12393 0.0
0.12417 0.0
0.12442 0.0
0.12466 0.0
0.1249 0.0
0.12515 0.0
0.12539 0.0
0.12564 0.0
0.12588 0.0
0.12613 0.0
0.12637 0.0
0.12661 0.0
0.12686 0.0
0.1271 0.0
0.12735 0.0
0.12759 0.0
0.12783 0.0
0.12808 0.0
0.12832 0.0
0.12857 0.0
0.12881 0.0
0.12906 0.0
0.1293 0.0
0.12954 0.0
0.12979 0.0
0.13003 0.0
0.13028 0.0
0.13052 0.0
0.13076 0.0
0.13101 0.0
0.13125 0.0
0.1315 0.0
0.13174 0.0
0.13198 0.0
0.13223 0.0
0.13247 0.0
0.13272 0.0
0.13296 0.0
0.13321 0.0
0.13345 0.0
0.13369 0.0
0.13394 0.0
0.13418 0.0
0.13443 0.0
0.13467 0.0
0.13491 0.0
0.13516 0.0
0.1354 0.0
0.13565 0.0
0.13589 0.0
0.13614 0.0
0.13638 0.0
0.13662 0.0
0.13687 0.0
0.13711 0.0
0.13736 0.0
0.1376 0.0
0.13784 0.0
0.13809 0.0
0.13833 0.0
0.13858 0.0
0.13882 0.0
0.13906 0.0
0.13931 0.0
0.13955 0.0
0.1398 0.0
0.14004 0.0
0.14029 0.0
0.14053 0.0
0.14077 0.0
0.14102 0.0
0.14126 0.0
0.14151 0.0
0.14175 0.0
0.14199 0.0
0.14224 0.0
0.14248 0.0
0.14273 0.0
0.14297 0.0
0.14322 0.0
0.14346 0.0
0.1437 0.0
0.14395 0.0
0.14419 0.0
0.14444 0.0
0.14468 0.0
0.14492 0.0
0.14517 0.0
0.14541 0.0
0.14566 0.0
0.1459 0.0
0.14614 0.0
