t strain*1e23
-1.35856 -6.9
-1.35832 -6.9
-1.35807 -6.8
-1.35783 -6.8
-1.35758 -6.7
-1.35734 -6.6
-1.3571 -6.5
-1.35685 -6.4
-1.35661 -6.3
-1.35636 -6.1
-1.35612 -6.0
-1.35588 -5.9
-1.35563 -5.7
-1.35539 -5.5
-1.35514 -5.4
-1.3549 -5.2
-1.35465 -5.0
-1.35441 -4.8
-1.35417 -4.6
-1.35392 -4.4
-1.35368 -4.2
-1.35343 -4.0
-1.35319 -3.8
-1.35295 -3.5
-1.3527 -3.3
-1.35246 -3.0
-1.35221 -2.8
-1.35197 -2.5
-1.35172 -2.3
-1.35148 -2.0
-1.35124 -1.8
-1.35099 -1.5
-1.35075 -1.2
-1.3505 -1.0
-1.35026 -0.7
-1.35002 -0.4
-1.34977 -0.2
-1.34953 0.0
-1.34928 0.4
-1.34904 0.6
-1.34879 0.9
-1.34855 1.2
-1.34831 1.4
-1.34806 1.7
-1.34782 2.0
-1.34757 2.2
-1.34733 2.5
-1.34709 2.7
-1.34684 3.0
-1.3466 3.2
-1.34635 3.5
-1.34611 3.7
-1.34587 3.9
-1.34562 4.1
-1.34538 4.4
-1.34513 4.6
-1.34489 4.8
-1.34464 5.0
-1.3444 5.2
-1.34416 5.3
-1.34391 5.5
-1.34367 5.7
-1.34342 5.8
-1.34318 6.0
-1.34294 6.1
-1.34269 6.2
-1.34245 6.4
-1.3422 6.5
-1.34196 6.6
-1.34171 6.7
-1.34147 6.8
-1.34123 6.8
-1.34098 6.9
-1.34074 6.9
-1.34049 7.0
-1.34025 7.0
-1.34001 7.0
-1.33976 7.0
-1.33952 7.0
-1.33927 7.0
-1.33903 7.0
-1.33879 7.0
-1.33854 6.9
-1.3383 6.9
-1.33805 6.8
-1.33781 6.8
-1.33756 6.7
-1.33732 6.6
-1.33708 6.5
-1.33683 6.4
-1.33659 6.2
-1.33634 6.1
-1.3361 6.0
-1.33586 5.8
-1.33561 5.7
-1.33537 5.5
-1.33512 5.3
-1.33488 5.1
-1.33463 5.0
-1.33439 4.8
-1.33415 4.5
-1.3339 4.3
-1.33366 4.1
-1.33341 3.9
-1.33317 3.7
-1.33293 3.4
-1.33268 3.2
-1.33244 2.9
-1.33219 2.7
-1.33195 2.4
-1.33171 2.2
-1.33146 1.9
-1.33122 1.7
-1.33097 1.4
-1.33073 1.1
-1.33048 0.9
-1.33024 0.6
-1.33 0.3
-1.32975 0.0
-1.32951 -0.2
-1.32926 -0.5
-1.32902 -0.8
-1.32878 -1.0
-1.32853 -1.3
-1.32829 -1.6
-1.32804 -1.9
-1.3278 -2.1
-1.32755 -2.4
-1.32731 -2.6
-1.32707 -2.9
-1.32682 -3.1
-1.32658 -3.4
-1.32633 -3.6
-1.32609 -3.8
-1.32585 -4.1
-1.3256 -4.3
-1.32536 -4.5
-1.32511 -4.7
-1.32487 -4.9
-1.32463 -5.1
-1.32438 -5.3
-1.32414 -5.5
-1.32389 -5.6
-1.32365 -5.8
-1.3234 -5.9
-1.32316 -6.1
-1.32292 -6.2
-1.32267 -6.4
-1.32243 -6.5
-1.32218 -6.6
-1.32194 -6.7
-1.3217 -6.8
-1.32145 -6.8
-1.32121 -6.9
-1.32096 -7.0
-1.32072 -7.0
-1.32047 -7.0
-1.32023 -7.1
-1.31999 -7.1
-1.31974 -7.1
-1.3195 -7.1
-1.31925 -7.0
-1.31901 -7.0
-1.31877 -7.0
-1.31852 -6.9
-1.31828 -6.9
-1.31803 -6.8
-1.31779 -6.7
-1.31754 -6.6
-1.3173 -6.5
-1.31706 -6.4
-1.31681 -6.3
-1.31657 -6.2
-1.31632 -6.0
-1.31608 -5.9
-1.31584 -5.7
-1.31559 -5.5
-1.31535 -5.4
-1.3151 -5.2
-1.31486 -5.0
-1.31462 -4.8
-1.31437 -4.6
-1.31413 -4.4
-1.31388 -4.2
-1.31364 -3.9
-1.31339 -3.7
-1.31315 -3.5
-1.31291 -3.2
-1.31266 -3.0
-1.31242 -2.7
-1.31217 -2.5
-1.31193 -2.2
-1.31169 -2.0
-1.31144 -1.7
-1.3112 -1.4
-1.31095 -1.2
-1.31071 -0.9
-1.31046 -0.6
-1.31022 -0.3
-1.30998 0.0
-1.30973 0.2
-1.30949 0.5
-1.30924 0.8
-1.309 1.0
-1.30876 1.3
-1.30851 1.6
-1.30827 1.8
-1.30802 2.1
-1.30778 2.4
-1.30754 2.6
-1.30729 2.9
-1.30705 3.1
-1.3068 3.4
-1.30656 3.6
-1.30631 3.9
-1.30607 4.1
-1.30583 4.3
-1.30558 4.5
-1.30534 4.7
-1.30509 4.9
-1.30485 5.1
-1.30461 5.3
-1.30436 5.5
-1.30412 5.7
-1.30387 5.8
-1.30363 6.0
-1.30338 6.1
-1.30314 6.3
-1.3029 6.4
-1.30265 6.5
-1.30241 6.6
-1.30216 6.7
-1.30192 6.8
-1.30168 6.9
-1.30143 6.9
-1.30119 7.0
-1.30094 7.0
-1.3007 7.1
-1.30046 7.1
-1.30021 7.1
-1.29997 7.1
-1.29972 7.1
-1.29948 7.1
-1.29923 7.0
-1.29899 7.0
-1.29875 6.9
-1.2985 6.9
-1.29826 6.8
-1.29801 6.7
-1.29777 6.6
-1.29753 6.5
-1.29728 6.4
-1.29704 6.3
-1.29679 6.2
-1.29655 6.0
-1.2963 5.9
-1.29606 5.7
-1.29582 5.5
-1.29557 5.3
-1.29533 5.2
-1.29508 5.0
-1.29484 4.8
-1.2946 4.6
-1.29435 4.3
-1.29411 4.1
-1.29386 3.9
-1.29362 3.7
-1.29338 3.4
-1.29313 3.2
-1.29289 2.9
-1.29264 2.7
-1.2924 2.4
-1.29215 2.1
-1.29191 1.9
-1.29167 1.6
-1.29142 1.3
-1.29118 1.1
-1.29093 0.8
-1.29069 0.5
-1.29045 0.2
-1.2902 0.0
-1.28996 -0.3
-1.28971 -0.6
-1.28947 -0.9
-1.28922 -1.1
-1.28898 -1.4
-1.28874 -1.7
-1.28849 -2.0
-1.28825 -2.2
-1.288 -2.5
-1.28776 -2.7
-1.28752 -3.0
-1.28727 -3.3
-1.28703 -3.5
-1.28678 -3.7
-1.28654 -4.0
-1.28629 -4.2
-1.28605 -4.4
-1.28581 -4.6
-1.28556 -4.8
-1.28532 -5.0
-1.28507 -5.2
-1.28483 -5.4
-1.28459 -5.6
-1.28434 -5.8
-1.2841 -5.9
-1.28385 -6.1
-1.28361 -6.2
-1.28337 -6.3
-1.28312 -6.5
-1.28288 -6.6
-1.28263 -6.7
-1.28239 -6.8
-1.28214 -6.9
-1.2819 -6.9
-1.28166 -7.0
-1.28141 -7.0
-1.28117 -7.1
-1.28092 -7.1
-1.28068 -7.1
-1.28044 -7.1
-1.28019 -7.1
-1.27995 -7.1
-1.2797 -7.1
-1.27946 -7.0
-1.27921 -7.0
-1.27897 -6.9
-1.27873 -6.9
-1.27848 -6.8
-1.27824 -6.7
-1.27799 -6.6
-1.27775 -6.5
-1.27751 -6.4
-1.27726 -6.2
-1.27702 -6.1
-1.27677 -5.9
-1.27653 -5.8
-1.27629 -5.6
-1.27604 -5.4
-1.2758 -5.2
-1.27555 -5.0
-1.27531 -4.8
-1.27506 -4.6
-1.27482 -4.4
-1.27458 -4.2
-1.27433 -4.0
-1.27409 -3.7
-1.27384 -3.5
-1.2736 -3.2
-1.27336 -3.0
-1.27311 -2.7
-1.27287 -2.5
-1.27262 -2.2
-1.27238 -1.9
-1.27213 -1.7
-1.27189 -1.4
-1.27165 -1.1
-1.2714 -0.8
-1.27116 -0.6
-1.27091 -0.3
-1.27067 0.0
-1.27043 0.3
-1.27018 0.5
-1.26994 0.8
-1.26969 1.1
-1.26945 1.4
-1.26921 1.7
-1.26896 1.9
-1.26872 2.2
-1.26847 2.5
-1.26823 2.7
-1.26798 3.0
-1.26774 3.2
-1.2675 3.5
-1.26725 3.7
-1.26701 4.0
-1.26676 4.2
-1.26652 4.4
-1.26628 4.6
-1.26603 4.8
-1.26579 5.0
-1.26554 5.2
-1.2653 5.4
-1.26505 5.6
-1.26481 5.8
-1.26457 5.9
-1.26432 6.1
-1.26408 6.2
-1.26383 6.4
-1.26359 6.5
-1.26335 6.6
-1.2631 6.7
-1.26286 6.8
-1.26261 6.9
-1.26237 6.9
-1.26213 7.0
-1.26188 7.1
-1.26164 7.1
-1.26139 7.1
-1.26115 7.1
-1.2609 7.1
-1.26066 7.1
-1.26042 7.1
-1.26017 7.1
-1.25993 7.1
-1.25968 7.0
-1.25944 6.9
-1.2592 6.9
-1.25895 6.8
-1.25871 6.7
-1.25846 6.6
-1.25822 6.5
-1.25797 6.4
-1.25773 6.2
-1.25749 6.1
-1.25724 5.9
-1.257 5.8
-1.25675 5.6
-1.25651 5.4
-1.25627 5.2
-1.25602 5.0
-1.25578 4.8
-1.25553 4.6
-1.25529 4.4
-1.25504 4.2
-1.2548 3.9
-1.25456 3.7
-1.25431 3.5
-1.25407 3.2
-1.25382 3.0
-1.25358 2.7
-1.25334 2.4
-1.25309 2.2
-1.25285 1.9
-1.2526 1.6
-1.25236 1.3
-1.25212 1.1
-1.25187 0.8
-1.25163 0.5
-1.25138 0.2
-1.25114 0.0
-1.25089 -0.3
-1.25065 -0.6
-1.25041 -0.9
-1.25016 -1.2
-1.24992 -1.5
-1.24967 -1.7
-1.24943 -2.0
-1.24919 -2.3
-1.24894 -2.5
-1.2487 -2.8
-1.24845 -3.1
-1.24821 -3.3
-1.24796 -3.6
-1.24772 -3.8
-1.24748 -4.1
-1.24723 -4.3
-1.24699 -4.5
-1.24674 -4.7
-1.2465 -4.9
-1.24626 -5.1
-1.24601 -5.3
-1.24577 -5.5
-1.24552 -5.7
-1.24528 -5.9
-1.24504 -6.0
-1.24479 -6.2
-1.24455 -6.3
-1.2443 -6.4
-1.24406 -6.6
-1.24381 -6.7
-1.24357 -6.8
-1.24333 -6.9
-1.24308 -6.9
-1.24284 -7.0
-1.24259 -7.1
-1.24235 -7.1
-1.24211 -7.1
-1.24186 -7.2
-1.24162 -7.2
-1.24137 -7.2
-1.24113 -7.2
-1.24088 -7.1
-1.24064 -7.1
-1.2404 -7.1
-1.24015 -7.0
-1.23991 -6.9
-1.23966 -6.9
-1.23942 -6.8
-1.23918 -6.7
-1.23893 -6.6
-1.23869 -6.4
-1.23844 -6.3
-1.2382 -6.2
-1.23796 -6.0
-1.23771 -5.9
-1.23747 -5.7
-1.23722 -5.5
-1.23698 -5.3
-1.23673 -5.1
-1.23649 -4.9
-1.23625 -4.7
-1.236 -4.5
-1.23576 -4.3
-1.23551 -4.1
-1.23527 -3.8
-1.23503 -3.6
-1.23478 -3.3
-1.23454 -3.1
-1.23429 -2.8
-1.23405 -2.5
-1.2338 -2.3
-1.23356 -2.0
-1.23332 -1.7
-1.23307 -1.4
-1.23283 -1.2
-1.23258 -0.9
-1.23234 -0.6
-1.2321 -0.3
-1.23185 0.0
-1.23161 0.3
-1.23136 0.5
-1.23112 0.8
-1.23088 1.1
-1.23063 1.4
-1.23039 1.7
-1.23014 1.9
-1.2299 2.2
-1.22965 2.5
-1.22941 2.8
-1.22917 3.0
-1.22892 3.3
-1.22868 3.5
-1.22843 3.8
-1.22819 4.0
-1.22795 4.2
-1.2277 4.5
-1.22746 4.7
-1.22721 4.9
-1.22697 5.1
-1.22672 5.3
-1.22648 5.5
-1.22624 5.7
-1.22599 5.9
-1.22575 6.0
-1.2255 6.2
-1.22526 6.3
-1.22502 6.4
-1.22477 6.6
-1.22453 6.7
-1.22428 6.8
-1.22404 6.9
-1.22379 6.9
-1.22355 7.0
-1.22331 7.1
-1.22306 7.1
-1.22282 7.2
-1.22257 7.2
-1.22233 7.2
-1.22209 7.2
-1.22184 7.2
-1.2216 7.2
-1.22135 7.1
-1.22111 7.1
-1.22087 7.0
-1.22062 7.0
-1.22038 6.9
-1.22013 6.8
-1.21989 6.7
-1.21964 6.6
-1.2194 6.5
-1.21916 6.3
-1.21891 6.2
-1.21867 6.0
-1.21842 5.9
-1.21818 5.7
-1.21794 5.5
-1.21769 5.4
-1.21745 5.2
-1.2172 5.0
-1.21696 4.7
-1.21671 4.5
-1.21647 4.3
-1.21623 4.1
-1.21598 3.8
-1.21574 3.6
-1.21549 3.3
-1.21525 3.1
-1.21501 2.8
-1.21476 2.5
-1.21452 2.3
-1.21427 2.0
-1.21403 1.7
-1.21379 1.4
-1.21354 1.1
-1.2133 0.9
-1.21305 0.6
-1.21281 0.3
-1.21256 0.0
-1.21232 -0.3
-1.21208 -0.6
-1.21183 -0.9
-1.21159 -1.2
-1.21134 -1.4
-1.2111 -1.7
-1.21086 -2.0
-1.21061 -2.3
-1.21037 -2.5
-1.21012 -2.8
-1.20988 -3.1
-1.20963 -3.3
-1.20939 -3.6
-1.20915 -3.8
-1.2089 -4.1
-1.20866 -4.3
-1.20841 -4.5
-1.20817 -4.8
-1.20793 -5.0
-1.20768 -5.2
-1.20744 -5.4
-1.20719 -5.6
-1.20695 -5.7
-1.20671 -5.9
-1.20646 -6.1
-1.20622 -6.2
-1.20597 -6.4
-1.20573 -6.5
-1.20548 -6.6
-1.20524 -6.7
-1.205 -6.8
-1.20475 -6.9
-1.20451 -7.0
-1.20426 -7.1
-1.20402 -7.1
-1.20378 -7.2
-1.20353 -7.2
-1.20329 -7.2
-1.20304 -7.2
-1.2028 -7.2
-1.20255 -7.2
-1.20231 -7.2
-1.20207 -7.1
-1.20182 -7.1
-1.20158 -7.0
-1.20133 -7.0
-1.20109 -6.9
-1.20085 -6.8
-1.2006 -6.7
-1.20036 -6.6
-1.20011 -6.4
-1.19987 -6.3
-1.19963 -6.2
-1.19938 -6.0
-1.19914 -5.8
-1.19889 -5.7
-1.19865 -5.5
-1.1984 -5.3
-1.19816 -5.1
-1.19792 -4.9
-1.19767 -4.7
-1.19743 -4.4
-1.19718 -4.2
-1.19694 -4.0
-1.1967 -3.7
-1.19645 -3.5
-1.19621 -3.2
-1.19596 -2.9
-1.19572 -2.7
-1.19547 -2.4
-1.19523 -2.1
-1.19499 -1.8
-1.19474 -1.6
-1.1945 -1.3
-1.19425 -1.0
-1.19401 -0.7
-1.19377 -0.4
-1.19352 -0.1
-1.19328 0.2
-1.19303 0.5
-1.19279 0.7
-1.19254 1.0
-1.1923 1.3
-1.19206 1.6
-1.19181 1.9
-1.19157 2.2
-1.19132 2.4
-1.19108 2.7
-1.19084 3.0
-1.19059 3.3
-1.19035 3.5
-1.1901 3.8
-1.18986 4.0
-1.18962 4.2
-1.18937 4.5
-1.18913 4.7
-1.18888 4.9
-1.18864 5.1
-1.18839 5.3
-1.18815 5.5
-1.18791 5.7
-1.18766 5.9
-1.18742 6.1
-1.18717 6.2
-1.18693 6.4
-1.18669 6.5
-1.18644 6.6
-1.1862 6.7
-1.18595 6.8
-1.18571 6.9
-1.18546 7.0
-1.18522 7.1
-1.18498 7.1
-1.18473 7.2
-1.18449 7.2
-1.18424 7.2
-1.184 7.3
-1.18376 7.3
-1.18351 7.2
-1.18327 7.2
-1.18302 7.2
-1.18278 7.1
-1.18254 7.1
-1.18229 7.0
-1.18205 6.9
-1.1818 6.8
-1.18156 6.7
-1.18131 6.6
-1.18107 6.5
-1.18083 6.3
-1.18058 6.2
-1.18034 6.0
-1.18009 5.9
-1.17985 5.7
-1.17961 5.5
-1.17936 5.3
-1.17912 5.1
-1.17887 4.9
-1.17863 4.7
-1.17838 4.5
-1.17814 4.2
-1.1779 4.0
-1.17765 3.7
-1.17741 3.5
-1.17716 3.2
-1.17692 3.0
-1.17668 2.7
-1.17643 2.4
-1.17619 2.1
-1.17594 1.9
-1.1757 1.6
-1.17546 1.3
-1.17521 1.0
-1.17497 0.7
-1.17472 0.4
-1.17448 0.1
-1.17423 -0.2
-1.17399 -0.5
-1.17375 -0.8
-1.1735 -1.1
-1.17326 -1.3
-1.17301 -1.6
-1.17277 -1.9
-1.17253 -2.2
-1.17228 -2.5
-1.17204 -2.8
-1.17179 -3.0
-1.17155 -3.3
-1.1713 -3.5
-1.17106 -3.8
-1.17082 -4.0
-1.17057 -4.3
-1.17033 -4.5
-1.17008 -4.7
-1.16984 -5.0
-1.1696 -5.2
-1.16935 -5.4
-1.16911 -5.6
-1.16886 -5.8
-1.16862 -5.9
-1.16838 -6.1
-1.16813 -6.3
-1.16789 -6.4
-1.16764 -6.5
-1.1674 -6.7
-1.16715 -6.8
-1.16691 -6.9
-1.16667 -7.0
-1.16642 -7.0
-1.16618 -7.1
-1.16593 -7.2
-1.16569 -7.2
-1.16545 -7.2
-1.1652 -7.3
-1.16496 -7.3
-1.16471 -7.3
-1.16447 -7.3
-1.16422 -7.2
-1.16398 -7.2
-1.16374 -7.1
-1.16349 -7.1
-1.16325 -7.0
-1.163 -6.9
-1.16276 -6.8
-1.16252 -6.7
-1.16227 -6.6
-1.16203 -6.5
-1.16178 -6.3
-1.16154 -6.2
-1.16129 -6.0
-1.16105 -5.8
-1.16081 -5.7
-1.16056 -5.5
-1.16032 -5.3
-1.16007 -5.1
-1.15983 -4.9
-1.15959 -4.6
-1.15934 -4.4
-1.1591 -4.2
-1.15885 -3.9
-1.15861 -3.7
-1.15837 -3.4
-1.15812 -3.1
-1.15788 -2.9
-1.15763 -2.6
-1.15739 -2.3
-1.15714 -2.0
-1.1569 -1.7
-1.15666 -1.5
-1.15641 -1.2
-1.15617 -0.9
-1.15592 -0.6
-1.15568 -0.3
-1.15544 0.0
-1.15519 0.3
-1.15495 0.6
-1.1547 0.9
-1.15446 1.2
-1.15421 1.5
-1.15397 1.8
-1.15373 2.1
-1.15348 2.3
-1.15324 2.6
-1.15299 2.9
-1.15275 3.2
-1.15251 3.4
-1.15226 3.7
-1.15202 3.9
-1.15177 4.2
-1.15153 4.4
-1.15129 4.7
-1.15104 4.9
-1.1508 5.1
-1.15055 5.3
-1.15031 5.5
-1.15006 5.7
-1.14982 5.9
-1.14958 6.1
-1.14933 6.2
-1.14909 6.4
-1.14884 6.5
-1.1486 6.6
-1.14836 6.8
-1.14811 6.9
-1.14787 7.0
-1.14762 7.0
-1.14738 7.1
-1.14713 7.2
-1.14689 7.2
-1.14665 7.3
-1.1464 7.3
-1.14616 7.3
-1.14591 7.3
-1.14567 7.3
-1.14543 7.3
-1.14518 7.2
-1.14494 7.2
-1.14469 7.1
-1.14445 7.1
-1.14421 7.0
-1.14396 6.9
-1.14372 6.8
-1.14347 6.7
-1.14323 6.5
-1.14298 6.4
-1.14274 6.2
-1.1425 6.1
-1.14225 5.9
-1.14201 5.7
-1.14176 5.5
-1.14152 5.3
-1.14128 5.1
-1.14103 4.9
-1.14079 4.7
-1.14054 4.5
-1.1403 4.2
-1.14005 4.0
-1.13981 3.7
-1.13957 3.5
-1.13932 3.2
-1.13908 2.9
-1.13883 2.6
-1.13859 2.4
-1.13835 2.1
-1.1381 1.8
-1.13786 1.5
-1.13761 1.2
-1.13737 0.9
-1.13713 0.6
-1.13688 0.3
-1.13664 0.0
-1.13639 -0.3
-1.13615 -0.6
-1.1359 -0.9
-1.13566 -1.2
-1.13542 -1.5
-1.13517 -1.8
-1.13493 -2.1
-1.13468 -2.3
-1.13444 -2.6
-1.1342 -2.9
-1.13395 -3.2
-1.13371 -3.4
-1.13346 -3.7
-1.13322 -4.0
-1.13297 -4.2
-1.13273 -4.5
-1.13249 -4.7
-1.13224 -4.9
-1.132 -5.1
-1.13175 -5.3
-1.13151 -5.5
-1.13127 -5.7
-1.13102 -5.9
-1.13078 -6.1
-1.13053 -6.3
-1.13029 -6.4
-1.13004 -6.5
-1.1298 -6.7
-1.12956 -6.8
-1.12931 -6.9
-1.12907 -7.0
-1.12882 -7.1
-1.12858 -7.2
-1.12834 -7.2
-1.12809 -7.3
-1.12785 -7.3
-1.1276 -7.3
-1.12736 -7.3
-1.12712 -7.3
-1.12687 -7.3
-1.12663 -7.3
-1.12638 -7.3
-1.12614 -7.2
-1.12589 -7.1
-1.12565 -7.1
-1.12541 -7.0
-1.12516 -6.9
-1.12492 -6.8
-1.12467 -6.7
-1.12443 -6.5
-1.12419 -6.4
-1.12394 -6.2
-1.1237 -6.1
-1.12345 -5.9
-1.12321 -5.7
-1.12296 -5.5
-1.12272 -5.3
-1.12248 -5.1
-1.12223 -4.9
-1.12199 -4.6
-1.12174 -4.4
-1.1215 -4.2
-1.12126 -3.9
-1.12101 -3.7
-1.12077 -3.4
-1.12052 -3.1
-1.12028 -2.8
-1.12004 -2.6
-1.11979 -2.3
-1.11955 -2.0
-1.1193 -1.7
-1.11906 -1.4
-1.11881 -1.1
-1.11857 -0.8
-1.11833 -0.5
-1.11808 -0.2
-1.11784 0.1
-1.11759 0.4
-1.11735 0.7
-1.11711 1.0
-1.11686 1.3
-1.11662 1.6
-1.11637 1.9
-1.11613 2.2
-1.11588 2.5
-1.11564 2.8
-1.1154 3.0
-1.11515 3.3
-1.11491 3.6
-1.11466 3.8
-1.11442 4.1
-1.11418 4.3
-1.11393 4.6
-1.11369 4.8
-1.11344 5.0
-1.1132 5.3
-1.11296 5.5
-1.11271 5.7
-1.11247 5.8
-1.11222 6.0
-1.11198 6.2
-1.11173 6.4
-1.11149 6.5
-1.11125 6.6
-1.111 6.8
-1.11076 6.9
-1.11051 7.0
-1.11027 7.1
-1.11003 7.2
-1.10978 7.2
-1.10954 7.3
-1.10929 7.3
-1.10905 7.3
-1.1088 7.4
-1.10856 7.4
-1.10832 7.4
-1.10807 7.3
-1.10783 7.3
-1.10758 7.3
-1.10734 7.2
-1.1071 7.1
-1.10685 7.0
-1.10661 6.9
-1.10636 6.8
-1.10612 6.7
-1.10588 6.6
-1.10563 6.5
-1.10539 6.3
-1.10514 6.1
-1.1049 6.0
-1.10465 5.8
-1.10441 5.6
-1.10417 5.4
-1.10392 5.2
-1.10368 5.0
-1.10343 4.7
-1.10319 4.5
-1.10295 4.2
-1.1027 4.0
-1.10246 3.7
-1.10221 3.5
-1.10197 3.2
-1.10172 2.9
-1.10148 2.6
-1.10124 2.4
-1.10099 2.1
-1.10075 1.8
-1.1005 1.5
-1.10026 1.2
-1.10002 0.9
-1.09977 0.6
-1.09953 0.3
-1.09928 0.0
-1.09904 -0.4
-1.09879 -0.7
-1.09855 -1.0
-1.09831 -1.3
-1.09806 -1.6
-1.09782 -1.9
-1.09757 -2.2
-1.09733 -2.4
-1.09709 -2.7
-1.09684 -3.0
-1.0966 -3.3
-1.09635 -3.6
-1.09611 -3.8
-1.09587 -4.1
-1.09562 -4.3
-1.09538 -4.6
-1.09513 -4.8
-1.09489 -5.0
-1.09464 -5.3
-1.0944 -5.5
-1.09416 -5.7
-1.09391 -5.9
-1.09367 -6.0
-1.09342 -6.2
-1.09318 -6.4
-1.09294 -6.5
-1.09269 -6.7
-1.09245 -6.8
-1.0922 -6.9
-1.09196 -7.0
-1.09171 -7.1
-1.09147 -7.2
-1.09123 -7.2
-1.09098 -7.3
-1.09074 -7.3
-1.09049 -7.4
-1.09025 -7.4
-1.09001 -7.4
-1.08976 -7.4
-1.08952 -7.4
-1.08927 -7.3
-1.08903 -7.3
-1.08879 -7.2
-1.08854 -7.1
-1.0883 -7.1
-1.08805 -7.0
-1.08781 -6.9
-1.08756 -6.7
-1.08732 -6.6
-1.08708 -6.5
-1.08683 -6.3
-1.08659 -6.1
-1.08634 -6.0
-1.0861 -5.8
-1.08586 -5.6
-1.08561 -5.4
-1.08537 -5.2
-1.08512 -4.9
-1.08488 -4.7
-1.08463 -4.5
-1.08439 -4.2
-1.08415 -4.0
-1.0839 -3.7
-1.08366 -3.4
-1.08341 -3.2
-1.08317 -2.9
-1.08293 -2.6
-1.08268 -2.3
-1.08244 -2.0
-1.08219 -1.7
-1.08195 -1.4
-1.08171 -1.1
-1.08146 -0.8
-1.08122 -0.5
-1.08097 -0.2
-1.08073 0.1
-1.08048 0.4
-1.08024 0.7
-1.08 1.1
-1.07975 1.4
-1.07951 1.7
-1.07926 2.0
-1.07902 2.3
-1.07878 2.5
-1.07853 2.8
-1.07829 3.1
-1.07804 3.4
-1.0778 3.7
-1.07755 3.9
-1.07731 4.2
-1.07707 4.4
-1.07682 4.7
-1.07658 4.9
-1.07633 5.1
-1.07609 5.4
-1.07585 5.6
-1.0756 5.8
-1.07536 6.0
-1.07511 6.1
-1.07487 6.3
-1.07463 6.5
-1.07438 6.6
-1.07414 6.7
-1.07389 6.9
-1.07365 7.0
-1.0734 7.1
-1.07316 7.2
-1.07292 7.2
-1.07267 7.3
-1.07243 7.4
-1.07218 7.4
-1.07194 7.4
-1.0717 7.4
-1.07145 7.4
-1.07121 7.4
-1.07096 7.4
-1.07072 7.3
-1.07047 7.3
-1.07023 7.2
-1.06999 7.1
-1.06974 7.0
-1.0695 6.9
-1.06925 6.8
-1.06901 6.7
-1.06877 6.6
-1.06852 6.4
-1.06828 6.2
-1.06803 6.1
-1.06779 5.9
-1.06754 5.7
-1.0673 5.5
-1.06706 5.3
-1.06681 5.0
-1.06657 4.8
-1.06632 4.6
-1.06608 4.3
-1.06584 4.1
-1.06559 3.8
-1.06535 3.5
-1.0651 3.3
-1.06486 3.0
-1.06462 2.7
-1.06437 2.4
-1.06413 2.1
-1.06388 1.8
-1.06364 1.5
-1.06339 1.2
-1.06315 0.9
-1.06291 0.6
-1.06266 0.3
-1.06242 0.0
-1.06217 -0.4
-1.06193 -0.7
-1.06169 -1.0
-1.06144 -1.3
-1.0612 -1.6
-1.06095 -1.9
-1.06071 -2.2
-1.06046 -2.5
-1.06022 -2.8
-1.05998 -3.1
-1.05973 -3.4
-1.05949 -3.6
-1.05924 -3.9
-1.059 -4.2
-1.05876 -4.4
-1.05851 -4.7
-1.05827 -4.9
-1.05802 -5.1
-1.05778 -5.4
-1.05754 -5.6
-1.05729 -5.8
-1.05705 -6.0
-1.0568 -6.1
-1.05656 -6.3
-1.05631 -6.5
-1.05607 -6.6
-1.05583 -6.8
-1.05558 -6.9
-1.05534 -7.0
-1.05509 -7.1
-1.05485 -7.2
-1.05461 -7.3
-1.05436 -7.3
-1.05412 -7.4
-1.05387 -7.4
-1.05363 -7.4
-1.05338 -7.4
-1.05314 -7.4
-1.0529 -7.4
-1.05265 -7.4
-1.05241 -7.4
-1.05216 -7.3
-1.05192 -7.2
-1.05168 -7.2
-1.05143 -7.1
-1.05119 -7.0
-1.05094 -6.8
-1.0507 -6.7
-1.05046 -6.6
-1.05021 -6.4
-1.04997 -6.3
-1.04972 -6.1
-1.04948 -5.9
-1.04923 -5.7
-1.04899 -5.5
-1.04875 -5.3
-1.0485 -5.0
-1.04826 -4.8
-1.04801 -4.6
-1.04777 -4.3
-1.04753 -4.1
-1.04728 -3.8
-1.04704 -3.5
-1.04679 -3.2
-1.04655 -2.9
-1.0463 -2.7
-1.04606 -2.4
-1.04582 -2.1
-1.04557 -1.8
-1.04533 -1.5
-1.04508 -1.1
-1.04484 -0.8
-1.0446 -0.5
-1.04435 -0.2
-1.04411 0.1
-1.04386 0.4
-1.04362 0.7
-1.04338 1.1
-1.04313 1.4
-1.04289 1.7
-1.04264 2.0
-1.0424 2.3
-1.04215 2.6
-1.04191 2.9
-1.04167 3.2
-1.04142 3.4
-1.04118 3.7
-1.04093 4.0
-1.04069 4.2
-1.04045 4.5
-1.0402 4.8
-1.03996 5.0
-1.03971 5.2
-1.03947 5.4
-1.03922 5.7
-1.03898 5.9
-1.03874 6.0
-1.03849 6.2
-1.03825 6.4
-1.038 6.6
-1.03776 6.7
-1.03752 6.8
-1.03727 7.0
-1.03703 7.1
-1.03678 7.2
-1.03654 7.2
-1.03629 7.3
-1.03605 7.4
-1.03581 7.4
-1.03556 7.5
-1.03532 7.5
-1.03507 7.5
-1.03483 7.5
-1.03459 7.5
-1.03434 7.4
-1.0341 7.4
-1.03385 7.3
-1.03361 7.2
-1.03337 7.1
-1.03312 7.0
-1.03288 6.9
-1.03263 6.8
-1.03239 6.7
-1.03214 6.5
-1.0319 6.4
-1.03166 6.2
-1.03141 6.0
-1.03117 5.8
-1.03092 5.6
-1.03068 5.4
-1.03044 5.2
-1.03019 4.9
-1.02995 4.7
-1.0297 4.4
-1.02946 4.2
-1.02921 3.9
-1.02897 3.6
-1.02873 3.4
-1.02848 3.1
-1.02824 2.8
-1.02799 2.5
-1.02775 2.2
-1.02751 1.9
-1.02726 1.6
-1.02702 1.3
-1.02677 1.0
-1.02653 0.6
-1.02629 0.3
-1.02604 0.0
-1.0258 -0.3
-1.02555 -0.6
-1.02531 -1.0
-1.02506 -1.3
-1.02482 -1.6
-1.02458 -1.9
-1.02433 -2.2
-1.02409 -2.5
-1.02384 -2.8
-1.0236 -3.1
-1.02336 -3.4
-1.02311 -3.7
-1.02287 -3.9
-1.02262 -4.2
-1.02238 -4.5
-1.02213 -4.7
-1.02189 -5.0
-1.02165 -5.2
-1.0214 -5.4
-1.02116 -5.6
-1.02091 -5.8
-1.02067 -6.0
-1.02043 -6.2
-1.02018 -6.4
-1.01994 -6.6
-1.01969 -6.7
-1.01945 -6.8
-1.01921 -7.0
-1.01896 -7.1
-1.01872 -7.2
-1.01847 -7.3
-1.01823 -7.3
-1.01798 -7.4
-1.01774 -7.4
-1.0175 -7.5
-1.01725 -7.5
-1.01701 -7.5
-1.01676 -7.5
-1.01652 -7.5
-1.01628 -7.5
-1.01603 -7.4
-1.01579 -7.3
-1.01554 -7.3
-1.0153 -7.2
-1.01505 -7.1
-1.01481 -7.0
-1.01457 -6.8
-1.01432 -6.7
-1.01408 -6.6
-1.01383 -6.4
-1.01359 -6.2
-1.01335 -6.0
-1.0131 -5.8
-1.01286 -5.6
-1.01261 -5.4
-1.01237 -5.2
-1.01213 -5.0
-1.01188 -4.7
-1.01164 -4.5
-1.01139 -4.2
-1.01115 -3.9
-1.0109 -3.6
-1.01066 -3.4
-1.01042 -3.1
-1.01017 -2.8
-1.00993 -2.5
-1.00968 -2.2
-1.00944 -1.9
-1.0092 -1.6
-1.00895 -1.2
-1.00871 -0.9
-1.00846 -0.6
-1.00822 -0.3
-1.00797 0.0
-1.00773 0.4
-1.00749 0.7
-1.00724 1.0
-1.007 1.3
-1.00675 1.6
-1.00651 1.9
-1.00627 2.3
-1.00602 2.6
-1.00578 2.9
-1.00553 3.2
-1.00529 3.4
-1.00504 3.7
-1.0048 4.0
-1.00456 4.3
-1.00431 4.5
-1.00407 4.8
-1.00382 5.0
-1.00358 5.3
-1.00334 5.5
-1.00309 5.7
-1.00285 5.9
-1.0026 6.1
-1.00236 6.3
-1.00212 6.5
-1.00187 6.6
-1.00163 6.8
-1.00138 6.9
-1.00114 7.0
-1.00089 7.1
-1.00065 7.2
-1.00041 7.3
-1.00016 7.4
-0.99992 7.4
-0.99967 7.5
-0.99943 7.5
-0.99919 7.5
-0.99894 7.5
-0.9987 7.5
-0.99845 7.5
-0.99821 7.5
-0.99796 7.4
-0.99772 7.3
-0.99748 7.3
-0.99723 7.2
-0.99699 7.1
-0.99674 6.9
-0.9965 6.8
-0.99626 6.7
-0.99601 6.5
-0.99577 6.3
-0.99552 6.2
-0.99528 6.0
-0.99504 5.8
-0.99479 5.6
-0.99455 5.3
-0.9943 5.1
-0.99406 4.9
-0.99381 4.6
-0.99357 4.3
-0.99333 4.1
-0.99308 3.8
-0.99284 3.5
-0.99259 3.2
-0.99235 2.9
-0.99211 2.6
-0.99186 2.3
-0.99162 2.0
-0.99137 1.7
-0.99113 1.4
-0.99088 1.1
-0.99064 0.7
-0.9904 0.4
-0.99015 0.0
-0.98991 -0.2
-0.98966 -0.6
-0.98942 -0.9
-0.98918 -1.2
-0.98893 -1.5
-0.98869 -1.8
-0.98844 -2.1
-0.9882 -2.5
-0.98796 -2.8
-0.98771 -3.1
-0.98747 -3.4
-0.98722 -3.6
-0.98698 -3.9
-0.98673 -4.2
-0.98649 -4.5
-0.98625 -4.7
-0.986 -5.0
-0.98576 -5.2
-0.98551 -5.4
-0.98527 -5.7
-0.98503 -5.9
-0.98478 -6.1
-0.98454 -6.3
-0.98429 -6.4
-0.98405 -6.6
-0.9838 -6.8
-0.98356 -6.9
-0.98332 -7.0
-0.98307 -7.1
-0.98283 -7.2
-0.98258 -7.3
-0.98234 -7.4
-0.9821 -7.5
-0.98185 -7.5
-0.98161 -7.5
-0.98136 -7.6
-0.98112 -7.6
-0.98088 -7.6
-0.98063 -7.5
-0.98039 -7.5
-0.98014 -7.5
-0.9799 -7.4
-0.97965 -7.3
-0.97941 -7.2
-0.97917 -7.1
-0.97892 -7.0
-0.97868 -6.9
-0.97843 -6.7
-0.97819 -6.6
-0.97795 -6.4
-0.9777 -6.2
-0.97746 -6.0
-0.97721 -5.8
-0.97697 -5.6
-0.97672 -5.4
-0.97648 -5.1
-0.97624 -4.9
-0.97599 -4.6
-0.97575 -4.4
-0.9755 -4.1
-0.97526 -3.8
-0.97502 -3.5
-0.97477 -3.2
-0.97453 -2.9
-0.97428 -2.6
-0.97404 -2.3
-0.97379 -2.0
-0.97355 -1.7
-0.97331 -1.4
-0.97306 -1.1
-0.97282 -0.7
-0.97257 -0.4
-0.97233 0.0
-0.97209 0.2
-0.97184 0.6
-0.9716 0.9
-0.97135 1.2
-0.97111 1.5
-0.97087 1.9
-0.97062 2.2
-0.97038 2.5
-0.97013 2.8
-0.96989 3.1
-0.96964 3.4
-0.9694 3.7
-0.96916 4.0
-0.96891 4.3
-0.96867 4.5
-0.96842 4.8
-0.96818 5.0
-0.96794 5.3
-0.96769 5.5
-0.96745 5.7
-0.9672 5.9
-0.96696 6.1
-0.96671 6.3
-0.96647 6.5
-0.96623 6.7
-0.96598 6.8
-0.96574 7.0
-0.96549 7.1
-0.96525 7.2
-0.96501 7.3
-0.96476 7.4
-0.96452 7.5
-0.96427 7.5
-0.96403 7.6
-0.96379 7.6
-0.96354 7.6
-0.9633 7.6
-0.96305 7.6
-0.96281 7.6
-0.96256 7.5
-0.96232 7.5
-0.96208 7.4
-0.96183 7.3
-0.96159 7.2
-0.96134 7.1
-0.9611 7.0
-0.96086 6.8
-0.96061 6.7
-0.96037 6.5
-0.96012 6.4
-0.95988 6.2
-0.95963 6.0
-0.95939 5.8
-0.95915 5.5
-0.9589 5.3
-0.95866 5.1
-0.95841 4.8
-0.95817 4.5
-0.95793 4.3
-0.95768 4.0
-0.95744 3.7
-0.95719 3.4
-0.95695 3.1
-0.95671 2.8
-0.95646 2.5
-0.95622 2.2
-0.95597 1.9
-0.95573 1.6
-0.95548 1.2
-0.95524 0.9
-0.955 0.6
-0.95475 0.2
-0.95451 0.0
-0.95426 -0.4
-0.95402 -0.8
-0.95378 -1.1
-0.95353 -1.4
-0.95329 -1.7
-0.95304 -2.1
-0.9528 -2.4
-0.95255 -2.7
-0.95231 -3.0
-0.95207 -3.3
-0.95182 -3.6
-0.95158 -3.9
-0.95133 -4.2
-0.95109 -4.4
-0.95085 -4.7
-0.9506 -5.0
-0.95036 -5.2
-0.95011 -5.4
-0.94987 -5.7
-0.94963 -5.9
-0.94938 -6.1
-0.94914 -6.3
-0.94889 -6.5
-0.94865 -6.6
-0.9484 -6.8
-0.94816 -6.9
-0.94792 -7.1
-0.94767 -7.2
-0.94743 -7.3
-0.94718 -7.4
-0.94694 -7.5
-0.9467 -7.5
-0.94645 -7.6
-0.94621 -7.6
-0.94596 -7.6
-0.94572 -7.6
-0.94547 -7.6
-0.94523 -7.6
-0.94499 -7.6
-0.94474 -7.5
-0.9445 -7.4
-0.94425 -7.4
-0.94401 -7.3
-0.94377 -7.2
-0.94352 -7.0
-0.94328 -6.9
-0.94303 -6.7
-0.94279 -6.6
-0.94254 -6.4
-0.9423 -6.2
-0.94206 -6.0
-0.94181 -5.8
-0.94157 -5.6
-0.94132 -5.4
-0.94108 -5.1
-0.94084 -4.9
-0.94059 -4.6
-0.94035 -4.3
-0.9401 -4.0
-0.93986 -3.8
-0.93962 -3.5
-0.93937 -3.2
-0.93913 -2.9
-0.93888 -2.5
-0.93864 -2.2
-0.93839 -1.9
-0.93815 -1.6
-0.93791 -1.2
-0.93766 -0.9
-0.93742 -0.6
-0.93717 -0.2
-0.93693 0.0
-0.93669 0.4
-0.93644 0.8
-0.9362 1.1
-0.93595 1.4
-0.93571 1.7
-0.93546 2.1
-0.93522 2.4
-0.93498 2.7
-0.93473 3.0
-0.93449 3.3
-0.93424 3.6
-0.934 3.9
-0.93376 4.2
-0.93351 4.5
-0.93327 4.7
-0.93302 5.0
-0.93278 5.3
-0.93254 5.5
-0.93229 5.7
-0.93205 5.9
-0.9318 6.2
-0.93156 6.3
-0.93131 6.5
-0.93107 6.7
-0.93083 6.9
-0.93058 7.0
-0.93034 7.1
-0.93009 7.2
-0.92985 7.4
-0.92961 7.4
-0.92936 7.5
-0.92912 7.6
-0.92887 7.6
-0.92863 7.7
-0.92838 7.7
-0.92814 7.7
-0.9279 7.7
-0.92765 7.6
-0.92741 7.6
-0.92716 7.5
-0.92692 7.5
-0.92668 7.4
-0.92643 7.3
-0.92619 7.2
-0.92594 7.0
-0.9257 6.9
-0.92546 6.7
-0.92521 6.6
-0.92497 6.4
-0.92472 6.2
-0.92448 6.0
-0.92423 5.8
-0.92399 5.5
-0.92375 5.3
-0.9235 5.0
-0.92326 4.8
-0.92301 4.5
-0.92277 4.2
-0.92253 4.0
-0.92228 3.7
-0.92204 3.4
-0.92179 3.0
-0.92155 2.7
-0.9213 2.4
-0.92106 2.1
-0.92082 1.8
-0.92057 1.4
-0.92033 1.1
-0.92008 0.8
-0.91984 0.4
-0.9196 0.0
-0.91935 -0.2
-0.91911 -0.6
-0.91886 -0.9
-0.91862 -1.3
-0.91838 -1.6
-0.91813 -1.9
-0.91789 -2.2
-0.91764 -2.6
-0.9174 -2.9
-0.91715 -3.2
-0.91691 -3.5
-0.91667 -3.8
-0.91642 -4.1
-0.91618 -4.4
-0.91593 -4.7
-0.91569 -4.9
-0.91545 -5.2
-0.9152 -5.4
-0.91496 -5.7
-0.91471 -5.9
-0.91447 -6.1
-0.91422 -6.3
-0.91398 -6.5
-0.91374 -6.7
-0.91349 -6.8
-0.91325 -7.0
-0.913 -7.1
-0.91276 -7.2
-0.91252 -7.4
-0.91227 -7.4
-0.91203 -7.5
-0.91178 -7.6
-0.91154 -7.6
-0.91129 -7.7
-0.91105 -7.7
-0.91081 -7.7
-0.91056 -7.7
-0.91032 -7.7
-0.91007 -7.6
-0.90983 -7.6
-0.90959 -7.5
-0.90934 -7.4
-0.9091 -7.3
-0.90885 -7.2
-0.90861 -7.1
-0.90837 -6.9
-0.90812 -6.8
-0.90788 -6.6
-0.90763 -6.4
-0.90739 -6.2
-0.90714 -6.0
-0.9069 -5.8
-0.90666 -5.6
-0.90641 -5.4
-0.90617 -5.1
-0.90592 -4.8
-0.90568 -4.6
-0.90544 -4.3
-0.90519 -4.0
-0.90495 -3.7
-0.9047 -3.4
-0.90446 -3.1
-0.90421 -2.8
-0.90397 -2.5
-0.90373 -2.1
-0.90348 -1.8
-0.90324 -1.5
-0.90299 -1.1
-0.90275 -0.8
-0.90251 -0.5
-0.90226 -0.1
-0.90202 0.2
-0.90177 0.6
-0.90153 0.9
-0.90129 1.3
-0.90104 1.6
-0.9008 1.9
-0.90055 2.3
-0.90031 2.6
-0.90006 2.9
-0.89982 3.2
-0.89958 3.5
-0.89933 3.8
-0.89909 4.1
-0.89884 4.4
-0.8986 4.7
-0.89836 5.0
-0.89811 5.2
-0.89787 5.5
-0.89762 5.7
-0.89738 5.9
-0.89713 6.1
-0.89689 6.3
-0.89665 6.5
-0.8964 6.7
-0.89616 6.9
-0.89591 7.0
-0.89567 7.2
-0.89543 7.3
-0.89518 7.4
-0.89494 7.5
-0.89469 7.6
-0.89445 7.6
-0.89421 7.7
-0.89396 7.7
-0.89372 7.7
-0.89347 7.7
-0.89323 7.7
-0.89298 7.7
-0.89274 7.7
-0.8925 7.6
-0.89225 7.5
-0.89201 7.4
-0.89176 7.3
-0.89152 7.2
-0.89128 7.1
-0.89103 6.9
-0.89079 6.8
-0.89054 6.6
-0.8903 6.4
-0.89005 6.2
-0.88981 6.0
-0.88957 5.8
-0.88932 5.5
-0.88908 5.3
-0.88883 5.0
-0.88859 4.8
-0.88835 4.5
-0.8881 4.2
-0.88786 3.9
-0.88761 3.6
-0.88737 3.3
-0.88713 3.0
-0.88688 2.7
-0.88664 2.3
-0.88639 2.0
-0.88615 1.7
-0.8859 1.3
-0.88566 1.0
-0.88542 0.7
-0.88517 0.3
-0.88493 0.0
-0.88468 -0.4
-0.88444 -0.7
-0.8842 -1.1
-0.88395 -1.4
-0.88371 -1.8
-0.88346 -2.1
-0.88322 -2.4
-0.88297 -2.8
-0.88273 -3.1
-0.88249 -3.4
-0.88224 -3.7
-0.882 -4.0
-0.88175 -4.3
-0.88151 -4.6
-0.88127 -4.9
-0.88102 -5.1
-0.88078 -5.4
-0.88053 -5.6
-0.88029 -5.9
-0.88004 -6.1
-0.8798 -6.3
-0.87956 -6.5
-0.87931 -6.7
-0.87907 -6.8
-0.87882 -7.0
-0.87858 -7.1
-0.87834 -7.3
-0.87809 -7.4
-0.87785 -7.5
-0.8776 -7.6
-0.87736 -7.6
-0.87712 -7.7
-0.87687 -7.7
-0.87663 -7.8
-0.87638 -7.8
-0.87614 -7.8
-0.87589 -7.7
-0.87565 -7.7
-0.87541 -7.6
-0.87516 -7.6
-0.87492 -7.5
-0.87467 -7.4
-0.87443 -7.3
-0.87419 -7.2
-0.87394 -7.0
-0.8737 -6.8
-0.87345 -6.7
-0.87321 -6.5
-0.87296 -6.3
-0.87272 -6.1
-0.87248 -5.9
-0.87223 -5.6
-0.87199 -5.4
-0.87174 -5.1
-0.8715 -4.9
-0.87126 -4.6
-0.87101 -4.3
-0.87077 -4.0
-0.87052 -3.7
-0.87028 -3.4
-0.87004 -3.1
-0.86979 -2.7
-0.86955 -2.4
-0.8693 -2.1
-0.86906 -1.7
-0.86881 -1.4
-0.86857 -1.0
-0.86833 -0.7
-0.86808 -0.3
-0.86784 0.0
-0.86759 0.4
-0.86735 0.7
-0.86711 1.1
-0.86686 1.4
-0.86662 1.7
-0.86637 2.1
-0.86613 2.4
-0.86588 2.8
-0.86564 3.1
-0.8654 3.4
-0.86515 3.7
-0.86491 4.0
-0.86466 4.3
-0.86442 4.6
-0.86418 4.9
-0.86393 5.1
-0.86369 5.4
-0.86344 5.7
-0.8632 5.9
-0.86296 6.1
-0.86271 6.3
-0.86247 6.5
-0.86222 6.7
-0.86198 6.9
-0.86173 7.0
-0.86149 7.2
-0.86125 7.3
-0.861 7.4
-0.86076 7.5
-0.86051 7.6
-0.86027 7.7
-0.86003 7.7
-0.85978 7.8
-0.85954 7.8
-0.85929 7.8
-0.85905 7.8
-0.8588 7.8
-0.85856 7.7
-0.85832 7.7
-0.85807 7.6
-0.85783 7.5
-0.85758 7.4
-0.85734 7.3
-0.8571 7.2
-0.85685 7.0
-0.85661 6.8
-0.85636 6.7
-0.85612 6.5
-0.85588 6.3
-0.85563 6.1
-0.85539 5.8
-0.85514 5.6
-0.8549 5.3
-0.85465 5.1
-0.85441 4.8
-0.85417 4.5
-0.85392 4.2
-0.85368 3.9
-0.85343 3.6
-0.85319 3.3
-0.85295 3.0
-0.8527 2.6
-0.85246 2.3
-0.85221 2.0
-0.85197 1.6
-0.85172 1.3
-0.85148 0.9
-0.85124 0.6
-0.85099 0.2
-0.85075 -0.1
-0.8505 -0.5
-0.85026 -0.9
-0.85002 -1.2
-0.84977 -1.6
-0.84953 -1.9
-0.84928 -2.2
-0.84904 -2.6
-0.84879 -2.9
-0.84855 -3.2
-0.84831 -3.6
-0.84806 -3.9
-0.84782 -4.2
-0.84757 -4.5
-0.84733 -4.8
-0.84709 -5.0
-0.84684 -5.3
-0.8466 -5.6
-0.84635 -5.8
-0.84611 -6.0
-0.84587 -6.3
-0.84562 -6.5
-0.84538 -6.7
-0.84513 -6.8
-0.84489 -7.0
-0.84464 -7.2
-0.8444 -7.3
-0.84416 -7.4
-0.84391 -7.5
-0.84367 -7.6
-0.84342 -7.7
-0.84318 -7.8
-0.84294 -7.8
-0.84269 -7.8
-0.84245 -7.8
-0.8422 -7.8
-0.84196 -7.8
-0.84171 -7.8
-0.84147 -7.7
-0.84123 -7.7
-0.84098 -7.6
-0.84074 -7.5
-0.84049 -7.4
-0.84025 -7.2
-0.84001 -7.1
-0.83976 -6.9
-0.83952 -6.7
-0.83927 -6.6
-0.83903 -6.4
-0.83879 -6.1
-0.83854 -5.9
-0.8383 -5.7
-0.83805 -5.4
-0.83781 -5.2
-0.83756 -4.9
-0.83732 -4.6
-0.83708 -4.3
-0.83683 -4.0
-0.83659 -3.7
-0.83634 -3.4
-0.8361 -3.0
-0.83586 -2.7
-0.83561 -2.4
-0.83537 -2.0
-0.83512 -1.7
-0.83488 -1.3
-0.83463 -1.0
-0.83439 -0.6
-0.83415 -0.3
-0.8339 0.1
-0.83366 0.5
-0.83341 0.8
-0.83317 1.2
-0.83293 1.5
-0.83268 1.9
-0.83244 2.2
-0.83219 2.6
-0.83195 2.9
-0.83171 3.2
-0.83146 3.6
-0.83122 3.9
-0.83097 4.2
-0.83073 4.5
-0.83048 4.8
-0.83024 5.1
-0.83 5.3
-0.82975 5.6
-0.82951 5.8
-0.82926 6.1
-0.82902 6.3
-0.82878 6.5
-0.82853 6.7
-0.82829 6.9
-0.82804 7.1
-0.8278 7.2
-0.82755 7.3
-0.82731 7.5
-0.82707 7.6
-0.82682 7.7
-0.82658 7.7
-0.82633 7.8
-0.82609 7.8
-0.82585 7.9
-0.8256 7.9
-0.82536 7.9
-0.82511 7.9
-0.82487 7.8
-0.82463 7.8
-0.82438 7.7
-0.82414 7.6
-0.82389 7.5
-0.82365 7.4
-0.8234 7.2
-0.82316 7.1
-0.82292 6.9
-0.82267 6.7
-0.82243 6.5
-0.82218 6.3
-0.82194 6.1
-0.8217 5.9
-0.82145 5.6
-0.82121 5.4
-0.82096 5.1
-0.82072 4.8
-0.82047 4.5
-0.82023 4.2
-0.81999 3.9
-0.81974 3.6
-0.8195 3.3
-0.81925 2.9
-0.81901 2.6
-0.81877 2.3
-0.81852 1.9
-0.81828 1.6
-0.81803 1.2
-0.81779 0.8
-0.81754 0.5
-0.8173 0.1
-0.81706 -0.2
-0.81681 -0.6
-0.81657 -1.0
-0.81632 -1.3
-0.81608 -1.7
-0.81584 -2.0
-0.81559 -2.4
-0.81535 -2.7
-0.8151 -3.1
-0.81486 -3.4
-0.81462 -3.7
-0.81437 -4.0
-0.81413 -4.3
-0.81388 -4.6
-0.81364 -4.9
-0.81339 -5.2
-0.81315 -5.5
-0.81291 -5.7
-0.81266 -6.0
-0.81242 -6.2
-0.81217 -6.4
-0.81193 -6.6
-0.81169 -6.8
-0.81144 -7.0
-0.8112 -7.2
-0.81095 -7.3
-0.81071 -7.4
-0.81046 -7.6
-0.81022 -7.7
-0.80998 -7.7
-0.80973 -7.8
-0.80949 -7.9
-0.80924 -7.9
-0.809 -7.9
-0.80876 -7.9
-0.80851 -7.9
-0.80827 -7.9
-0.80802 -7.8
-0.80778 -7.7
-0.80754 -7.7
-0.80729 -7.6
-0.80705 -7.4
-0.8068 -7.3
-0.80656 -7.2
-0.80631 -7.0
-0.80607 -6.8
-0.80583 -6.6
-0.80558 -6.4
-0.80534 -6.2
-0.80509 -6.0
-0.80485 -5.7
-0.80461 -5.5
-0.80436 -5.2
-0.80412 -4.9
-0.80387 -4.6
-0.80363 -4.3
-0.80338 -4.0
-0.80314 -3.7
-0.8029 -3.4
-0.80265 -3.0
-0.80241 -2.7
-0.80216 -2.3
-0.80192 -2.0
-0.80168 -1.6
-0.80143 -1.3
-0.80119 -0.9
-0.80094 -0.5
-0.8007 -0.2
-0.80046 0.2
-0.80021 0.6
-0.79997 0.9
-0.79972 1.3
-0.79948 1.7
-0.79923 2.0
-0.79899 2.4
-0.79875 2.7
-0.7985 3.1
-0.79826 3.4
-0.79801 3.7
-0.79777 4.0
-0.79753 4.4
-0.79728 4.7
-0.79704 5.0
-0.79679 5.2
-0.79655 5.5
-0.7963 5.8
-0.79606 6.0
-0.79582 6.2
-0.79557 6.5
-0.79533 6.7
-0.79508 6.9
-0.79484 7.0
-0.7946 7.2
-0.79435 7.4
-0.79411 7.5
-0.79386 7.6
-0.79362 7.7
-0.79338 7.8
-0.79313 7.9
-0.79289 7.9
-0.79264 7.9
-0.7924 8.0
-0.79215 8.0
-0.79191 7.9
-0.79167 7.9
-0.79142 7.8
-0.79118 7.8
-0.79093 7.7
-0.79069 7.6
-0.79045 7.5
-0.7902 7.3
-0.78996 7.2
-0.78971 7.0
-0.78947 6.8
-0.78922 6.6
-0.78898 6.4
-0.78874 6.2
-0.78849 5.9
-0.78825 5.7
-0.788 5.4
-0.78776 5.2
-0.78752 4.9
-0.78727 4.6
-0.78703 4.3
-0.78678 3.9
-0.78654 3.6
-0.78629 3.3
-0.78605 2.9
-0.78581 2.6
-0.78556 2.2
-0.78532 1.9
-0.78507 1.5
-0.78483 1.1
-0.78459 0.8
-0.78434 0.4
-0.7841 0.0
-0.78385 -0.3
-0.78361 -0.7
-0.78337 -1.1
-0.78312 -1.4
-0.78288 -1.8
-0.78263 -2.2
-0.78239 -2.5
-0.78214 -2.9
-0.7819 -3.2
-0.78166 -3.6
-0.78141 -3.9
-0.78117 -4.2
-0.78092 -4.5
-0.78068 -4.8
-0.78044 -5.1
-0.78019 -5.4
-0.77995 -5.7
-0.7797 -5.9
-0.77946 -6.2
-0.77921 -6.4
-0.77897 -6.6
-0.77873 -6.8
-0.77848 -7.0
-0.77824 -7.2
-0.77799 -7.3
-0.77775 -7.5
-0.77751 -7.6
-0.77726 -7.7
-0.77702 -7.8
-0.77677 -7.9
-0.77653 -7.9
-0.77629 -8.0
-0.77604 -8.0
-0.7758 -8.0
-0.77555 -8.0
-0.77531 -7.9
-0.77506 -7.9
-0.77482 -7.8
-0.77458 -7.8
-0.77433 -7.7
-0.77409 -7.5
-0.77384 -7.4
-0.7736 -7.3
-0.77336 -7.1
-0.77311 -6.9
-0.77287 -6.7
-0.77262 -6.5
-0.77238 -6.3
-0.77213 -6.0
-0.77189 -5.8
-0.77165 -5.5
-0.7714 -5.2
-0.77116 -5.0
-0.77091 -4.7
-0.77067 -4.4
-0.77043 -4.0
-0.77018 -3.7
-0.76994 -3.4
-0.76969 -3.0
-0.76945 -2.7
-0.76921 -2.3
-0.76896 -2.0
-0.76872 -1.6
-0.76847 -1.2
-0.76823 -0.8
-0.76798 -0.5
-0.76774 0.0
-0.7675 0.3
-0.76725 0.7
-0.76701 1.0
-0.76676 1.4
-0.76652 1.8
-0.76628 2.1
-0.76603 2.5
-0.76579 2.9
-0.76554 3.2
-0.7653 3.5
-0.76505 3.9
-0.76481 4.2
-0.76457 4.5
-0.76432 4.8
-0.76408 5.1
-0.76383 5.4
-0.76359 5.7
-0.76335 5.9
-0.7631 6.2
-0.76286 6.4
-0.76261 6.6
-0.76237 6.9
-0.76213 7.0
-0.76188 7.2
-0.76164 7.4
-0.76139 7.5
-0.76115 7.6
-0.7609 7.7
-0.76066 7.8
-0.76042 7.9
-0.76017 8.0
-0.75993 8.0
-0.75968 8.0
-0.75944 8.0
-0.7592 8.0
-0.75895 8.0
-0.75871 7.9
-0.75846 7.9
-0.75822 7.8
-0.75797 7.7
-0.75773 7.6
-0.75749 7.4
-0.75724 7.3
-0.757 7.1
-0.75675 6.9
-0.75651 6.7
-0.75627 6.5
-0.75602 6.3
-0.75578 6.0
-0.75553 5.8
-0.75529 5.5
-0.75504 5.2
-0.7548 4.9
-0.75456 4.6
-0.75431 4.3
-0.75407 4.0
-0.75382 3.6
-0.75358 3.3
-0.75334 2.9
-0.75309 2.6
-0.75285 2.2
-0.7526 1.8
-0.75236 1.5
-0.75212 1.1
-0.75187 0.7
-0.75163 0.3
-0.75138 0.0
-0.75114 -0.4
-0.75089 -0.8
-0.75065 -1.2
-0.75041 -1.6
-0.75016 -1.9
-0.74992 -2.3
-0.74967 -2.7
-0.74943 -3.0
-0.74919 -3.4
-0.74894 -3.7
-0.7487 -4.1
-0.74845 -4.4
-0.74821 -4.7
-0.74796 -5.0
-0.74772 -5.3
-0.74748 -5.6
-0.74723 -5.8
-0.74699 -6.1
-0.74674 -6.3
-0.7465 -6.6
-0.74626 -6.8
-0.74601 -7.0
-0.74577 -7.2
-0.74552 -7.3
-0.74528 -7.5
-0.74504 -7.6
-0.74479 -7.7
-0.74455 -7.8
-0.7443 -7.9
-0.74406 -8.0
-0.74381 -8.0
-0.74357 -8.1
-0.74333 -8.1
-0.74308 -8.1
-0.74284 -8.0
-0.74259 -8.0
-0.74235 -7.9
-0.74211 -7.8
-0.74186 -7.8
-0.74162 -7.6
-0.74137 -7.5
-0.74113 -7.4
-0.74088 -7.2
-0.74064 -7.0
-0.7404 -6.8
-0.74015 -6.6
-0.73991 -6.4
-0.73966 -6.1
-0.73942 -5.9
-0.73918 -5.6
-0.73893 -5.3
-0.73869 -5.0
-0.73844 -4.7
-0.7382 -4.4
-0.73796 -4.1
-0.73771 -3.7
-0.73747 -3.4
-0.73722 -3.0
-0.73698 -2.7
-0.73673 -2.3
-0.73649 -1.9
-0.73625 -1.5
-0.736 -1.2
-0.73576 -0.8
-0.73551 -0.4
-0.73527 0.0
-0.73503 0.4
-0.73478 0.8
-0.73454 1.1
-0.73429 1.5
-0.73405 1.9
-0.7338 2.3
-0.73356 2.6
-0.73332 3.0
-0.73307 3.4
-0.73283 3.7
-0.73258 4.1
-0.73234 4.4
-0.7321 4.7
-0.73185 5.0
-0.73161 5.3
-0.73136 5.6
-0.73112 5.9
-0.73088 6.1
-0.73063 6.4
-0.73039 6.6
-0.73014 6.8
-0.7299 7.0
-0.72965 7.2
-0.72941 7.4
-0.72917 7.5
-0.72892 7.7
-0.72868 7.8
-0.72843 7.9
-0.72819 8.0
-0.72795 8.0
-0.7277 8.1
-0.72746 8.1
-0.72721 8.1
-0.72697 8.1
-0.72672 8.1
-0.72648 8.0
-0.72624 8.0
-0.72599 7.9
-0.72575 7.8
-0.7255 7.7
-0.72526 7.5
-0.72502 7.4
-0.72477 7.2
-0.72453 7.0
-0.72428 6.8
-0.72404 6.6
-0.72379 6.3
-0.72355 6.1
-0.72331 5.8
-0.72306 5.5
-0.72282 5.3
-0.72257 4.9
-0.72233 4.6
-0.72209 4.3
-0.72184 4.0
-0.7216 3.6
-0.72135 3.3
-0.72111 2.9
-0.72087 2.5
-0.72062 2.2
-0.72038 1.8
-0.72013 1.4
-0.71989 1.0
-0.71964 0.6
-0.7194 0.2
-0.71916 -0.1
-0.71891 -0.5
-0.71867 -0.9
-0.71842 -1.3
-0.71818 -1.7
-0.71794 -2.1
-0.71769 -2.5
-0.71745 -2.8
-0.7172 -3.2
-0.71696 -3.5
-0.71671 -3.9
-0.71647 -4.2
-0.71623 -4.6
-0.71598 -4.9
-0.71574 -5.2
-0.71549 -5.5
-0.71525 -5.8
-0.71501 -6.0
-0.71476 -6.3
-0.71452 -6.5
-0.71427 -6.8
-0.71403 -7.0
-0.71379 -7.2
-0.71354 -7.3
-0.7133 -7.5
-0.71305 -7.7
-0.71281 -7.8
-0.71256 -7.9
-0.71232 -8.0
-0.71208 -8.1
-0.71183 -8.1
-0.71159 -8.1
-0.71134 -8.2
-0.7111 -8.1
-0.71086 -8.1
-0.71061 -8.1
-0.71037 -8.0
-0.71012 -7.9
-0.70988 -7.8
-0.70963 -7.7
-0.70939 -7.6
-0.70915 -7.4
-0.7089 -7.3
-0.70866 -7.1
-0.70841 -6.9
-0.70817 -6.7
-0.70793 -6.4
-0.70768 -6.2
-0.70744 -5.9
-0.70719 -5.6
-0.70695 -5.3
-0.70671 -5.0
-0.70646 -4.7
-0.70622 -4.4
-0.70597 -4.1
-0.70573 -3.7
-0.70548 -3.4
-0.70524 -3.0
-0.705 -2.6
-0.70475 -2.2
-0.70451 -1.9
-0.70426 -1.5
-0.70402 -1.1
-0.70378 -0.7
-0.70353 -0.3
-0.70329 0.0
-0.70304 0.5
-0.7028 0.9
-0.70255 1.3
-0.70231 1.7
-0.70207 2.1
-0.70182 2.4
-0.70158 2.8
-0.70133 3.2
-0.70109 3.5
-0.70085 3.9
-0.7006 4.2
-0.70036 4.6
-0.70011 4.9
-0.69987 5.2
-0.69963 5.5
-0.69938 5.8
-0.69914 6.1
-0.69889 6.3
-0.69865 6.6
-0.6984 6.8
-0.69816 7.0
-0.69792 7.2
-0.69767 7.4
-0.69743 7.6
-0.69718 7.7
-0.69694 7.8
-0.6967 7.9
-0.69645 8.0
-0.69621 8.1
-0.69596 8.2
-0.69572 8.2
-0.69547 8.2
-0.69523 8.2
-0.69499 8.2
-0.69474 8.1
-0.6945 8.1
-0.69425 8.0
-0.69401 7.9
-0.69377 7.7
-0.69352 7.6
-0.69328 7.4
-0.69303 7.3
-0.69279 7.1
-0.69254 6.9
-0.6923 6.6
-0.69206 6.4
-0.69181 6.1
-0.69157 5.9
-0.69132 5.6
-0.69108 5.3
-0.69084 5.0
-0.69059 4.7
-0.69035 4.3
-0.6901 4.0
-0.68986 3.6
-0.68962 3.3
-0.68937 2.9
-0.68913 2.5
-0.68888 2.1
-0.68864 1.7
-0.68839 1.3
-0.68815 0.9
-0.68791 0.5
-0.68766 0.1
-0.68742 -0.3
-0.68717 -0.7
-0.68693 -1.1
-0.68669 -1.5
-0.68644 -1.8
-0.6862 -2.2
-0.68595 -2.6
-0.68571 -3.0
-0.68546 -3.4
-0.68522 -3.7
-0.68498 -4.1
-0.68473 -4.4
-0.68449 -4.8
-0.68424 -5.1
-0.684 -5.4
-0.68376 -5.7
-0.68351 -6.0
-0.68327 -6.2
-0.68302 -6.5
-0.68278 -6.7
-0.68254 -7.0
-0.68229 -7.2
-0.68205 -7.4
-0.6818 -7.5
-0.68156 -7.7
-0.68131 -7.8
-0.68107 -7.9
-0.68083 -8.0
-0.68058 -8.1
-0.68034 -8.2
-0.68009 -8.2
-0.67985 -8.2
-0.67961 -8.2
-0.67936 -8.2
-0.67912 -8.2
-0.67887 -8.1
-0.67863 -8.0
-0.67838 -7.9
-0.67814 -7.8
-0.6779 -7.7
-0.67765 -7.5
-0.67741 -7.4
-0.67716 -7.2
-0.67692 -7.0
-0.67668 -6.7
-0.67643 -6.5
-0.67619 -6.2
-0.67594 -6.0
-0.6757 -5.7
-0.67546 -5.4
-0.67521 -5.1
-0.67497 -4.7
-0.67472 -4.4
-0.67448 -4.1
-0.67423 -3.7
-0.67399 -3.3
-0.67375 -3.0
-0.6735 -2.6
-0.67326 -2.2
-0.67301 -1.8
-0.67277 -1.4
-0.67253 -1.0
-0.67228 -0.6
-0.67204 -0.2
-0.67179 0.2
-0.67155 0.6
-0.6713 1.0
-0.67106 1.4
-0.67082 1.8
-0.67057 2.2
-0.67033 2.6
-0.67008 3.0
-0.66984 3.4
-0.6696 3.8
-0.66935 4.1
-0.66911 4.5
-0.66886 4.8
-0.66862 5.1
-0.66838 5.4
-0.66813 5.7
-0.66789 6.0
-0.66764 6.3
-0.6674 6.6
-0.66715 6.8
-0.66691 7.0
-0.66667 7.2
-0.66642 7.4
-0.66618 7.6
-0.66593 7.7
-0.66569 7.9
-0.66545 8.0
-0.6652 8.1
-0.66496 8.2
-0.66471 8.2
-0.66447 8.3
-0.66422 8.3
-0.66398 8.3
-0.66374 8.3
-0.66349 8.2
-0.66325 8.1
-0.663 8.1
-0.66276 8.0
-0.66252 7.8
-0.66227 7.7
-0.66203 7.5
-0.66178 7.4
-0.66154 7.2
-0.66129 6.9
-0.66105 6.7
-0.66081 6.5
-0.66056 6.2
-0.66032 5.9
-0.66007 5.6
-0.65983 5.3
-0.65959 5.0
-0.65934 4.7
-0.6591 4.3
-0.65885 3.9
-0.65861 3.6
-0.65837 3.2
-0.65812 2.8
-0.65788 2.4
-0.65763 2.0
-0.65739 1.6
-0.65714 1.2
-0.6569 0.8
-0.65666 0.4
-0.65641 0.0
-0.65617 -0.4
-0.65592 -0.8
-0.65568 -1.2
-0.65544 -1.6
-0.65519 -2.0
-0.65495 -2.4
-0.6547 -2.8
-0.65446 -3.2
-0.65421 -3.6
-0.65397 -4.0
-0.65373 -4.3
-0.65348 -4.7
-0.65324 -5.0
-0.65299 -5.3
-0.65275 -5.6
-0.65251 -5.9
-0.65226 -6.2
-0.65202 -6.5
-0.65177 -6.7
-0.65153 -7.0
-0.65129 -7.2
-0.65104 -7.4
-0.6508 -7.6
-0.65055 -7.7
-0.65031 -7.9
-0.65006 -8.0
-0.64982 -8.1
-0.64958 -8.2
-0.64933 -8.3
-0.64909 -8.3
-0.64884 -8.3
-0.6486 -8.3
-0.64836 -8.3
-0.64811 -8.3
-0.64787 -8.2
-0.64762 -8.1
-0.64738 -8.0
-0.64713 -7.9
-0.64689 -7.8
-0.64665 -7.6
-0.6464 -7.4
-0.64616 -7.2
-0.64591 -7.0
-0.64567 -6.8
-0.64543 -6.5
-0.64518 -6.3
-0.64494 -6.0
-0.64469 -5.7
-0.64445 -5.4
-0.64421 -5.1
-0.64396 -4.7
-0.64372 -4.4
-0.64347 -4.0
-0.64323 -3.6
-0.64298 -3.3
-0.64274 -2.9
-0.6425 -2.5
-0.64225 -2.1
-0.64201 -1.7
-0.64176 -1.3
-0.64152 -0.9
-0.64128 -0.4
-0.64103 0.0
-0.64079 0.4
-0.64054 0.8
-0.6403 1.2
-0.64005 1.6
-0.63981 2.1
-0.63957 2.5
-0.63932 2.9
-0.63908 3.2
-0.63883 3.6
-0.63859 4.0
-0.63835 4.4
-0.6381 4.7
-0.63786 5.1
-0.63761 5.4
-0.63737 5.7
-0.63713 6.0
-0.63688 6.3
-0.63664 6.5
-0.63639 6.8
-0.63615 7.0
-0.6359 7.3
-0.63566 7.5
-0.63542 7.6
-0.63517 7.8
-0.63493 7.9
-0.63468 8.1
-0.63444 8.2
-0.6342 8.3
-0.63395 8.3
-0.63371 8.4
-0.63346 8.4
-0.63322 8.4
-0.63297 8.3
-0.63273 8.3
-0.63249 8.2
-0.63224 8.1
-0.632 8.0
-0.63175 7.9
-0.63151 7.8
-0.63127 7.6
-0.63102 7.4
-0.63078 7.2
-0.63053 7.0
-0.63029 6.7
-0.63004 6.5
-0.6298 6.2
-0.62956 5.9
-0.62931 5.6
-0.62907 5.3
-0.62882 5.0
-0.62858 4.6
-0.62834 4.3
-0.62809 3.9
-0.62785 3.5
-0.6276 3.1
-0.62736 2.7
-0.62712 2.3
-0.62687 1.9
-0.62663 1.5
-0.62638 1.1
-0.62614 0.7
-0.62589 0.2
-0.62565 -0.2
-0.62541 -0.6
-0.62516 -1.0
-0.62492 -1.5
-0.62467 -1.9
-0.62443 -2.3
-0.62419 -2.7
-0.62394 -3.1
-0.6237 -3.5
-0.62345 -3.9
-0.62321 -4.2
-0.62296 -4.6
-0.62272 -4.9
-0.62248 -5.3
-0.62223 -5.6
-0.62199 -5.9
-0.62174 -6.2
-0.6215 -6.5
-0.62126 -6.8
-0.62101 -7.0
-0.62077 -7.2
-0.62052 -7.4
-0.62028 -7.6
-0.62004 -7.8
-0.61979 -7.9
-0.61955 -8.1
-0.6193 -8.2
-0.61906 -8.3
-0.61881 -8.3
-0.61857 -8.4
-0.61833 -8.4
-0.61808 -8.4
-0.61784 -8.4
-0.61759 -8.4
-0.61735 -8.3
-0.61711 -8.2
-0.61686 -8.1
-0.61662 -8.0
-0.61637 -7.8
-0.61613 -7.7
-0.61588 -7.5
-0.61564 -7.3
-0.6154 -7.1
-0.61515 -6.8
-0.61491 -6.6
-0.61466 -6.3
-0.61442 -6.0
-0.61418 -5.7
-0.61393 -5.4
-0.61369 -5.0
-0.61344 -4.7
-0.6132 -4.3
-0.61296 -3.9
-0.61271 -3.6
-0.61247 -3.2
-0.61222 -2.8
-0.61198 -2.3
-0.61173 -1.9
-0.61149 -1.5
-0.61125 -1.1
-0.611 -0.7
-0.61076 -0.2
-0.61051 0.2
-0.61027 0.6
-0.61003 1.1
-0.60978 1.5
-0.60954 1.9
-0.60929 2.3
-0.60905 2.7
-0.6088 3.1
-0.60856 3.5
-0.60832 3.9
-0.60807 4.3
-0.60783 4.7
-0.60758 5.0
-0.60734 5.4
-0.6071 5.7
-0.60685 6.0
-0.60661 6.3
-0.60636 6.6
-0.60612 6.8
-0.60588 7.1
-0.60563 7.3
-0.60539 7.5
-0.60514 7.7
-0.6049 7.9
-0.60465 8.0
-0.60441 8.1
-0.60417 8.3
-0.60392 8.3
-0.60368 8.4
-0.60343 8.4
-0.60319 8.5
-0.60295 8.5
-0.6027 8.4
-0.60246 8.4
-0.60221 8.3
-0.60197 8.2
-0.60172 8.1
-0.60148 8.0
-0.60124 7.8
-0.60099 7.7
-0.60075 7.5
-0.6005 7.2
-0.60026 7.0
-0.60002 6.8
-0.59977 6.5
-0.59953 6.2
-0.59928 5.9
-0.59904 5.6
-0.59879 5.2
-0.59855 4.9
-0.59831 4.5
-0.59806 4.2
-0.59782 3.8
-0.59757 3.4
-0.59733 3.0
-0.59709 2.6
-0.59684 2.2
-0.5966 1.7
-0.59635 1.3
-0.59611 0.9
-0.59587 0.4
-0.59562 0.0
-0.59538 -0.4
-0.59513 -0.9
-0.59489 -1.3
-0.59464 -1.7
-0.5944 -2.2
-0.59416 -2.6
-0.59391 -3.0
-0.59367 -3.4
-0.59342 -3.8
-0.59318 -4.2
-0.59294 -4.6
-0.59269 -4.9
-0.59245 -5.3
-0.5922 -5.6
-0.59196 -5.9
-0.59171 -6.2
-0.59147 -6.5
-0.59123 -6.8
-0.59098 -7.1
-0.59074 -7.3
-0.59049 -7.5
-0.59025 -7.7
-0.59001 -7.9
-0.58976 -8.0
-0.58952 -8.2
-0.58927 -8.3
-0.58903 -8.4
-0.58879 -8.4
-0.58854 -8.5
-0.5883 -8.5
-0.58805 -8.5
-0.58781 -8.5
-0.58756 -8.4
-0.58732 -8.4
-0.58708 -8.3
-0.58683 -8.2
-0.58659 -8.0
-0.58634 -7.9
-0.5861 -7.7
-0.58586 -7.5
-0.58561 -7.3
-0.58537 -7.1
-0.58512 -6.8
-0.58488 -6.5
-0.58463 -6.3
-0.58439 -5.9
-0.58415 -5.6
-0.5839 -5.3
-0.58366 -4.9
-0.58341 -4.6
-0.58317 -4.2
-0.58293 -3.8
-0.58268 -3.4
-0.58244 -3.0
-0.58219 -2.6
-0.58195 -2.1
-0.58171 -1.7
-0.58146 -1.3
-0.58122 -0.8
-0.58097 -0.4
-0.58073 0.0
-0.58048 0.5
-0.58024 0.9
-0.58 1.4
-0.57975 1.8
-0.57951 2.2
-0.57926 2.7
-0.57902 3.1
-0.57878 3.5
-0.57853 3.9
-0.57829 4.3
-0.57804 4.6
-0.5778 5.0
-0.57755 5.4
-0.57731 5.7
-0.57707 6.0
-0.57682 6.3
-0.57658 6.6
-0.57633 6.9
-0.57609 7.2
-0.57585 7.4
-0.5756 7.6
-0.57536 7.8
-0.57511 8.0
-0.57487 8.1
-0.57463 8.3
-0.57438 8.4
-0.57414 8.4
-0.57389 8.5
-0.57365 8.5
-0.5734 8.6
-0.57316 8.6
-0.57292 8.5
-0.57267 8.5
-0.57243 8.4
-0.57218 8.3
-0.57194 8.2
-0.5717 8.0
-0.57145 7.9
-0.57121 7.7
-0.57096 7.5
-0.57072 7.2
-0.57047 7.0
-0.57023 6.7
-0.56999 6.4
-0.56974 6.1
-0.5695 5.8
-0.56925 5.5
-0.56901 5.1
-0.56877 4.8
-0.56852 4.4
-0.56828 4.0
-0.56803 3.6
-0.56779 3.2
-0.56754 2.8
-0.5673 2.3
-0.56706 1.9
-0.56681 1.5
-0.56657 1.0
-0.56632 0.6
-0.56608 0.1
-0.56584 -0.3
-0.56559 -0.8
-0.56535 -1.2
-0.5651 -1.7
-0.56486 -2.1
-0.56462 -2.5
-0.56437 -3.0
-0.56413 -3.4
-0.56388 -3.8
-0.56364 -4.2
-0.56339 -4.6
-0.56315 -4.9
-0.56291 -5.3
-0.56266 -5.7
-0.56242 -6.0
-0.56217 -6.3
-0.56193 -6.6
-0.56169 -6.9
-0.56144 -7.1
-0.5612 -7.4
-0.56095 -7.6
-0.56071 -7.8
-0.56046 -8.0
-0.56022 -8.1
-0.55998 -8.3
-0.55973 -8.4
-0.55949 -8.5
-0.55924 -8.6
-0.559 -8.6
-0.55876 -8.6
-0.55851 -8.6
-0.55827 -8.6
-0.55802 -8.5
-0.55778 -8.5
-0.55754 -8.4
-0.55729 -8.2
-0.55705 -8.1
-0.5568 -7.9
-0.55656 -7.7
-0.55631 -7.5
-0.55607 -7.3
-0.55583 -7.0
-0.55558 -6.8
-0.55534 -6.5
-0.55509 -6.2
-0.55485 -5.8
-0.55461 -5.5
-0.55436 -5.1
-0.55412 -4.8
-0.55387 -4.4
-0.55363 -4.0
-0.55338 -3.6
-0.55314 -3.2
-0.5529 -2.7
-0.55265 -2.3
-0.55241 -1.9
-0.55216 -1.4
-0.55192 -1.0
-0.55168 -0.5
-0.55143 0.0
-0.55119 0.4
-0.55094 0.9
-0.5507 1.3
-0.55046 1.8
-0.55021 2.2
-0.54997 2.6
-0.54972 3.1
-0.54948 3.5
-0.54923 3.9
-0.54899 4.3
-0.54875 4.7
-0.5485 5.1
-0.54826 5.4
-0.54801 5.8
-0.54777 6.1
-0.54753 6.4
-0.54728 6.7
-0.54704 7.0
-0.54679 7.3
-0.54655 7.5
-0.5463 7.7
-0.54606 7.9
-0.54582 8.1
-0.54557 8.3
-0.54533 8.4
-0.54508 8.5
-0.54484 8.6
-0.5446 8.6
-0.54435 8.7
-0.54411 8.7
-0.54386 8.7
-0.54362 8.6
-0.54338 8.5
-0.54313 8.5
-0.54289 8.3
-0.54264 8.2
-0.5424 8.1
-0.54215 7.9
-0.54191 7.7
-0.54167 7.4
-0.54142 7.2
-0.54118 6.9
-0.54093 6.6
-0.54069 6.3
-0.54045 6.0
-0.5402 5.7
-0.53996 5.3
-0.53971 4.9
-0.53947 4.6
-0.53922 4.2
-0.53898 3.7
-0.53874 3.3
-0.53849 2.9
-0.53825 2.5
-0.538 2.0
-0.53776 1.6
-0.53752 1.1
-0.53727 0.6
-0.53703 0.2
-0.53678 -0.3
-0.53654 -0.7
-0.53629 -1.2
-0.53605 -1.7
-0.53581 -2.1
-0.53556 -2.6
-0.53532 -3.0
-0.53507 -3.4
-0.53483 -3.9
-0.53459 -4.3
-0.53434 -4.7
-0.5341 -5.0
-0.53385 -5.4
-0.53361 -5.8
-0.53337 -6.1
-0.53312 -6.4
-0.53288 -6.7
-0.53263 -7.0
-0.53239 -7.3
-0.53214 -7.5
-0.5319 -7.8
-0.53166 -8.0
-0.53141 -8.1
-0.53117 -8.3
-0.53092 -8.4
-0.53068 -8.5
-0.53044 -8.6
-0.53019 -8.7
-0.52995 -8.7
-0.5297 -8.7
-0.52946 -8.7
-0.52921 -8.7
-0.52897 -8.6
-0.52873 -8.5
-0.52848 -8.4
-0.52824 -8.3
-0.52799 -8.1
-0.52775 -7.9
-0.52751 -7.7
-0.52726 -7.5
-0.52702 -7.2
-0.52677 -6.9
-0.52653 -6.6
-0.52629 -6.3
-0.52604 -6.0
-0.5258 -5.7
-0.52555 -5.3
-0.52531 -4.9
-0.52506 -4.5
-0.52482 -4.1
-0.52458 -3.7
-0.52433 -3.3
-0.52409 -2.8
-0.52384 -2.4
-0.5236 -1.9
-0.52336 -1.5
-0.52311 -1.0
-0.52287 -0.5
-0.52262 0.0
-0.52238 0.4
-0.52213 0.9
-0.52189 1.4
-0.52165 1.8
-0.5214 2.3
-0.52116 2.7
-0.52091 3.2
-0.52067 3.6
-0.52043 4.0
-0.52018 4.4
-0.51994 4.8
-0.51969 5.2
-0.51945 5.6
-0.51921 6.0
-0.51896 6.3
-0.51872 6.6
-0.51847 6.9
-0.51823 7.2
-0.51798 7.5
-0.51774 7.7
-0.5175 7.9
-0.51725 8.1
-0.51701 8.3
-0.51676 8.4
-0.51652 8.5
-0.51628 8.6
-0.51603 8.7
-0.51579 8.8
-0.51554 8.8
-0.5153 8.8
-0.51505 8.7
-0.51481 8.7
-0.51457 8.6
-0.51432 8.5
-0.51408 8.4
-0.51383 8.2
-0.51359 8.0
-0.51335 7.8
-0.5131 7.6
-0.51286 7.3
-0.51261 7.1
-0.51237 6.8
-0.51213 6.5
-0.51188 6.1
-0.51164 5.8
-0.51139 5.4
-0.51115 5.0
-0.5109 4.7
-0.51066 4.2
-0.51042 3.8
-0.51017 3.4
-0.50993 2.9
-0.50968 2.5
-0.50944 2.0
-0.5092 1.6
-0.50895 1.1
-0.50871 0.6
-0.50846 0.1
-0.50822 -0.3
-0.50797 -0.8
-0.50773 -1.3
-0.50749 -1.8
-0.50724 -2.2
-0.507 -2.7
-0.50675 -3.1
-0.50651 -3.6
-0.50627 -4.0
-0.50602 -4.4
-0.50578 -4.8
-0.50553 -5.2
-0.50529 -5.6
-0.50504 -6.0
-0.5048 -6.3
-0.50456 -6.6
-0.50431 -7.0
-0.50407 -7.2
-0.50382 -7.5
-0.50358 -7.7
-0.50334 -8.0
-0.50309 -8.2
-0.50285 -8.3
-0.5026 -8.5
-0.50236 -8.6
-0.50212 -8.7
-0.50187 -8.8
-0.50163 -8.8
-0.50138 -8.8
-0.50114 -8.8
-0.50089 -8.8
-0.50065 -8.7
-0.50041 -8.6
-0.50016 -8.5
-0.49992 -8.4
-0.49967 -8.2
-0.49943 -8.0
-0.49919 -7.8
-0.49894 -7.6
-0.4987 -7.3
-0.49845 -7.1
-0.49821 -6.8
-0.49796 -6.4
-0.49772 -6.1
-0.49748 -5.7
-0.49723 -5.4
-0.49699 -5.0
-0.49674 -4.6
-0.4965 -4.1
-0.49626 -3.7
-0.49601 -3.3
-0.49577 -2.8
-0.49552 -2.3
-0.49528 -1.9
-0.49504 -1.4
-0.49479 -0.9
-0.49455 -0.4
-0.4943 0.0
-0.49406 0.5
-0.49381 1.0
-0.49357 1.5
-0.49333 2.0
-0.49308 2.5
-0.49284 2.9
-0.49259 3.4
-0.49235 3.8
-0.49211 4.2
-0.49186 4.7
-0.49162 5.1
-0.49137 5.5
-0.49113 5.8
-0.49088 6.2
-0.49064 6.5
-0.4904 6.9
-0.49015 7.2
-0.48991 7.4
-0.48966 7.7
-0.48942 7.9
-0.48918 8.1
-0.48893 8.3
-0.48869 8.5
-0.48844 8.6
-0.4882 8.7
-0.48796 8.8
-0.48771 8.9
-0.48747 8.9
-0.48722 8.9
-0.48698 8.9
-0.48673 8.8
-0.48649 8.7
-0.48625 8.6
-0.486 8.5
-0.48576 8.3
-0.48551 8.1
-0.48527 7.9
-0.48503 7.7
-0.48478 7.4
-0.48454 7.2
-0.48429 6.9
-0.48405 6.5
-0.4838 6.2
-0.48356 5.8
-0.48332 5.5
-0.48307 5.1
-0.48283 4.6
-0.48258 4.2
-0.48234 3.8
-0.4821 3.3
-0.48185 2.9
-0.48161 2.4
-0.48136 1.9
-0.48112 1.4
-0.48088 1.0
-0.48063 0.5
-0.48039 0.0
-0.48014 -0.5
-0.4799 -1.0
-0.47965 -1.5
-0.47941 -2.0
-0.47917 -2.5
-0.47892 -2.9
-0.47868 -3.4
-0.47843 -3.9
-0.47819 -4.3
-0.47795 -4.7
-0.4777 -5.1
-0.47746 -5.5
-0.47721 -5.9
-0.47697 -6.3
-0.47672 -6.6
-0.47648 -6.9
-0.47624 -7.2
-0.47599 -7.5
-0.47575 -7.8
-0.4755 -8.0
-0.47526 -8.2
-0.47502 -8.4
-0.47477 -8.6
-0.47453 -8.7
-0.47428 -8.8
-0.47404 -8.9
-0.47379 -8.9
-0.47355 -8.9
-0.47331 -8.9
-0.47306 -8.9
-0.47282 -8.8
-0.47257 -8.8
-0.47233 -8.6
-0.47209 -8.5
-0.47184 -8.3
-0.4716 -8.1
-0.47135 -7.9
-0.47111 -7.7
-0.47087 -7.4
-0.47062 -7.1
-0.47038 -6.8
-0.47013 -6.5
-0.46989 -6.1
-0.46964 -5.7
-0.4694 -5.3
-0.46916 -4.9
-0.46891 -4.5
-0.46867 -4.1
-0.46842 -3.6
-0.46818 -3.1
-0.46794 -2.7
-0.46769 -2.2
-0.46745 -1.7
-0.4672 -1.2
-0.46696 -0.7
-0.46671 -0.2
-0.46647 0.3
-0.46623 0.8
-0.46598 1.3
-0.46574 1.8
-0.46549 2.3
-0.46525 2.8
-0.46501 3.2
-0.46476 3.7
-0.46452 4.2
-0.46427 4.6
-0.46403 5.0
-0.46379 5.4
-0.46354 5.8
-0.4633 6.2
-0.46305 6.6
-0.46281 6.9
-0.46256 7.2
-0.46232 7.5
-0.46208 7.8
-0.46183 8.0
-0.46159 8.2
-0.46134 8.4
-0.4611 8.6
-0.46086 8.7
-0.46061 8.8
-0.46037 8.9
-0.46012 9.0
-0.45988 9.0
-0.45963 9.0
-0.45939 9.0
-0.45915 8.9
-0.4589 8.8
-0.45866 8.7
-0.45841 8.6
-0.45817 8.4
-0.45793 8.2
-0.45768 8.0
-0.45744 7.7
-0.45719 7.5
-0.45695 7.2
-0.45671 6.9
-0.45646 6.5
-0.45622 6.2
-0.45597 5.8
-0.45573 5.4
-0.45548 5.0
-0.45524 4.5
-0.455 4.1
-0.45475 3.6
-0.45451 3.1
-0.45426 2.7
-0.45402 2.2
-0.45378 1.7
-0.45353 1.2
-0.45329 0.7
-0.45304 0.2
-0.4528 -0.4
-0.45255 -0.9
-0.45231 -1.4
-0.45207 -1.9
-0.45182 -2.4
-0.45158 -2.9
-0.45133 -3.3
-0.45109 -3.8
-0.45085 -4.3
-0.4506 -4.7
-0.45036 -5.1
-0.45011 -5.6
-0.44987 -6.0
-0.44963 -6.3
-0.44938 -6.7
-0.44914 -7.0
-0.44889 -7.3
-0.44865 -7.6
-0.4484 -7.9
-0.44816 -8.1
-0.44792 -8.3
-0.44767 -8.5
-0.44743 -8.7
-0.44718 -8.8
-0.44694 -8.9
-0.4467 -9.0
-0.44645 -9.1
-0.44621 -9.1
-0.44596 -9.1
-0.44572 -9.0
-0.44547 -8.9
-0.44523 -8.8
-0.44499 -8.7
-0.44474 -8.6
-0.4445 -8.4
-0.44425 -8.2
-0.44401 -7.9
-0.44377 -7.7
-0.44352 -7.4
-0.44328 -7.1
-0.44303 -6.7
-0.44279 -6.4
-0.44254 -6.0
-0.4423 -5.6
-0.44206 -5.2
-0.44181 -4.7
-0.44157 -4.3
-0.44132 -3.8
-0.44108 -3.4
-0.44084 -2.9
-0.44059 -2.4
-0.44035 -1.9
-0.4401 -1.4
-0.43986 -0.8
-0.43962 -0.3
-0.43937 0.2
-0.43913 0.7
-0.43888 1.2
-0.43864 1.7
-0.43839 2.3
-0.43815 2.8
-0.43791 3.2
-0.43766 3.7
-0.43742 4.2
-0.43717 4.7
-0.43693 5.1
-0.43669 5.5
-0.43644 5.9
-0.4362 6.3
-0.43595 6.7
-0.43571 7.0
-0.43546 7.3
-0.43522 7.6
-0.43498 7.9
-0.43473 8.2
-0.43449 8.4
-0.43424 8.6
-0.434 8.7
-0.43376 8.9
-0.43351 9.0
-0.43327 9.1
-0.43302 9.1
-0.43278 9.1
-0.43254 9.1
-0.43229 9.1
-0.43205 9.0
-0.4318 8.9
-0.43156 8.8
-0.43131 8.6
-0.43107 8.4
-0.43083 8.2
-0.43058 8.0
-0.43034 7.7
-0.43009 7.4
-0.42985 7.1
-0.42961 6.7
-0.42936 6.4
-0.42912 6.0
-0.42887 5.6
-0.42863 5.1
-0.42838 4.7
-0.42814 4.2
-0.4279 3.8
-0.42765 3.3
-0.42741 2.8
-0.42716 2.3
-0.42692 1.8
-0.42668 1.2
-0.42643 0.7
-0.42619 0.2
-0.42594 -0.3
-0.4257 -0.9
-0.42546 -1.4
-0.42521 -1.9
-0.42497 -2.4
-0.42472 -2.9
-0.42448 -3.4
-0.42423 -3.9
-0.42399 -4.4
-0.42375 -4.9
-0.4235 -5.3
-0.42326 -5.7
-0.42301 -6.1
-0.42277 -6.5
-0.42253 -6.9
-0.42228 -7.2
-0.42204 -7.5
-0.42179 -7.8
-0.42155 -8.1
-0.4213 -8.3
-0.42106 -8.5
-0.42082 -8.7
-0.42057 -8.9
-0.42033 -9.0
-0.42008 -9.1
-0.41984 -9.2
-0.4196 -9.2
-0.41935 -9.2
-0.41911 -9.2
-0.41886 -9.1
-0.41862 -9.0
-0.41838 -8.9
-0.41813 -8.7
-0.41789 -8.6
-0.41764 -8.3
-0.4174 -8.1
-0.41715 -7.8
-0.41691 -7.5
-0.41667 -7.2
-0.41642 -6.9
-0.41618 -6.5
-0.41593 -6.1
-0.41569 -5.7
-0.41545 -5.3
-0.4152 -4.8
-0.41496 -4.4
-0.41471 -3.9
-0.41447 -3.4
-0.41422 -2.9
-0.41398 -2.4
-0.41374 -1.9
-0.41349 -1.3
-0.41325 -0.8
-0.413 -0.3
-0.41276 0.3
-0.41252 0.8
-0.41227 1.3
-0.41203 1.9
-0.41178 2.4
-0.41154 2.9
-0.41129 3.4
-0.41105 3.9
-0.41081 4.4
-0.41056 4.9
-0.41032 5.3
-0.41007 5.8
-0.40983 6.2
-0.40959 6.6
-0.40934 6.9
-0.4091 7.3
-0.40885 7.6
-0.40861 7.9
-0.40837 8.2
-0.40812 8.4
-0.40788 8.6
-0.40763 8.8
-0.40739 9.0
-0.40714 9.1
-0.4069 9.2
-0.40666 9.2
-0.40641 9.3
-0.40617 9.3
-0.40592 9.2
-0.40568 9.2
-0.40544 9.1
-0.40519 8.9
-0.40495 8.8
-0.4047 8.6
-0.40446 8.3
-0.40421 8.1
-0.40397 7.8
-0.40373 7.5
-0.40348 7.2
-0.40324 6.8
-0.40299 6.4
-0.40275 6.0
-0.40251 5.6
-0.40226 5.2
-0.40202 4.7
-0.40177 4.2
-0.40153 3.7
-0.40129 3.2
-0.40104 2.7
-0.4008 2.2
-0.40055 1.7
-0.40031 1.1
-0.40006 0.6
-0.39982 0.0
-0.39958 -0.5
-0.39933 -1.1
-0.39909 -1.6
-0.39884 -2.2
-0.3986 -2.7
-0.39836 -3.2
-0.39811 -3.7
-0.39787 -4.2
-0.39762 -4.7
-0.39738 -5.2
-0.39713 -5.6
-0.39689 -6.0
-0.39665 -6.5
-0.3964 -6.8
-0.39616 -7.2
-0.39591 -7.5
-0.39567 -7.9
-0.39543 -8.1
-0.39518 -8.4
-0.39494 -8.6
-0.39469 -8.8
-0.39445 -9.0
-0.39421 -9.1
-0.39396 -9.2
-0.39372 -9.3
-0.39347 -9.3
-0.39323 -9.3
-0.39298 -9.3
-0.39274 -9.2
-0.3925 -9.1
-0.39225 -9.0
-0.39201 -8.9
-0.39176 -8.7
-0.39152 -8.5
-0.39128 -8.2
-0.39103 -7.9
-0.39079 -7.6
-0.39054 -7.3
-0.3903 -6.9
-0.39005 -6.5
-0.38981 -6.1
-0.38957 -5.7
-0.38932 -5.2
-0.38908 -4.8
-0.38883 -4.3
-0.38859 -3.8
-0.38835 -3.3
-0.3881 -2.7
-0.38786 -2.2
-0.38761 -1.7
-0.38737 -1.1
-0.38713 -0.6
-0.38688 0.0
-0.38664 0.6
-0.38639 1.1
-0.38615 1.7
-0.3859 2.2
-0.38566 2.8
-0.38542 3.3
-0.38517 3.8
-0.38493 4.3
-0.38468 4.8
-0.38444 5.3
-0.3842 5.7
-0.38395 6.2
-0.38371 6.6
-0.38346 7.0
-0.38322 7.3
-0.38297 7.7
-0.38273 8.0
-0.38249 8.3
-0.38224 8.5
-0.382 8.7
-0.38175 8.9
-0.38151 9.1
-0.38127 9.2
-0.38102 9.3
-0.38078 9.4
-0.38053 9.4
-0.38029 9.4
-0.38004 9.3
-0.3798 9.3
-0.37956 9.2
-0.37931 9.0
-0.37907 8.9
-0.37882 8.6
-0.37858 8.4
-0.37834 8.1
-0.37809 7.8
-0.37785 7.5
-0.3776 7.2
-0.37736 6.8
-0.37712 6.4
-0.37687 5.9
-0.37663 5.5
-0.37638 5.0
-0.37614 4.5
-0.37589 4.0
-0.37565 3.5
-0.37541 3.0
-0.37516 2.4
-0.37492 1.9
-0.37467 1.3
-0.37443 0.8
-0.37419 0.2
-0.37394 -0.4
-0.3737 -0.9
-0.37345 -1.5
-0.37321 -2.1
-0.37296 -2.6
-0.37272 -3.2
-0.37248 -3.7
-0.37223 -4.2
-0.37199 -4.7
-0.37174 -5.2
-0.3715 -5.7
-0.37126 -6.1
-0.37101 -6.6
-0.37077 -7.0
-0.37052 -7.3
-0.37028 -7.7
-0.37004 -8.0
-0.36979 -8.3
-0.36955 -8.6
-0.3693 -8.8
-0.36906 -9.0
-0.36881 -9.1
-0.36857 -9.3
-0.36833 -9.4
-0.36808 -9.4
-0.36784 -9.5
-0.36759 -9.5
-0.36735 -9.4
-0.36711 -9.3
-0.36686 -9.2
-0.36662 -9.1
-0.36637 -8.9
-0.36613 -8.7
-0.36588 -8.5
-0.36564 -8.2
-0.3654 -7.9
-0.36515 -7.5
-0.36491 -7.2
-0.36466 -6.8
-0.36442 -6.4
-0.36418 -5.9
-0.36393 -5.5
-0.36369 -5.0
-0.36344 -4.5
-0.3632 -4.0
-0.36296 -3.4
-0.36271 -2.9
-0.36247 -2.3
-0.36222 -1.8
-0.36198 -1.2
-0.36173 -0.6
-0.36149 0.0
-0.36125 0.5
-0.361 1.1
-0.36076 1.7
-0.36051 2.3
-0.36027 2.8
-0.36003 3.4
-0.35978 3.9
-0.35954 4.4
-0.35929 4.9
-0.35905 5.4
-0.3588 5.9
-0.35856 6.4
-0.35832 6.8
-0.35807 7.2
-0.35783 7.5
-0.35758 7.9
-0.35734 8.2
-0.3571 8.5
-0.35685 8.7
-0.35661 9.0
-0.35636 9.1
-0.35612 9.3
-0.35588 9.4
-0.35563 9.5
-0.35539 9.5
-0.35514 9.5
-0.3549 9.5
-0.35465 9.5
-0.35441 9.4
-0.35417 9.2
-0.35392 9.1
-0.35368 8.8
-0.35343 8.6
-0.35319 8.3
-0.35295 8.0
-0.3527 7.7
-0.35246 7.3
-0.35221 7.0
-0.35197 6.5
-0.35172 6.1
-0.35148 5.6
-0.35124 5.1
-0.35099 4.6
-0.35075 4.1
-0.3505 3.6
-0.35026 3.0
-0.35002 2.4
-0.34977 1.9
-0.34953 1.3
-0.34928 0.7
-0.34904 0.1
-0.34879 -0.5
-0.34855 -1.1
-0.34831 -1.7
-0.34806 -2.2
-0.34782 -2.8
-0.34757 -3.4
-0.34733 -3.9
-0.34709 -4.5
-0.34684 -5.0
-0.3466 -5.5
-0.34635 -6.0
-0.34611 -6.4
-0.34587 -6.9
-0.34562 -7.3
-0.34538 -7.6
-0.34513 -8.0
-0.34489 -8.3
-0.34464 -8.6
-0.3444 -8.8
-0.34416 -9.1
-0.34391 -9.2
-0.34367 -9.4
-0.34342 -9.5
-0.34318 -9.6
-0.34294 -9.6
-0.34269 -9.6
-0.34245 -9.6
-0.3422 -9.5
-0.34196 -9.4
-0.34171 -9.3
-0.34147 -9.1
-0.34123 -8.9
-0.34098 -8.6
-0.34074 -8.3
-0.34049 -8.0
-0.34025 -7.7
-0.34001 -7.3
-0.33976 -6.9
-0.33952 -6.4
-0.33927 -6.0
-0.33903 -5.5
-0.33879 -5.0
-0.33854 -4.5
-0.3383 -3.9
-0.33805 -3.4
-0.33781 -2.8
-0.33756 -2.2
-0.33732 -1.6
-0.33708 -1.0
-0.33683 -0.4
-0.33659 0.2
-0.33634 0.8
-0.3361 1.4
-0.33586 2.0
-0.33561 2.6
-0.33537 3.2
-0.33512 3.7
-0.33488 4.3
-0.33463 4.8
-0.33439 5.3
-0.33415 5.8
-0.3339 6.3
-0.33366 6.8
-0.33341 7.2
-0.33317 7.6
-0.33293 7.9
-0.33268 8.3
-0.33244 8.6
-0.33219 8.8
-0.33195 9.1
-0.33171 9.3
-0.33146 9.4
-0.33122 9.6
-0.33097 9.6
-0.33073 9.7
-0.33048 9.7
-0.33024 9.7
-0.33 9.6
-0.32975 9.5
-0.32951 9.4
-0.32926 9.2
-0.32902 9.0
-0.32878 8.7
-0.32853 8.4
-0.32829 8.1
-0.32804 7.7
-0.3278 7.3
-0.32755 6.9
-0.32731 6.5
-0.32707 6.0
-0.32682 5.5
-0.32658 5.0
-0.32633 4.5
-0.32609 3.9
-0.32585 3.3
-0.3256 2.8
-0.32536 2.2
-0.32511 1.6
-0.32487 0.9
-0.32463 0.3
-0.32438 -0.3
-0.32414 -0.9
-0.32389 -1.5
-0.32365 -2.1
-0.3234 -2.7
-0.32316 -3.3
-0.32292 -3.9
-0.32267 -4.5
-0.32243 -5.0
-0.32218 -5.5
-0.32194 -6.0
-0.3217 -6.5
-0.32145 -7.0
-0.32121 -7.4
-0.32096 -7.8
-0.32072 -8.1
-0.32047 -8.5
-0.32023 -8.8
-0.31999 -9.0
-0.31974 -9.2
-0.3195 -9.4
-0.31925 -9.6
-0.31901 -9.7
-0.31877 -9.8
-0.31852 -9.8
-0.31828 -9.8
-0.31803 -9.7
-0.31779 -9.6
-0.31754 -9.5
-0.3173 -9.3
-0.31706 -9.1
-0.31681 -8.9
-0.31657 -8.6
-0.31632 -8.3
-0.31608 -7.9
-0.31584 -7.6
-0.31559 -7.2
-0.31535 -6.7
-0.3151 -6.2
-0.31486 -5.7
-0.31462 -5.2
-0.31437 -4.7
-0.31413 -4.1
-0.31388 -3.5
-0.31364 -2.9
-0.31339 -2.3
-0.31315 -1.7
-0.31291 -1.1
-0.31266 -0.5
-0.31242 0.2
-0.31217 0.8
-0.31193 1.4
-0.31169 2.0
-0.31144 2.7
-0.3112 3.3
-0.31095 3.8
-0.31071 4.4
-0.31046 5.0
-0.31022 5.5
-0.30998 6.0
-0.30973 6.5
-0.30949 7.0
-0.30924 7.4
-0.309 7.8
-0.30876 8.2
-0.30851 8.5
-0.30827 8.8
-0.30802 9.1
-0.30778 9.3
-0.30754 9.5
-0.30729 9.7
-0.30705 9.8
-0.3068 9.8
-0.30656 9.9
-0.30631 9.9
-0.30607 9.8
-0.30583 9.7
-0.30558 9.6
-0.30534 9.4
-0.30509 9.2
-0.30485 8.9
-0.30461 8.6
-0.30436 8.3
-0.30412 7.9
-0.30387 7.5
-0.30363 7.1
-0.30338 6.6
-0.30314 6.2
-0.3029 5.6
-0.30265 5.1
-0.30241 4.5
-0.30216 4.0
-0.30192 3.4
-0.30168 2.8
-0.30143 2.1
-0.30119 1.5
-0.30094 0.9
-0.3007 0.2
-0.30046 -0.4
-0.30021 -1.1
-0.29997 -1.7
-0.29972 -2.4
-0.29948 -3.0
-0.29923 -3.6
-0.29899 -4.2
-0.29875 -4.8
-0.2985 -5.3
-0.29826 -5.9
-0.29801 -6.4
-0.29777 -6.9
-0.29753 -7.3
-0.29728 -7.7
-0.29704 -8.1
-0.29679 -8.5
-0.29655 -8.8
-0.2963 -9.1
-0.29606 -9.3
-0.29582 -9.5
-0.29557 -9.7
-0.29533 -9.8
-0.29508 -9.9
-0.29484 -10.0
-0.2946 -10.0
-0.29435 -9.9
-0.29411 -9.8
-0.29386 -9.7
-0.29362 -9.5
-0.29338 -9.3
-0.29313 -9.0
-0.29289 -8.7
-0.29264 -8.4
-0.2924 -8.0
-0.29215 -7.6
-0.29191 -7.2
-0.29167 -6.7
-0.29142 -6.2
-0.29118 -5.7
-0.29093 -5.2
-0.29069 -4.6
-0.29045 -4.0
-0.2902 -3.4
-0.28996 -2.8
-0.28971 -2.1
-0.28947 -1.5
-0.28922 -0.8
-0.28898 -0.2
-0.28874 0.5
-0.28849 1.1
-0.28825 1.8
-0.288 2.4
-0.28776 3.1
-0.28752 3.7
-0.28727 4.3
-0.28703 4.9
-0.28678 5.5
-0.28654 6.0
-0.28629 6.5
-0.28605 7.0
-0.28581 7.5
-0.28556 7.9
-0.28532 8.3
-0.28507 8.7
-0.28483 9.0
-0.28459 9.3
-0.28434 9.5
-0.2841 9.7
-0.28385 9.8
-0.28361 10.0
-0.28337 10.0
-0.28312 10.0
-0.28288 10.0
-0.28263 10.0
-0.28239 9.9
-0.28214 9.7
-0.2819 9.5
-0.28166 9.3
-0.28141 9.0
-0.28117 8.7
-0.28092 8.3
-0.28068 7.9
-0.28044 7.5
-0.28019 7.0
-0.27995 6.5
-0.2797 6.0
-0.27946 5.4
-0.27921 4.9
-0.27897 4.3
-0.27873 3.6
-0.27848 3.0
-0.27824 2.4
-0.27799 1.7
-0.27775 1.0
-0.27751 0.4
-0.27726 -0.3
-0.27702 -1.0
-0.27677 -1.7
-0.27653 -2.3
-0.27629 -3.0
-0.27604 -3.6
-0.2758 -4.2
-0.27555 -4.9
-0.27531 -5.4
-0.27506 -6.0
-0.27482 -6.5
-0.27458 -7.0
-0.27433 -7.5
-0.27409 -8.0
-0.27384 -8.4
-0.2736 -8.7
-0.27336 -9.1
-0.27311 -9.3
-0.27287 -9.6
-0.27262 -9.8
-0.27238 -9.9
-0.27213 -10.1
-0.27189 -10.1
-0.27165 -10.1
-0.2714 -10.1
-0.27116 -10.0
-0.27091 -9.9
-0.27067 -9.8
-0.27043 -9.6
-0.27018 -9.3
-0.26994 -9.0
-0.26969 -8.7
-0.26945 -8.3
-0.26921 -7.9
-0.26896 -7.4
-0.26872 -7.0
-0.26847 -6.4
-0.26823 -5.9
-0.26798 -5.3
-0.26774 -4.7
-0.2675 -4.1
-0.26725 -3.5
-0.26701 -2.8
-0.26676 -2.1
-0.26652 -1.5
-0.26628 -0.8
-0.26603 0.0
-0.26579 0.6
-0.26554 1.3
-0.2653 2.0
-0.26505 2.7
-0.26481 3.3
-0.26457 4.0
-0.26432 4.6
-0.26408 5.2
-0.26383 5.8
-0.26359 6.4
-0.26335 6.9
-0.2631 7.4
-0.26286 7.8
-0.26261 8.3
-0.26237 8.7
-0.26213 9.0
-0.26188 9.3
-0.26164 9.6
-0.26139 9.8
-0.26115 10.0
-0.2609 10.1
-0.26066 10.2
-0.26042 10.2
-0.26017 10.2
-0.25993 10.2
-0.25968 10.1
-0.25944 9.9
-0.2592 9.7
-0.25895 9.4
-0.25871 9.2
-0.25846 8.8
-0.25822 8.4
-0.25797 8.0
-0.25773 7.6
-0.25749 7.1
-0.25724 6.6
-0.257 6.0
-0.25675 5.4
-0.25651 4.8
-0.25627 4.2
-0.25602 3.5
-0.25578 2.8
-0.25553 2.2
-0.25529 1.5
-0.25504 0.8
-0.2548 0.0
-0.25456 -0.7
-0.25431 -1.4
-0.25407 -2.1
-0.25382 -2.8
-0.25358 -3.4
-0.25334 -4.1
-0.25309 -4.7
-0.25285 -5.4
-0.2526 -6.0
-0.25236 -6.5
-0.25212 -7.1
-0.25187 -7.6
-0.25163 -8.0
-0.25138 -8.5
-0.25114 -8.9
-0.25089 -9.2
-0.25065 -9.5
-0.25041 -9.8
-0.25016 -10.0
-0.24992 -10.1
-0.24967 -10.3
-0.24943 -10.3
-0.24919 -10.3
-0.24894 -10.3
-0.2487 -10.2
-0.24845 -10.1
-0.24821 -9.9
-0.24796 -9.7
-0.24772 -9.4
-0.24748 -9.1
-0.24723 -8.7
-0.24699 -8.3
-0.24674 -7.8
-0.2465 -7.4
-0.24626 -6.8
-0.24601 -6.3
-0.24577 -5.7
-0.24552 -5.1
-0.24528 -4.4
-0.24504 -3.8
-0.24479 -3.1
-0.24455 -2.4
-0.2443 -1.7
-0.24406 -0.9
-0.24381 -0.2
-0.24357 0.5
-0.24333 1.2
-0.24308 1.9
-0.24284 2.7
-0.24259 3.4
-0.24235 4.0
-0.24211 4.7
-0.24186 5.3
-0.24162 6.0
-0.24137 6.5
-0.24113 7.1
-0.24088 7.6
-0.24064 8.1
-0.2404 8.5
-0.24015 8.9
-0.23991 9.3
-0.23966 9.6
-0.23942 9.9
-0.23918 10.1
-0.23893 10.3
-0.23869 10.4
-0.23844 10.4
-0.2382 10.4
-0.23796 10.4
-0.23771 10.3
-0.23747 10.2
-0.23722 10.0
-0.23698 9.7
-0.23673 9.4
-0.23649 9.1
-0.23625 8.7
-0.236 8.3
-0.23576 7.8
-0.23551 7.3
-0.23527 6.7
-0.23503 6.2
-0.23478 5.5
-0.23454 4.9
-0.23429 4.2
-0.23405 3.5
-0.2338 2.8
-0.23356 2.1
-0.23332 1.4
-0.23307 0.6
-0.23283 -0.1
-0.23258 -0.9
-0.23234 -1.6
-0.2321 -2.3
-0.23185 -3.0
-0.23161 -3.8
-0.23136 -4.4
-0.23112 -5.1
-0.23088 -5.8
-0.23063 -6.4
-0.23039 -7.0
-0.23014 -7.5
-0.2299 -8.0
-0.22965 -8.5
-0.22941 -8.9
-0.22917 -9.3
-0.22892 -9.6
-0.22868 -9.9
-0.22843 -10.1
-0.22819 -10.3
-0.22795 -10.5
-0.2277 -10.5
-0.22746 -10.6
-0.22721 -10.5
-0.22697 -10.4
-0.22672 -10.3
-0.22648 -10.1
-0.22624 -9.9
-0.22599 -9.6
-0.22575 -9.2
-0.2255 -8.8
-0.22526 -8.4
-0.22502 -7.9
-0.22477 -7.4
-0.22453 -6.8
-0.22428 -6.2
-0.22404 -5.6
-0.22379 -4.9
-0.22355 -4.2
-0.22331 -3.5
-0.22306 -2.8
-0.22282 -2.1
-0.22257 -1.3
-0.22233 -0.5
-0.22209 0.2
-0.22184 1.0
-0.2216 1.7
-0.22135 2.5
-0.22111 3.2
-0.22087 4.0
-0.22062 4.7
-0.22038 5.3
-0.22013 6.0
-0.21989 6.6
-0.21964 7.2
-0.2194 7.8
-0.21916 8.3
-0.21891 8.7
-0.21867 9.2
-0.21842 9.5
-0.21818 9.8
-0.21794 10.1
-0.21769 10.3
-0.21745 10.5
-0.2172 10.6
-0.21696 10.7
-0.21671 10.7
-0.21647 10.6
-0.21623 10.5
-0.21598 10.3
-0.21574 10.1
-0.21549 9.8
-0.21525 9.5
-0.21501 9.1
-0.21476 8.6
-0.21452 8.2
-0.21427 7.6
-0.21403 7.1
-0.21379 6.5
-0.21354 5.8
-0.2133 5.2
-0.21305 4.5
-0.21281 3.7
-0.21256 3.0
-0.21232 2.2
-0.21208 1.5
-0.21183 0.7
-0.21159 -0.1
-0.21134 -0.9
-0.2111 -1.7
-0.21086 -2.5
-0.21061 -3.2
-0.21037 -4.0
-0.21012 -4.7
-0.20988 -5.4
-0.20963 -6.1
-0.20939 -6.7
-0.20915 -7.3
-0.2089 -7.9
-0.20866 -8.4
-0.20841 -8.9
-0.20817 -9.3
-0.20793 -9.7
-0.20768 -10.0
-0.20744 -10.3
-0.20719 -10.5
-0.20695 -10.6
-0.20671 -10.7
-0.20646 -10.8
-0.20622 -10.8
-0.20597 -10.7
-0.20573 -10.6
-0.20548 -10.4
-0.20524 -10.1
-0.205 -9.8
-0.20475 -9.4
-0.20451 -9.0
-0.20426 -8.6
-0.20402 -8.1
-0.20378 -7.5
-0.20353 -6.9
-0.20329 -6.3
-0.20304 -5.6
-0.2028 -4.9
-0.20255 -4.2
-0.20231 -3.4
-0.20207 -2.6
-0.20182 -1.8
-0.20158 -1.0
-0.20133 -0.2
-0.20109 0.6
-0.20085 1.4
-0.2006 2.2
-0.20036 3.0
-0.20011 3.8
-0.19987 4.5
-0.19963 5.2
-0.19938 5.9
-0.19914 6.6
-0.19889 7.2
-0.19865 7.8
-0.1984 8.4
-0.19816 8.9
-0.19792 9.3
-0.19767 9.7
-0.19743 10.1
-0.19718 10.4
-0.19694 10.6
-0.1967 10.8
-0.19645 10.9
-0.19621 10.9
-0.19596 10.9
-0.19572 10.8
-0.19547 10.7
-0.19523 10.5
-0.19499 10.2
-0.19474 9.9
-0.1945 9.5
-0.19425 9.1
-0.19401 8.6
-0.19377 8.1
-0.19352 7.5
-0.19328 6.9
-0.19303 6.2
-0.19279 5.5
-0.19254 4.8
-0.1923 4.0
-0.19206 3.3
-0.19181 2.5
-0.19157 1.6
-0.19132 0.8
-0.19108 0.0
-0.19084 -0.9
-0.19059 -1.7
-0.19035 -2.5
-0.1901 -3.3
-0.18986 -4.1
-0.18962 -4.9
-0.18937 -5.6
-0.18913 -6.3
-0.18888 -7.0
-0.18864 -7.6
-0.18839 -8.2
-0.18815 -8.7
-0.18791 -9.2
-0.18766 -9.7
-0.18742 -10.0
-0.18717 -10.4
-0.18693 -10.6
-0.18669 -10.8
-0.18644 -11.0
-0.1862 -11.0
-0.18595 -11.0
-0.18571 -11.0
-0.18546 -10.9
-0.18522 -10.7
-0.18498 -10.4
-0.18473 -10.1
-0.18449 -9.7
-0.18424 -9.3
-0.184 -8.8
-0.18376 -8.3
-0.18351 -7.7
-0.18327 -7.0
-0.18302 -6.4
-0.18278 -5.6
-0.18254 -4.9
-0.18229 -4.1
-0.18205 -3.3
-0.1818 -2.5
-0.18156 -1.6
-0.18131 -0.8
-0.18107 0.0
-0.18083 0.9
-0.18058 1.8
-0.18034 2.6
-0.18009 3.5
-0.17985 4.3
-0.17961 5.1
-0.17936 5.8
-0.17912 6.5
-0.17887 7.2
-0.17863 7.9
-0.17838 8.5
-0.17814 9.0
-0.1779 9.5
-0.17765 9.9
-0.17741 10.3
-0.17716 10.6
-0.17692 10.8
-0.17668 11.0
-0.17643 11.1
-0.17619 11.2
-0.17594 11.2
-0.1757 11.1
-0.17546 10.9
-0.17521 10.7
-0.17497 10.4
-0.17472 10.0
-0.17448 9.6
-0.17423 9.1
-0.17399 8.6
-0.17375 8.0
-0.1735 7.4
-0.17326 6.7
-0.17301 6.0
-0.17277 5.2
-0.17253 4.4
-0.17228 3.6
-0.17204 2.7
-0.17179 1.9
-0.17155 1.0
-0.1713 0.0
-0.17106 -0.8
-0.17082 -1.7
-0.17057 -2.6
-0.17033 -3.4
-0.17008 -4.2
-0.16984 -5.1
-0.1696 -5.8
-0.16935 -6.6
-0.16911 -7.3
-0.16886 -8.0
-0.16862 -8.6
-0.16838 -9.1
-0.16813 -9.6
-0.16789 -10.1
-0.16764 -10.4
-0.1674 -10.8
-0.16715 -11.0
-0.16691 -11.2
-0.16667 -11.3
-0.16642 -11.3
-0.16618 -11.3
-0.16593 -11.2
-0.16569 -11.0
-0.16545 -10.7
-0.1652 -10.4
-0.16496 -10.0
-0.16471 -9.6
-0.16447 -9.1
-0.16422 -8.5
-0.16398 -7.9
-0.16374 -7.2
-0.16349 -6.5
-0.16325 -5.7
-0.163 -4.9
-0.16276 -4.1
-0.16252 -3.2
-0.16227 -2.3
-0.16203 -1.4
-0.16178 -0.5
-0.16154 0.4
-0.16129 1.3
-0.16105 2.3
-0.16081 3.1
-0.16056 4.0
-0.16032 4.9
-0.16007 5.7
-0.15983 6.5
-0.15959 7.2
-0.15934 7.9
-0.1591 8.6
-0.15885 9.1
-0.15861 9.7
-0.15837 10.1
-0.15812 10.5
-0.15788 10.9
-0.15763 11.1
-0.15739 11.3
-0.15714 11.4
-0.1569 11.5
-0.15666 11.4
-0.15641 11.3
-0.15617 11.1
-0.15592 10.9
-0.15568 10.5
-0.15544 10.1
-0.15519 9.7
-0.15495 9.1
-0.1547 8.5
-0.15446 7.9
-0.15421 7.1
-0.15397 6.4
-0.15373 5.6
-0.15348 4.7
-0.15324 3.9
-0.15299 3.0
-0.15275 2.0
-0.15251 1.1
-0.15226 0.2
-0.15202 -0.8
-0.15177 -1.7
-0.15153 -2.7
-0.15129 -3.6
-0.15104 -4.5
-0.1508 -5.3
-0.15055 -6.2
-0.15031 -7.0
-0.15006 -7.7
-0.14982 -8.4
-0.14958 -9.0
-0.14933 -9.6
-0.14909 -10.1
-0.14884 -10.5
-0.1486 -10.9
-0.14836 -11.2
-0.14811 -11.4
-0.14787 -11.6
-0.14762 -11.6
-0.14738 -11.6
-0.14713 -11.5
-0.14689 -11.3
-0.14665 -11.1
-0.1464 -10.7
-0.14616 -10.3
-0.14591 -9.8
-0.14567 -9.3
-0.14543 -8.7
-0.14518 -8.0
-0.14494 -7.3
-0.14469 -6.5
-0.14445 -5.6
-0.14421 -4.8
-0.14396 -3.9
-0.14372 -2.9
-0.14347 -2.0
-0.14323 -1.0
-0.14298 0.0
-0.14274 1.0
-0.1425 1.9
-0.14225 2.9
-0.14201 3.9
-0.14176 4.8
-0.14152 5.7
-0.14128 6.5
-0.14103 7.3
-0.14079 8.1
-0.14054 8.8
-0.1403 9.4
-0.14005 10.0
-0.13981 10.5
-0.13957 10.9
-0.13932 11.2
-0.13908 11.5
-0.13883 11.7
-0.13859 11.8
-0.13835 11.8
-0.1381 11.7
-0.13786 11.6
-0.13761 11.3
-0.13737 11.0
-0.13713 10.6
-0.13688 10.1
-0.13664 9.6
-0.13639 9.0
-0.13615 8.3
-0.1359 7.5
-0.13566 6.7
-0.13542 5.9
-0.13517 5.0
-0.13493 4.0
-0.13468 3.1
-0.13444 2.1
-0.1342 1.1
-0.13395 0.0
-0.13371 -1.0
-0.13346 -2.0
-0.13322 -3.0
-0.13297 -4.0
-0.13273 -4.9
-0.13249 -5.8
-0.13224 -6.7
-0.132 -7.5
-0.13175 -8.3
-0.13151 -9.0
-0.13127 -9.7
-0.13102 -10.2
-0.13078 -10.7
-0.13053 -11.1
-0.13029 -11.5
-0.13004 -11.7
-0.1298 -11.9
-0.12956 -12.0
-0.12931 -12.0
-0.12907 -11.8
-0.12882 -11.6
-0.12858 -11.4
-0.12834 -11.0
-0.12809 -10.5
-0.12785 -10.0
-0.1276 -9.4
-0.12736 -8.7
-0.12712 -8.0
-0.12687 -7.1
-0.12663 -6.3
-0.12638 -5.3
-0.12614 -4.4
-0.12589 -3.4
-0.12565 -2.4
-0.12541 -1.3
-0.12516 -0.3
-0.12492 0.8
-0.12467 1.8
-0.12443 2.9
-0.12419 3.9
-0.12394 4.9
-0.1237 5.9
-0.12345 6.8
-0.12321 7.6
-0.12296 8.4
-0.12272 9.2
-0.12248 9.8
-0.12223 10.4
-0.12199 10.9
-0.12174 11.4
-0.1215 11.7
-0.12126 12.0
-0.12101 12.1
-0.12077 12.2
-0.12052 12.1
-0.12028 12.0
-0.12004 11.8
-0.11979 11.4
-0.11955 11.0
-0.1193 10.5
-0.11906 9.9
-0.11881 9.3
-0.11857 8.5
-0.11833 7.7
-0.11808 6.8
-0.11784 5.9
-0.11759 4.9
-0.11735 3.9
-0.11711 2.8
-0.11686 1.8
-0.11662 0.7
-0.11637 -0.4
-0.11613 -1.5
-0.11588 -2.6
-0.11564 -3.7
-0.1154 -4.7
-0.11515 -5.7
-0.11491 -6.7
-0.11466 -7.6
-0.11442 -8.5
-0.11418 -9.2
-0.11393 -9.9
-0.11369 -10.6
-0.11344 -11.1
-0.1132 -11.5
-0.11296 -11.9
-0.11271 -12.2
-0.11247 -12.3
-0.11222 -12.4
-0.11198 -12.3
-0.11173 -12.2
-0.11149 -11.9
-0.11125 -11.6
-0.111 -11.1
-0.11076 -10.6
-0.11051 -9.9
-0.11027 -9.2
-0.11003 -8.4
-0.10978 -7.6
-0.10954 -6.6
-0.10929 -5.6
-0.10905 -4.6
-0.1088 -3.5
-0.10856 -2.4
-0.10832 -1.3
-0.10807 -0.1
-0.10783 1.0
-0.10758 2.2
-0.10734 3.3
-0.1071 4.4
-0.10685 5.5
-0.10661 6.5
-0.10636 7.5
-0.10612 8.4
-0.10588 9.2
-0.10563 9.9
-0.10539 10.6
-0.10514 11.2
-0.1049 11.7
-0.10465 12.1
-0.10441 12.3
-0.10417 12.5
-0.10392 12.6
-0.10368 12.5
-0.10343 12.4
-0.10319 12.1
-0.10295 11.7
-0.1027 11.3
-0.10246 10.7
-0.10221 10.0
-0.10197 9.3
-0.10172 8.4
-0.10148 7.5
-0.10124 6.5
-0.10099 5.5
-0.10075 4.4
-0.1005 3.2
-0.10026 2.0
-0.10002 0.9
-0.09977 -0.4
-0.09953 -1.6
-0.09928 -2.7
-0.09904 -3.9
-0.09879 -5.0
-0.09855 -6.1
-0.09831 -7.2
-0.09806 -8.1
-0.09782 -9.0
-0.09757 -9.9
-0.09733 -10.6
-0.09709 -11.2
-0.09684 -11.8
-0.0966 -12.2
-0.09635 -12.5
-0.09611 -12.7
-0.09587 -12.8
-0.09562 -12.8
-0.09538 -12.6
-0.09513 -12.4
-0.09489 -12.0
-0.09464 -11.5
-0.0944 -10.9
-0.09416 -10.2
-0.09391 -9.4
-0.09367 -8.5
-0.09342 -7.5
-0.09318 -6.5
-0.09294 -5.4
-0.09269 -4.2
-0.09245 -3.0
-0.0922 -1.8
-0.09196 -0.5
-0.09171 0.8
-0.09147 2.0
-0.09123 3.2
-0.09098 4.5
-0.09074 5.6
-0.09049 6.7
-0.09025 7.8
-0.09001 8.8
-0.08976 9.7
-0.08952 10.5
-0.08927 11.2
-0.08903 11.8
-0.08879 12.3
-0.08854 12.7
-0.0883 12.9
-0.08805 13.0
-0.08781 13.0
-0.08756 12.9
-0.08732 12.6
-0.08708 12.3
-0.08683 11.8
-0.08659 11.1
-0.08634 10.4
-0.0861 9.6
-0.08586 8.6
-0.08561 7.6
-0.08537 6.5
-0.08512 5.3
-0.08488 4.1
-0.08463 2.8
-0.08439 1.5
-0.08415 0.2
-0.0839 -1.1
-0.08366 -2.4
-0.08341 -3.7
-0.08317 -5.0
-0.08293 -6.2
-0.08268 -7.3
-0.08244 -8.4
-0.08219 -9.4
-0.08195 -10.3
-0.08171 -11.1
-0.08146 -11.8
-0.08122 -12.4
-0.08097 -12.8
-0.08073 -13.1
-0.08048 -13.3
-0.08024 -13.3
-0.08 -13.2
-0.07975 -13.0
-0.07951 -12.6
-0.07926 -12.1
-0.07902 -11.5
-0.07878 -10.7
-0.07853 -9.8
-0.07829 -8.8
-0.07804 -7.8
-0.0778 -6.6
-0.07755 -5.4
-0.07731 -4.1
-0.07707 -2.7
-0.07682 -1.3
-0.07658 0.0
-0.07633 1.4
-0.07609 2.8
-0.07585 4.2
-0.0756 5.5
-0.07536 6.8
-0.07511 7.9
-0.07487 9.0
-0.07463 10.1
-0.07438 11.0
-0.07414 11.7
-0.07389 12.4
-0.07365 12.9
-0.0734 13.3
-0.07316 13.5
-0.07292 13.6
-0.07267 13.6
-0.07243 13.3
-0.07218 13.0
-0.07194 12.5
-0.0717 11.8
-0.07145 11.0
-0.07121 10.1
-0.07096 9.1
-0.07072 7.9
-0.07047 6.7
-0.07023 5.4
-0.06999 4.0
-0.06974 2.6
-0.0695 1.1
-0.06925 -0.3
-0.06901 -1.8
-0.06877 -3.3
-0.06852 -4.7
-0.06828 -6.1
-0.06803 -7.4
-0.06779 -8.6
-0.06754 -9.7
-0.0673 -10.7
-0.06706 -11.6
-0.06681 -12.4
-0.06657 -13.0
-0.06632 -13.5
-0.06608 -13.8
-0.06584 -13.9
-0.06559 -13.9
-0.06535 -13.7
-0.0651 -13.4
-0.06486 -12.9
-0.06462 -12.2
-0.06437 -11.4
-0.06413 -10.4
-0.06388 -9.3
-0.06364 -8.1
-0.06339 -6.8
-0.06315 -5.4
-0.06291 -3.9
-0.06266 -2.4
-0.06242 -0.9
-0.06217 0.7
-0.06193 2.3
-0.06169 3.8
-0.06144 5.3
-0.0612 6.7
-0.06095 8.1
-0.06071 9.3
-0.06046 10.5
-0.06022 11.5
-0.05998 12.4
-0.05973 13.1
-0.05949 13.7
-0.05924 14.1
-0.059 14.3
-0.05876 14.3
-0.05851 14.1
-0.05827 13.8
-0.05802 13.3
-0.05778 12.6
-0.05754 11.7
-0.05729 10.7
-0.05705 9.5
-0.0568 8.2
-0.05656 6.8
-0.05631 5.3
-0.05607 3.8
-0.05583 2.1
-0.05558 0.5
-0.05534 -1.2
-0.05509 -2.9
-0.05485 -4.5
-0.05461 -6.1
-0.05436 -7.6
-0.05412 -9.0
-0.05387 -10.3
-0.05363 -11.4
-0.05338 -12.4
-0.05314 -13.2
-0.0529 -13.9
-0.05265 -14.4
-0.05241 -14.6
-0.05216 -14.7
-0.05192 -14.5
-0.05168 -14.2
-0.05143 -13.6
-0.05119 -12.9
-0.05094 -12.0
-0.0507 -10.9
-0.05046 -9.6
-0.05021 -8.2
-0.04997 -6.7
-0.04972 -5.1
-0.04948 -3.4
-0.04923 -1.6
-0.04899 0.2
-0.04875 2.0
-0.0485 3.8
-0.04826 5.5
-0.04801 7.1
-0.04777 8.7
-0.04753 10.1
-0.04728 11.4
-0.04704 12.5
-0.04679 13.5
-0.04655 14.2
-0.0463 14.7
-0.04606 15.0
-0.04582 15.1
-0.04557 15.0
-0.04533 14.6
-0.04508 14.0
-0.04484 13.2
-0.0446 12.1
-0.04435 10.9
-0.04411 9.5
-0.04386 8.0
-0.04362 6.3
-0.04338 4.5
-0.04313 2.6
-0.04289 0.7
-0.04264 -1.3
-0.0424 -3.2
-0.04215 -5.1
-0.04191 -6.9
-0.04167 -8.6
-0.04142 -10.2
-0.04118 -11.6
-0.04093 -12.8
-0.04069 -13.9
-0.04045 -14.7
-0.0402 -15.2
-0.03996 -15.6
-0.03971 -15.6
-0.03947 -15.4
-0.03922 -14.9
-0.03898 -14.2
-0.03874 -13.3
-0.03849 -12.1
-0.03825 -10.6
-0.038 -9.0
-0.03776 -7.3
-0.03752 -5.4
-0.03727 -3.4
-0.03703 -1.3
-0.03678 0.8
-0.03654 2.9
-0.03629 5.0
-0.03605 7.0
-0.03581 8.9
-0.03556 10.6
-0.03532 12.1
-0.03507 13.5
-0.03483 14.6
-0.03459 15.4
-0.03434 15.9
-0.0341 16.2
-0.03385 16.1
-0.03361 15.8
-0.03337 15.1
-0.03312 14.2
-0.03288 13.0
-0.03263 11.5
-0.03239 9.8
-0.03214 7.9
-0.0319 5.8
-0.03166 3.6
-0.03141 1.3
-0.03117 -1.0
-0.03092 -3.3
-0.03068 -5.6
-0.03044 -7.7
-0.03019 -9.8
-0.02995 -11.6
-0.0297 -13.2
-0.02946 -14.6
-0.02921 -15.7
-0.02897 -16.4
-0.02873 -16.8
-0.02848 -16.9
-0.02824 -16.6
-0.02799 -15.9
-0.02775 -14.9
-0.02751 -13.6
-0.02726 -11.9
-0.02702 -10.0
-0.02677 -7.9
-0.02653 -5.5
-0.02629 -3.1
-0.02604 -0.5
-0.0258 2.1
-0.02555 4.7
-0.02531 7.1
-0.02506 9.5
-0.02482 11.6
-0.02458 13.5
-0.02433 15.1
-0.02409 16.3
-0.02384 17.2
-0.0236 17.6
-0.02336 17.6
-0.02311 17.2
-0.02287 16.4
-0.02262 15.2
-0.02238 13.5
-0.02213 11.5
-0.02189 9.2
-0.02165 6.7
-0.0214 3.9
-0.02116 1.1
-0.02091 -1.9
-0.02067 -4.8
-0.02043 -7.6
-0.02018 -10.2
-0.01994 -12.6
-0.01969 -14.7
-0.01945 -16.4
-0.01921 -17.6
-0.01896 -18.4
-0.01872 -18.7
-0.01847 -18.4
-0.01823 -17.6
-0.01798 -16.2
-0.01774 -14.4
-0.0175 -12.1
-0.01725 -9.5
-0.01701 -6.5
-0.01676 -3.3
-0.01652 0.0
-0.01628 3.5
-0.01603 6.8
-0.01579 10.0
-0.01554 12.9
-0.0153 15.3
-0.01505 17.4
-0.01481 18.8
-0.01457 19.7
-0.01432 19.9
-0.01408 19.4
-0.01383 18.2
-0.01359 16.3
-0.01335 13.8
-0.0131 10.8
-0.01286 7.3
-0.01261 3.5
-0.01237 -0.5
-0.01213 -4.5
-0.01188 -8.4
-0.01164 -12.1
-0.01139 -15.4
-0.01115 -18.0
-0.0109 -20.0
-0.01066 -21.2
-0.01042 -21.4
-0.01017 -20.8
-0.00993 -19.1
-0.00968 -16.6
-0.00944 -13.3
-0.0092 -9.2
-0.00895 -4.7
-0.00871 0.3
-0.00846 5.3
-0.00822 10.1
-0.00797 14.6
-0.00773 18.4
-0.00749 21.3
-0.00724 23.0
-0.007 23.5
-0.00675 22.6
-0.00651 20.4
-0.00627 16.7
-0.00602 11.9
-0.00578 6.2
-0.00553 -0.2
-0.00529 -6.8
-0.00504 -13.1
-0.0048 -18.7
-0.00456 -23.0
-0.00431 -25.7
-0.00407 -26.3
-0.00382 -24.7
-0.00358 -20.8
-0.00334 -14.7
-0.00309 -6.9
-0.00285 2.0
-0.0026 11.3
-0.00236 19.7
-0.00212 26.2
-0.00187 29.8
-0.00163 29.5
-0.00138 24.8
-0.00114 15.9
-0.00089 3.5
-0.00065 -10.5
-0.00041 -23.4
-0.00016 -31.9
8e-05 -32.5
0.00033 -23.6
0.00057 -6.7
0.00081 12.5
0.00106 26.3
0.0013 28.5
0.00155 18.3
0.00179 1.0
0.00204 -14.3
0.00228 -20.4
0.00252 -15.4
0.00277 -3.7
0.00301 7.6
0.00326 12.6
0.0035 9.9
0.00374 2.6
0.00399 -4.5
0.00423 -7.5
0.00448 -5.8
0.00472 -1.2
0.00496 3.0
0.00521 4.5
0.00545 3.2
0.0057 0.4
0.00594 -2.0
0.00619 -2.7
0.00643 -1.8
0.00667 0.0
0.00692 1.3
0.00716 1.6
0.00741 0.9
0.00765 -0.1
0.00789 -0.9
0.00814 -1.0
0.00838 -0.5
0.00863 0.2
0.00887 0.6
0.00912 0.6
0.00936 0.2
0.0096 -0.1
0.00985 -0.4
0.01009 -0.3
0.01034 -0.1
0.01058 0.1
0.01082 0.2
0.01107 0.2
0.01131 0.0
0.01156 0.0
0.0118 -0.1
0.01204 -0.1
0.01229 0.0
0.01253 0.0
0.01278 0.0
0.01302 0.0
0.01327 0.0
0.01351 0.0
0.01375 0.0
0.014 0.0
0.01424 0.0
0.01449 0.0
0.01473 0.0
0.01497 0.0
0.01522 0.0
0.01546 0.0
0.01571 0.0
0.01595 0.0
0.0162 0.0
0.01644 0.0
0.01668 0.0
0.01693 0.0
0.01717 0.0
0.01742 0.0
0.01766 0.0
0.0179 0.0
0.01815 0.0
0.01839 0.0
0.01864 0.0
0.01888 0.0
0.01912 0.0
0.01937 0.0
0.01961 0.0
0.01986 0.0
0.0201 0.0
0.02035 0.0
0.02059 0.0
0.02083 0.0
0.02108 0.0
0.02132 0.0
0.02157 0.0
0.02181 0.0
0.02205 0.0
0.0223 0.0
0.02254 0.0
0.02279 0.0
0.02303 0.0
0.02328 0.0
0.02352 0.0
0.02376 0.0
0.02401 0.0
0.02425 0.0
0.0245 0.0
0.02474 0.0
0.02498 0.0
0.02523 0.0
0.02547 0.0
0.02572 0.0
0.02596 0.0
0.02621 0.0
0.02645 0.0
0.02669 0.0
0.02694 0.0
0.02718 0.0
0.02743 0.0
0.02767 0.0
0.02791 0.0
0.02816 0.0
0.0284 0.0
0.02865 0.0
0.02889 0.0
0.02913 0.0
0.02938 0.0
0.02962 0.0
0.02987 0.0
0.03011 0.0
0.03036 0.0
0.0306 0.0
0.03084 0.0
0.03109 0.0
0.03133 0.0
0.03158 0.0
0.03182 0.0
0.03206 0.0
0.03231 0.0
0.03255 0.0
0.0328 0.0
0.03304 0.0
0.03329 0.0
0.03353 0.0
0.03377 0.0
0.03402 0.0
0.03426 0.0
0.03451 0.0
0.03475 0.0
0.03499 0.0
0.03524 0.0
0.03548 0.0
0.03573 0.0
0.03597 0.0
0.03621 0.0
0.03646 0.0
0.0367 0.0
0.03695 0.0
0.03719 0.0
0.03744 0.0
0.03768 0.0
0.03792 0.0
0.03817 0.0
0.03841 0.0
0.03866 0.0
0.0389 0.0
0.03914 0.0
0.03939 0.0
0.03963 0.0
0.03988 0.0
0.04012 0.0
0.04037 0.0
0.04061 0.0
0.04085 0.0
0.0411 0.0
0.04134 0.0
0.04159 0.0
0.04183 0.0
0.04207 0.0
0.04232 0.0
0.04256 0.0
0.04281 0.0
0.04305 0.0
0.04329 0.0
0.04354 0.0
0.04378 0.0
0.04403 0.0
0.04427 0.0
0.04452 0.0
0.04476 0.0
0.045 0.0
0.04525 0.0
0.04549 0.0
0.04574 0.0
0.04598 0.0
0.04622 0.0
0.04647 0.0
0.04671 0.0
0.04696 0.0
0.0472 0.0
0.04745 0.0
0.04769 0.0
0.04793 0.0
0.04818 0.0
0.04842 0.0
0.04867 0.0
0.04891 0.0
0.04915 0.0
0.0494 0.0
0.04964 0.0
0.04989 0.0
0.05013 0.0
0.05037 0.0
0.05062 0.0
0.05086 0.0
0.05111 0.0
0.05135 0.0
0.0516 0.0
0.05184 0.0
0.05208 0.0
0.05233 0.0
0.05257 0.0
0.05282 0.0
0.05306 0.0
0.0533 0.0
0.05355 0.0
0.05379 0.0
0.05404 0.0
0.05428 0.0
0.05453 0.0
0.05477 0.0
0.05501 0.0
0.05526 0.0
0.0555 0.0
0.05575 0.0
0.05599 0.0
0.05623 0.0
0.05648 0.0
0.05672 0.0
0.05697 0.0
0.05721 0.0
0.05746 0.0
0.0577 0.0
0.05794 0.0
0.05819 0.0
0.05843 0.0
0.05868 0.0
0.05892 0.0
0.05916 0.0
0.05941 0.0
0.05965 0.0
0.0599 0.0
0.06014 0.0
0.06038 0.0
0.06063 0.0
0.06087 0.0
0.06112 0.0
0.06136 0.0
0.06161 0.0
0.06185 0.0
0.06209 0.0
0.06234 0.0
0.06258 0.0
0.06283 0.0
0.06307 0.0
0.06331 0.0
0.06356 0.0
0.0638 0.0
0.06405 0.0
0.06429 0.0
0.06454 0.0
0.06478 0.0
0.06502 0.0
0.06527 0.0
0.06551 0.0
0.06576 0.0
0.066 0.0
0.06624 0.0
0.06649 0.0
0.06673 0.0
0.06698 0.0
0.06722 0.0
0.06746 0.0
0.06771 0.0
0.06795 0.0
0.0682 0.0
0.06844 0.0
0.06869 0.0
0.06893 0.0
0.06917 0.0
0.06942 0.0
0.06966 0.0
0.06991 0.0
0.07015 0.0
0.07039 0.0
0.07064 0.0
0.07088 0.0
0.07113 0.0
0.07137 0.0
0.07162 0.0
0.07186 0.0
0.0721 0.0
0.07235 0.0
0.07259 0.0
0.07284 0.0
0.07308 0.0
0.07332 0.0
0.07357 0.0
0.07381 0.0
0.07406 0.0
0.0743 0.0
0.07454 0.0
0.07479 0.0
0.07503 0.0
0.07528 0.0
0.07552 0.0
0.07577 0.0
0.07601 0.0
0.07625 0.0
0.0765 0.0
0.07674 0.0
