t strain*1e23
-0.41413 -16.3
-0.41389 -16.3
-0.41365 -16.3
-0.4134 -16.3
-0.41316 -16.2
-0.41291 -16.2
-0.41267 -16.1
-0.41243 -16.0
-0.41218 -15.9
-0.41194 -15.8
-0.41169 -15.6
-0.41145 -15.4
-0.41121 -15.2
-0.41096 -15.0
-0.41072 -14.8
-0.41047 -14.6
-0.41023 -14.3
-0.40998 -14.0
-0.40974 -13.7
-0.4095 -13.4
-0.40925 -13.1
-0.40901 -12.7
-0.40876 -12.4
-0.40852 -12.0
-0.40828 -11.6
-0.40803 -11.2
-0.40779 -10.7
-0.40754 -10.3
-0.4073 -9.9
-0.40705 -9.4
-0.40681 -8.9
-0.40657 -8.4
-0.40632 -7.9
-0.40608 -7.4
-0.40583 -6.9
-0.40559 -6.4
-0.40535 -5.9
-0.4051 -5.3
-0.40486 -4.8
-0.40461 -4.2
-0.40437 -3.7
-0.40413 -3.1
-0.40388 -2.5
-0.40364 -2.0
-0.40339 -1.4
-0.40315 -0.8
-0.4029 -0.3
-0.40266 0.3
-0.40242 0.9
-0.40217 1.5
-0.40193 2.1
-0.40168 2.6
-0.40144 3.2
-0.4012 3.8
-0.40095 4.3
-0.40071 4.9
-0.40046 5.4
-0.40022 6.0
-0.39997 6.5
-0.39973 7.0
-0.39949 7.6
-0.39924 8.1
-0.399 8.6
-0.39875 9.1
-0.39851 9.5
-0.39827 10.0
-0.39802 10.5
-0.39778 10.9
-0.39753 11.3
-0.39729 11.7
-0.39705 12.1
-0.3968 12.5
-0.39656 12.9
-0.39631 13.3
-0.39607 13.6
-0.39582 13.9
-0.39558 14.2
-0.39534 14.5
-0.39509 14.8
-0.39485 15.0
-0.3946 15.3
-0.39436 15.5
-0.39412 15.7
-0.39387 15.8
-0.39363 16.0
-0.39338 16.1
-0.39314 16.2
-0.39289 16.3
-0.39265 16.4
-0.39241 16.5
-0.39216 16.5
-0.39192 16.5
-0.39167 16.5
-0.39143 16.5
-0.39119 16.4
-0.39094 16.3
-0.3907 16.2
-0.39045 16.1
-0.39021 16.0
-0.38997 15.8
-0.38972 15.7
-0.38948 15.5
-0.38923 15.2
-0.38899 15.0
-0.38874 14.8
-0.3885 14.5
-0.38826 14.2
-0.38801 13.9
-0.38777 13.6
-0.38752 13.2
-0.38728 12.9
-0.38704 12.5
-0.38679 12.1
-0.38655 11.7
-0.3863 11.3
-0.38606 10.8
-0.38581 10.4
-0.38557 9.9
-0.38533 9.4
-0.38508 8.9
-0.38484 8.4
-0.38459 7.9
-0.38435 7.4
-0.38411 6.9
-0.38386 6.3
-0.38362 5.8
-0.38337 5.2
-0.38313 4.6
-0.38288 4.1
-0.38264 3.5
-0.3824 2.9
-0.38215 2.3
-0.38191 1.7
-0.38166 1.1
-0.38142 0.5
-0.38118 0.0
-0.38093 -0.6
-0.38069 -1.2
-0.38044 -1.8
-0.3802 -2.4
-0.37996 -3.0
-0.37971 -3.6
-0.37947 -4.2
-0.37922 -4.7
-0.37898 -5.3
-0.37873 -5.9
-0.37849 -6.4
-0.37825 -7.0
-0.378 -7.5
-0.37776 -8.1
-0.37751 -8.6
-0.37727 -9.1
-0.37703 -9.6
-0.37678 -10.1
-0.37654 -10.5
-0.37629 -11.0
-0.37605 -11.4
-0.3758 -11.9
-0.37556 -12.3
-0.37532 -12.7
-0.37507 -13.1
-0.37483 -13.4
-0.37458 -13.8
-0.37434 -14.1
-0.3741 -14.4
-0.37385 -14.7
-0.37361 -15.0
-0.37336 -15.2
-0.37312 -15.5
-0.37288 -15.7
-0.37263 -15.9
-0.37239 -16.1
-0.37214 -16.2
-0.3719 -16.4
-0.37165 -16.5
-0.37141 -16.6
-0.37117 -16.6
-0.37092 -16.7
-0.37068 -16.7
-0.37043 -16.7
-0.37019 -16.7
-0.36995 -16.6
-0.3697 -16.6
-0.36946 -16.5
-0.36921 -16.4
-0.36897 -16.3
-0.36872 -16.1
-0.36848 -15.9
-0.36824 -15.8
-0.36799 -15.5
-0.36775 -15.3
-0.3675 -15.1
-0.36726 -14.8
-0.36702 -14.5
-0.36677 -14.2
-0.36653 -13.8
-0.36628 -13.5
-0.36604 -13.1
-0.3658 -12.7
-0.36555 -12.3
-0.36531 -11.9
-0.36506 -11.5
-0.36482 -11.0
-0.36457 -10.6
-0.36433 -10.1
-0.36409 -9.6
-0.36384 -9.1
-0.3636 -8.6
-0.36335 -8.0
-0.36311 -7.5
-0.36287 -7.0
-0.36262 -6.4
-0.36238 -5.8
-0.36213 -5.2
-0.36189 -4.7
-0.36164 -4.1
-0.3614 -3.5
-0.36116 -2.9
-0.36091 -2.3
-0.36067 -1.7
-0.36042 -1.0
-0.36018 -0.4
-0.35994 0.2
-0.35969 0.8
-0.35945 1.4
-0.3592 2.0
-0.35896 2.6
-0.35872 3.2
-0.35847 3.8
-0.35823 4.4
-0.35798 5.0
-0.35774 5.6
-0.35749 6.2
-0.35725 6.8
-0.35701 7.3
-0.35676 7.9
-0.35652 8.4
-0.35627 9.0
-0.35603 9.5
-0.35579 10.0
-0.35554 10.5
-0.3553 11.0
-0.35505 11.4
-0.35481 11.9
-0.35456 12.3
-0.35432 12.7
-0.35408 13.1
-0.35383 13.5
-0.35359 13.9
-0.35334 14.2
-0.3531 14.6
-0.35286 14.9
-0.35261 15.1
-0.35237 15.4
-0.35212 15.7
-0.35188 15.9
-0.35163 16.1
-0.35139 16.3
-0.35115 16.4
-0.3509 16.6
-0.35066 16.7
-0.35041 16.8
-0.35017 16.9
-0.34993 16.9
-0.34968 16.9
-0.34944 16.9
-0.34919 16.9
-0.34895 16.9
-0.34871 16.8
-0.34846 16.7
-0.34822 16.6
-0.34797 16.5
-0.34773 16.3
-0.34748 16.1
-0.34724 15.9
-0.347 15.7
-0.34675 15.4
-0.34651 15.2
-0.34626 14.9
-0.34602 14.6
-0.34578 14.2
-0.34553 13.9
-0.34529 13.5
-0.34504 13.1
-0.3448 12.7
-0.34455 12.3
-0.34431 11.9
-0.34407 11.4
-0.34382 10.9
-0.34358 10.4
-0.34333 9.9
-0.34309 9.4
-0.34285 8.9
-0.3426 8.3
-0.34236 7.8
-0.34211 7.2
-0.34187 6.6
-0.34163 6.1
-0.34138 5.5
-0.34114 4.9
-0.34089 4.2
-0.34065 3.6
-0.3404 3.0
-0.34016 2.4
-0.33992 1.8
-0.33967 1.1
-0.33943 0.5
-0.33918 -0.2
-0.33894 -0.8
-0.3387 -1.4
-0.33845 -2.1
-0.33821 -2.7
-0.33796 -3.3
-0.33772 -3.9
-0.33747 -4.6
-0.33723 -5.2
-0.33699 -5.8
-0.33674 -6.4
-0.3365 -7.0
-0.33625 -7.5
-0.33601 -8.1
-0.33577 -8.7
-0.33552 -9.2
-0.33528 -9.7
-0.33503 -10.3
-0.33479 -10.8
-0.33455 -11.3
-0.3343 -11.7
-0.33406 -12.2
-0.33381 -12.6
-0.33357 -13.1
-0.33332 -13.5
-0.33308 -13.9
-0.33284 -14.2
-0.33259 -14.6
-0.33235 -14.9
-0.3321 -15.2
-0.33186 -15.5
-0.33162 -15.8
-0.33137 -16.0
-0.33113 -16.2
-0.33088 -16.4
-0.33064 -16.6
-0.33039 -16.8
-0.33015 -16.9
-0.32991 -17.0
-0.32966 -17.1
-0.32942 -17.1
-0.32917 -17.2
-0.32893 -17.2
-0.32869 -17.1
-0.32844 -17.1
-0.3282 -17.0
-0.32795 -16.9
-0.32771 -16.8
-0.32747 -16.7
-0.32722 -16.5
-0.32698 -16.3
-0.32673 -16.1
-0.32649 -15.9
-0.32624 -15.6
-0.326 -15.4
-0.32576 -15.1
-0.32551 -14.7
-0.32527 -14.4
-0.32502 -14.0
-0.32478 -13.6
-0.32454 -13.2
-0.32429 -12.8
-0.32405 -12.4
-0.3238 -11.9
-0.32356 -11.4
-0.32331 -10.9
-0.32307 -10.4
-0.32283 -9.9
-0.32258 -9.4
-0.32234 -8.8
-0.32209 -8.2
-0.32185 -7.7
-0.32161 -7.1
-0.32136 -6.5
-0.32112 -5.8
-0.32087 -5.2
-0.32063 -4.6
-0.32038 -4.0
-0.32014 -3.3
-0.3199 -2.7
-0.31965 -2.0
-0.31941 -1.4
-0.31916 -0.7
-0.31892 0.0
-0.31868 0.6
-0.31843 1.3
-0.31819 1.9
-0.31794 2.6
-0.3177 3.2
-0.31746 3.9
-0.31721 4.5
-0.31697 5.1
-0.31672 5.8
-0.31648 6.4
-0.31623 7.0
-0.31599 7.6
-0.31575 8.2
-0.3155 8.8
-0.31526 9.3
-0.31501 9.9
-0.31477 10.4
-0.31453 10.9
-0.31428 11.5
-0.31404 11.9
-0.31379 12.4
-0.31355 12.9
-0.3133 13.3
-0.31306 13.7
-0.31282 14.1
-0.31257 14.5
-0.31233 14.9
-0.31208 15.2
-0.31184 15.5
-0.3116 15.8
-0.31135 16.1
-0.31111 16.3
-0.31086 16.5
-0.31062 16.7
-0.31038 16.9
-0.31013 17.1
-0.30989 17.2
-0.30964 17.3
-0.3094 17.3
-0.30915 17.4
-0.30891 17.4
-0.30867 17.4
-0.30842 17.4
-0.30818 17.3
-0.30793 17.2
-0.30769 17.1
-0.30745 17.0
-0.3072 16.8
-0.30696 16.6
-0.30671 16.4
-0.30647 16.2
-0.30622 15.9
-0.30598 15.6
-0.30574 15.3
-0.30549 15.0
-0.30525 14.6
-0.305 14.3
-0.30476 13.9
-0.30452 13.5
-0.30427 13.0
-0.30403 12.6
-0.30378 12.1
-0.30354 11.6
-0.3033 11.1
-0.30305 10.5
-0.30281 10.0
-0.30256 9.4
-0.30232 8.9
-0.30207 8.3
-0.30183 7.7
-0.30159 7.1
-0.30134 6.4
-0.3011 5.8
-0.30085 5.1
-0.30061 4.5
-0.30037 3.8
-0.30012 3.2
-0.29988 2.5
-0.29963 1.8
-0.29939 1.1
-0.29914 0.5
-0.2989 -0.2
-0.29866 -0.9
-0.29841 -1.6
-0.29817 -2.3
-0.29792 -2.9
-0.29768 -3.6
-0.29744 -4.3
-0.29719 -4.9
-0.29695 -5.6
-0.2967 -6.2
-0.29646 -6.9
-0.29622 -7.5
-0.29597 -8.1
-0.29573 -8.7
-0.29548 -9.3
-0.29524 -9.9
-0.29499 -10.5
-0.29475 -11.0
-0.29451 -11.5
-0.29426 -12.0
-0.29402 -12.5
-0.29377 -13.0
-0.29353 -13.5
-0.29329 -13.9
-0.29304 -14.3
-0.2928 -14.7
-0.29255 -15.1
-0.29231 -15.4
-0.29206 -15.8
-0.29182 -16.1
-0.29158 -16.3
-0.29133 -16.6
-0.29109 -16.8
-0.29084 -17.0
-0.2906 -17.2
-0.29036 -17.3
-0.29011 -17.4
-0.28987 -17.5
-0.28962 -17.6
-0.28938 -17.6
-0.28913 -17.7
-0.28889 -17.6
-0.28865 -17.6
-0.2884 -17.5
-0.28816 -17.4
-0.28791 -17.3
-0.28767 -17.2
-0.28743 -17.0
-0.28718 -16.8
-0.28694 -16.5
-0.28669 -16.3
-0.28645 -16.0
-0.28621 -15.7
-0.28596 -15.4
-0.28572 -15.0
-0.28547 -14.6
-0.28523 -14.2
-0.28498 -13.8
-0.28474 -13.3
-0.2845 -12.9
-0.28425 -12.4
-0.28401 -11.9
-0.28376 -11.3
-0.28352 -10.8
-0.28328 -10.2
-0.28303 -9.6
-0.28279 -9.0
-0.28254 -8.4
-0.2823 -7.8
-0.28205 -7.2
-0.28181 -6.5
-0.28157 -5.9
-0.28132 -5.2
-0.28108 -4.5
-0.28083 -3.8
-0.28059 -3.1
-0.28035 -2.4
-0.2801 -1.7
-0.27986 -1.0
-0.27961 -0.3
-0.27937 0.4
-0.27913 1.1
-0.27888 1.8
-0.27864 2.5
-0.27839 3.2
-0.27815 3.9
-0.2779 4.6
-0.27766 5.3
-0.27742 6.0
-0.27717 6.6
-0.27693 7.3
-0.27668 7.9
-0.27644 8.6
-0.2762 9.2
-0.27595 9.8
-0.27571 10.4
-0.27546 11.0
-0.27522 11.5
-0.27497 12.0
-0.27473 12.6
-0.27449 13.1
-0.27424 13.6
-0.274 14.0
-0.27375 14.4
-0.27351 14.9
-0.27327 15.3
-0.27302 15.6
-0.27278 16.0
-0.27253 16.3
-0.27229 16.6
-0.27205 16.8
-0.2718 17.1
-0.27156 17.3
-0.27131 17.4
-0.27107 17.6
-0.27082 17.7
-0.27058 17.8
-0.27034 17.9
-0.27009 17.9
-0.26985 17.9
-0.2696 17.9
-0.26936 17.9
-0.26912 17.8
-0.26887 17.7
-0.26863 17.5
-0.26838 17.4
-0.26814 17.2
-0.26789 17.0
-0.26765 16.7
-0.26741 16.4
-0.26716 16.1
-0.26692 15.8
-0.26667 15.4
-0.26643 15.1
-0.26619 14.6
-0.26594 14.2
-0.2657 13.8
-0.26545 13.3
-0.26521 12.8
-0.26497 12.3
-0.26472 11.7
-0.26448 11.1
-0.26423 10.6
-0.26399 10.0
-0.26374 9.3
-0.2635 8.7
-0.26326 8.1
-0.26301 7.4
-0.26277 6.7
-0.26252 6.0
-0.26228 5.4
-0.26204 4.6
-0.26179 3.9
-0.26155 3.2
-0.2613 2.5
-0.26106 1.8
-0.26081 1.0
-0.26057 0.3
-0.26033 -0.5
-0.26008 -1.2
-0.25984 -1.9
-0.25959 -2.7
-0.25935 -3.4
-0.25911 -4.1
-0.25886 -4.8
-0.25862 -5.5
-0.25837 -6.2
-0.25813 -6.9
-0.25788 -7.6
-0.25764 -8.3
-0.2574 -8.9
-0.25715 -9.6
-0.25691 -10.2
-0.25666 -10.8
-0.25642 -11.4
-0.25618 -12.0
-0.25593 -12.5
-0.25569 -13.1
-0.25544 -13.6
-0.2552 -14.1
-0.25496 -14.5
-0.25471 -15.0
-0.25447 -15.4
-0.25422 -15.8
-0.25398 -16.1
-0.25373 -16.5
-0.25349 -16.8
-0.25325 -17.1
-0.253 -17.3
-0.25276 -17.5
-0.25251 -17.7
-0.25227 -17.9
-0.25203 -18.0
-0.25178 -18.1
-0.25154 -18.2
-0.25129 -18.2
-0.25105 -18.2
-0.2508 -18.2
-0.25056 -18.2
-0.25032 -18.1
-0.25007 -18.0
-0.24983 -17.8
-0.24958 -17.6
-0.24934 -17.4
-0.2491 -17.2
-0.24885 -16.9
-0.24861 -16.6
-0.24836 -16.3
-0.24812 -15.9
-0.24788 -15.6
-0.24763 -15.1
-0.24739 -14.7
-0.24714 -14.3
-0.2469 -13.8
-0.24665 -13.3
-0.24641 -12.7
-0.24617 -12.2
-0.24592 -11.6
-0.24568 -11.0
-0.24543 -10.4
-0.24519 -9.7
-0.24495 -9.1
-0.2447 -8.4
-0.24446 -7.7
-0.24421 -7.0
-0.24397 -6.3
-0.24372 -5.6
-0.24348 -4.9
-0.24324 -4.1
-0.24299 -3.4
-0.24275 -2.6
-0.2425 -1.8
-0.24226 -1.1
-0.24202 -0.3
-0.24177 0.5
-0.24153 1.2
-0.24128 2.0
-0.24104 2.8
-0.2408 3.5
-0.24055 4.3
-0.24031 5.0
-0.24006 5.8
-0.23982 6.5
-0.23957 7.2
-0.23933 7.9
-0.23909 8.6
-0.23884 9.3
-0.2386 10.0
-0.23835 10.6
-0.23811 11.2
-0.23787 11.8
-0.23762 12.4
-0.23738 13.0
-0.23713 13.5
-0.23689 14.1
-0.23664 14.6
-0.2364 15.0
-0.23616 15.5
-0.23591 15.9
-0.23567 16.3
-0.23542 16.6
-0.23518 17.0
-0.23494 17.3
-0.23469 17.5
-0.23445 17.8
-0.2342 18.0
-0.23396 18.2
-0.23372 18.3
-0.23347 18.4
-0.23323 18.5
-0.23298 18.5
-0.23274 18.5
-0.23249 18.5
-0.23225 18.5
-0.23201 18.4
-0.23176 18.3
-0.23152 18.1
-0.23127 17.9
-0.23103 17.7
-0.23079 17.4
-0.23054 17.2
-0.2303 16.8
-0.23005 16.5
-0.22981 16.1
-0.22956 15.7
-0.22932 15.3
-0.22908 14.8
-0.22883 14.3
-0.22859 13.8
-0.22834 13.3
-0.2281 12.7
-0.22786 12.1
-0.22761 11.5
-0.22737 10.9
-0.22712 10.2
-0.22688 9.5
-0.22663 8.8
-0.22639 8.1
-0.22615 7.4
-0.2259 6.7
-0.22566 5.9
-0.22541 5.1
-0.22517 4.4
-0.22493 3.6
-0.22468 2.8
-0.22444 2.0
-0.22419 1.2
-0.22395 0.4
-0.22371 -0.4
-0.22346 -1.2
-0.22322 -2.0
-0.22297 -2.8
-0.22273 -3.6
-0.22248 -4.4
-0.22224 -5.2
-0.222 -5.9
-0.22175 -6.7
-0.22151 -7.5
-0.22126 -8.2
-0.22102 -8.9
-0.22078 -9.6
-0.22053 -10.3
-0.22029 -11.0
-0.22004 -11.6
-0.2198 -12.3
-0.21955 -12.9
-0.21931 -13.5
-0.21907 -14.0
-0.21882 -14.5
-0.21858 -15.1
-0.21833 -15.5
-0.21809 -16.0
-0.21785 -16.4
-0.2176 -16.8
-0.21736 -17.1
-0.21711 -17.5
-0.21687 -17.8
-0.21663 -18.0
-0.21638 -18.3
-0.21614 -18.4
-0.21589 -18.6
-0.21565 -18.7
-0.2154 -18.8
-0.21516 -18.9
-0.21492 -18.9
-0.21467 -18.9
-0.21443 -18.8
-0.21418 -18.7
-0.21394 -18.6
-0.2137 -18.4
-0.21345 -18.2
-0.21321 -18.0
-0.21296 -17.7
-0.21272 -17.4
-0.21247 -17.1
-0.21223 -16.7
-0.21199 -16.3
-0.21174 -15.9
-0.2115 -15.4
-0.21125 -14.9
-0.21101 -14.4
-0.21077 -13.9
-0.21052 -13.3
-0.21028 -12.7
-0.21003 -12.0
-0.20979 -11.4
-0.20955 -10.7
-0.2093 -10.0
-0.20906 -9.3
-0.20881 -8.6
-0.20857 -7.8
-0.20832 -7.0
-0.20808 -6.3
-0.20784 -5.5
-0.20759 -4.7
-0.20735 -3.8
-0.2071 -3.0
-0.20686 -2.2
-0.20662 -1.4
-0.20637 -0.5
-0.20613 0.3
-0.20588 1.2
-0.20564 2.0
-0.20539 2.8
-0.20515 3.7
-0.20491 4.5
-0.20466 5.3
-0.20442 6.1
-0.20417 6.9
-0.20393 7.7
-0.20369 8.5
-0.20344 9.2
-0.2032 10.0
-0.20295 10.7
-0.20271 11.4
-0.20247 12.1
-0.20222 12.7
-0.20198 13.3
-0.20173 13.9
-0.20149 14.5
-0.20124 15.1
-0.201 15.6
-0.20076 16.1
-0.20051 16.5
-0.20027 16.9
-0.20002 17.3
-0.19978 17.7
-0.19954 18.0
-0.19929 18.3
-0.19905 18.5
-0.1988 18.7
-0.19856 18.9
-0.19831 19.1
-0.19807 19.2
-0.19783 19.2
-0.19758 19.2
-0.19734 19.2
-0.19709 19.2
-0.19685 19.1
-0.19661 18.9
-0.19636 18.8
-0.19612 18.6
-0.19587 18.3
-0.19563 18.0
-0.19538 17.7
-0.19514 17.3
-0.1949 17.0
-0.19465 16.5
-0.19441 16.1
-0.19416 15.6
-0.19392 15.0
-0.19368 14.5
-0.19343 13.9
-0.19319 13.3
-0.19294 12.6
-0.1927 12.0
-0.19246 11.3
-0.19221 10.6
-0.19197 9.8
-0.19172 9.0
-0.19148 8.3
-0.19123 7.5
-0.19099 6.6
-0.19075 5.8
-0.1905 5.0
-0.19026 4.1
-0.19001 3.3
-0.18977 2.4
-0.18953 1.5
-0.18928 0.6
-0.18904 -0.3
-0.18879 -1.1
-0.18855 -2.0
-0.1883 -2.9
-0.18806 -3.8
-0.18782 -4.6
-0.18757 -5.5
-0.18733 -6.3
-0.18708 -7.2
-0.18684 -8.0
-0.1866 -8.8
-0.18635 -9.6
-0.18611 -10.4
-0.18586 -11.1
-0.18562 -11.8
-0.18538 -12.5
-0.18513 -13.2
-0.18489 -13.9
-0.18464 -14.5
-0.1844 -15.1
-0.18415 -15.6
-0.18391 -16.2
-0.18367 -16.6
-0.18342 -17.1
-0.18318 -17.5
-0.18293 -17.9
-0.18269 -18.3
-0.18245 -18.6
-0.1822 -18.8
-0.18196 -19.1
-0.18171 -19.3
-0.18147 -19.4
-0.18122 -19.5
-0.18098 -19.6
-0.18074 -19.6
-0.18049 -19.6
-0.18025 -19.6
-0.18 -19.5
-0.17976 -19.3
-0.17952 -19.1
-0.17927 -18.9
-0.17903 -18.6
-0.17878 -18.3
-0.17854 -18.0
-0.1783 -17.6
-0.17805 -17.2
-0.17781 -16.7
-0.17756 -16.2
-0.17732 -15.7
-0.17707 -15.1
-0.17683 -14.5
-0.17659 -13.9
-0.17634 -13.2
-0.1761 -12.5
-0.17585 -11.8
-0.17561 -11.1
-0.17537 -10.3
-0.17512 -9.5
-0.17488 -8.7
-0.17463 -7.9
-0.17439 -7.0
-0.17414 -6.1
-0.1739 -5.2
-0.17366 -4.4
-0.17341 -3.4
-0.17317 -2.5
-0.17292 -1.6
-0.17268 -0.7
-0.17244 0.3
-0.17219 1.2
-0.17195 2.1
-0.1717 3.0
-0.17146 4.0
-0.17122 4.9
-0.17097 5.8
-0.17073 6.7
-0.17048 7.5
-0.17024 8.4
-0.16999 9.2
-0.16975 10.1
-0.16951 10.9
-0.16926 11.7
-0.16902 12.4
-0.16877 13.1
-0.16853 13.8
-0.16829 14.5
-0.16804 15.1
-0.1678 15.7
-0.16755 16.3
-0.16731 16.8
-0.16706 17.3
-0.16682 17.8
-0.16658 18.2
-0.16633 18.6
-0.16609 18.9
-0.16584 19.2
-0.1656 19.5
-0.16536 19.7
-0.16511 19.8
-0.16487 20.0
-0.16462 20.0
-0.16438 20.1
-0.16413 20.0
-0.16389 20.0
-0.16365 19.9
-0.1634 19.7
-0.16316 19.5
-0.16291 19.3
-0.16267 19.0
-0.16243 18.6
-0.16218 18.2
-0.16194 17.8
-0.16169 17.4
-0.16145 16.9
-0.16121 16.3
-0.16096 15.7
-0.16072 15.1
-0.16047 14.5
-0.16023 13.8
-0.15998 13.1
-0.15974 12.3
-0.1595 11.5
-0.15925 10.7
-0.15901 9.9
-0.15876 9.0
-0.15852 8.2
-0.15828 7.3
-0.15803 6.3
-0.15779 5.4
-0.15754 4.5
-0.1573 3.5
-0.15705 2.5
-0.15681 1.5
-0.15657 0.6
-0.15632 -0.4
-0.15608 -1.4
-0.15583 -2.4
-0.15559 -3.4
-0.15535 -4.3
-0.1551 -5.3
-0.15486 -6.2
-0.15461 -7.2
-0.15437 -8.1
-0.15413 -9.0
-0.15388 -9.9
-0.15364 -10.7
-0.15339 -11.6
-0.15315 -12.4
-0.1529 -13.2
-0.15266 -13.9
-0.15242 -14.6
-0.15217 -15.3
-0.15193 -16.0
-0.15168 -16.6
-0.15144 -17.2
-0.1512 -17.7
-0.15095 -18.2
-0.15071 -18.6
-0.15046 -19.0
-0.15022 -19.4
-0.14997 -19.7
-0.14973 -19.9
-0.14949 -20.2
-0.14924 -20.3
-0.149 -20.4
-0.14875 -20.5
-0.14851 -20.5
-0.14827 -20.5
-0.14802 -20.4
-0.14778 -20.3
-0.14753 -20.1
-0.14729 -19.8
-0.14705 -19.6
-0.1468 -19.2
-0.14656 -18.9
-0.14631 -18.4
-0.14607 -18.0
-0.14582 -17.4
-0.14558 -16.9
-0.14534 -16.3
-0.14509 -15.6
-0.14485 -15.0
-0.1446 -14.2
-0.14436 -13.5
-0.14412 -12.7
-0.14387 -11.9
-0.14363 -11.0
-0.14338 -10.1
-0.14314 -9.2
-0.14289 -8.3
-0.14265 -7.3
-0.14241 -6.3
-0.14216 -5.3
-0.14192 -4.3
-0.14167 -3.3
-0.14143 -2.3
-0.14119 -1.2
-0.14094 -0.2
-0.1407 0.8
-0.14045 1.9
-0.14021 2.9
-0.13997 4.0
-0.13972 5.0
-0.13948 6.0
-0.13923 7.0
-0.13899 8.0
-0.13874 9.0
-0.1385 9.9
-0.13826 10.8
-0.13801 11.7
-0.13777 12.6
-0.13752 13.4
-0.13728 14.2
-0.13704 15.0
-0.13679 15.7
-0.13655 16.4
-0.1363 17.0
-0.13606 17.6
-0.13581 18.2
-0.13557 18.7
-0.13533 19.2
-0.13508 19.6
-0.13484 20.0
-0.13459 20.3
-0.13435 20.5
-0.13411 20.7
-0.13386 20.9
-0.13362 21.0
-0.13337 21.0
-0.13313 21.0
-0.13288 20.9
-0.13264 20.8
-0.1324 20.7
-0.13215 20.4
-0.13191 20.1
-0.13166 19.8
-0.13142 19.4
-0.13118 19.0
-0.13093 18.5
-0.13069 17.9
-0.13044 17.3
-0.1302 16.7
-0.12996 16.0
-0.12971 15.3
-0.12947 14.5
-0.12922 13.7
-0.12898 12.8
-0.12873 11.9
-0.12849 11.0
-0.12825 10.1
-0.128 9.1
-0.12776 8.1
-0.12751 7.1
-0.12727 6.0
-0.12703 4.9
-0.12678 3.9
-0.12654 2.8
-0.12629 1.7
-0.12605 0.6
-0.1258 -0.6
-0.12556 -1.7
-0.12532 -2.8
-0.12507 -3.9
-0.12483 -5.0
-0.12458 -6.1
-0.12434 -7.1
-0.1241 -8.2
-0.12385 -9.2
-0.12361 -10.2
-0.12336 -11.2
-0.12312 -12.2
-0.12288 -13.1
-0.12263 -14.0
-0.12239 -14.8
-0.12214 -15.6
-0.1219 -16.4
-0.12165 -17.1
-0.12141 -17.8
-0.12117 -18.4
-0.12092 -19.0
-0.12068 -19.5
-0.12043 -19.9
-0.12019 -20.3
-0.11995 -20.7
-0.1197 -21.0
-0.11946 -21.2
-0.11921 -21.4
-0.11897 -21.5
-0.11872 -21.6
-0.11848 -21.6
-0.11824 -21.5
-0.11799 -21.4
-0.11775 -21.2
-0.1175 -21.0
-0.11726 -20.6
-0.11702 -20.3
-0.11677 -19.8
-0.11653 -19.4
-0.11628 -18.8
-0.11604 -18.2
-0.1158 -17.6
-0.11555 -16.9
-0.11531 -16.1
-0.11506 -15.3
-0.11482 -14.5
-0.11457 -13.6
-0.11433 -12.6
-0.11409 -11.7
-0.11384 -10.7
-0.1136 -9.6
-0.11335 -8.5
-0.11311 -7.5
-0.11287 -6.3
-0.11262 -5.2
-0.11238 -4.0
-0.11213 -2.9
-0.11189 -1.7
-0.11164 -0.5
-0.1114 0.7
-0.11116 1.9
-0.11091 3.1
-0.11067 4.3
-0.11042 5.4
-0.11018 6.6
-0.10994 7.7
-0.10969 8.9
-0.10945 9.9
-0.1092 11.0
-0.10896 12.0
-0.10872 13.0
-0.10847 14.0
-0.10823 14.9
-0.10798 15.8
-0.10774 16.6
-0.10749 17.4
-0.10725 18.2
-0.10701 18.8
-0.10676 19.5
-0.10652 20.0
-0.10627 20.5
-0.10603 21.0
-0.10579 21.3
-0.10554 21.6
-0.1053 21.9
-0.10505 22.1
-0.10481 22.2
-0.10456 22.2
-0.10432 22.2
-0.10408 22.1
-0.10383 21.9
-0.10359 21.7
-0.10334 21.4
-0.1031 21.0
-0.10286 20.6
-0.10261 20.1
-0.10237 19.5
-0.10212 18.9
-0.10188 18.2
-0.10163 17.5
-0.10139 16.7
-0.10115 15.8
-0.1009 14.9
-0.10066 13.9
-0.10041 12.9
-0.10017 11.9
-0.09993 10.8
-0.09968 9.7
-0.09944 8.5
-0.09919 7.3
-0.09895 6.1
-0.09871 4.9
-0.09846 3.6
-0.09822 2.4
-0.09797 1.1
-0.09773 -0.2
-0.09748 -1.5
-0.09724 -2.8
-0.097 -4.1
-0.09675 -5.3
-0.09651 -6.6
-0.09626 -7.8
-0.09602 -9.0
-0.09578 -10.2
-0.09553 -11.3
-0.09529 -12.5
-0.09504 -13.5
-0.0948 -14.6
-0.09455 -15.6
-0.09431 -16.5
-0.09407 -17.4
-0.09382 -18.2
-0.09358 -19.0
-0.09333 -19.7
-0.09309 -20.3
-0.09285 -20.9
-0.0926 -21.4
-0.09236 -21.9
-0.09211 -22.2
-0.09187 -22.5
-0.09163 -22.7
-0.09138 -22.9
-0.09114 -22.9
-0.09089 -22.9
-0.09065 -22.8
-0.0904 -22.6
-0.09016 -22.4
-0.08992 -22.1
-0.08967 -21.7
-0.08943 -21.2
-0.08918 -20.6
-0.08894 -20.0
-0.0887 -19.3
-0.08845 -18.5
-0.08821 -17.7
-0.08796 -16.8
-0.08772 -15.8
-0.08747 -14.8
-0.08723 -13.7
-0.08699 -12.6
-0.08674 -11.5
-0.0865 -10.2
-0.08625 -9.0
-0.08601 -7.7
-0.08577 -6.4
-0.08552 -5.1
-0.08528 -3.7
-0.08503 -2.3
-0.08479 -0.9
-0.08455 0.5
-0.0843 1.9
-0.08406 3.3
-0.08381 4.7
-0.08357 6.0
-0.08332 7.4
-0.08308 8.7
-0.08284 10.0
-0.08259 11.3
-0.08235 12.5
-0.0821 13.7
-0.08186 14.8
-0.08162 15.9
-0.08137 17.0
-0.08113 17.9
-0.08088 18.8
-0.08064 19.7
-0.08039 20.4
-0.08015 21.1
-0.07991 21.8
-0.07966 22.3
-0.07942 22.8
-0.07917 23.1
-0.07893 23.4
-0.07869 23.6
-0.07844 23.7
-0.0782 23.8
-0.07795 23.7
-0.07771 23.5
-0.07747 23.3
-0.07722 22.9
-0.07698 22.5
-0.07673 22.0
-0.07649 21.4
-0.07624 20.7
-0.076 20.0
-0.07576 19.1
-0.07551 18.2
-0.07527 17.2
-0.07502 16.1
-0.07478 15.0
-0.07454 13.8
-0.07429 12.6
-0.07405 11.3
-0.0738 9.9
-0.07356 8.5
-0.07331 7.1
-0.07307 5.6
-0.07283 4.1
-0.07258 2.6
-0.07234 1.1
-0.07209 -0.4
-0.07185 -2.0
-0.07161 -3.5
-0.07136 -5.0
-0.07112 -6.5
-0.07087 -8.0
-0.07063 -9.4
-0.07038 -10.9
-0.07014 -12.2
-0.0699 -13.6
-0.06965 -14.9
-0.06941 -16.1
-0.06916 -17.2
-0.06892 -18.3
-0.06868 -19.4
-0.06843 -20.3
-0.06819 -21.2
-0.06794 -21.9
-0.0677 -22.6
-0.06746 -23.2
-0.06721 -23.7
-0.06697 -24.1
-0.06672 -24.4
-0.06648 -24.6
-0.06623 -24.7
-0.06599 -24.7
-0.06575 -24.6
-0.0655 -24.3
-0.06526 -24.0
-0.06501 -23.6
-0.06477 -23.1
-0.06453 -22.4
-0.06428 -21.7
-0.06404 -20.8
-0.06379 -19.9
-0.06355 -18.9
-0.0633 -17.8
-0.06306 -16.6
-0.06282 -15.4
-0.06257 -14.0
-0.06233 -12.6
-0.06208 -11.2
-0.06184 -9.6
-0.0616 -8.1
-0.06135 -6.5
-0.06111 -4.8
-0.06086 -3.2
-0.06062 -1.5
-0.06038 0.2
-0.06013 1.9
-0.05989 3.6
-0.05964 5.3
-0.0594 7.0
-0.05915 8.6
-0.05891 10.2
-0.05867 11.8
-0.05842 13.3
-0.05818 14.8
-0.05793 16.2
-0.05769 17.5
-0.05745 18.7
-0.0572 19.9
-0.05696 21.0
-0.05671 22.0
-0.05647 22.8
-0.05622 23.6
-0.05598 24.3
-0.05574 24.8
-0.05549 25.3
-0.05525 25.6
-0.055 25.8
-0.05476 25.8
-0.05452 25.8
-0.05427 25.6
-0.05403 25.3
-0.05378 24.8
-0.05354 24.3
-0.0533 23.6
-0.05305 22.8
-0.05281 21.9
-0.05256 20.8
-0.05232 19.7
-0.05207 18.4
-0.05183 17.1
-0.05159 15.7
-0.05134 14.1
-0.0511 12.5
-0.05085 10.9
-0.05061 9.1
-0.05037 7.4
-0.05012 5.5
-0.04988 3.7
-0.04963 1.8
-0.04939 -0.1
-0.04914 -2.1
-0.0489 -4.0
-0.04866 -5.9
-0.04841 -7.8
-0.04817 -9.6
-0.04792 -11.4
-0.04768 -13.2
-0.04744 -14.8
-0.04719 -16.5
-0.04695 -18.0
-0.0467 -19.4
-0.04646 -20.8
-0.04622 -22.0
-0.04597 -23.1
-0.04573 -24.1
-0.04548 -25.0
-0.04524 -25.7
-0.04499 -26.3
-0.04475 -26.7
-0.04451 -27.0
-0.04426 -27.2
-0.04402 -27.2
-0.04377 -27.0
-0.04353 -26.7
-0.04329 -26.2
-0.04304 -25.6
-0.0428 -24.8
-0.04255 -23.9
-0.04231 -22.8
-0.04206 -21.6
-0.04182 -20.3
-0.04158 -18.8
-0.04133 -17.2
-0.04109 -15.5
-0.04084 -13.7
-0.0406 -11.8
-0.04036 -9.9
-0.04011 -7.8
-0.03987 -5.7
-0.03962 -3.6
-0.03938 -1.4
-0.03913 0.8
-0.03889 3.0
-0.03865 5.2
-0.0384 7.4
-0.03816 9.5
-0.03791 11.6
-0.03767 13.6
-0.03743 15.6
-0.03718 17.4
-0.03694 19.2
-0.03669 20.9
-0.03645 22.4
-0.03621 23.8
-0.03596 25.0
-0.03572 26.1
-0.03547 27.0
-0.03523 27.7
-0.03498 28.3
-0.03474 28.7
-0.0345 28.9
-0.03425 28.8
-0.03401 28.6
-0.03376 28.2
-0.03352 27.6
-0.03328 26.8
-0.03303 25.8
-0.03279 24.6
-0.03254 23.3
-0.0323 21.7
-0.03205 20.0
-0.03181 18.2
-0.03157 16.2
-0.03132 14.0
-0.03108 11.8
-0.03083 9.5
-0.03059 7.0
-0.03035 4.5
-0.0301 2.0
-0.02986 -0.6
-0.02961 -3.2
-0.02937 -5.8
-0.02913 -8.4
-0.02888 -10.9
-0.02864 -13.3
-0.02839 -15.7
-0.02815 -18.0
-0.0279 -20.1
-0.02766 -22.1
-0.02742 -23.9
-0.02717 -25.6
-0.02693 -27.0
-0.02668 -28.3
-0.02644 -29.3
-0.0262 -30.1
-0.02595 -30.7
-0.02571 -31.0
-0.02546 -31.0
-0.02522 -30.8
-0.02497 -30.3
-0.02473 -29.5
-0.02449 -28.5
-0.02424 -27.2
-0.024 -25.7
-0.02375 -23.9
-0.02351 -21.9
-0.02327 -19.7
-0.02302 -17.3
-0.02278 -14.7
-0.02253 -12.0
-0.02229 -9.1
-0.02205 -6.1
-0.0218 -3.0
-0.02156 0.2
-0.02131 3.3
-0.02107 6.5
-0.02082 9.6
-0.02058 12.7
-0.02034 15.7
-0.02009 18.5
-0.01985 21.2
-0.0196 23.7
-0.01936 26.0
-0.01912 28.1
-0.01887 29.8
-0.01863 31.3
-0.01838 32.5
-0.01814 33.3
-0.01789 33.7
-0.01765 33.8
-0.01741 33.5
-0.01716 32.9
-0.01692 31.8
-0.01667 30.4
-0.01643 28.6
-0.01619 26.4
-0.01594 23.9
-0.0157 21.1
-0.01545 18.0
-0.01521 14.6
-0.01497 11.0
-0.01472 7.3
-0.01448 3.3
-0.01423 -0.7
-0.01399 -4.8
-0.01374 -8.8
-0.0135 -12.9
-0.01326 -16.7
-0.01301 -20.5
-0.01277 -24.0
-0.01252 -27.2
-0.01228 -30.0
-0.01204 -32.5
-0.01179 -34.5
-0.01155 -36.1
-0.0113 -37.1
-0.01106 -37.6
-0.01081 -37.5
-0.01057 -36.8
-0.01033 -35.5
-0.01008 -33.6
-0.00984 -31.1
-0.00959 -28.0
-0.00935 -24.3
-0.00911 -20.2
-0.00886 -15.6
-0.00862 -10.7
-0.00837 -5.4
-0.00813 0.0
-0.00788 5.6
-0.00764 11.2
-0.0074 16.7
-0.00715 21.9
-0.00691 26.9
-0.00666 31.3
-0.00642 35.2
-0.00618 38.4
-0.00593 40.8
-0.00569 42.3
-0.00544 42.8
-0.0052 42.3
-0.00496 40.6
-0.00471 37.9
-0.00447 34.1
-0.00422 29.2
-0.00398 23.4
-0.00373 16.7
-0.00349 9.3
-0.00325 1.3
-0.003 -6.9
-0.00276 -15.2
-0.00251 -23.2
-0.00227 -30.7
-0.00203 -37.3
-0.00178 -42.7
-0.00154 -46.6
-0.00129 -48.6
-0.00105 -48.5
-0.0008 -46.1
-0.00056 -41.3
-0.00032 -34.0
-7e-05 -24.5
0.00017 -13.3
0.00042 -0.9
0.00066 11.7
0.0009 23.8
0.00115 34.2
0.00139 41.9
0.00164 46.2
0.00188 46.6
0.00212 42.9
0.00237 35.3
0.00261 24.7
0.00286 12.1
0.0031 -1.2
0.00335 -13.7
0.00359 -24.0
0.00383 -31.3
0.00408 -34.6
0.00432 -34.0
0.00457 -29.6
0.00481 -22.2
0.00505 -12.8
0.0053 -2.8
0.00554 6.6
0.00579 14.4
0.00603 19.7
0.00628 22.1
0.00652 21.5
0.00676 18.4
0.00701 13.3
0.00725 7.1
0.0075 0.6
0.00774 -5.2
0.00798 -9.8
0.00823 -12.6
0.00847 -13.4
0.00872 -12.5
0.00896 -10.0
0.0092 -6.5
0.00945 -2.5
0.00969 1.3
0.00994 4.6
0.01018 6.9
0.01043 8.0
0.01067 7.9
0.01091 6.8
0.01116 4.9
0.0114 2.5
0.01165 0.1
0.01189 -2.0
0.01213 -3.7
0.01238 -4.7
0.01262 -4.9
0.01287 -4.4
0.01311 -3.4
0.01336 -2.1
0.0136 -0.6
0.01384 0.8
0.01409 1.9
0.01433 2.7
0.01458 3.0
0.01482 2.9
0.01506 2.4
0.01531 1.6
0.01555 0.7
0.0158 -0.2
0.01604 -1.0
0.01628 -1.5
0.01653 -1.8
0.01677 -1.8
0.01702 -1.6
0.01726 -1.2
0.01751 -0.6
0.01775 0.0
0.01799 0.4
0.01824 0.8
0.01848 1.1
0.01873 1.1
0.01897 1.0
0.01921 0.8
0.01946 0.5
0.0197 0.2
0.01995 -0.2
0.02019 -0.4
0.02044 -0.6
0.02068 -0.7
0.02092 -0.7
0.02117 -0.6
0.02141 -0.4
0.02166 -0.2
0.0219 0.0
0.02214 0.2
0.02239 0.3
0.02263 0.4
0.02288 0.4
0.02312 0.4
0.02337 0.3
0.02361 0.2
0.02385 0.0
0.0241 0.0
0.02434 -0.2
0.02459 -0.2
0.02483 -0.3
0.02507 -0.2
0.02532 -0.2
0.02556 -0.1
0.02581 0.0
0.02605 0.0
0.02629 0.0
0.02654 0.1
0.02678 0.2
0.02703 0.2
0.02727 0.1
0.02752 0.0
0.02776 0.0
0.028 0.0
0.02825 0.0
0.02849 0.0
0.02874 0.0
0.02898 0.0
0.02922 0.0
0.02947 0.0
0.02971 0.0
0.02996 0.0
0.0302 0.0
0.03045 0.0
0.03069 0.0
0.03093 0.0
0.03118 0.0
0.03142 0.0
0.03167 0.0
0.03191 0.0
0.03215 0.0
0.0324 0.0
0.03264 0.0
0.03289 0.0
0.03313 0.0
0.03337 0.0
0.03362 0.0
0.03386 0.0
0.03411 0.0
0.03435 0.0
0.0346 0.0
0.03484 0.0
0.03508 0.0
0.03533 0.0
0.03557 0.0
0.03582 0.0
0.03606 0.0
0.0363 0.0
0.03655 0.0
0.03679 0.0
0.03704 0.0
0.03728 0.0
0.03753 0.0
0.03777 0.0
0.03801 0.0
0.03826 0.0
0.0385 0.0
0.03875 0.0
0.03899 0.0
0.03923 0.0
0.03948 0.0
0.03972 0.0
0.03997 0.0
0.04021 0.0
0.04045 0.0
0.0407 0.0
0.04094 0.0
0.04119 0.0
0.04143 0.0
0.04168 0.0
0.04192 0.0
0.04216 0.0
0.04241 0.0
0.04265 0.0
0.0429 0.0
0.04314 0.0
0.04338 0.0
0.04363 0.0
0.04387 0.0
0.04412 0.0
0.04436 0.0
0.04461 0.0
0.04485 0.0
0.04509 0.0
0.04534 0.0
0.04558 0.0
0.04583 0.0
0.04607 0.0
0.04631 0.0
0.04656 0.0
0.0468 0.0
0.04705 0.0
0.04729 0.0
0.04753 0.0
0.04778 0.0
0.04802 0.0
0.04827 0.0
0.04851 0.0
0.04876 0.0
0.049 0.0
0.04924 0.0
0.04949 0.0
0.04973 0.0
0.04998 0.0
0.05022 0.0
0.05046 0.0
0.05071 0.0
0.05095 0.0
0.0512 0.0
0.05144 0.0
0.05169 0.0
0.05193 0.0
0.05217 0.0
0.05242 0.0
0.05266 0.0
0.05291 0.0
0.05315 0.0
0.05339 0.0
0.05364 0.0
0.05388 0.0
0.05413 0.0
0.05437 0.0
0.05462 0.0
0.05486 0.0
0.0551 0.0
0.05535 0.0
0.05559 0.0
0.05584 0.0
0.05608 0.0
0.05632 0.0
0.05657 0.0
0.05681 0.0
0.05706 0.0
0.0573 0.0
0.05754 0.0
0.05779 0.0
0.05803 0.0
0.05828 0.0
0.05852 0.0
0.05877 0.0
0.05901 0.0
0.05925 0.0
0.0595 0.0
0.05974 0.0
0.05999 0.0
0.06023 0.0
0.06047 0.0
0.06072 0.0
0.06096 0.0
0.06121 0.0
0.06145 0.0
0.0617 0.0
0.06194 0.0
0.06218 0.0
0.06243 0.0
0.06267 0.0
0.06292 0.0
0.06316 0.0
0.0634 0.0
0.06365 0.0
0.06389 0.0
0.06414 0.0
0.06438 0.0
0.06462 0.0
0.06487 0.0
0.06511 0.0
0.06536 0.0
0.0656 0.0
0.06585 0.0
0.06609 0.0
0.06633 0.0
0.06658 0.0
0.06682 0.0
0.06707 0.0
0.06731 0.0
0.06755 0.0
0.0678 0.0
0.06804 0.0
0.06829 0.0
0.06853 0.0
0.06878 0.0
0.06902 0.0
0.06926 0.0
0.06951 0.0
0.06975 0.0
0.07 0.0
0.07024 0.0
0.07048 0.0
0.07073 0.0
0.07097 0.0
0.07122 0.0
0.07146 0.0
0.0717 0.0
0.07195 0.0
0.07219 0.0
0.07244 0.0
0.07268 0.0
0.07293 0.0
0.07317 0.0
0.07341 0.0
0.07366 0.0
0.0739 0.0
0.07415 0.0
0.07439 0.0
0.07463 0.0
0.07488 0.0
0.07512 0.0
0.07537 0.0
0.07561 0.0
0.07586 0.0
0.0761 0.0
0.07634 0.0
0.07659 0.0
0.07683 0.0
0.07708 0.0
0.07732 0.0
0.07756 0.0
0.07781 0.0
0.07805 0.0
0.0783 0.0
0.07854 0.0
0.07878 0.0
0.07903 0.0
0.07927 0.0
0.07952 0.0
0.07976 0.0
0.08001 0.0
0.08025 0.0
0.08049 0.0
0.08074 0.0
0.08098 0.0
0.08123 0.0
0.08147 0.0
0.08171 0.0
0.08196 0.0
0.0822 0.0
0.08245 0.0
0.08269 0.0
0.08294 0.0
0.08318 0.0
0.08342 0.0
0.08367 0.0
0.08391 0.0
0.08416 0.0
0.0844 0.0
0.08464 0.0
0.08489 0.0
0.08513 0.0
0.08538 0.0
0.08562 0.0
0.08587 0.0
0.08611 0.0
0.08635 0.0
0.0866 0.0
0.08684 0.0
0.08709 0.0
0.08733 0.0
0.08757 0.0
0.08782 0.0
0.08806 0.0
0.08831 0.0
0.08855 0.0
0.08879 0.0
0.08904 0.0
0.08928 0.0
0.08953 0.0
0.08977 0.0
0.09002 0.0
0.09026 0.0
0.0905 0.0
0.09075 0.0
0.09099 0.0
0.09124 0.0
0.09148 0.0
0.09172 0.0
0.09197 0.0
0.09221 0.0
0.09246 0.0
0.0927 0.0
0.09295 0.0
0.09319 0.0
0.09343 0.0
0.09368 0.0
0.09392 0.0
0.09417 0.0
0.09441 0.0
0.09465 0.0
0.0949 0.0
0.09514 0.0
0.09539 0.0
0.09563 0.0
0.09587 0.0
0.09612 0.0
0.09636 0.0
0.09661 0.0
0.09685 0.0
0.0971 0.0
0.09734 0.0
0.09758 0.0
0.09783 0.0
0.09807 0.0
0.09832 0.0
0.09856 0.0
0.0988 0.0
0.09905 0.0
0.09929 0.0
0.09954 0.0
0.09978 0.0
0.10003 0.0
0.10027 0.0
0.10051 0.0
0.10076 0.0
0.101 0.0
0.10125 0.0
0.10149 0.0
0.10173 0.0
0.10198 0.0
0.10222 0.0
0.10247 0.0
0.10271 0.0
0.10295 0.0
0.1032 0.0
0.10344 0.0
0.10369 0.0
0.10393 0.0
0.10418 0.0
0.10442 0.0
0.10466 0.0
0.10491 0.0
0.10515 0.0
0.1054 0.0
0.10564 0.0
0.10588 0.0
0.10613 0.0
0.10637 0.0
0.10662 0.0
0.10686 0.0
0.10711 0.0
0.10735 0.0
0.10759 0.0
0.10784 0.0
0.10808 0.0
0.10833 0.0
0.10857 0.0
0.10881 0.0
0.10906 0.0
0.1093 0.0
0.10955 0.0
0.10979 0.0
0.11003 0.0
0.11028 0.0
0.11052 0.0
0.11077 0.0
0.11101 0.0
0.11126 0.0
0.1115 0.0
0.11174 0.0
0.11199 0.0
0.11223 0.0
0.11248 0.0
0.11272 0.0
0.11296 0.0
0.11321 0.0
0.11345 0.0
0.1137 0.0
0.11394 0.0
0.11419 0.0
0.11443 0.0
0.11467 0.0
0.11492 0.0
0.11516 0.0
0.11541 0.0
0.11565 0.0
0.11589 0.0
0.11614 0.0
0.11638 0.0
0.11663 0.0
0.11687 0.0
0.11712 0.0
0.11736 0.0
0.1176 0.0
0.11785 0.0
0.11809 0.0
0.11834 0.0
0.11858 0.0
0.11882 0.0
0.11907 0.0
0.11931 0.0
0.11956 0.0
0.1198 0.0
0.12004 0.0
0.12029 0.0
0.12053 0.0
0.12078 0.0
0.12102 0.0
0.12127 0.0
0.12151 0.0
0.12175 0.0
0.122 0.0
0.12224 0.0
0.12249 0.0
0.12273 0.0
0.12297 0.0
0.12322 0.0
0.12346 0.0
0.12371 0.0
0.12395 0.0
0.1242 0.0
0.12444 0.0
0.12468 0.0
0.12493 0.0
0.12517 0.0
0.12542 0.0
0.12566 0.0
0.1259 0.0
0.12615 0.0
0.12639 0.0
0.12664 0.0
0.12688 0.0
0.12712 0.0
0.12737 0.0
0.12761 0.0
0.12786 0.0
0.1281 0.0
0.12835 0.0
0.12859 0.0
0.12883 0.0
0.12908 0.0
0.12932 0.0
0.12957 0.0
0.12981 0.0
0.13005 0.0
0.1303 0.0
0.13054 0.0
0.13079 0.0
0.13103 0.0
0.13128 0.0
0.13152 0.0
0.13176 0.0
0.13201 0.0
0.13225 0.0
0.1325 0.0
0.13274 0.0
0.13298 0.0
0.13323 0.0
0.13347 0.0
0.13372 0.0
0.13396 0.0
0.1342 0.0
0.13445 0.0
0.13469 0.0
0.13494 0.0
0.13518 0.0
0.13543 0.0
0.13567 0.0
0.13591 0.0
0.13616 0.0
0.1364 0.0
0.13665 0.0
0.13689 0.0
0.13713 0.0
0.13738 0.0
0.13762 0.0
0.13787 0.0
0.13811 0.0
0.13836 0.0
0.1386 0.0
0.13884 0.0
0.13909 0.0
0.13933 0.0
0.13958 0.0
0.13982 0.0
0.14006 0.0
0.14031 0.0
0.14055 0.0
0.1408 0.0
0.14104 0.0
0.14128 0.0
0.14153 0.0
0.14177 0.0
0.14202 0.0
0.14226 0.0
0.14251 0.0
0.14275 0.0
0.14299 0.0
0.14324 0.0
0.14348 0.0
0.14373 0.0
0.14397 0.0
0.14421 0.0
0.14446 0.0
0.1447 0.0
0.14495 0.0
0.14519 0.0
0.14544 0.0
0.14568 0.0
0.14592 0.0
0.14617 0.0
0.14641 0.0
0.14666 0.0
0.1469 0.0
0.14714 0.0
0.14739 0.0
0.14763 0.0
0.14788 0.0
0.14812 0.0
0.14837 0.0
0.14861 0.0
0.14885 0.0
0.1491 0.0
0.14934 0.0
0.14959 0.0
0.14983 0.0
0.15007 0.0
0.15032 0.0
0.15056 0.0
0.15081 0.0
0.15105 0.0
0.15129 0.0
0.15154 0.0
0.15178 0.0
0.15203 0.0
0.15227 0.0
0.15252 0.0
0.15276 0.0
0.153 0.0
0.15325 0.0
0.15349 0.0
0.15374 0.0
0.15398 0.0
0.15422 0.0
0.15447 0.0
0.15471 0.0
0.15496 0.0
0.1552 0.0
0.15545 0.0
0.15569 0.0
0.15593 0.0
0.15618 0.0
0.15642 0.0
0.15667 0.0
0.15691 0.0
0.15715 0.0
0.1574 0.0
0.15764 0.0
0.15789 0.0
0.15813 0.0
0.15837 0.0
0.15862 0.0
0.15886 0.0
0.15911 0.0
0.15935 0.0
0.1596 0.0
0.15984 0.0
0.16008 0.0
0.16033 0.0
0.16057 0.0
0.16082 0.0
0.16106 0.0
0.1613 0.0
0.16155 0.0
0.16179 0.0
0.16204 0.0
0.16228 0.0
0.16253 0.0
0.16277 0.0
0.16301 0.0
0.16326 0.0
0.1635 0.0
0.16375 0.0
0.16399 0.0
0.16423 0.0
0.16448 0.0
0.16472 0.0
0.16497 0.0
0.16521 0.0
0.16545 0.0
0.1657 0.0
0.16594 0.0
0.16619 0.0
0.16643 0.0
0.16668 0.0
0.16692 0.0
0.16716 0.0
