t strain*1e23
-0.47721 -19.6
-0.47696 -19.5
-0.47672 -19.2
-0.47647 -19.0
-0.47623 -18.7
-0.47599 -18.4
-0.47574 -18.0
-0.4755 -17.7
-0.47525 -17.3
-0.47501 -16.9
-0.47477 -16.4
-0.47452 -16.0
-0.47428 -15.5
-0.47403 -15.0
-0.47379 -14.4
-0.47355 -13.9
-0.4733 -13.3
-0.47306 -12.7
-0.47281 -12.1
-0.47257 -11.5
-0.47232 -10.8
-0.47208 -10.1
-0.47184 -9.5
-0.47159 -8.8
-0.47135 -8.0
-0.4711 -7.3
-0.47086 -6.6
-0.47062 -5.8
-0.47037 -5.1
-0.47013 -4.3
-0.46988 -3.6
-0.46964 -2.8
-0.46939 -2.0
-0.46915 -1.2
-0.46891 -0.5
-0.46866 0.3
-0.46842 1.1
-0.46817 1.9
-0.46793 2.7
-0.46769 3.5
-0.46744 4.2
-0.4672 5.0
-0.46695 5.7
-0.46671 6.5
-0.46646 7.2
-0.46622 8.0
-0.46598 8.7
-0.46573 9.4
-0.46549 10.1
-0.46524 10.8
-0.465 11.4
-0.46476 12.1
-0.46451 12.7
-0.46427 13.3
-0.46402 13.9
-0.46378 14.5
-0.46354 15.0
-0.46329 15.5
-0.46305 16.0
-0.4628 16.5
-0.46256 17.0
-0.46231 17.4
-0.46207 17.8
-0.46183 18.2
-0.46158 18.5
-0.46134 18.8
-0.46109 19.1
-0.46085 19.4
-0.46061 19.6
-0.46036 19.8
-0.46012 20.0
-0.45987 20.1
-0.45963 20.2
-0.45938 20.3
-0.45914 20.4
-0.4589 20.4
-0.45865 20.4
-0.45841 20.4
-0.45816 20.3
-0.45792 20.2
-0.45768 20.0
-0.45743 19.9
-0.45719 19.7
-0.45694 19.5
-0.4567 19.2
-0.45646 18.9
-0.45621 18.6
-0.45597 18.3
-0.45572 17.9
-0.45548 17.5
-0.45523 17.1
-0.45499 16.7
-0.45475 16.2
-0.4545 15.7
-0.45426 15.2
-0.45401 14.6
-0.45377 14.1
-0.45353 13.5
-0.45328 12.9
-0.45304 12.2
-0.45279 11.6
-0.45255 10.9
-0.4523 10.2
-0.45206 9.5
-0.45182 8.8
-0.45157 8.1
-0.45133 7.3
-0.45108 6.6
-0.45084 5.8
-0.4506 5.1
-0.45035 4.3
-0.45011 3.5
-0.44986 2.7
-0.44962 1.9
-0.44938 1.1
-0.44913 0.3
-0.44889 -0.5
-0.44864 -1.3
-0.4484 -2.1
-0.44815 -2.9
-0.44791 -3.7
-0.44767 -4.5
-0.44742 -5.3
-0.44718 -6.0
-0.44693 -6.8
-0.44669 -7.6
-0.44645 -8.3
-0.4462 -9.0
-0.44596 -9.8
-0.44571 -10.5
-0.44547 -11.1
-0.44522 -11.8
-0.44498 -12.5
-0.44474 -13.1
-0.44449 -13.7
-0.44425 -14.3
-0.444 -14.9
-0.44376 -15.4
-0.44352 -15.9
-0.44327 -16.4
-0.44303 -16.9
-0.44278 -17.4
-0.44254 -17.8
-0.4423 -18.2
-0.44205 -18.5
-0.44181 -18.9
-0.44156 -19.2
-0.44132 -19.5
-0.44107 -19.7
-0.44083 -19.9
-0.44059 -20.1
-0.44034 -20.3
-0.4401 -20.4
-0.43985 -20.5
-0.43961 -20.6
-0.43937 -20.6
-0.43912 -20.6
-0.43888 -20.6
-0.43863 -20.5
-0.43839 -20.4
-0.43814 -20.3
-0.4379 -20.1
-0.43766 -19.9
-0.43741 -19.7
-0.43717 -19.4
-0.43692 -19.1
-0.43668 -18.8
-0.43644 -18.5
-0.43619 -18.1
-0.43595 -17.7
-0.4357 -17.3
-0.43546 -16.8
-0.43521 -16.3
-0.43497 -15.8
-0.43473 -15.3
-0.43448 -14.7
-0.43424 -14.1
-0.43399 -13.5
-0.43375 -12.9
-0.43351 -12.3
-0.43326 -11.6
-0.43302 -10.9
-0.43277 -10.2
-0.43253 -9.5
-0.43229 -8.7
-0.43204 -8.0
-0.4318 -7.2
-0.43155 -6.5
-0.43131 -5.7
-0.43106 -4.9
-0.43082 -4.1
-0.43058 -3.3
-0.43033 -2.5
-0.43009 -1.6
-0.42984 -0.8
-0.4296 0.0
-0.42936 0.8
-0.42911 1.6
-0.42887 2.5
-0.42862 3.3
-0.42838 4.1
-0.42813 4.9
-0.42789 5.7
-0.42765 6.5
-0.4274 7.3
-0.42716 8.0
-0.42691 8.8
-0.42667 9.5
-0.42643 10.3
-0.42618 11.0
-0.42594 11.7
-0.42569 12.3
-0.42545 13.0
-0.42521 13.6
-0.42496 14.2
-0.42472 14.8
-0.42447 15.4
-0.42423 15.9
-0.42398 16.5
-0.42374 17.0
-0.4235 17.4
-0.42325 17.9
-0.42301 18.3
-0.42276 18.7
-0.42252 19.0
-0.42228 19.3
-0.42203 19.6
-0.42179 19.9
-0.42154 20.1
-0.4213 20.3
-0.42105 20.5
-0.42081 20.6
-0.42057 20.7
-0.42032 20.8
-0.42008 20.8
-0.41983 20.8
-0.41959 20.8
-0.41935 20.7
-0.4191 20.6
-0.41886 20.5
-0.41861 20.3
-0.41837 20.1
-0.41813 19.9
-0.41788 19.6
-0.41764 19.3
-0.41739 19.0
-0.41715 18.6
-0.4169 18.2
-0.41666 17.8
-0.41642 17.4
-0.41617 16.9
-0.41593 16.4
-0.41568 15.8
-0.41544 15.3
-0.4152 14.7
-0.41495 14.1
-0.41471 13.5
-0.41446 12.8
-0.41422 12.2
-0.41397 11.5
-0.41373 10.8
-0.41349 10.0
-0.41324 9.3
-0.413 8.5
-0.41275 7.7
-0.41251 7.0
-0.41227 6.2
-0.41202 5.4
-0.41178 4.5
-0.41153 3.7
-0.41129 2.9
-0.41105 2.0
-0.4108 1.2
-0.41056 0.4
-0.41031 -0.5
-0.41007 -1.3
-0.40982 -2.2
-0.40958 -3.0
-0.40934 -3.8
-0.40909 -4.7
-0.40885 -5.5
-0.4086 -6.3
-0.40836 -7.1
-0.40812 -7.9
-0.40787 -8.7
-0.40763 -9.4
-0.40738 -10.2
-0.40714 -10.9
-0.40689 -11.6
-0.40665 -12.3
-0.40641 -13.0
-0.40616 -13.7
-0.40592 -14.3
-0.40567 -14.9
-0.40543 -15.5
-0.40519 -16.1
-0.40494 -16.6
-0.4047 -17.1
-0.40445 -17.6
-0.40421 -18.0
-0.40396 -18.5
-0.40372 -18.9
-0.40348 -19.2
-0.40323 -19.6
-0.40299 -19.9
-0.40274 -20.1
-0.4025 -20.3
-0.40226 -20.5
-0.40201 -20.7
-0.40177 -20.8
-0.40152 -20.9
-0.40128 -21.0
-0.40104 -21.0
-0.40079 -21.0
-0.40055 -21.0
-0.4003 -20.9
-0.40006 -20.8
-0.39981 -20.6
-0.39957 -20.4
-0.39933 -20.2
-0.39908 -20.0
-0.39884 -19.7
-0.39859 -19.4
-0.39835 -19.0
-0.39811 -18.7
-0.39786 -18.2
-0.39762 -17.8
-0.39737 -17.3
-0.39713 -16.8
-0.39688 -16.3
-0.39664 -15.7
-0.3964 -15.2
-0.39615 -14.5
-0.39591 -13.9
-0.39566 -13.3
-0.39542 -12.6
-0.39518 -11.9
-0.39493 -11.2
-0.39469 -10.4
-0.39444 -9.7
-0.3942 -8.9
-0.39396 -8.1
-0.39371 -7.3
-0.39347 -6.5
-0.39322 -5.6
-0.39298 -4.8
-0.39273 -4.0
-0.39249 -3.1
-0.39225 -2.2
-0.392 -1.4
-0.39176 -0.5
-0.39151 0.4
-0.39127 1.2
-0.39103 2.1
-0.39078 2.9
-0.39054 3.8
-0.39029 4.7
-0.39005 5.5
-0.3898 6.3
-0.38956 7.2
-0.38932 8.0
-0.38907 8.8
-0.38883 9.6
-0.38858 10.3
-0.38834 11.1
-0.3881 11.8
-0.38785 12.5
-0.38761 13.2
-0.38736 13.9
-0.38712 14.6
-0.38688 15.2
-0.38663 15.8
-0.38639 16.4
-0.38614 16.9
-0.3859 17.4
-0.38565 17.9
-0.38541 18.4
-0.38517 18.8
-0.38492 19.2
-0.38468 19.5
-0.38443 19.9
-0.38419 20.2
-0.38395 20.4
-0.3837 20.6
-0.38346 20.8
-0.38321 21.0
-0.38297 21.1
-0.38272 21.2
-0.38248 21.2
-0.38224 21.3
-0.38199 21.2
-0.38175 21.2
-0.3815 21.1
-0.38126 20.9
-0.38102 20.8
-0.38077 20.6
-0.38053 20.3
-0.38028 20.0
-0.38004 19.7
-0.3798 19.4
-0.37955 19.0
-0.37931 18.6
-0.37906 18.1
-0.37882 17.7
-0.37857 17.2
-0.37833 16.6
-0.37809 16.1
-0.37784 15.5
-0.3776 14.8
-0.37735 14.2
-0.37711 13.5
-0.37687 12.8
-0.37662 12.1
-0.37638 11.4
-0.37613 10.6
-0.37589 9.8
-0.37564 9.0
-0.3754 8.2
-0.37516 7.4
-0.37491 6.6
-0.37467 5.7
-0.37442 4.9
-0.37418 4.0
-0.37394 3.1
-0.37369 2.2
-0.37345 1.3
-0.3732 0.4
-0.37296 -0.4
-0.37271 -1.3
-0.37247 -2.2
-0.37223 -3.1
-0.37198 -4.0
-0.37174 -4.9
-0.37149 -5.7
-0.37125 -6.6
-0.37101 -7.4
-0.37076 -8.3
-0.37052 -9.1
-0.37027 -9.9
-0.37003 -10.7
-0.36979 -11.5
-0.36954 -12.2
-0.3693 -12.9
-0.36905 -13.6
-0.36881 -14.3
-0.36856 -15.0
-0.36832 -15.6
-0.36808 -16.2
-0.36783 -16.8
-0.36759 -17.3
-0.36734 -17.9
-0.3671 -18.3
-0.36686 -18.8
-0.36661 -19.2
-0.36637 -19.6
-0.36612 -20.0
-0.36588 -20.3
-0.36563 -20.6
-0.36539 -20.8
-0.36515 -21.0
-0.3649 -21.2
-0.36466 -21.3
-0.36441 -21.4
-0.36417 -21.5
-0.36393 -21.5
-0.36368 -21.5
-0.36344 -21.4
-0.36319 -21.3
-0.36295 -21.2
-0.36271 -21.0
-0.36246 -20.8
-0.36222 -20.6
-0.36197 -20.3
-0.36173 -20.0
-0.36148 -19.6
-0.36124 -19.2
-0.361 -18.8
-0.36075 -18.4
-0.36051 -17.9
-0.36026 -17.4
-0.36002 -16.8
-0.35978 -16.2
-0.35953 -15.6
-0.35929 -15.0
-0.35904 -14.3
-0.3588 -13.6
-0.35855 -12.9
-0.35831 -12.2
-0.35807 -11.4
-0.35782 -10.6
-0.35758 -9.8
-0.35733 -9.0
-0.35709 -8.1
-0.35685 -7.3
-0.3566 -6.4
-0.35636 -5.6
-0.35611 -4.7
-0.35587 -3.8
-0.35563 -2.9
-0.35538 -2.0
-0.35514 -1.0
-0.35489 -0.1
-0.35465 0.8
-0.3544 1.7
-0.35416 2.6
-0.35392 3.5
-0.35367 4.4
-0.35343 5.3
-0.35318 6.2
-0.35294 7.1
-0.3527 8.0
-0.35245 8.8
-0.35221 9.6
-0.35196 10.5
-0.35172 11.3
-0.35147 12.0
-0.35123 12.8
-0.35099 13.5
-0.35074 14.2
-0.3505 14.9
-0.35025 15.6
-0.35001 16.2
-0.34977 16.8
-0.34952 17.4
-0.34928 17.9
-0.34903 18.4
-0.34879 18.9
-0.34855 19.3
-0.3483 19.8
-0.34806 20.1
-0.34781 20.5
-0.34757 20.7
-0.34732 21.0
-0.34708 21.2
-0.34684 21.4
-0.34659 21.5
-0.34635 21.6
-0.3461 21.7
-0.34586 21.7
-0.34562 21.7
-0.34537 21.7
-0.34513 21.6
-0.34488 21.4
-0.34464 21.2
-0.34439 21.0
-0.34415 20.8
-0.34391 20.5
-0.34366 20.2
-0.34342 19.8
-0.34317 19.4
-0.34293 18.9
-0.34269 18.5
-0.34244 18.0
-0.3422 17.4
-0.34195 16.8
-0.34171 16.2
-0.34146 15.6
-0.34122 14.9
-0.34098 14.2
-0.34073 13.5
-0.34049 12.8
-0.34024 12.0
-0.34 11.2
-0.33976 10.4
-0.33951 9.6
-0.33927 8.7
-0.33902 7.8
-0.33878 6.9
-0.33854 6.1
-0.33829 5.1
-0.33805 4.2
-0.3378 3.3
-0.33756 2.4
-0.33731 1.4
-0.33707 0.5
-0.33683 -0.5
-0.33658 -1.4
-0.33634 -2.4
-0.33609 -3.3
-0.33585 -4.2
-0.33561 -5.1
-0.33536 -6.1
-0.33512 -7.0
-0.33487 -7.9
-0.33463 -8.7
-0.33438 -9.6
-0.33414 -10.4
-0.3339 -11.3
-0.33365 -12.1
-0.33341 -12.9
-0.33316 -13.6
-0.33292 -14.3
-0.33268 -15.1
-0.33243 -15.7
-0.33219 -16.4
-0.33194 -17.0
-0.3317 -17.6
-0.33146 -18.1
-0.33121 -18.7
-0.33097 -19.2
-0.33072 -19.6
-0.33048 -20.0
-0.33023 -20.4
-0.32999 -20.7
-0.32975 -21.0
-0.3295 -21.3
-0.32926 -21.5
-0.32901 -21.7
-0.32877 -21.8
-0.32853 -21.9
-0.32828 -22.0
-0.32804 -22.0
-0.32779 -22.0
-0.32755 -21.9
-0.3273 -21.8
-0.32706 -21.6
-0.32682 -21.4
-0.32657 -21.2
-0.32633 -20.9
-0.32608 -20.6
-0.32584 -20.2
-0.3256 -19.8
-0.32535 -19.4
-0.32511 -18.9
-0.32486 -18.4
-0.32462 -17.9
-0.32438 -17.3
-0.32413 -16.7
-0.32389 -16.1
-0.32364 -15.4
-0.3234 -14.7
-0.32315 -13.9
-0.32291 -13.2
-0.32267 -12.4
-0.32242 -11.6
-0.32218 -10.8
-0.32193 -9.9
-0.32169 -9.0
-0.32145 -8.1
-0.3212 -7.2
-0.32096 -6.3
-0.32071 -5.4
-0.32047 -4.4
-0.32022 -3.5
-0.31998 -2.5
-0.31974 -1.6
-0.31949 -0.6
-0.31925 0.4
-0.319 1.4
-0.31876 2.3
-0.31852 3.3
-0.31827 4.3
-0.31803 5.2
-0.31778 6.2
-0.31754 7.1
-0.3173 8.0
-0.31705 8.9
-0.31681 9.8
-0.31656 10.7
-0.31632 11.5
-0.31607 12.3
-0.31583 13.1
-0.31559 13.9
-0.31534 14.7
-0.3151 15.4
-0.31485 16.1
-0.31461 16.8
-0.31437 17.4
-0.31412 18.0
-0.31388 18.5
-0.31363 19.1
-0.31339 19.6
-0.31314 20.0
-0.3129 20.4
-0.31266 20.8
-0.31241 21.1
-0.31217 21.4
-0.31192 21.7
-0.31168 21.9
-0.31144 22.0
-0.31119 22.1
-0.31095 22.2
-0.3107 22.3
-0.31046 22.2
-0.31021 22.2
-0.30997 22.1
-0.30973 21.9
-0.30948 21.8
-0.30924 21.5
-0.30899 21.3
-0.30875 20.9
-0.30851 20.6
-0.30826 20.2
-0.30802 19.8
-0.30777 19.3
-0.30753 18.8
-0.30729 18.2
-0.30704 17.6
-0.3068 17.0
-0.30655 16.3
-0.30631 15.6
-0.30606 14.9
-0.30582 14.2
-0.30558 13.4
-0.30533 12.6
-0.30509 11.7
-0.30484 10.9
-0.3046 10.0
-0.30436 9.1
-0.30411 8.2
-0.30387 7.2
-0.30362 6.3
-0.30338 5.3
-0.30313 4.3
-0.30289 3.4
-0.30265 2.4
-0.3024 1.4
-0.30216 0.4
-0.30191 -0.6
-0.30167 -1.6
-0.30143 -2.6
-0.30118 -3.6
-0.30094 -4.6
-0.30069 -5.6
-0.30045 -6.6
-0.30021 -7.5
-0.29996 -8.5
-0.29972 -9.4
-0.29947 -10.3
-0.29923 -11.2
-0.29898 -12.1
-0.29874 -12.9
-0.2985 -13.7
-0.29825 -14.5
-0.29801 -15.3
-0.29776 -16.0
-0.29752 -16.7
-0.29728 -17.4
-0.29703 -18.0
-0.29679 -18.6
-0.29654 -19.1
-0.2963 -19.7
-0.29605 -20.1
-0.29581 -20.6
-0.29557 -21.0
-0.29532 -21.3
-0.29508 -21.6
-0.29483 -21.9
-0.29459 -22.1
-0.29435 -22.3
-0.2941 -22.4
-0.29386 -22.5
-0.29361 -22.5
-0.29337 -22.5
-0.29313 -22.5
-0.29288 -22.4
-0.29264 -22.2
-0.29239 -22.0
-0.29215 -21.8
-0.2919 -21.5
-0.29166 -21.2
-0.29142 -20.8
-0.29117 -20.4
-0.29093 -19.9
-0.29068 -19.5
-0.29044 -18.9
-0.2902 -18.3
-0.28995 -17.7
-0.28971 -17.1
-0.28946 -16.4
-0.28922 -15.7
-0.28897 -14.9
-0.28873 -14.1
-0.28849 -13.3
-0.28824 -12.4
-0.288 -11.6
-0.28775 -10.7
-0.28751 -9.8
-0.28727 -8.8
-0.28702 -7.9
-0.28678 -6.9
-0.28653 -5.9
-0.28629 -4.9
-0.28605 -3.9
-0.2858 -2.8
-0.28556 -1.8
-0.28531 -0.8
-0.28507 0.3
-0.28482 1.3
-0.28458 2.3
-0.28434 3.4
-0.28409 4.4
-0.28385 5.4
-0.2836 6.4
-0.28336 7.4
-0.28312 8.4
-0.28287 9.3
-0.28263 10.3
-0.28238 11.2
-0.28214 12.1
-0.28189 13.0
-0.28165 13.8
-0.28141 14.6
-0.28116 15.4
-0.28092 16.2
-0.28067 16.9
-0.28043 17.6
-0.28019 18.2
-0.27994 18.9
-0.2797 19.4
-0.27945 20.0
-0.27921 20.5
-0.27896 20.9
-0.27872 21.3
-0.27848 21.7
-0.27823 22.0
-0.27799 22.2
-0.27774 22.5
-0.2775 22.6
-0.27726 22.7
-0.27701 22.8
-0.27677 22.8
-0.27652 22.8
-0.27628 22.8
-0.27604 22.6
-0.27579 22.5
-0.27555 22.2
-0.2753 22.0
-0.27506 21.7
-0.27481 21.3
-0.27457 20.9
-0.27433 20.5
-0.27408 20.0
-0.27384 19.4
-0.27359 18.8
-0.27335 18.2
-0.27311 17.6
-0.27286 16.9
-0.27262 16.1
-0.27237 15.4
-0.27213 14.5
-0.27188 13.7
-0.27164 12.8
-0.2714 12.0
-0.27115 11.0
-0.27091 10.1
-0.27066 9.1
-0.27042 8.1
-0.27018 7.1
-0.26993 6.1
-0.26969 5.1
-0.26944 4.0
-0.2692 3.0
-0.26896 1.9
-0.26871 0.8
-0.26847 -0.3
-0.26822 -1.3
-0.26798 -2.4
-0.26773 -3.5
-0.26749 -4.5
-0.26725 -5.6
-0.267 -6.6
-0.26676 -7.6
-0.26651 -8.7
-0.26627 -9.6
-0.26603 -10.6
-0.26578 -11.6
-0.26554 -12.5
-0.26529 -13.4
-0.26505 -14.3
-0.2648 -15.1
-0.26456 -15.9
-0.26432 -16.7
-0.26407 -17.4
-0.26383 -18.1
-0.26358 -18.8
-0.26334 -19.4
-0.2631 -19.9
-0.26285 -20.5
-0.26261 -21.0
-0.26236 -21.4
-0.26212 -21.8
-0.26188 -22.1
-0.26163 -22.4
-0.26139 -22.7
-0.26114 -22.9
-0.2609 -23.0
-0.26065 -23.1
-0.26041 -23.2
-0.26017 -23.1
-0.25992 -23.1
-0.25968 -23.0
-0.25943 -22.8
-0.25919 -22.6
-0.25895 -22.3
-0.2587 -22.0
-0.25846 -21.7
-0.25821 -21.2
-0.25797 -20.8
-0.25772 -20.3
-0.25748 -19.7
-0.25724 -19.1
-0.25699 -18.5
-0.25675 -17.8
-0.2565 -17.1
-0.25626 -16.3
-0.25602 -15.5
-0.25577 -14.7
-0.25553 -13.8
-0.25528 -12.9
-0.25504 -12.0
-0.2548 -11.0
-0.25455 -10.0
-0.25431 -9.0
-0.25406 -8.0
-0.25382 -7.0
-0.25357 -5.9
-0.25333 -4.8
-0.25309 -3.7
-0.25284 -2.6
-0.2526 -1.5
-0.25235 -0.4
-0.25211 0.7
-0.25187 1.8
-0.25162 2.9
-0.25138 4.0
-0.25113 5.1
-0.25089 6.2
-0.25064 7.3
-0.2504 8.3
-0.25016 9.3
-0.24991 10.4
-0.24967 11.3
-0.24942 12.3
-0.24918 13.3
-0.24894 14.2
-0.24869 15.0
-0.24845 15.9
-0.2482 16.7
-0.24796 17.5
-0.24771 18.2
-0.24747 18.9
-0.24723 19.5
-0.24698 20.1
-0.24674 20.7
-0.24649 21.2
-0.24625 21.7
-0.24601 22.1
-0.24576 22.4
-0.24552 22.7
-0.24527 23.0
-0.24503 23.2
-0.24479 23.3
-0.24454 23.4
-0.2443 23.5
-0.24405 23.5
-0.24381 23.4
-0.24356 23.3
-0.24332 23.1
-0.24308 22.9
-0.24283 22.6
-0.24259 22.3
-0.24234 21.9
-0.2421 21.4
-0.24186 20.9
-0.24161 20.4
-0.24137 19.8
-0.24112 19.2
-0.24088 18.5
-0.24063 17.8
-0.24039 17.0
-0.24015 16.2
-0.2399 15.4
-0.23966 14.5
-0.23941 13.6
-0.23917 12.6
-0.23893 11.6
-0.23868 10.6
-0.23844 9.6
-0.23819 8.5
-0.23795 7.4
-0.23771 6.4
-0.23746 5.2
-0.23722 4.1
-0.23697 3.0
-0.23673 1.8
-0.23648 0.7
-0.23624 -0.5
-0.236 -1.6
-0.23575 -2.8
-0.23551 -3.9
-0.23526 -5.0
-0.23502 -6.2
-0.23478 -7.3
-0.23453 -8.4
-0.23429 -9.4
-0.23404 -10.5
-0.2338 -11.5
-0.23355 -12.5
-0.23331 -13.5
-0.23307 -14.4
-0.23282 -15.4
-0.23258 -16.2
-0.23233 -17.1
-0.23209 -17.8
-0.23185 -18.6
-0.2316 -19.3
-0.23136 -20.0
-0.23111 -20.6
-0.23087 -21.1
-0.23063 -21.7
-0.23038 -22.1
-0.23014 -22.5
-0.22989 -22.9
-0.22965 -23.2
-0.2294 -23.4
-0.22916 -23.6
-0.22892 -23.7
-0.22867 -23.8
-0.22843 -23.8
-0.22818 -23.8
-0.22794 -23.7
-0.2277 -23.5
-0.22745 -23.3
-0.22721 -23.0
-0.22696 -22.7
-0.22672 -22.3
-0.22647 -21.9
-0.22623 -21.4
-0.22599 -20.9
-0.22574 -20.3
-0.2255 -19.6
-0.22525 -18.9
-0.22501 -18.2
-0.22477 -17.4
-0.22452 -16.5
-0.22428 -15.7
-0.22403 -14.8
-0.22379 -13.8
-0.22355 -12.8
-0.2233 -11.8
-0.22306 -10.8
-0.22281 -9.7
-0.22257 -8.6
-0.22232 -7.5
-0.22208 -6.3
-0.22184 -5.2
-0.22159 -4.0
-0.22135 -2.8
-0.2211 -1.6
-0.22086 -0.4
-0.22062 0.8
-0.22037 2.0
-0.22013 3.1
-0.21988 4.3
-0.21964 5.5
-0.21939 6.7
-0.21915 7.8
-0.21891 8.9
-0.21866 10.1
-0.21842 11.1
-0.21817 12.2
-0.21793 13.2
-0.21769 14.2
-0.21744 15.2
-0.2172 16.1
-0.21695 17.0
-0.21671 17.8
-0.21646 18.6
-0.21622 19.4
-0.21598 20.1
-0.21573 20.7
-0.21549 21.3
-0.21524 21.9
-0.215 22.4
-0.21476 22.8
-0.21451 23.2
-0.21427 23.5
-0.21402 23.8
-0.21378 24.0
-0.21354 24.1
-0.21329 24.2
-0.21305 24.2
-0.2128 24.2
-0.21256 24.1
-0.21231 23.9
-0.21207 23.7
-0.21183 23.4
-0.21158 23.0
-0.21134 22.6
-0.21109 22.2
-0.21085 21.6
-0.21061 21.1
-0.21036 20.4
-0.21012 19.7
-0.20987 19.0
-0.20963 18.2
-0.20938 17.4
-0.20914 16.5
-0.2089 15.6
-0.20865 14.6
-0.20841 13.6
-0.20816 12.6
-0.20792 11.5
-0.20768 10.4
-0.20743 9.3
-0.20719 8.1
-0.20694 6.9
-0.2067 5.7
-0.20646 4.5
-0.20621 3.3
-0.20597 2.0
-0.20572 0.8
-0.20548 -0.4
-0.20523 -1.7
-0.20499 -2.9
-0.20475 -4.2
-0.2045 -5.4
-0.20426 -6.6
-0.20401 -7.8
-0.20377 -9.0
-0.20353 -10.1
-0.20328 -11.3
-0.20304 -12.4
-0.20279 -13.4
-0.20255 -14.5
-0.2023 -15.5
-0.20206 -16.4
-0.20182 -17.4
-0.20157 -18.2
-0.20133 -19.0
-0.20108 -19.8
-0.20084 -20.5
-0.2006 -21.2
-0.20035 -21.8
-0.20011 -22.4
-0.19986 -22.9
-0.19962 -23.3
-0.19938 -23.7
-0.19913 -24.0
-0.19889 -24.3
-0.19864 -24.4
-0.1984 -24.6
-0.19815 -24.6
-0.19791 -24.6
-0.19767 -24.5
-0.19742 -24.4
-0.19718 -24.2
-0.19693 -23.9
-0.19669 -23.6
-0.19645 -23.2
-0.1962 -22.7
-0.19596 -22.2
-0.19571 -21.6
-0.19547 -20.9
-0.19522 -20.2
-0.19498 -19.5
-0.19474 -18.7
-0.19449 -17.8
-0.19425 -16.9
-0.194 -15.9
-0.19376 -14.9
-0.19352 -13.9
-0.19327 -12.8
-0.19303 -11.7
-0.19278 -10.5
-0.19254 -9.3
-0.1923 -8.1
-0.19205 -6.9
-0.19181 -5.6
-0.19156 -4.4
-0.19132 -3.1
-0.19107 -1.8
-0.19083 -0.5
-0.19059 0.8
-0.19034 2.1
-0.1901 3.4
-0.18985 4.7
-0.18961 6.0
-0.18937 7.2
-0.18912 8.5
-0.18888 9.7
-0.18863 10.9
-0.18839 12.0
-0.18814 13.2
-0.1879 14.3
-0.18766 15.3
-0.18741 16.3
-0.18717 17.3
-0.18692 18.2
-0.18668 19.1
-0.18644 19.9
-0.18619 20.7
-0.18595 21.4
-0.1857 22.1
-0.18546 22.7
-0.18521 23.2
-0.18497 23.7
-0.18473 24.1
-0.18448 24.4
-0.18424 24.7
-0.18399 24.9
-0.18375 25.0
-0.18351 25.0
-0.18326 25.0
-0.18302 24.9
-0.18277 24.8
-0.18253 24.6
-0.18229 24.3
-0.18204 23.9
-0.1818 23.5
-0.18155 23.0
-0.18131 22.4
-0.18106 21.8
-0.18082 21.1
-0.18058 20.3
-0.18033 19.5
-0.18009 18.6
-0.17984 17.7
-0.1796 16.7
-0.17936 15.7
-0.17911 14.6
-0.17887 13.5
-0.17862 12.4
-0.17838 11.2
-0.17813 10.0
-0.17789 8.7
-0.17765 7.4
-0.1774 6.1
-0.17716 4.8
-0.17691 3.5
-0.17667 2.1
-0.17643 0.8
-0.17618 -0.6
-0.17594 -1.9
-0.17569 -3.3
-0.17545 -4.6
-0.17521 -6.0
-0.17496 -7.3
-0.17472 -8.6
-0.17447 -9.9
-0.17423 -11.1
-0.17398 -12.3
-0.17374 -13.5
-0.1735 -14.7
-0.17325 -15.8
-0.17301 -16.8
-0.17276 -17.8
-0.17252 -18.8
-0.17228 -19.7
-0.17203 -20.5
-0.17179 -21.3
-0.17154 -22.0
-0.1713 -22.7
-0.17105 -23.3
-0.17081 -23.8
-0.17057 -24.3
-0.17032 -24.7
-0.17008 -25.0
-0.16983 -25.2
-0.16959 -25.4
-0.16935 -25.5
-0.1691 -25.5
-0.16886 -25.4
-0.16861 -25.3
-0.16837 -25.1
-0.16813 -24.8
-0.16788 -24.4
-0.16764 -24.0
-0.16739 -23.5
-0.16715 -22.9
-0.1669 -22.3
-0.16666 -21.5
-0.16642 -20.8
-0.16617 -19.9
-0.16593 -19.0
-0.16568 -18.0
-0.16544 -17.0
-0.1652 -15.9
-0.16495 -14.8
-0.16471 -13.6
-0.16446 -12.4
-0.16422 -11.2
-0.16397 -9.9
-0.16373 -8.6
-0.16349 -7.2
-0.16324 -5.9
-0.163 -4.5
-0.16275 -3.1
-0.16251 -1.7
-0.16227 -0.2
-0.16202 1.2
-0.16178 2.6
-0.16153 4.0
-0.16129 5.4
-0.16105 6.8
-0.1608 8.2
-0.16056 9.5
-0.16031 10.8
-0.16007 12.1
-0.15982 13.4
-0.15958 14.6
-0.15934 15.8
-0.15909 16.9
-0.15885 18.0
-0.1586 19.0
-0.15836 19.9
-0.15812 20.8
-0.15787 21.7
-0.15763 22.4
-0.15738 23.1
-0.15714 23.7
-0.15689 24.3
-0.15665 24.8
-0.15641 25.2
-0.15616 25.5
-0.15592 25.7
-0.15567 25.9
-0.15543 26.0
-0.15519 26.0
-0.15494 25.9
-0.1547 25.7
-0.15445 25.5
-0.15421 25.1
-0.15396 24.7
-0.15372 24.3
-0.15348 23.7
-0.15323 23.0
-0.15299 22.3
-0.15274 21.5
-0.1525 20.7
-0.15226 19.8
-0.15201 18.8
-0.15177 17.7
-0.15152 16.6
-0.15128 15.5
-0.15104 14.2
-0.15079 13.0
-0.15055 11.7
-0.1503 10.3
-0.15006 9.0
-0.14981 7.6
-0.14957 6.1
-0.14933 4.7
-0.14908 3.2
-0.14884 1.7
-0.14859 0.2
-0.14835 -1.3
-0.14811 -2.8
-0.14786 -4.3
-0.14762 -5.7
-0.14737 -7.2
-0.14713 -8.6
-0.14688 -10.0
-0.14664 -11.4
-0.1464 -12.8
-0.14615 -14.1
-0.14591 -15.3
-0.14566 -16.5
-0.14542 -17.7
-0.14518 -18.8
-0.14493 -19.8
-0.14469 -20.8
-0.14444 -21.7
-0.1442 -22.5
-0.14396 -23.3
-0.14371 -24.0
-0.14347 -24.6
-0.14322 -25.1
-0.14298 -25.6
-0.14273 -25.9
-0.14249 -26.2
-0.14225 -26.4
-0.142 -26.5
-0.14176 -26.5
-0.14151 -26.4
-0.14127 -26.3
-0.14103 -26.0
-0.14078 -25.7
-0.14054 -25.2
-0.14029 -24.7
-0.14005 -24.1
-0.1398 -23.4
-0.13956 -22.7
-0.13932 -21.8
-0.13907 -20.9
-0.13883 -19.9
-0.13858 -18.9
-0.13834 -17.8
-0.1381 -16.6
-0.13785 -15.3
-0.13761 -14.0
-0.13736 -12.7
-0.13712 -11.3
-0.13688 -9.9
-0.13663 -8.4
-0.13639 -6.9
-0.13614 -5.4
-0.1359 -3.8
-0.13565 -2.3
-0.13541 -0.7
-0.13517 0.9
-0.13492 2.5
-0.13468 4.0
-0.13443 5.6
-0.13419 7.1
-0.13395 8.6
-0.1337 10.1
-0.13346 11.6
-0.13321 13.0
-0.13297 14.4
-0.13272 15.7
-0.13248 17.0
-0.13224 18.2
-0.13199 19.4
-0.13175 20.4
-0.1315 21.5
-0.13126 22.4
-0.13102 23.3
-0.13077 24.0
-0.13053 24.7
-0.13028 25.4
-0.13004 25.9
-0.1298 26.3
-0.12955 26.7
-0.12931 26.9
-0.12906 27.0
-0.12882 27.1
-0.12857 27.1
-0.12833 26.9
-0.12809 26.7
-0.12784 26.3
-0.1276 25.9
-0.12735 25.4
-0.12711 24.8
-0.12687 24.1
-0.12662 23.3
-0.12638 22.4
-0.12613 21.4
-0.12589 20.4
-0.12564 19.3
-0.1254 18.1
-0.12516 16.8
-0.12491 15.5
-0.12467 14.1
-0.12442 12.7
-0.12418 11.2
-0.12394 9.7
-0.12369 8.1
-0.12345 6.6
-0.1232 4.9
-0.12296 3.3
-0.12271 1.6
-0.12247 0.0
-0.12223 -1.7
-0.12198 -3.4
-0.12174 -5.0
-0.12149 -6.7
-0.12125 -8.3
-0.12101 -9.9
-0.12076 -11.4
-0.12052 -12.9
-0.12027 -14.4
-0.12003 -15.8
-0.11979 -17.2
-0.11954 -18.5
-0.1193 -19.7
-0.11905 -20.8
-0.11881 -21.9
-0.11856 -22.9
-0.11832 -23.8
-0.11808 -24.7
-0.11783 -25.4
-0.11759 -26.0
-0.11734 -26.6
-0.1171 -27.0
-0.11686 -27.4
-0.11661 -27.6
-0.11637 -27.7
-0.11612 -27.7
-0.11588 -27.6
-0.11563 -27.5
-0.11539 -27.2
-0.11515 -26.8
-0.1149 -26.3
-0.11466 -25.6
-0.11441 -24.9
-0.11417 -24.1
-0.11393 -23.2
-0.11368 -22.2
-0.11344 -21.2
-0.11319 -20.0
-0.11295 -18.7
-0.11271 -17.4
-0.11246 -16.0
-0.11222 -14.6
-0.11197 -13.1
-0.11173 -11.5
-0.11148 -9.9
-0.11124 -8.2
-0.111 -6.5
-0.11075 -4.8
-0.11051 -3.0
-0.11026 -1.3
-0.11002 0.5
-0.10978 2.3
-0.10953 4.0
-0.10929 5.8
-0.10904 7.5
-0.1088 9.2
-0.10855 10.9
-0.10831 12.5
-0.10807 14.1
-0.10782 15.6
-0.10758 17.1
-0.10733 18.5
-0.10709 19.8
-0.10685 21.1
-0.1066 22.3
-0.10636 23.3
-0.10611 24.3
-0.10587 25.2
-0.10563 26.0
-0.10538 26.7
-0.10514 27.3
-0.10489 27.7
-0.10465 28.1
-0.1044 28.3
-0.10416 28.4
-0.10392 28.4
-0.10367 28.3
-0.10343 28.1
-0.10318 27.7
-0.10294 27.3
-0.1027 26.7
-0.10245 26.0
-0.10221 25.2
-0.10196 24.3
-0.10172 23.3
-0.10147 22.2
-0.10123 20.9
-0.10099 19.6
-0.10074 18.3
-0.1005 16.8
-0.10025 15.3
-0.10001 13.7
-0.09977 12.0
-0.09952 10.3
-0.09928 8.5
-0.09903 6.7
-0.09879 4.9
-0.09855 3.0
-0.0983 1.1
-0.09806 -0.8
-0.09781 -2.7
-0.09757 -4.5
-0.09732 -6.4
-0.09708 -8.3
-0.09684 -10.1
-0.09659 -11.8
-0.09635 -13.6
-0.0961 -15.2
-0.09586 -16.8
-0.09562 -18.4
-0.09537 -19.8
-0.09513 -21.2
-0.09488 -22.5
-0.09464 -23.6
-0.09439 -24.7
-0.09415 -25.7
-0.09391 -26.6
-0.09366 -27.3
-0.09342 -27.9
-0.09317 -28.5
-0.09293 -28.8
-0.09269 -29.1
-0.09244 -29.2
-0.0922 -29.2
-0.09195 -29.1
-0.09171 -28.8
-0.09146 -28.4
-0.09122 -27.9
-0.09098 -27.2
-0.09073 -26.4
-0.09049 -25.5
-0.09024 -24.5
-0.09 -23.4
-0.08976 -22.1
-0.08951 -20.8
-0.08927 -19.3
-0.08902 -17.8
-0.08878 -16.2
-0.08854 -14.5
-0.08829 -12.7
-0.08805 -10.9
-0.0878 -9.0
-0.08756 -7.0
-0.08731 -5.1
-0.08707 -3.1
-0.08683 -1.1
-0.08658 1.0
-0.08634 3.0
-0.08609 5.0
-0.08585 7.0
-0.08561 9.0
-0.08536 10.9
-0.08512 12.8
-0.08487 14.6
-0.08463 16.4
-0.08438 18.1
-0.08414 19.7
-0.0839 21.2
-0.08365 22.6
-0.08341 23.9
-0.08316 25.1
-0.08292 26.2
-0.08268 27.2
-0.08243 28.0
-0.08219 28.7
-0.08194 29.3
-0.0817 29.7
-0.08146 30.0
-0.08121 30.1
-0.08097 30.1
-0.08072 29.9
-0.08048 29.6
-0.08023 29.1
-0.07999 28.5
-0.07975 27.8
-0.0795 26.9
-0.07926 25.9
-0.07901 24.7
-0.07877 23.4
-0.07853 22.0
-0.07828 20.5
-0.07804 18.9
-0.07779 17.2
-0.07755 15.4
-0.0773 13.5
-0.07706 11.5
-0.07682 9.5
-0.07657 7.4
-0.07633 5.3
-0.07608 3.1
-0.07584 1.0
-0.0756 -1.2
-0.07535 -3.4
-0.07511 -5.6
-0.07486 -7.7
-0.07462 -9.9
-0.07438 -11.9
-0.07413 -14.0
-0.07389 -15.9
-0.07364 -17.8
-0.0734 -19.6
-0.07315 -21.2
-0.07291 -22.8
-0.07267 -24.3
-0.07242 -25.6
-0.07218 -26.8
-0.07193 -27.9
-0.07169 -28.8
-0.07145 -29.6
-0.0712 -30.2
-0.07096 -30.7
-0.07071 -30.9
-0.07047 -31.1
-0.07022 -31.0
-0.06998 -30.8
-0.06974 -30.4
-0.06949 -29.9
-0.06925 -29.2
-0.069 -28.3
-0.06876 -27.3
-0.06852 -26.1
-0.06827 -24.8
-0.06803 -23.3
-0.06778 -21.7
-0.06754 -20.0
-0.0673 -18.2
-0.06705 -16.2
-0.06681 -14.2
-0.06656 -12.1
-0.06632 -9.9
-0.06607 -7.6
-0.06583 -5.3
-0.06559 -2.9
-0.06534 -0.6
-0.0651 1.8
-0.06485 4.2
-0.06461 6.6
-0.06437 8.9
-0.06412 11.2
-0.06388 13.4
-0.06363 15.6
-0.06339 17.7
-0.06314 19.6
-0.0629 21.5
-0.06266 23.3
-0.06241 24.9
-0.06217 26.4
-0.06192 27.7
-0.06168 28.9
-0.06144 29.9
-0.06119 30.7
-0.06095 31.4
-0.0607 31.9
-0.06046 32.1
-0.06021 32.2
-0.05997 32.1
-0.05973 31.8
-0.05948 31.3
-0.05924 30.6
-0.05899 29.8
-0.05875 28.7
-0.05851 27.5
-0.05826 26.1
-0.05802 24.5
-0.05777 22.8
-0.05753 20.9
-0.05729 18.9
-0.05704 16.7
-0.0568 14.5
-0.05655 12.1
-0.05631 9.7
-0.05606 7.2
-0.05582 4.7
-0.05558 2.1
-0.05533 -0.6
-0.05509 -3.2
-0.05484 -5.8
-0.0546 -8.4
-0.05436 -10.9
-0.05411 -13.4
-0.05387 -15.8
-0.05362 -18.1
-0.05338 -20.3
-0.05313 -22.4
-0.05289 -24.3
-0.05265 -26.1
-0.0524 -27.7
-0.05216 -29.1
-0.05191 -30.4
-0.05167 -31.4
-0.05143 -32.3
-0.05118 -32.9
-0.05094 -33.3
-0.05069 -33.5
-0.05045 -33.5
-0.05021 -33.2
-0.04996 -32.7
-0.04972 -32.0
-0.04947 -31.1
-0.04923 -29.9
-0.04898 -28.6
-0.04874 -27.0
-0.0485 -25.2
-0.04825 -23.3
-0.04801 -21.2
-0.04776 -18.9
-0.04752 -16.5
-0.04728 -13.9
-0.04703 -11.2
-0.04679 -8.5
-0.04654 -5.7
-0.0463 -2.8
-0.04605 0.1
-0.04581 3.0
-0.04557 5.9
-0.04532 8.8
-0.04508 11.7
-0.04483 14.4
-0.04459 17.1
-0.04435 19.6
-0.0441 22.0
-0.04386 24.3
-0.04361 26.4
-0.04337 28.3
-0.04313 30.0
-0.04288 31.4
-0.04264 32.7
-0.04239 33.7
-0.04215 34.4
-0.0419 34.9
-0.04166 35.1
-0.04142 35.1
-0.04117 34.7
-0.04093 34.1
-0.04068 33.2
-0.04044 32.1
-0.0402 30.7
-0.03995 29.0
-0.03971 27.1
-0.03946 25.0
-0.03922 22.7
-0.03897 20.1
-0.03873 17.4
-0.03849 14.5
-0.03824 11.5
-0.038 8.4
-0.03775 5.2
-0.03751 1.9
-0.03727 -1.4
-0.03702 -4.7
-0.03678 -7.9
-0.03653 -11.2
-0.03629 -14.3
-0.03605 -17.4
-0.0358 -20.3
-0.03556 -23.1
-0.03531 -25.6
-0.03507 -28.0
-0.03482 -30.1
-0.03458 -32.0
-0.03434 -33.6
-0.03409 -34.9
-0.03385 -35.9
-0.0336 -36.6
-0.03336 -37.0
-0.03312 -37.0
-0.03287 -36.7
-0.03263 -36.1
-0.03238 -35.1
-0.03214 -33.8
-0.03189 -32.1
-0.03165 -30.2
-0.03141 -27.9
-0.03116 -25.4
-0.03092 -22.6
-0.03067 -19.5
-0.03043 -16.3
-0.03019 -12.9
-0.02994 -9.3
-0.0297 -5.6
-0.02945 -1.8
-0.02921 2.0
-0.02896 5.8
-0.02872 9.6
-0.02848 13.3
-0.02823 16.9
-0.02799 20.4
-0.02774 23.6
-0.0275 26.7
-0.02726 29.5
-0.02701 32.0
-0.02677 34.2
-0.02652 36.0
-0.02628 37.5
-0.02604 38.6
-0.02579 39.2
-0.02555 39.5
-0.0253 39.3
-0.02506 38.6
-0.02481 37.5
-0.02457 36.0
-0.02433 34.1
-0.02408 31.8
-0.02384 29.0
-0.02359 25.9
-0.02335 22.5
-0.02311 18.8
-0.02286 14.8
-0.02262 10.7
-0.02237 6.3
-0.02213 1.8
-0.02188 -2.7
-0.02164 -7.3
-0.0214 -11.7
-0.02115 -16.1
-0.02091 -20.4
-0.02066 -24.4
-0.02042 -28.1
-0.02018 -31.5
-0.01993 -34.6
-0.01969 -37.2
-0.01944 -39.3
-0.0192 -40.9
-0.01896 -42.0
-0.01871 -42.5
-0.01847 -42.5
-0.01822 -41.8
-0.01798 -40.5
-0.01773 -38.7
-0.01749 -36.2
-0.01725 -33.2
-0.017 -29.7
-0.01676 -25.7
-0.01651 -21.3
-0.01627 -16.4
-0.01603 -11.3
-0.01578 -5.9
-0.01554 -0.4
-0.01529 5.3
-0.01505 10.9
-0.0148 16.4
-0.01456 21.7
-0.01432 26.7
-0.01407 31.4
-0.01383 35.6
-0.01358 39.2
-0.01334 42.2
-0.0131 44.4
-0.01285 46.0
-0.01261 46.7
-0.01236 46.5
-0.01212 45.4
-0.01188 43.5
-0.01163 40.7
-0.01139 37.1
-0.01114 32.6
-0.0109 27.4
-0.01065 21.5
-0.01041 15.1
-0.01017 8.2
-0.00992 1.0
-0.00968 -6.3
-0.00943 -13.6
-0.00919 -20.8
-0.00895 -27.7
-0.0087 -34.0
-0.00846 -39.6
-0.00821 -44.4
-0.00797 -48.2
-0.00772 -50.8
-0.00748 -52.2
-0.00724 -52.1
-0.00699 -50.6
-0.00675 -47.7
-0.0065 -43.3
-0.00626 -37.5
-0.00602 -30.5
-0.00577 -22.2
-0.00553 -13.1
-0.00528 -3.2
-0.00504 7.1
-0.0048 17.4
-0.00455 27.4
-0.00431 36.8
-0.00406 45.0
-0.00382 51.8
-0.00357 56.7
-0.00333 59.4
-0.00309 59.6
-0.00284 57.1
-0.0026 51.8
-0.00235 43.7
-0.00211 33.1
-0.00187 20.3
-0.00162 5.8
-0.00138 -9.7
-0.00113 -25.4
-0.00089 -40.0
-0.00064 -52.5
-0.0004 -61.6
-0.00016 -66.0
9e-05 -64.8
0.00033 -57.5
0.00058 -44.3
0.00082 -26.2
0.00106 -5.0
0.00131 16.7
0.00155 36.1
0.0018 50.5
0.00204 57.8
0.00229 56.7
0.00253 47.6
0.00277 32.0
0.00302 12.6
0.00326 -7.3
0.00351 -24.4
0.00375 -36.1
0.00399 -40.7
0.00424 -38.1
0.00448 -29.3
0.00473 -16.5
0.00497 -2.2
0.00521 10.7
0.00546 20.1
0.0057 24.8
0.00595 24.4
0.00619 19.6
0.00644 11.8
0.00668 2.9
0.00692 -5.4
0.00717 -11.6
0.00741 -14.7
0.00766 -14.6
0.0079 -11.8
0.00814 -7.1
0.00839 -1.7
0.00863 3.3
0.00888 7.0
0.00912 8.8
0.00937 8.7
0.00961 6.9
0.00985 4.0
0.0101 0.7
0.01034 -2.3
0.01059 -4.4
0.01083 -5.4
0.01107 -5.2
0.01132 -4.0
0.01156 -2.2
0.01181 -0.2
0.01205 1.6
0.01229 2.8
0.01254 3.3
0.01278 3.1
0.01303 2.3
0.01327 1.2
0.01352 0.0
0.01376 -1.1
0.014 -1.7
0.01425 -2.0
0.01449 -1.8
0.01474 -1.3
0.01498 -0.6
0.01522 0.1
0.01547 0.7
0.01571 1.1
0.01596 1.2
0.0162 1.1
0.01645 0.7
0.01669 0.3
0.01693 -0.1
0.01718 -0.5
0.01742 -0.7
0.01767 -0.7
0.01791 -0.6
0.01815 -0.4
0.0184 -0.2
0.01864 0.1
0.01889 0.3
0.01913 0.4
0.01937 0.4
0.01962 0.4
0.01986 0.2
0.02011 0.0
0.02035 0.0
0.0206 -0.2
0.02084 -0.3
0.02108 -0.3
0.02133 -0.2
0.02157 -0.1
0.02182 0.0
0.02206 0.0
0.0223 0.1
0.02255 0.2
0.02279 0.2
0.02304 0.1
0.02328 0.0
0.02353 0.0
0.02377 0.0
0.02401 0.0
0.02426 -0.1
0.0245 0.0
0.02475 0.0
0.02499 0.0
0.02523 0.0
0.02548 0.0
0.02572 0.0
0.02597 0.0
0.02621 0.0
0.02645 0.0
0.0267 0.0
0.02694 0.0
0.02719 0.0
0.02743 0.0
0.02768 0.0
0.02792 0.0
0.02816 0.0
0.02841 0.0
0.02865 0.0
0.0289 0.0
0.02914 0.0
0.02938 0.0
0.02963 0.0
0.02987 0.0
0.03012 0.0
0.03036 0.0
0.03061 0.0
0.03085 0.0
0.03109 0.0
0.03134 0.0
0.03158 0.0
0.03183 0.0
0.03207 0.0
0.03231 0.0
0.03256 0.0
0.0328 0.0
0.03305 0.0
0.03329 0.0
0.03354 0.0
0.03378 0.0
0.03402 0.0
0.03427 0.0
0.03451 0.0
0.03476 0.0
0.035 0.0
0.03524 0.0
0.03549 0.0
0.03573 0.0
0.03598 0.0
0.03622 0.0
0.03646 0.0
0.03671 0.0
0.03695 0.0
0.0372 0.0
0.03744 0.0
0.03769 0.0
0.03793 0.0
0.03817 0.0
0.03842 0.0
0.03866 0.0
0.03891 0.0
0.03915 0.0
0.03939 0.0
0.03964 0.0
0.03988 0.0
0.04013 0.0
0.04037 0.0
0.04062 0.0
0.04086 0.0
0.0411 0.0
0.04135 0.0
0.04159 0.0
0.04184 0.0
0.04208 0.0
0.04232 0.0
0.04257 0.0
0.04281 0.0
0.04306 0.0
0.0433 0.0
0.04354 0.0
0.04379 0.0
0.04403 0.0
0.04428 0.0
0.04452 0.0
0.04477 0.0
0.04501 0.0
0.04525 0.0
0.0455 0.0
0.04574 0.0
0.04599 0.0
0.04623 0.0
0.04647 0.0
0.04672 0.0
0.04696 0.0
0.04721 0.0
0.04745 0.0
0.0477 0.0
0.04794 0.0
0.04818 0.0
0.04843 0.0
0.04867 0.0
0.04892 0.0
0.04916 0.0
0.0494 0.0
0.04965 0.0
0.04989 0.0
0.05014 0.0
0.05038 0.0
0.05062 0.0
0.05087 0.0
0.05111 0.0
0.05136 0.0
0.0516 0.0
0.05185 0.0
0.05209 0.0
0.05233 0.0
0.05258 0.0
0.05282 0.0
0.05307 0.0
0.05331 0.0
0.05355 0.0
0.0538 0.0
0.05404 0.0
0.05429 0.0
0.05453 0.0
0.05478 0.0
0.05502 0.0
0.05526 0.0
0.05551 0.0
0.05575 0.0
0.056 0.0
0.05624 0.0
0.05648 0.0
0.05673 0.0
0.05697 0.0
0.05722 0.0
0.05746 0.0
0.0577 0.0
0.05795 0.0
0.05819 0.0
0.05844 0.0
0.05868 0.0
0.05893 0.0
0.05917 0.0
0.05941 0.0
0.05966 0.0
0.0599 0.0
0.06015 0.0
0.06039 0.0
0.06063 0.0
0.06088 0.0
0.06112 0.0
0.06137 0.0
0.06161 0.0
0.06186 0.0
0.0621 0.0
0.06234 0.0
0.06259 0.0
0.06283 0.0
0.06308 0.0
0.06332 0.0
0.06356 0.0
0.06381 0.0
0.06405 0.0
0.0643 0.0
0.06454 0.0
0.06479 0.0
0.06503 0.0
0.06527 0.0
0.06552 0.0
0.06576 0.0
0.06601 0.0
0.06625 0.0
0.06649 0.0
0.06674 0.0
0.06698 0.0
0.06723 0.0
0.06747 0.0
0.06771 0.0
0.06796 0.0
0.0682 0.0
0.06845 0.0
0.06869 0.0
0.06894 0.0
0.06918 0.0
0.06942 0.0
0.06967 0.0
0.06991 0.0
0.07016 0.0
0.0704 0.0
0.07064 0.0
0.07089 0.0
0.07113 0.0
0.07138 0.0
0.07162 0.0
0.07187 0.0
0.07211 0.0
0.07235 0.0
0.0726 0.0
0.07284 0.0
0.07309 0.0
0.07333 0.0
0.07357 0.0
0.07382 0.0
0.07406 0.0
0.07431 0.0
0.07455 0.0
0.07479 0.0
0.07504 0.0
0.07528 0.0
0.07553 0.0
0.07577 0.0
0.07602 0.0
0.07626 0.0
0.0765 0.0
0.07675 0.0
0.07699 0.0
0.07724 0.0
0.07748 0.0
0.07772 0.0
0.07797 0.0
0.07821 0.0
0.07846 0.0
0.0787 0.0
0.07895 0.0
0.07919 0.0
0.07943 0.0
0.07968 0.0
0.07992 0.0
0.08017 0.0
0.08041 0.0
0.08065 0.0
0.0809 0.0
0.08114 0.0
0.08139 0.0
0.08163 0.0
0.08187 0.0
0.08212 0.0
0.08236 0.0
0.08261 0.0
0.08285 0.0
0.0831 0.0
0.08334 0.0
0.08358 0.0
0.08383 0.0
0.08407 0.0
0.08432 0.0
0.08456 0.0
0.0848 0.0
0.08505 0.0
0.08529 0.0
0.08554 0.0
0.08578 0.0
0.08603 0.0
0.08627 0.0
0.08651 0.0
0.08676 0.0
0.087 0.0
0.08725 0.0
0.08749 0.0
0.08773 0.0
0.08798 0.0
0.08822 0.0
0.08847 0.0
0.08871 0.0
0.08895 0.0
0.0892 0.0
0.08944 0.0
0.08969 0.0
0.08993 0.0
0.09018 0.0
0.09042 0.0
0.09066 0.0
0.09091 0.0
0.09115 0.0
0.0914 0.0
0.09164 0.0
0.09188 0.0
0.09213 0.0
0.09237 0.0
0.09262 0.0
0.09286 0.0
0.09311 0.0
0.09335 0.0
0.09359 0.0
0.09384 0.0
0.09408 0.0
0.09433 0.0
0.09457 0.0
0.09481 0.0
0.09506 0.0
0.0953 0.0
0.09555 0.0
0.09579 0.0
0.09604 0.0
0.09628 0.0
0.09652 0.0
0.09677 0.0
0.09701 0.0
0.09726 0.0
0.0975 0.0
0.09774 0.0
0.09799 0.0
0.09823 0.0
0.09848 0.0
0.09872 0.0
0.09896 0.0
0.09921 0.0
0.09945 0.0
0.0997 0.0
0.09994 0.0
0.10019 0.0
0.10043 0.0
0.10067 0.0
0.10092 0.0
0.10116 0.0
0.10141 0.0
0.10165 0.0
0.10189 0.0
0.10214 0.0
0.10238 0.0
0.10263 0.0
0.10287 0.0
0.10312 0.0
0.10336 0.0
0.1036 0.0
0.10385 0.0
0.10409 0.0
0.10434 0.0
0.10458 0.0
0.10482 0.0
0.10507 0.0
0.10531 0.0
0.10556 0.0
0.1058 0.0
0.10604 0.0
0.10629 0.0
0.10653 0.0
0.10678 0.0
0.10702 0.0
0.10727 0.0
0.10751 0.0
0.10775 0.0
0.108 0.0
0.10824 0.0
0.10849 0.0
0.10873 0.0
0.10897 0.0
0.10922 0.0
0.10946 0.0
0.10971 0.0
0.10995 0.0
0.1102 0.0
0.11044 0.0
0.11068 0.0
0.11093 0.0
0.11117 0.0
0.11142 0.0
0.11166 0.0
0.1119 0.0
0.11215 0.0
0.11239 0.0
0.11264 0.0
0.11288 0.0
0.11312 0.0
0.11337 0.0
0.11361 0.0
0.11386 0.0
0.1141 0.0
0.11435 0.0
0.11459 0.0
0.11483 0.0
0.11508 0.0
0.11532 0.0
0.11557 0.0
0.11581 0.0
0.11605 0.0
0.1163 0.0
0.11654 0.0
0.11679 0.0
0.11703 0.0
0.11728 0.0
0.11752 0.0
0.11776 0.0
0.11801 0.0
0.11825 0.0
0.1185 0.0
0.11874 0.0
0.11898 0.0
0.11923 0.0
0.11947 0.0
0.11972 0.0
0.11996 0.0
0.1202 0.0
0.12045 0.0
0.12069 0.0
0.12094 0.0
0.12118 0.0
0.12143 0.0
0.12167 0.0
0.12191 0.0
0.12216 0.0
0.1224 0.0
0.12265 0.0
0.12289 0.0
0.12313 0.0
0.12338 0.0
0.12362 0.0
0.12387 0.0
0.12411 0.0
0.12436 0.0
0.1246 0.0
0.12484 0.0
0.12509 0.0
0.12533 0.0
0.12558 0.0
0.12582 0.0
0.12606 0.0
0.12631 0.0
0.12655 0.0
0.1268 0.0
0.12704 0.0
0.12729 0.0
0.12753 0.0
0.12777 0.0
0.12802 0.0
0.12826 0.0
0.12851 0.0
0.12875 0.0
0.12899 0.0
0.12924 0.0
0.12948 0.0
0.12973 0.0
0.12997 0.0
0.13021 0.0
0.13046 0.0
0.1307 0.0
0.13095 0.0
0.13119 0.0
0.13144 0.0
0.13168 0.0
0.13192 0.0
0.13217 0.0
0.13241 0.0
0.13266 0.0
0.1329 0.0
0.13314 0.0
0.13339 0.0
0.13363 0.0
0.13388 0.0
0.13412 0.0
0.13437 0.0
0.13461 0.0
0.13485 0.0
0.1351 0.0
