t strain*1e23
-0.46769 -11.9
-0.46745 -11.8
-0.4672 -11.6
-0.46696 -11.5
-0.46671 -11.3
-0.46647 -11.1
-0.46622 -10.9
-0.46598 -10.7
-0.46574 -10.5
-0.46549 -10.2
-0.46525 -9.9
-0.465 -9.7
-0.46476 -9.4
-0.46452 -9.1
-0.46427 -8.7
-0.46403 -8.4
-0.46378 -8.0
-0.46354 -7.7
-0.46329 -7.3
-0.46305 -6.9
-0.46281 -6.5
-0.46256 -6.1
-0.46232 -5.7
-0.46207 -5.3
-0.46183 -4.9
-0.46159 -4.4
-0.46134 -4.0
-0.4611 -3.5
-0.46085 -3.1
-0.46061 -2.6
-0.46037 -2.1
-0.46012 -1.7
-0.45988 -1.2
-0.45963 -0.7
-0.45939 -0.3
-0.45914 0.2
-0.4589 0.7
-0.45866 1.2
-0.45841 1.6
-0.45817 2.1
-0.45792 2.6
-0.45768 3.0
-0.45744 3.5
-0.45719 4.0
-0.45695 4.4
-0.4567 4.8
-0.45646 5.3
-0.45621 5.7
-0.45597 6.1
-0.45573 6.5
-0.45548 6.9
-0.45524 7.3
-0.45499 7.7
-0.45475 8.1
-0.45451 8.4
-0.45426 8.8
-0.45402 9.1
-0.45377 9.4
-0.45353 9.7
-0.45329 10.0
-0.45304 10.3
-0.4528 10.5
-0.45255 10.8
-0.45231 11.0
-0.45206 11.2
-0.45182 11.4
-0.45158 11.6
-0.45133 11.7
-0.45109 11.9
-0.45084 12.0
-0.4506 12.1
-0.45036 12.2
-0.45011 12.3
-0.44987 12.3
-0.44962 12.3
-0.44938 12.4
-0.44913 12.4
-0.44889 12.3
-0.44865 12.3
-0.4484 12.2
-0.44816 12.1
-0.44791 12.0
-0.44767 11.9
-0.44743 11.8
-0.44718 11.6
-0.44694 11.5
-0.44669 11.3
-0.44645 11.1
-0.44621 10.8
-0.44596 10.6
-0.44572 10.3
-0.44547 10.1
-0.44523 9.8
-0.44498 9.5
-0.44474 9.2
-0.4445 8.8
-0.44425 8.5
-0.44401 8.1
-0.44376 7.8
-0.44352 7.4
-0.44328 7.0
-0.44303 6.6
-0.44279 6.2
-0.44254 5.7
-0.4423 5.3
-0.44205 4.9
-0.44181 4.4
-0.44157 4.0
-0.44132 3.5
-0.44108 3.0
-0.44083 2.6
-0.44059 2.1
-0.44035 1.6
-0.4401 1.1
-0.43986 0.6
-0.43961 0.2
-0.43937 -0.3
-0.43913 -0.8
-0.43888 -1.3
-0.43864 -1.8
-0.43839 -2.3
-0.43815 -2.7
-0.4379 -3.2
-0.43766 -3.7
-0.43742 -4.2
-0.43717 -4.6
-0.43693 -5.1
-0.43668 -5.5
-0.43644 -5.9
-0.4362 -6.4
-0.43595 -6.8
-0.43571 -7.2
-0.43546 -7.6
-0.43522 -8.0
-0.43497 -8.3
-0.43473 -8.7
-0.43449 -9.0
-0.43424 -9.4
-0.434 -9.7
-0.43375 -10.0
-0.43351 -10.3
-0.43327 -10.5
-0.43302 -10.8
-0.43278 -11.0
-0.43253 -11.3
-0.43229 -11.5
-0.43204 -11.6
-0.4318 -11.8
-0.43156 -12.0
-0.43131 -12.1
-0.43107 -12.2
-0.43082 -12.3
-0.43058 -12.4
-0.43034 -12.4
-0.43009 -12.5
-0.42985 -12.5
-0.4296 -12.5
-0.42936 -12.5
-0.42912 -12.4
-0.42887 -12.3
-0.42863 -12.3
-0.42838 -12.2
-0.42814 -12.0
-0.42789 -11.9
-0.42765 -11.8
-0.42741 -11.6
-0.42716 -11.4
-0.42692 -11.2
-0.42667 -10.9
-0.42643 -10.7
-0.42619 -10.4
-0.42594 -10.2
-0.4257 -9.9
-0.42545 -9.6
-0.42521 -9.2
-0.42496 -8.9
-0.42472 -8.5
-0.42448 -8.2
-0.42423 -7.8
-0.42399 -7.4
-0.42374 -7.0
-0.4235 -6.6
-0.42326 -6.1
-0.42301 -5.7
-0.42277 -5.3
-0.42252 -4.8
-0.42228 -4.3
-0.42204 -3.9
-0.42179 -3.4
-0.42155 -2.9
-0.4213 -2.4
-0.42106 -1.9
-0.42081 -1.4
-0.42057 -0.9
-0.42033 -0.4
-0.42008 0.0
-0.41984 0.6
-0.41959 1.1
-0.41935 1.5
-0.41911 2.0
-0.41886 2.5
-0.41862 3.0
-0.41837 3.5
-0.41813 4.0
-0.41788 4.5
-0.41764 4.9
-0.4174 5.4
-0.41715 5.8
-0.41691 6.3
-0.41666 6.7
-0.41642 7.1
-0.41618 7.5
-0.41593 7.9
-0.41569 8.3
-0.41544 8.7
-0.4152 9.0
-0.41496 9.4
-0.41471 9.7
-0.41447 10.0
-0.41422 10.3
-0.41398 10.6
-0.41373 10.9
-0.41349 11.1
-0.41325 11.3
-0.413 11.5
-0.41276 11.7
-0.41251 11.9
-0.41227 12.1
-0.41203 12.2
-0.41178 12.3
-0.41154 12.4
-0.41129 12.5
-0.41105 12.6
-0.4108 12.6
-0.41056 12.6
-0.41032 12.6
-0.41007 12.6
-0.40983 12.5
-0.40958 12.5
-0.40934 12.4
-0.4091 12.3
-0.40885 12.2
-0.40861 12.0
-0.40836 11.8
-0.40812 11.7
-0.40788 11.5
-0.40763 11.2
-0.40739 11.0
-0.40714 10.7
-0.4069 10.5
-0.40665 10.2
-0.40641 9.9
-0.40617 9.6
-0.40592 9.2
-0.40568 8.9
-0.40543 8.5
-0.40519 8.1
-0.40495 7.7
-0.4047 7.3
-0.40446 6.9
-0.40421 6.4
-0.40397 6.0
-0.40372 5.5
-0.40348 5.1
-0.40324 4.6
-0.40299 4.1
-0.40275 3.7
-0.4025 3.2
-0.40226 2.7
-0.40202 2.2
-0.40177 1.7
-0.40153 1.1
-0.40128 0.6
-0.40104 0.1
-0.40079 -0.4
-0.40055 -0.9
-0.40031 -1.4
-0.40006 -1.9
-0.39982 -2.4
-0.39957 -2.9
-0.39933 -3.4
-0.39909 -3.9
-0.39884 -4.4
-0.3986 -4.9
-0.39835 -5.4
-0.39811 -5.8
-0.39787 -6.3
-0.39762 -6.7
-0.39738 -7.1
-0.39713 -7.6
-0.39689 -8.0
-0.39664 -8.4
-0.3964 -8.7
-0.39616 -9.1
-0.39591 -9.5
-0.39567 -9.8
-0.39542 -10.1
-0.39518 -10.4
-0.39494 -10.7
-0.39469 -11.0
-0.39445 -11.2
-0.3942 -11.5
-0.39396 -11.7
-0.39371 -11.9
-0.39347 -12.1
-0.39323 -12.2
-0.39298 -12.4
-0.39274 -12.5
-0.39249 -12.6
-0.39225 -12.6
-0.39201 -12.7
-0.39176 -12.7
-0.39152 -12.7
-0.39127 -12.7
-0.39103 -12.7
-0.39079 -12.6
-0.39054 -12.6
-0.3903 -12.5
-0.39005 -12.4
-0.38981 -12.2
-0.38956 -12.1
-0.38932 -11.9
-0.38908 -11.7
-0.38883 -11.5
-0.38859 -11.3
-0.38834 -11.0
-0.3881 -10.7
-0.38786 -10.4
-0.38761 -10.1
-0.38737 -9.8
-0.38712 -9.5
-0.38688 -9.1
-0.38663 -8.7
-0.38639 -8.3
-0.38615 -7.9
-0.3859 -7.5
-0.38566 -7.1
-0.38541 -6.6
-0.38517 -6.2
-0.38493 -5.7
-0.38468 -5.3
-0.38444 -4.8
-0.38419 -4.3
-0.38395 -3.8
-0.38371 -3.3
-0.38346 -2.8
-0.38322 -2.3
-0.38297 -1.7
-0.38273 -1.2
-0.38248 -0.7
-0.38224 -0.2
-0.382 0.4
-0.38175 0.9
-0.38151 1.4
-0.38126 1.9
-0.38102 2.5
-0.38078 3.0
-0.38053 3.5
-0.38029 4.0
-0.38004 4.5
-0.3798 5.0
-0.37955 5.5
-0.37931 5.9
-0.37907 6.4
-0.37882 6.9
-0.37858 7.3
-0.37833 7.7
-0.37809 8.1
-0.37785 8.6
-0.3776 8.9
-0.37736 9.3
-0.37711 9.7
-0.37687 10.0
-0.37663 10.3
-0.37638 10.7
-0.37614 10.9
-0.37589 11.2
-0.37565 11.5
-0.3754 11.7
-0.37516 11.9
-0.37492 12.1
-0.37467 12.3
-0.37443 12.4
-0.37418 12.6
-0.37394 12.7
-0.3737 12.8
-0.37345 12.8
-0.37321 12.9
-0.37296 12.9
-0.37272 12.9
-0.37247 12.9
-0.37223 12.8
-0.37199 12.7
-0.37174 12.7
-0.3715 12.5
-0.37125 12.4
-0.37101 12.3
-0.37077 12.1
-0.37052 11.9
-0.37028 11.7
-0.37003 11.4
-0.36979 11.2
-0.36954 10.9
-0.3693 10.6
-0.36906 10.3
-0.36881 10.0
-0.36857 9.6
-0.36832 9.2
-0.36808 8.9
-0.36784 8.5
-0.36759 8.0
-0.36735 7.6
-0.3671 7.2
-0.36686 6.7
-0.36662 6.3
-0.36637 5.8
-0.36613 5.3
-0.36588 4.8
-0.36564 4.3
-0.36539 3.8
-0.36515 3.3
-0.36491 2.7
-0.36466 2.2
-0.36442 1.7
-0.36417 1.1
-0.36393 0.6
-0.36369 0.0
-0.36344 -0.5
-0.3632 -1.0
-0.36295 -1.6
-0.36271 -2.1
-0.36246 -2.6
-0.36222 -3.2
-0.36198 -3.7
-0.36173 -4.2
-0.36149 -4.7
-0.36124 -5.2
-0.361 -5.7
-0.36076 -6.2
-0.36051 -6.7
-0.36027 -7.1
-0.36002 -7.6
-0.35978 -8.0
-0.35954 -8.5
-0.35929 -8.9
-0.35905 -9.3
-0.3588 -9.6
-0.35856 -10.0
-0.35831 -10.3
-0.35807 -10.7
-0.35783 -11.0
-0.35758 -11.2
-0.35734 -11.5
-0.35709 -11.8
-0.35685 -12.0
-0.35661 -12.2
-0.35636 -12.4
-0.35612 -12.5
-0.35587 -12.7
-0.35563 -12.8
-0.35538 -12.9
-0.35514 -13.0
-0.3549 -13.0
-0.35465 -13.0
-0.35441 -13.0
-0.35416 -13.0
-0.35392 -13.0
-0.35368 -12.9
-0.35343 -12.8
-0.35319 -12.7
-0.35294 -12.6
-0.3527 -12.4
-0.35246 -12.2
-0.35221 -12.0
-0.35197 -11.8
-0.35172 -11.5
-0.35148 -11.3
-0.35123 -11.0
-0.35099 -10.7
-0.35075 -10.4
-0.3505 -10.0
-0.35026 -9.7
-0.35001 -9.3
-0.34977 -8.9
-0.34953 -8.5
-0.34928 -8.0
-0.34904 -7.6
-0.34879 -7.1
-0.34855 -6.7
-0.3483 -6.2
-0.34806 -5.7
-0.34782 -5.2
-0.34757 -4.7
-0.34733 -4.1
-0.34708 -3.6
-0.34684 -3.1
-0.3466 -2.5
-0.34635 -2.0
-0.34611 -1.4
-0.34586 -0.9
-0.34562 -0.3
-0.34538 0.2
-0.34513 0.8
-0.34489 1.4
-0.34464 1.9
-0.3444 2.5
-0.34415 3.0
-0.34391 3.5
-0.34367 4.1
-0.34342 4.6
-0.34318 5.1
-0.34293 5.6
-0.34269 6.1
-0.34245 6.6
-0.3422 7.1
-0.34196 7.6
-0.34171 8.0
-0.34147 8.5
-0.34122 8.9
-0.34098 9.3
-0.34074 9.7
-0.34049 10.1
-0.34025 10.4
-0.34 10.8
-0.33976 11.1
-0.33952 11.4
-0.33927 11.6
-0.33903 11.9
-0.33878 12.1
-0.33854 12.3
-0.33829 12.5
-0.33805 12.7
-0.33781 12.8
-0.33756 12.9
-0.33732 13.0
-0.33707 13.1
-0.33683 13.2
-0.33659 13.2
-0.33634 13.2
-0.3361 13.2
-0.33585 13.1
-0.33561 13.0
-0.33537 12.9
-0.33512 12.8
-0.33488 12.7
-0.33463 12.5
-0.33439 12.3
-0.33414 12.1
-0.3339 11.8
-0.33366 11.6
-0.33341 11.3
-0.33317 11.0
-0.33292 10.7
-0.33268 10.3
-0.33244 10.0
-0.33219 9.6
-0.33195 9.2
-0.3317 8.8
-0.33146 8.3
-0.33121 7.9
-0.33097 7.4
-0.33073 6.9
-0.33048 6.4
-0.33024 5.9
-0.32999 5.4
-0.32975 4.9
-0.32951 4.4
-0.32926 3.8
-0.32902 3.3
-0.32877 2.7
-0.32853 2.2
-0.32829 1.6
-0.32804 1.0
-0.3278 0.4
-0.32755 -0.1
-0.32731 -0.7
-0.32706 -1.3
-0.32682 -1.9
-0.32658 -2.4
-0.32633 -3.0
-0.32609 -3.5
-0.32584 -4.1
-0.3256 -4.6
-0.32536 -5.2
-0.32511 -5.7
-0.32487 -6.2
-0.32462 -6.7
-0.32438 -7.2
-0.32413 -7.7
-0.32389 -8.2
-0.32365 -8.6
-0.3234 -9.0
-0.32316 -9.5
-0.32291 -9.9
-0.32267 -10.2
-0.32243 -10.6
-0.32218 -10.9
-0.32194 -11.3
-0.32169 -11.6
-0.32145 -11.8
-0.32121 -12.1
-0.32096 -12.3
-0.32072 -12.5
-0.32047 -12.7
-0.32023 -12.9
-0.31998 -13.0
-0.31974 -13.1
-0.3195 -13.2
-0.31925 -13.3
-0.31901 -13.3
-0.31876 -13.3
-0.31852 -13.3
-0.31828 -13.3
-0.31803 -13.2
-0.31779 -13.1
-0.31754 -13.0
-0.3173 -12.9
-0.31705 -12.7
-0.31681 -12.5
-0.31657 -12.3
-0.31632 -12.1
-0.31608 -11.8
-0.31583 -11.5
-0.31559 -11.2
-0.31535 -10.9
-0.3151 -10.5
-0.31486 -10.2
-0.31461 -9.8
-0.31437 -9.4
-0.31413 -9.0
-0.31388 -8.5
-0.31364 -8.0
-0.31339 -7.6
-0.31315 -7.1
-0.3129 -6.6
-0.31266 -6.1
-0.31242 -5.5
-0.31217 -5.0
-0.31193 -4.4
-0.31168 -3.9
-0.31144 -3.3
-0.3112 -2.7
-0.31095 -2.1
-0.31071 -1.6
-0.31046 -1.0
-0.31022 -0.4
-0.30997 0.2
-0.30973 0.8
-0.30949 1.4
-0.30924 2.0
-0.309 2.6
-0.30875 3.1
-0.30851 3.7
-0.30827 4.3
-0.30802 4.8
-0.30778 5.4
-0.30753 5.9
-0.30729 6.5
-0.30704 7.0
-0.3068 7.5
-0.30656 8.0
-0.30631 8.5
-0.30607 8.9
-0.30582 9.3
-0.30558 9.8
-0.30534 10.2
-0.30509 10.6
-0.30485 10.9
-0.3046 11.3
-0.30436 11.6
-0.30412 11.9
-0.30387 12.2
-0.30363 12.4
-0.30338 12.6
-0.30314 12.8
-0.30289 13.0
-0.30265 13.2
-0.30241 13.3
-0.30216 13.4
-0.30192 13.4
-0.30167 13.5
-0.30143 13.5
-0.30119 13.5
-0.30094 13.5
-0.3007 13.4
-0.30045 13.3
-0.30021 13.2
-0.29996 13.1
-0.29972 12.9
-0.29948 12.7
-0.29923 12.5
-0.29899 12.2
-0.29874 12.0
-0.2985 11.7
-0.29826 11.4
-0.29801 11.0
-0.29777 10.7
-0.29752 10.3
-0.29728 9.9
-0.29704 9.4
-0.29679 9.0
-0.29655 8.5
-0.2963 8.1
-0.29606 7.6
-0.29581 7.0
-0.29557 6.5
-0.29533 6.0
-0.29508 5.4
-0.29484 4.9
-0.29459 4.3
-0.29435 3.7
-0.29411 3.1
-0.29386 2.5
-0.29362 1.9
-0.29337 1.3
-0.29313 0.7
-0.29288 0.1
-0.29264 -0.5
-0.2924 -1.1
-0.29215 -1.7
-0.29191 -2.3
-0.29166 -2.9
-0.29142 -3.5
-0.29118 -4.1
-0.29093 -4.7
-0.29069 -5.3
-0.29044 -5.8
-0.2902 -6.4
-0.28996 -6.9
-0.28971 -7.5
-0.28947 -8.0
-0.28922 -8.5
-0.28898 -8.9
-0.28873 -9.4
-0.28849 -9.8
-0.28825 -10.3
-0.288 -10.7
-0.28776 -11.0
-0.28751 -11.4
-0.28727 -11.7
-0.28703 -12.0
-0.28678 -12.3
-0.28654 -12.6
-0.28629 -12.8
-0.28605 -13.0
-0.2858 -13.2
-0.28556 -13.3
-0.28532 -13.5
-0.28507 -13.6
-0.28483 -13.6
-0.28458 -13.7
-0.28434 -13.7
-0.2841 -13.7
-0.28385 -13.6
-0.28361 -13.6
-0.28336 -13.5
-0.28312 -13.3
-0.28288 -13.2
-0.28263 -13.0
-0.28239 -12.8
-0.28214 -12.6
-0.2819 -12.3
-0.28165 -12.0
-0.28141 -11.7
-0.28117 -11.4
-0.28092 -11.0
-0.28068 -10.6
-0.28043 -10.2
-0.28019 -9.8
-0.27995 -9.3
-0.2797 -8.9
-0.27946 -8.4
-0.27921 -7.9
-0.27897 -7.3
-0.27872 -6.8
-0.27848 -6.2
-0.27824 -5.7
-0.27799 -5.1
-0.27775 -4.5
-0.2775 -3.9
-0.27726 -3.3
-0.27702 -2.7
-0.27677 -2.1
-0.27653 -1.4
-0.27628 -0.8
-0.27604 -0.2
-0.27579 0.5
-0.27555 1.1
-0.27531 1.7
-0.27506 2.3
-0.27482 3.0
-0.27457 3.6
-0.27433 4.2
-0.27409 4.8
-0.27384 5.4
-0.2736 6.0
-0.27335 6.5
-0.27311 7.1
-0.27287 7.6
-0.27262 8.2
-0.27238 8.7
-0.27213 9.2
-0.27189 9.6
-0.27164 10.1
-0.2714 10.5
-0.27116 10.9
-0.27091 11.3
-0.27067 11.7
-0.27042 12.0
-0.27018 12.3
-0.26994 12.6
-0.26969 12.8
-0.26945 13.1
-0.2692 13.3
-0.26896 13.4
-0.26871 13.6
-0.26847 13.7
-0.26823 13.8
-0.26798 13.8
-0.26774 13.9
-0.26749 13.9
-0.26725 13.8
-0.26701 13.8
-0.26676 13.7
-0.26652 13.6
-0.26627 13.4
-0.26603 13.2
-0.26579 13.0
-0.26554 12.8
-0.2653 12.5
-0.26505 12.2
-0.26481 11.9
-0.26456 11.6
-0.26432 11.2
-0.26408 10.8
-0.26383 10.4
-0.26359 9.9
-0.26334 9.5
-0.2631 9.0
-0.26286 8.5
-0.26261 8.0
-0.26237 7.4
-0.26212 6.9
-0.26188 6.3
-0.26163 5.7
-0.26139 5.1
-0.26115 4.5
-0.2609 3.9
-0.26066 3.2
-0.26041 2.6
-0.26017 1.9
-0.25993 1.3
-0.25968 0.6
-0.25944 0.0
-0.25919 -0.7
-0.25895 -1.3
-0.25871 -2.0
-0.25846 -2.6
-0.25822 -3.3
-0.25797 -3.9
-0.25773 -4.5
-0.25748 -5.2
-0.25724 -5.8
-0.257 -6.4
-0.25675 -6.9
-0.25651 -7.5
-0.25626 -8.1
-0.25602 -8.6
-0.25578 -9.1
-0.25553 -9.6
-0.25529 -10.1
-0.25504 -10.5
-0.2548 -10.9
-0.25455 -11.4
-0.25431 -11.7
-0.25407 -12.1
-0.25382 -12.4
-0.25358 -12.7
-0.25333 -13.0
-0.25309 -13.2
-0.25285 -13.4
-0.2526 -13.6
-0.25236 -13.8
-0.25211 -13.9
-0.25187 -14.0
-0.25163 -14.0
-0.25138 -14.1
-0.25114 -14.1
-0.25089 -14.0
-0.25065 -14.0
-0.2504 -13.9
-0.25016 -13.7
-0.24992 -13.6
-0.24967 -13.4
-0.24943 -13.2
-0.24918 -12.9
-0.24894 -12.6
-0.2487 -12.3
-0.24845 -12.0
-0.24821 -11.6
-0.24796 -11.2
-0.24772 -10.8
-0.24747 -10.4
-0.24723 -9.9
-0.24699 -9.4
-0.24674 -8.9
-0.2465 -8.4
-0.24625 -7.8
-0.24601 -7.2
-0.24577 -6.7
-0.24552 -6.1
-0.24528 -5.4
-0.24503 -4.8
-0.24479 -4.2
-0.24454 -3.5
-0.2443 -2.9
-0.24406 -2.2
-0.24381 -1.5
-0.24357 -0.8
-0.24332 -0.2
-0.24308 0.5
-0.24284 1.2
-0.24259 1.9
-0.24235 2.5
-0.2421 3.2
-0.24186 3.9
-0.24162 4.5
-0.24137 5.2
-0.24113 5.8
-0.24088 6.4
-0.24064 7.0
-0.24039 7.6
-0.24015 8.2
-0.23991 8.7
-0.23966 9.3
-0.23942 9.8
-0.23917 10.3
-0.23893 10.7
-0.23869 11.2
-0.23844 11.6
-0.2382 12.0
-0.23795 12.3
-0.23771 12.7
-0.23746 13.0
-0.23722 13.2
-0.23698 13.5
-0.23673 13.7
-0.23649 13.9
-0.23624 14.0
-0.236 14.1
-0.23576 14.2
-0.23551 14.3
-0.23527 14.3
-0.23502 14.3
-0.23478 14.2
-0.23454 14.1
-0.23429 14.0
-0.23405 13.9
-0.2338 13.7
-0.23356 13.5
-0.23331 13.2
-0.23307 12.9
-0.23283 12.6
-0.23258 12.3
-0.23234 11.9
-0.23209 11.5
-0.23185 11.1
-0.23161 10.6
-0.23136 10.1
-0.23112 9.6
-0.23087 9.1
-0.23063 8.6
-0.23038 8.0
-0.23014 7.4
-0.2299 6.8
-0.22965 6.2
-0.22941 5.5
-0.22916 4.9
-0.22892 4.2
-0.22868 3.5
-0.22843 2.9
-0.22819 2.2
-0.22794 1.5
-0.2277 0.8
-0.22746 0.0
-0.22721 -0.6
-0.22697 -1.4
-0.22672 -2.1
-0.22648 -2.7
-0.22623 -3.4
-0.22599 -4.1
-0.22575 -4.8
-0.2255 -5.5
-0.22526 -6.1
-0.22501 -6.7
-0.22477 -7.4
-0.22453 -8.0
-0.22428 -8.6
-0.22404 -9.1
-0.22379 -9.7
-0.22355 -10.2
-0.2233 -10.7
-0.22306 -11.1
-0.22282 -11.6
-0.22257 -12.0
-0.22233 -12.4
-0.22208 -12.7
-0.22184 -13.1
-0.2216 -13.4
-0.22135 -13.6
-0.22111 -13.9
-0.22086 -14.0
-0.22062 -14.2
-0.22038 -14.3
-0.22013 -14.4
-0.21989 -14.5
-0.21964 -14.5
-0.2194 -14.5
-0.21915 -14.4
-0.21891 -14.3
-0.21867 -14.2
-0.21842 -14.1
-0.21818 -13.9
-0.21793 -13.6
-0.21769 -13.4
-0.21745 -13.1
-0.2172 -12.8
-0.21696 -12.4
-0.21671 -12.0
-0.21647 -11.6
-0.21622 -11.1
-0.21598 -10.7
-0.21574 -10.2
-0.21549 -9.6
-0.21525 -9.1
-0.215 -8.5
-0.21476 -7.9
-0.21452 -7.3
-0.21427 -6.6
-0.21403 -6.0
-0.21378 -5.3
-0.21354 -4.6
-0.21329 -3.9
-0.21305 -3.2
-0.21281 -2.5
-0.21256 -1.8
-0.21232 -1.0
-0.21207 -0.3
-0.21183 0.4
-0.21159 1.1
-0.21134 1.9
-0.2111 2.6
-0.21085 3.3
-0.21061 4.0
-0.21037 4.7
-0.21012 5.4
-0.20988 6.1
-0.20963 6.8
-0.20939 7.4
-0.20914 8.1
-0.2089 8.7
-0.20866 9.3
-0.20841 9.8
-0.20817 10.4
-0.20792 10.9
-0.20768 11.4
-0.20744 11.8
-0.20719 12.2
-0.20695 12.6
-0.2067 13.0
-0.20646 13.3
-0.20621 13.6
-0.20597 13.9
-0.20573 14.1
-0.20548 14.3
-0.20524 14.5
-0.20499 14.6
-0.20475 14.7
-0.20451 14.7
-0.20426 14.7
-0.20402 14.7
-0.20377 14.6
-0.20353 14.5
-0.20329 14.4
-0.20304 14.2
-0.2028 14.0
-0.20255 13.7
-0.20231 13.4
-0.20206 13.1
-0.20182 12.7
-0.20158 12.3
-0.20133 11.9
-0.20109 11.4
-0.20084 11.0
-0.2006 10.4
-0.20036 9.9
-0.20011 9.3
-0.19987 8.7
-0.19962 8.1
-0.19938 7.4
-0.19913 6.8
-0.19889 6.1
-0.19865 5.4
-0.1984 4.7
-0.19816 4.0
-0.19791 3.2
-0.19767 2.5
-0.19743 1.7
-0.19718 1.0
-0.19694 0.2
-0.19669 -0.6
-0.19645 -1.3
-0.19621 -2.1
-0.19596 -2.9
-0.19572 -3.6
-0.19547 -4.3
-0.19523 -5.1
-0.19498 -5.8
-0.19474 -6.5
-0.1945 -7.2
-0.19425 -7.8
-0.19401 -8.5
-0.19376 -9.1
-0.19352 -9.7
-0.19328 -10.3
-0.19303 -10.8
-0.19279 -11.4
-0.19254 -11.9
-0.1923 -12.3
-0.19205 -12.7
-0.19181 -13.1
-0.19157 -13.5
-0.19132 -13.8
-0.19108 -14.1
-0.19083 -14.3
-0.19059 -14.5
-0.19035 -14.7
-0.1901 -14.8
-0.18986 -14.9
-0.18961 -15.0
-0.18937 -15.0
-0.18913 -15.0
-0.18888 -14.9
-0.18864 -14.8
-0.18839 -14.6
-0.18815 -14.4
-0.1879 -14.2
-0.18766 -13.9
-0.18742 -13.6
-0.18717 -13.2
-0.18693 -12.9
-0.18668 -12.4
-0.18644 -12.0
-0.1862 -11.5
-0.18595 -11.0
-0.18571 -10.4
-0.18546 -9.8
-0.18522 -9.2
-0.18497 -8.6
-0.18473 -7.9
-0.18449 -7.2
-0.18424 -6.5
-0.184 -5.8
-0.18375 -5.1
-0.18351 -4.3
-0.18327 -3.5
-0.18302 -2.8
-0.18278 -2.0
-0.18253 -1.2
-0.18229 -0.4
-0.18204 0.4
-0.1818 1.2
-0.18156 2.0
-0.18131 2.8
-0.18107 3.6
-0.18082 4.4
-0.18058 5.1
-0.18034 5.9
-0.18009 6.6
-0.17985 7.3
-0.1796 8.0
-0.17936 8.7
-0.17912 9.3
-0.17887 10.0
-0.17863 10.6
-0.17838 11.1
-0.17814 11.7
-0.17789 12.2
-0.17765 12.7
-0.17741 13.1
-0.17716 13.5
-0.17692 13.8
-0.17667 14.2
-0.17643 14.5
-0.17619 14.7
-0.17594 14.9
-0.1757 15.1
-0.17545 15.2
-0.17521 15.2
-0.17496 15.3
-0.17472 15.2
-0.17448 15.2
-0.17423 15.1
-0.17399 14.9
-0.17374 14.7
-0.1735 14.5
-0.17326 14.2
-0.17301 13.9
-0.17277 13.6
-0.17252 13.2
-0.17228 12.7
-0.17204 12.2
-0.17179 11.7
-0.17155 11.2
-0.1713 10.6
-0.17106 10.0
-0.17081 9.4
-0.17057 8.7
-0.17033 8.0
-0.17008 7.3
-0.16984 6.6
-0.16959 5.8
-0.16935 5.0
-0.16911 4.2
-0.16886 3.4
-0.16862 2.6
-0.16837 1.8
-0.16813 0.9
-0.16788 0.1
-0.16764 -0.7
-0.1674 -1.6
-0.16715 -2.4
-0.16691 -3.2
-0.16666 -4.0
-0.16642 -4.9
-0.16618 -5.6
-0.16593 -6.4
-0.16569 -7.2
-0.16544 -7.9
-0.1652 -8.6
-0.16496 -9.3
-0.16471 -10.0
-0.16447 -10.6
-0.16422 -11.2
-0.16398 -11.8
-0.16373 -12.3
-0.16349 -12.8
-0.16325 -13.3
-0.163 -13.7
-0.16276 -14.1
-0.16251 -14.4
-0.16227 -14.7
-0.16203 -15.0
-0.16178 -15.2
-0.16154 -15.3
-0.16129 -15.5
-0.16105 -15.5
-0.1608 -15.6
-0.16056 -15.5
-0.16032 -15.5
-0.16007 -15.3
-0.15983 -15.2
-0.15958 -14.9
-0.15934 -14.7
-0.1591 -14.4
-0.15885 -14.0
-0.15861 -13.6
-0.15836 -13.2
-0.15812 -12.7
-0.15788 -12.2
-0.15763 -11.7
-0.15739 -11.1
-0.15714 -10.4
-0.1569 -9.8
-0.15665 -9.1
-0.15641 -8.4
-0.15617 -7.6
-0.15592 -6.9
-0.15568 -6.1
-0.15543 -5.3
-0.15519 -4.4
-0.15495 -3.6
-0.1547 -2.7
-0.15446 -1.9
-0.15421 -1.0
-0.15397 -0.1
-0.15372 0.8
-0.15348 1.7
-0.15324 2.5
-0.15299 3.4
-0.15275 4.2
-0.1525 5.1
-0.15226 5.9
-0.15202 6.7
-0.15177 7.5
-0.15153 8.3
-0.15128 9.0
-0.15104 9.8
-0.15079 10.4
-0.15055 11.1
-0.15031 11.7
-0.15006 12.3
-0.14982 12.8
-0.14957 13.3
-0.14933 13.8
-0.14909 14.2
-0.14884 14.6
-0.1486 14.9
-0.14835 15.2
-0.14811 15.4
-0.14787 15.6
-0.14762 15.7
-0.14738 15.8
-0.14713 15.9
-0.14689 15.8
-0.14664 15.8
-0.1464 15.6
-0.14616 15.5
-0.14591 15.3
-0.14567 15.0
-0.14542 14.7
-0.14518 14.3
-0.14494 13.9
-0.14469 13.4
-0.14445 12.9
-0.1442 12.3
-0.14396 11.8
-0.14371 11.1
-0.14347 10.5
-0.14323 9.8
-0.14298 9.0
-0.14274 8.3
-0.14249 7.5
-0.14225 6.6
-0.14201 5.8
-0.14176 4.9
-0.14152 4.0
-0.14127 3.1
-0.14103 2.2
-0.14079 1.3
-0.14054 0.4
-0.1403 -0.5
-0.14005 -1.4
-0.13981 -2.4
-0.13956 -3.3
-0.13932 -4.2
-0.13908 -5.1
-0.13883 -5.9
-0.13859 -6.8
-0.13834 -7.6
-0.1381 -8.5
-0.13786 -9.2
-0.13761 -10.0
-0.13737 -10.7
-0.13712 -11.4
-0.13688 -12.0
-0.13663 -12.7
-0.13639 -13.2
-0.13615 -13.7
-0.1359 -14.2
-0.13566 -14.6
-0.13541 -15.0
-0.13517 -15.3
-0.13493 -15.6
-0.13468 -15.8
-0.13444 -16.0
-0.13419 -16.1
-0.13395 -16.2
-0.13371 -16.2
-0.13346 -16.1
-0.13322 -16.0
-0.13297 -15.9
-0.13273 -15.7
-0.13248 -15.4
-0.13224 -15.1
-0.132 -14.7
-0.13175 -14.2
-0.13151 -13.8
-0.13126 -13.2
-0.13102 -12.7
-0.13078 -12.0
-0.13053 -11.4
-0.13029 -10.7
-0.13004 -9.9
-0.1298 -9.2
-0.12955 -8.3
-0.12931 -7.5
-0.12907 -6.6
-0.12882 -5.7
-0.12858 -4.8
-0.12833 -3.9
-0.12809 -2.9
-0.12785 -2.0
-0.1276 -1.0
-0.12736 0.0
-0.12711 1.0
-0.12687 1.9
-0.12663 2.9
-0.12638 3.9
-0.12614 4.8
-0.12589 5.7
-0.12565 6.7
-0.1254 7.5
-0.12516 8.4
-0.12492 9.3
-0.12467 10.1
-0.12443 10.8
-0.12418 11.6
-0.12394 12.2
-0.1237 12.9
-0.12345 13.5
-0.12321 14.0
-0.12296 14.6
-0.12272 15.0
-0.12247 15.4
-0.12223 15.7
-0.12199 16.0
-0.12174 16.3
-0.1215 16.4
-0.12125 16.5
-0.12101 16.6
-0.12077 16.6
-0.12052 16.5
-0.12028 16.3
-0.12003 16.1
-0.11979 15.9
-0.11954 15.6
-0.1193 15.2
-0.11906 14.8
-0.11881 14.3
-0.11857 13.7
-0.11832 13.1
-0.11808 12.5
-0.11784 11.8
-0.11759 11.1
-0.11735 10.3
-0.1171 9.5
-0.11686 8.6
-0.11662 7.7
-0.11637 6.8
-0.11613 5.9
-0.11588 4.9
-0.11564 3.9
-0.11539 2.9
-0.11515 1.9
-0.11491 0.8
-0.11466 -0.2
-0.11442 -1.2
-0.11417 -2.3
-0.11393 -3.3
-0.11369 -4.3
-0.11344 -5.3
-0.1132 -6.3
-0.11295 -7.3
-0.11271 -8.2
-0.11246 -9.1
-0.11222 -10.0
-0.11198 -10.8
-0.11173 -11.6
-0.11149 -12.3
-0.11124 -13.0
-0.111 -13.7
-0.11076 -14.3
-0.11051 -14.8
-0.11027 -15.3
-0.11002 -15.8
-0.10978 -16.1
-0.10954 -16.4
-0.10929 -16.7
-0.10905 -16.8
-0.1088 -16.9
-0.10856 -17.0
-0.10831 -17.0
-0.10807 -16.9
-0.10783 -16.7
-0.10758 -16.5
-0.10734 -16.2
-0.10709 -15.8
-0.10685 -15.4
-0.10661 -14.9
-0.10636 -14.4
-0.10612 -13.8
-0.10587 -13.1
-0.10563 -12.4
-0.10538 -11.6
-0.10514 -10.8
-0.1049 -9.9
-0.10465 -9.0
-0.10441 -8.1
-0.10416 -7.1
-0.10392 -6.1
-0.10368 -5.1
-0.10343 -4.0
-0.10319 -3.0
-0.10294 -1.9
-0.1027 -0.8
-0.10246 0.3
-0.10221 1.4
-0.10197 2.5
-0.10172 3.6
-0.10148 4.7
-0.10123 5.8
-0.10099 6.8
-0.10075 7.8
-0.1005 8.8
-0.10026 9.8
-0.10001 10.7
-0.09977 11.5
-0.09953 12.4
-0.09928 13.1
-0.09904 13.8
-0.09879 14.5
-0.09855 15.1
-0.0983 15.6
-0.09806 16.1
-0.09782 16.5
-0.09757 16.8
-0.09733 17.1
-0.09708 17.3
-0.09684 17.4
-0.0966 17.4
-0.09635 17.4
-0.09611 17.3
-0.09586 17.1
-0.09562 16.9
-0.09538 16.5
-0.09513 16.1
-0.09489 15.7
-0.09464 15.1
-0.0944 14.5
-0.09415 13.8
-0.09391 13.1
-0.09367 12.3
-0.09342 11.5
-0.09318 10.5
-0.09293 9.6
-0.09269 8.6
-0.09245 7.6
-0.0922 6.5
-0.09196 5.4
-0.09171 4.3
-0.09147 3.1
-0.09122 2.0
-0.09098 0.8
-0.09074 -0.4
-0.09049 -1.6
-0.09025 -2.8
-0.09 -3.9
-0.08976 -5.1
-0.08952 -6.2
-0.08927 -7.3
-0.08903 -8.4
-0.08878 -9.5
-0.08854 -10.5
-0.08829 -11.4
-0.08805 -12.3
-0.08781 -13.2
-0.08756 -14.0
-0.08732 -14.7
-0.08707 -15.3
-0.08683 -15.9
-0.08659 -16.5
-0.08634 -16.9
-0.0861 -17.3
-0.08585 -17.6
-0.08561 -17.8
-0.08537 -17.9
-0.08512 -18.0
-0.08488 -17.9
-0.08463 -17.8
-0.08439 -17.6
-0.08414 -17.3
-0.0839 -16.9
-0.08366 -16.5
-0.08341 -15.9
-0.08317 -15.3
-0.08292 -14.6
-0.08268 -13.9
-0.08244 -13.1
-0.08219 -12.2
-0.08195 -11.2
-0.0817 -10.2
-0.08146 -9.2
-0.08121 -8.1
-0.08097 -6.9
-0.08073 -5.7
-0.08048 -4.5
-0.08024 -3.3
-0.07999 -2.0
-0.07975 -0.8
-0.07951 0.5
-0.07926 1.8
-0.07902 3.1
-0.07877 4.3
-0.07853 5.6
-0.07829 6.8
-0.07804 8.0
-0.0778 9.1
-0.07755 10.2
-0.07731 11.3
-0.07706 12.3
-0.07682 13.2
-0.07658 14.1
-0.07633 14.9
-0.07609 15.7
-0.07584 16.3
-0.0756 16.9
-0.07536 17.4
-0.07511 17.8
-0.07487 18.1
-0.07462 18.4
-0.07438 18.5
-0.07413 18.5
-0.07389 18.5
-0.07365 18.3
-0.0734 18.1
-0.07316 17.7
-0.07291 17.3
-0.07267 16.8
-0.07243 16.2
-0.07218 15.5
-0.07194 14.7
-0.07169 13.8
-0.07145 12.9
-0.07121 11.9
-0.07096 10.8
-0.07072 9.7
-0.07047 8.5
-0.07023 7.3
-0.06998 6.0
-0.06974 4.7
-0.0695 3.3
-0.06925 2.0
-0.06901 0.6
-0.06876 -0.8
-0.06852 -2.2
-0.06828 -3.6
-0.06803 -4.9
-0.06779 -6.3
-0.06754 -7.6
-0.0673 -8.8
-0.06705 -10.1
-0.06681 -11.2
-0.06657 -12.3
-0.06632 -13.4
-0.06608 -14.4
-0.06583 -15.3
-0.06559 -16.1
-0.06535 -16.8
-0.0651 -17.5
-0.06486 -18.0
-0.06461 -18.5
-0.06437 -18.8
-0.06413 -19.0
-0.06388 -19.2
-0.06364 -19.2
-0.06339 -19.1
-0.06315 -18.9
-0.0629 -18.6
-0.06266 -18.2
-0.06242 -17.6
-0.06217 -17.0
-0.06193 -16.3
-0.06168 -15.5
-0.06144 -14.5
-0.0612 -13.5
-0.06095 -12.4
-0.06071 -11.3
-0.06046 -10.0
-0.06022 -8.7
-0.05997 -7.4
-0.05973 -6.0
-0.05949 -4.5
-0.05924 -3.1
-0.059 -1.6
-0.05875 0.0
-0.05851 1.5
-0.05827 3.0
-0.05802 4.5
-0.05778 6.0
-0.05753 7.4
-0.05729 8.8
-0.05704 10.2
-0.0568 11.5
-0.05656 12.7
-0.05631 13.9
-0.05607 15.0
-0.05582 15.9
-0.05558 16.8
-0.05534 17.6
-0.05509 18.3
-0.05485 18.9
-0.0546 19.3
-0.05436 19.7
-0.05412 19.9
-0.05387 19.9
-0.05363 19.9
-0.05338 19.7
-0.05314 19.4
-0.05289 19.0
-0.05265 18.4
-0.05241 17.8
-0.05216 17.0
-0.05192 16.0
-0.05167 15.0
-0.05143 13.9
-0.05119 12.7
-0.05094 11.4
-0.0507 10.0
-0.05045 8.5
-0.05021 7.0
-0.04996 5.4
-0.04972 3.8
-0.04948 2.1
-0.04923 0.5
-0.04899 -1.2
-0.04874 -2.9
-0.0485 -4.6
-0.04826 -6.2
-0.04801 -7.8
-0.04777 -9.4
-0.04752 -10.9
-0.04728 -12.3
-0.04704 -13.7
-0.04679 -14.9
-0.04655 -16.1
-0.0463 -17.1
-0.04606 -18.1
-0.04581 -18.9
-0.04557 -19.6
-0.04533 -20.1
-0.04508 -20.5
-0.04484 -20.8
-0.04459 -20.9
-0.04435 -20.8
-0.04411 -20.6
-0.04386 -20.2
-0.04362 -19.7
-0.04337 -19.1
-0.04313 -18.3
-0.04288 -17.3
-0.04264 -16.2
-0.0424 -15.0
-0.04215 -13.7
-0.04191 -12.2
-0.04166 -10.7
-0.04142 -9.1
-0.04118 -7.4
-0.04093 -5.6
-0.04069 -3.8
-0.04044 -1.9
-0.0402 0.0
-0.03996 1.9
-0.03971 3.8
-0.03947 5.7
-0.03922 7.5
-0.03898 9.3
-0.03873 11.0
-0.03849 12.6
-0.03825 14.2
-0.038 15.6
-0.03776 16.9
-0.03751 18.1
-0.03727 19.2
-0.03703 20.1
-0.03678 20.8
-0.03654 21.3
-0.03629 21.7
-0.03605 21.9
-0.0358 21.9
-0.03556 21.8
-0.03532 21.4
-0.03507 20.8
-0.03483 20.1
-0.03458 19.2
-0.03434 18.1
-0.0341 16.8
-0.03385 15.4
-0.03361 13.9
-0.03336 12.2
-0.03312 10.4
-0.03288 8.4
-0.03263 6.4
-0.03239 4.4
-0.03214 2.2
-0.0319 0.0
-0.03165 -2.1
-0.03141 -4.3
-0.03117 -6.4
-0.03092 -8.5
-0.03068 -10.6
-0.03043 -12.5
-0.03019 -14.4
-0.02995 -16.1
-0.0297 -17.6
-0.02946 -19.0
-0.02921 -20.3
-0.02897 -21.3
-0.02872 -22.1
-0.02848 -22.8
-0.02824 -23.1
-0.02799 -23.3
-0.02775 -23.2
-0.0275 -22.9
-0.02726 -22.3
-0.02702 -21.5
-0.02677 -20.5
-0.02653 -19.3
-0.02628 -17.8
-0.02604 -16.1
-0.02579 -14.3
-0.02555 -12.2
-0.02531 -10.1
-0.02506 -7.7
-0.02482 -5.3
-0.02457 -2.8
-0.02433 -0.3
-0.02409 2.3
-0.02384 4.8
-0.0236 7.4
-0.02335 9.8
-0.02311 12.2
-0.02287 14.5
-0.02262 16.6
-0.02238 18.5
-0.02213 20.2
-0.02189 21.7
-0.02164 22.9
-0.0214 23.9
-0.02116 24.6
-0.02091 25.0
-0.02067 25.0
-0.02042 24.8
-0.02018 24.2
-0.01994 23.3
-0.01969 22.1
-0.01945 20.6
-0.0192 18.8
-0.01896 16.7
-0.01871 14.3
-0.01847 11.8
-0.01823 9.0
-0.01798 6.1
-0.01774 3.1
-0.01749 0.0
-0.01725 -3.1
-0.01701 -6.3
-0.01676 -9.3
-0.01652 -12.3
-0.01627 -15.1
-0.01603 -17.8
-0.01579 -20.2
-0.01554 -22.3
-0.0153 -24.1
-0.01505 -25.5
-0.01481 -26.5
-0.01456 -27.1
-0.01432 -27.3
-0.01408 -27.0
-0.01383 -26.3
-0.01359 -25.1
-0.01334 -23.4
-0.0131 -21.3
-0.01286 -18.8
-0.01261 -15.9
-0.01237 -12.7
-0.01212 -9.2
-0.01188 -5.4
-0.01163 -1.5
-0.01139 2.5
-0.01115 6.6
-0.0109 10.5
-0.01066 14.4
-0.01041 18.0
-0.01017 21.3
-0.00993 24.2
-0.00968 26.6
-0.00944 28.5
-0.00919 29.7
-0.00895 30.4
-0.00871 30.3
-0.00846 29.4
-0.00822 27.9
-0.00797 25.6
-0.00773 22.6
-0.00748 19.0
-0.00724 14.7
-0.007 10.0
-0.00675 4.8
-0.00651 -0.6
-0.00626 -6.1
-0.00602 -11.6
-0.00578 -16.9
-0.00553 -21.9
-0.00529 -26.2
-0.00504 -29.8
-0.0048 -32.5
-0.00455 -34.1
-0.00431 -34.6
-0.00407 -33.7
-0.00382 -31.5
-0.00358 -28.0
-0.00333 -23.2
-0.00309 -17.2
-0.00285 -10.2
-0.0026 -2.5
-0.00236 5.7
-0.00211 13.9
-0.00187 21.7
-0.00163 28.6
-0.00138 34.2
-0.00114 37.9
-0.00089 39.3
-0.00065 38.0
-0.0004 33.8
-0.00016 26.7
8e-05 17.0
0.00033 5.4
0.00057 -7.0
0.00082 -18.9
0.00106 -28.8
0.0013 -35.3
0.00155 -37.5
0.00179 -35.0
0.00204 -27.8
0.00228 -17.2
0.00253 -4.6
0.00277 7.9
0.00301 18.4
0.00326 25.4
0.0035 27.8
0.00375 25.6
0.00399 19.4
0.00423 10.7
0.00448 1.1
0.00472 -7.6
0.00497 -14.1
0.00521 -17.3
0.00546 -17.1
0.0057 -13.9
0.00594 -8.7
0.00619 -2.5
0.00643 3.3
0.00668 7.8
0.00692 10.2
0.00716 10.4
0.00741 8.7
0.00765 5.5
0.0079 1.8
0.00814 -1.8
0.00838 -4.6
0.00863 -6.1
0.00887 -6.2
0.00912 -5.2
0.00936 -3.3
0.00961 -1.0
0.00985 1.2
0.01009 2.8
0.01034 3.7
0.01058 3.7
0.01083 3.0
0.01107 1.9
0.01131 0.5
0.01156 -0.8
0.0118 -1.8
0.01205 -2.3
0.01229 -2.2
0.01254 -1.8
0.01278 -1.1
0.01302 -0.2
0.01327 0.5
0.01351 1.1
0.01376 1.4
0.014 1.3
0.01424 1.1
0.01449 0.6
0.01473 0.0
0.01498 -0.4
0.01522 -0.7
0.01546 -0.8
0.01571 -0.8
0.01595 -0.6
0.0162 -0.3
0.01644 0.0
0.01669 0.2
0.01693 0.4
0.01717 0.5
0.01742 0.5
0.01766 0.4
0.01791 0.2
0.01815 0.0
0.01839 -0.2
0.01864 -0.3
0.01888 -0.3
0.01913 -0.3
0.01937 -0.2
0.01962 -0.1
0.01986 0.0
0.0201 0.1
0.02035 0.2
0.02059 0.2
0.02084 0.2
0.02108 0.1
0.02132 0.0
0.02157 0.0
0.02181 0.0
0.02206 -0.1
0.0223 -0.1
0.02254 -0.1
0.02279 0.0
0.02303 0.0
0.02328 0.0
0.02352 0.0
0.02377 0.0
0.02401 0.0
0.02425 0.0
0.0245 0.0
0.02474 0.0
0.02499 0.0
0.02523 0.0
0.02547 0.0
0.02572 0.0
0.02596 0.0
0.02621 0.0
0.02645 0.0
0.0267 0.0
0.02694 0.0
0.02718 0.0
0.02743 0.0
0.02767 0.0
0.02792 0.0
0.02816 0.0
0.0284 0.0
0.02865 0.0
0.02889 0.0
0.02914 0.0
0.02938 0.0
0.02962 0.0
0.02987 0.0
0.03011 0.0
0.03036 0.0
0.0306 0.0
0.03085 0.0
0.03109 0.0
0.03133 0.0
0.03158 0.0
0.03182 0.0
0.03207 0.0
0.03231 0.0
0.03255 0.0
0.0328 0.0
0.03304 0.0
0.03329 0.0
0.03353 0.0
0.03378 0.0
0.03402 0.0
0.03426 0.0
0.03451 0.0
0.03475 0.0
0.035 0.0
0.03524 0.0
0.03548 0.0
0.03573 0.0
0.03597 0.0
0.03622 0.0
0.03646 0.0
0.03671 0.0
0.03695 0.0
0.03719 0.0
0.03744 0.0
0.03768 0.0
0.03793 0.0
0.03817 0.0
0.03841 0.0
0.03866 0.0
0.0389 0.0
0.03915 0.0
0.03939 0.0
0.03963 0.0
0.03988 0.0
0.04012 0.0
0.04037 0.0
0.04061 0.0
0.04086 0.0
0.0411 0.0
0.04134 0.0
0.04159 0.0
0.04183 0.0
0.04208 0.0
0.04232 0.0
0.04256 0.0
0.04281 0.0
0.04305 0.0
0.0433 0.0
0.04354 0.0
0.04379 0.0
0.04403 0.0
0.04427 0.0
0.04452 0.0
0.04476 0.0
0.04501 0.0
0.04525 0.0
0.04549 0.0
0.04574 0.0
0.04598 0.0
0.04623 0.0
0.04647 0.0
0.04671 0.0
0.04696 0.0
0.0472 0.0
0.04745 0.0
0.04769 0.0
0.04794 0.0
0.04818 0.0
0.04842 0.0
0.04867 0.0
0.04891 0.0
0.04916 0.0
0.0494 0.0
0.04964 0.0
0.04989 0.0
0.05013 0.0
0.05038 0.0
0.05062 0.0
0.05087 0.0
0.05111 0.0
0.05135 0.0
0.0516 0.0
0.05184 0.0
0.05209 0.0
0.05233 0.0
0.05257 0.0
0.05282 0.0
0.05306 0.0
0.05331 0.0
0.05355 0.0
0.05379 0.0
0.05404 0.0
0.05428 0.0
0.05453 0.0
0.05477 0.0
0.05502 0.0
0.05526 0.0
0.0555 0.0
0.05575 0.0
0.05599 0.0
0.05624 0.0
0.05648 0.0
0.05672 0.0
0.05697 0.0
0.05721 0.0
0.05746 0.0
0.0577 0.0
0.05795 0.0
0.05819 0.0
0.05843 0.0
0.05868 0.0
0.05892 0.0
0.05917 0.0
0.05941 0.0
0.05965 0.0
0.0599 0.0
0.06014 0.0
0.06039 0.0
0.06063 0.0
0.06087 0.0
0.06112 0.0
0.06136 0.0
0.06161 0.0
0.06185 0.0
0.0621 0.0
0.06234 0.0
0.06258 0.0
0.06283 0.0
0.06307 0.0
0.06332 0.0
0.06356 0.0
0.0638 0.0
0.06405 0.0
0.06429 0.0
0.06454 0.0
0.06478 0.0
0.06503 0.0
0.06527 0.0
0.06551 0.0
0.06576 0.0
0.066 0.0
0.06625 0.0
0.06649 0.0
0.06673 0.0
0.06698 0.0
0.06722 0.0
0.06747 0.0
0.06771 0.0
0.06796 0.0
0.0682 0.0
0.06844 0.0
0.06869 0.0
0.06893 0.0
0.06918 0.0
0.06942 0.0
0.06966 0.0
0.06991 0.0
0.07015 0.0
0.0704 0.0
0.07064 0.0
0.07088 0.0
0.07113 0.0
0.07137 0.0
0.07162 0.0
0.07186 0.0
0.07211 0.0
0.07235 0.0
0.07259 0.0
0.07284 0.0
0.07308 0.0
0.07333 0.0
0.07357 0.0
0.07381 0.0
0.07406 0.0
0.0743 0.0
0.07455 0.0
0.07479 0.0
0.07504 0.0
0.07528 0.0
0.07552 0.0
0.07577 0.0
0.07601 0.0
0.07626 0.0
0.0765 0.0
0.07674 0.0
0.07699 0.0
0.07723 0.0
0.07748 0.0
0.07772 0.0
0.07796 0.0
0.07821 0.0
0.07845 0.0
0.0787 0.0
0.07894 0.0
0.07919 0.0
0.07943 0.0
0.07967 0.0
0.07992 0.0
0.08016 0.0
0.08041 0.0
0.08065 0.0
0.08089 0.0
0.08114 0.0
0.08138 0.0
0.08163 0.0
0.08187 0.0
0.08212 0.0
0.08236 0.0
0.0826 0.0
0.08285 0.0
0.08309 0.0
0.08334 0.0
0.08358 0.0
0.08382 0.0
0.08407 0.0
0.08431 0.0
0.08456 0.0
0.0848 0.0
0.08504 0.0
0.08529 0.0
0.08553 0.0
0.08578 0.0
0.08602 0.0
0.08627 0.0
0.08651 0.0
0.08675 0.0
0.087 0.0
0.08724 0.0
0.08749 0.0
0.08773 0.0
0.08797 0.0
0.08822 0.0
0.08846 0.0
0.08871 0.0
0.08895 0.0
0.0892 0.0
0.08944 0.0
0.08968 0.0
0.08993 0.0
0.09017 0.0
0.09042 0.0
0.09066 0.0
0.0909 0.0
0.09115 0.0
0.09139 0.0
0.09164 0.0
0.09188 0.0
0.09212 0.0
0.09237 0.0
0.09261 0.0
0.09286 0.0
0.0931 0.0
0.09335 0.0
0.09359 0.0
0.09383 0.0
0.09408 0.0
0.09432 0.0
0.09457 0.0
0.09481 0.0
0.09505 0.0
0.0953 0.0
0.09554 0.0
0.09579 0.0
0.09603 0.0
0.09628 0.0
0.09652 0.0
0.09676 0.0
0.09701 0.0
0.09725 0.0
0.0975 0.0
0.09774 0.0
0.09798 0.0
0.09823 0.0
0.09847 0.0
0.09872 0.0
0.09896 0.0
0.09921 0.0
0.09945 0.0
0.09969 0.0
0.09994 0.0
0.10018 0.0
0.10043 0.0
0.10067 0.0
0.10091 0.0
0.10116 0.0
0.1014 0.0
0.10165 0.0
0.10189 0.0
0.10213 0.0
0.10238 0.0
0.10262 0.0
0.10287 0.0
0.10311 0.0
0.10336 0.0
0.1036 0.0
0.10384 0.0
0.10409 0.0
0.10433 0.0
0.10458 0.0
0.10482 0.0
0.10506 0.0
0.10531 0.0
0.10555 0.0
0.1058 0.0
0.10604 0.0
0.10629 0.0
0.10653 0.0
0.10677 0.0
0.10702 0.0
0.10726 0.0
0.10751 0.0
0.10775 0.0
0.10799 0.0
0.10824 0.0
0.10848 0.0
0.10873 0.0
0.10897 0.0
0.10921 0.0
0.10946 0.0
0.1097 0.0
0.10995 0.0
0.11019 0.0
0.11044 0.0
0.11068 0.0
0.11092 0.0
0.11117 0.0
0.11141 0.0
0.11166 0.0
0.1119 0.0
0.11214 0.0
0.11239 0.0
0.11263 0.0
0.11288 0.0
0.11312 0.0
0.11337 0.0
0.11361 0.0
0.11385 0.0
0.1141 0.0
0.11434 0.0
0.11459 0.0
0.11483 0.0
0.11507 0.0
0.11532 0.0
0.11556 0.0
0.11581 0.0
0.11605 0.0
0.11629 0.0
0.11654 0.0
0.11678 0.0
0.11703 0.0
0.11727 0.0
0.11752 0.0
0.11776 0.0
0.118 0.0
0.11825 0.0
0.11849 0.0
0.11874 0.0
0.11898 0.0
0.11922 0.0
0.11947 0.0
0.11971 0.0
0.11996 0.0
0.1202 0.0
0.12045 0.0
0.12069 0.0
0.12093 0.0
0.12118 0.0
0.12142 0.0
0.12167 0.0
0.12191 0.0
0.12215 0.0
0.1224 0.0
0.12264 0.0
0.12289 0.0
0.12313 0.0
0.12337 0.0
0.12362 0.0
0.12386 0.0
0.12411 0.0
0.12435 0.0
0.1246 0.0
0.12484 0.0
0.12508 0.0
0.12533 0.0
0.12557 0.0
0.12582 0.0
0.12606 0.0
0.1263 0.0
0.12655 0.0
0.12679 0.0
0.12704 0.0
0.12728 0.0
0.12753 0.0
0.12777 0.0
0.12801 0.0
0.12826 0.0
0.1285 0.0
0.12875 0.0
0.12899 0.0
0.12923 0.0
0.12948 0.0
0.12972 0.0
0.12997 0.0
0.13021 0.0
0.13046 0.0
0.1307 0.0
0.13094 0.0
0.13119 0.0
0.13143 0.0
0.13168 0.0
0.13192 0.0
0.13216 0.0
0.13241 0.0
0.13265 0.0
0.1329 0.0
0.13314 0.0
0.13338 0.0
0.13363 0.0
0.13387 0.0
0.13412 0.0
0.13436 0.0
0.13461 0.0
0.13485 0.0
0.13509 0.0
0.13534 0.0
0.13558 0.0
0.13583 0.0
0.13607 0.0
0.13631 0.0
