t strain*1e23
-0.39788 3.6
-0.39764 3.8
-0.3974 3.9
-0.39715 4.0
-0.39691 4.2
-0.39666 4.3
-0.39642 4.4
-0.39618 4.6
-0.39593 4.7
-0.39569 4.8
-0.39544 4.9
-0.3952 5.0
-0.39495 5.1
-0.39471 5.2
-0.39447 5.2
-0.39422 5.3
-0.39398 5.4
-0.39373 5.4
-0.39349 5.5
-0.39325 5.6
-0.393 5.6
-0.39276 5.6
-0.39251 5.7
-0.39227 5.7
-0.39202 5.7
-0.39178 5.7
-0.39154 5.7
-0.39129 5.7
-0.39105 5.7
-0.3908 5.7
-0.39056 5.6
-0.39032 5.6
-0.39007 5.6
-0.38983 5.5
-0.38958 5.5
-0.38934 5.4
-0.3891 5.3
-0.38885 5.3
-0.38861 5.2
-0.38836 5.1
-0.38812 5.0
-0.38787 4.9
-0.38763 4.8
-0.38739 4.7
-0.38714 4.6
-0.3869 4.5
-0.38665 4.3
-0.38641 4.2
-0.38617 4.1
-0.38592 3.9
-0.38568 3.8
-0.38543 3.6
-0.38519 3.5
-0.38494 3.3
-0.3847 3.2
-0.38446 3.0
-0.38421 2.8
-0.38397 2.7
-0.38372 2.5
-0.38348 2.3
-0.38324 2.1
-0.38299 1.9
-0.38275 1.7
-0.3825 1.5
-0.38226 1.4
-0.38202 1.2
-0.38177 1.0
-0.38153 0.8
-0.38128 0.6
-0.38104 0.4
-0.38079 0.2
-0.38055 0.0
-0.38031 -0.2
-0.38006 -0.4
-0.37982 -0.6
-0.37957 -0.8
-0.37933 -1.0
-0.37909 -1.2
-0.37884 -1.4
-0.3786 -1.6
-0.37835 -1.8
-0.37811 -2.0
-0.37786 -2.2
-0.37762 -2.4
-0.37738 -2.6
-0.37713 -2.7
-0.37689 -2.9
-0.37664 -3.1
-0.3764 -3.2
-0.37616 -3.4
-0.37591 -3.6
-0.37567 -3.7
-0.37542 -3.9
-0.37518 -4.0
-0.37494 -4.2
-0.37469 -4.3
-0.37445 -4.4
-0.3742 -4.6
-0.37396 -4.7
-0.37371 -4.8
-0.37347 -4.9
-0.37323 -5.0
-0.37298 -5.1
-0.37274 -5.2
-0.37249 -5.3
-0.37225 -5.4
-0.37201 -5.4
-0.37176 -5.5
-0.37152 -5.6
-0.37127 -5.6
-0.37103 -5.7
-0.37078 -5.7
-0.37054 -5.7
-0.3703 -5.7
-0.37005 -5.8
-0.36981 -5.8
-0.36956 -5.8
-0.36932 -5.8
-0.36908 -5.8
-0.36883 -5.7
-0.36859 -5.7
-0.36834 -5.7
-0.3681 -5.6
-0.36786 -5.6
-0.36761 -5.5
-0.36737 -5.5
-0.36712 -5.4
-0.36688 -5.3
-0.36663 -5.2
-0.36639 -5.2
-0.36615 -5.1
-0.3659 -5.0
-0.36566 -4.8
-0.36541 -4.7
-0.36517 -4.6
-0.36493 -4.5
-0.36468 -4.4
-0.36444 -4.2
-0.36419 -4.1
-0.36395 -3.9
-0.3637 -3.8
-0.36346 -3.6
-0.36322 -3.5
-0.36297 -3.3
-0.36273 -3.1
-0.36248 -2.9
-0.36224 -2.8
-0.362 -2.6
-0.36175 -2.4
-0.36151 -2.2
-0.36126 -2.0
-0.36102 -1.8
-0.36077 -1.6
-0.36053 -1.4
-0.36029 -1.2
-0.36004 -1.0
-0.3598 -0.8
-0.35955 -0.6
-0.35931 -0.4
-0.35907 -0.2
-0.35882 0.0
-0.35858 0.2
-0.35833 0.4
-0.35809 0.6
-0.35785 0.8
-0.3576 1.0
-0.35736 1.2
-0.35711 1.4
-0.35687 1.6
-0.35662 1.8
-0.35638 2.0
-0.35614 2.2
-0.35589 2.4
-0.35565 2.6
-0.3554 2.8
-0.35516 3.0
-0.35492 3.1
-0.35467 3.3
-0.35443 3.5
-0.35418 3.7
-0.35394 3.8
-0.35369 4.0
-0.35345 4.1
-0.35321 4.3
-0.35296 4.4
-0.35272 4.5
-0.35247 4.7
-0.35223 4.8
-0.35199 4.9
-0.35174 5.0
-0.3515 5.1
-0.35125 5.2
-0.35101 5.3
-0.35077 5.4
-0.35052 5.5
-0.35028 5.5
-0.35003 5.6
-0.34979 5.7
-0.34954 5.7
-0.3493 5.8
-0.34906 5.8
-0.34881 5.8
-0.34857 5.8
-0.34832 5.8
-0.34808 5.9
-0.34784 5.8
-0.34759 5.8
-0.34735 5.8
-0.3471 5.8
-0.34686 5.8
-0.34661 5.7
-0.34637 5.7
-0.34613 5.6
-0.34588 5.6
-0.34564 5.5
-0.34539 5.4
-0.34515 5.3
-0.34491 5.2
-0.34466 5.1
-0.34442 5.0
-0.34417 4.9
-0.34393 4.8
-0.34369 4.7
-0.34344 4.5
-0.3432 4.4
-0.34295 4.3
-0.34271 4.1
-0.34246 4.0
-0.34222 3.8
-0.34198 3.6
-0.34173 3.5
-0.34149 3.3
-0.34124 3.1
-0.341 2.9
-0.34076 2.7
-0.34051 2.6
-0.34027 2.4
-0.34002 2.2
-0.33978 2.0
-0.33953 1.8
-0.33929 1.6
-0.33905 1.4
-0.3388 1.1
-0.33856 0.9
-0.33831 0.7
-0.33807 0.5
-0.33783 0.3
-0.33758 0.0
-0.33734 -0.1
-0.33709 -0.3
-0.33685 -0.6
-0.33661 -0.8
-0.33636 -1.0
-0.33612 -1.2
-0.33587 -1.4
-0.33563 -1.6
-0.33538 -1.8
-0.33514 -2.0
-0.3349 -2.2
-0.33465 -2.4
-0.33441 -2.6
-0.33416 -2.8
-0.33392 -3.0
-0.33368 -3.2
-0.33343 -3.4
-0.33319 -3.5
-0.33294 -3.7
-0.3327 -3.9
-0.33245 -4.0
-0.33221 -4.2
-0.33197 -4.3
-0.33172 -4.5
-0.33148 -4.6
-0.33123 -4.8
-0.33099 -4.9
-0.33075 -5.0
-0.3305 -5.1
-0.33026 -5.2
-0.33001 -5.3
-0.32977 -5.4
-0.32952 -5.5
-0.32928 -5.6
-0.32904 -5.7
-0.32879 -5.7
-0.32855 -5.8
-0.3283 -5.8
-0.32806 -5.9
-0.32782 -5.9
-0.32757 -5.9
-0.32733 -5.9
-0.32708 -5.9
-0.32684 -5.9
-0.3266 -5.9
-0.32635 -5.9
-0.32611 -5.9
-0.32586 -5.9
-0.32562 -5.8
-0.32537 -5.8
-0.32513 -5.7
-0.32489 -5.6
-0.32464 -5.6
-0.3244 -5.5
-0.32415 -5.4
-0.32391 -5.3
-0.32367 -5.2
-0.32342 -5.1
-0.32318 -5.0
-0.32293 -4.9
-0.32269 -4.7
-0.32244 -4.6
-0.3222 -4.5
-0.32196 -4.3
-0.32171 -4.2
-0.32147 -4.0
-0.32122 -3.8
-0.32098 -3.7
-0.32074 -3.5
-0.32049 -3.3
-0.32025 -3.1
-0.32 -2.9
-0.31976 -2.7
-0.31952 -2.5
-0.31927 -2.3
-0.31903 -2.1
-0.31878 -1.9
-0.31854 -1.7
-0.31829 -1.5
-0.31805 -1.3
-0.31781 -1.1
-0.31756 -0.9
-0.31732 -0.6
-0.31707 -0.4
-0.31683 -0.2
-0.31659 0.0
-0.31634 0.2
-0.3161 0.5
-0.31585 0.7
-0.31561 0.9
-0.31536 1.1
-0.31512 1.3
-0.31488 1.6
-0.31463 1.8
-0.31439 2.0
-0.31414 2.2
-0.3139 2.4
-0.31366 2.6
-0.31341 2.8
-0.31317 3.0
-0.31292 3.2
-0.31268 3.4
-0.31244 3.6
-0.31219 3.7
-0.31195 3.9
-0.3117 4.1
-0.31146 4.2
-0.31121 4.4
-0.31097 4.6
-0.31073 4.7
-0.31048 4.8
-0.31024 5.0
-0.30999 5.1
-0.30975 5.2
-0.30951 5.3
-0.30926 5.4
-0.30902 5.5
-0.30877 5.6
-0.30853 5.7
-0.30828 5.8
-0.30804 5.8
-0.3078 5.9
-0.30755 5.9
-0.30731 6.0
-0.30706 6.0
-0.30682 6.0
-0.30658 6.0
-0.30633 6.0
-0.30609 6.0
-0.30584 6.0
-0.3056 6.0
-0.30536 6.0
-0.30511 5.9
-0.30487 5.9
-0.30462 5.8
-0.30438 5.8
-0.30413 5.7
-0.30389 5.6
-0.30365 5.5
-0.3034 5.4
-0.30316 5.3
-0.30291 5.2
-0.30267 5.1
-0.30243 5.0
-0.30218 4.8
-0.30194 4.7
-0.30169 4.6
-0.30145 4.4
-0.3012 4.2
-0.30096 4.1
-0.30072 3.9
-0.30047 3.7
-0.30023 3.5
-0.29998 3.4
-0.29974 3.2
-0.2995 3.0
-0.29925 2.8
-0.29901 2.6
-0.29876 2.4
-0.29852 2.1
-0.29827 1.9
-0.29803 1.7
-0.29779 1.5
-0.29754 1.3
-0.2973 1.0
-0.29705 0.8
-0.29681 0.6
-0.29657 0.3
-0.29632 0.1
-0.29608 -0.1
-0.29583 -0.3
-0.29559 -0.6
-0.29535 -0.8
-0.2951 -1.0
-0.29486 -1.3
-0.29461 -1.5
-0.29437 -1.7
-0.29412 -1.9
-0.29388 -2.1
-0.29364 -2.4
-0.29339 -2.6
-0.29315 -2.8
-0.2929 -3.0
-0.29266 -3.2
-0.29242 -3.4
-0.29217 -3.6
-0.29193 -3.8
-0.29168 -3.9
-0.29144 -4.1
-0.29119 -4.3
-0.29095 -4.5
-0.29071 -4.6
-0.29046 -4.8
-0.29022 -4.9
-0.28997 -5.0
-0.28973 -5.2
-0.28949 -5.3
-0.28924 -5.4
-0.289 -5.5
-0.28875 -5.6
-0.28851 -5.7
-0.28827 -5.8
-0.28802 -5.8
-0.28778 -5.9
-0.28753 -6.0
-0.28729 -6.0
-0.28704 -6.1
-0.2868 -6.1
-0.28656 -6.1
-0.28631 -6.1
-0.28607 -6.1
-0.28582 -6.1
-0.28558 -6.1
-0.28534 -6.1
-0.28509 -6.0
-0.28485 -6.0
-0.2846 -5.9
-0.28436 -5.9
-0.28411 -5.8
-0.28387 -5.7
-0.28363 -5.6
-0.28338 -5.6
-0.28314 -5.4
-0.28289 -5.3
-0.28265 -5.2
-0.28241 -5.1
-0.28216 -5.0
-0.28192 -4.8
-0.28167 -4.7
-0.28143 -4.5
-0.28119 -4.3
-0.28094 -4.2
-0.2807 -4.0
-0.28045 -3.8
-0.28021 -3.6
-0.27996 -3.4
-0.27972 -3.2
-0.27948 -3.0
-0.27923 -2.8
-0.27899 -2.6
-0.27874 -2.4
-0.2785 -2.2
-0.27826 -1.9
-0.27801 -1.7
-0.27777 -1.5
-0.27752 -1.2
-0.27728 -1.0
-0.27703 -0.8
-0.27679 -0.5
-0.27655 -0.3
-0.2763 0.0
-0.27606 0.2
-0.27581 0.4
-0.27557 0.7
-0.27533 0.9
-0.27508 1.1
-0.27484 1.4
-0.27459 1.6
-0.27435 1.8
-0.27411 2.1
-0.27386 2.3
-0.27362 2.5
-0.27337 2.7
-0.27313 2.9
-0.27288 3.2
-0.27264 3.4
-0.2724 3.6
-0.27215 3.8
-0.27191 4.0
-0.27166 4.1
-0.27142 4.3
-0.27118 4.5
-0.27093 4.6
-0.27069 4.8
-0.27044 5.0
-0.2702 5.1
-0.26995 5.2
-0.26971 5.4
-0.26947 5.5
-0.26922 5.6
-0.26898 5.7
-0.26873 5.8
-0.26849 5.9
-0.26825 5.9
-0.268 6.0
-0.26776 6.1
-0.26751 6.1
-0.26727 6.2
-0.26702 6.2
-0.26678 6.2
-0.26654 6.2
-0.26629 6.2
-0.26605 6.2
-0.2658 6.2
-0.26556 6.2
-0.26532 6.1
-0.26507 6.1
-0.26483 6.0
-0.26458 5.9
-0.26434 5.9
-0.2641 5.8
-0.26385 5.7
-0.26361 5.6
-0.26336 5.5
-0.26312 5.4
-0.26287 5.2
-0.26263 5.1
-0.26239 4.9
-0.26214 4.8
-0.2619 4.6
-0.26165 4.5
-0.26141 4.3
-0.26117 4.1
-0.26092 3.9
-0.26068 3.7
-0.26043 3.5
-0.26019 3.3
-0.25994 3.1
-0.2597 2.9
-0.25946 2.7
-0.25921 2.4
-0.25897 2.2
-0.25872 2.0
-0.25848 1.7
-0.25824 1.5
-0.25799 1.2
-0.25775 1.0
-0.2575 0.8
-0.25726 0.5
-0.25702 0.3
-0.25677 0.0
-0.25653 -0.2
-0.25628 -0.5
-0.25604 -0.7
-0.25579 -1.0
-0.25555 -1.2
-0.25531 -1.5
-0.25506 -1.7
-0.25482 -2.0
-0.25457 -2.2
-0.25433 -2.4
-0.25409 -2.7
-0.25384 -2.9
-0.2536 -3.1
-0.25335 -3.3
-0.25311 -3.5
-0.25286 -3.7
-0.25262 -3.9
-0.25238 -4.1
-0.25213 -4.3
-0.25189 -4.5
-0.25164 -4.7
-0.2514 -4.8
-0.25116 -5.0
-0.25091 -5.2
-0.25067 -5.3
-0.25042 -5.4
-0.25018 -5.6
-0.24994 -5.7
-0.24969 -5.8
-0.24945 -5.9
-0.2492 -6.0
-0.24896 -6.0
-0.24871 -6.1
-0.24847 -6.2
-0.24823 -6.2
-0.24798 -6.3
-0.24774 -6.3
-0.24749 -6.3
-0.24725 -6.3
-0.24701 -6.3
-0.24676 -6.3
-0.24652 -6.3
-0.24627 -6.2
-0.24603 -6.2
-0.24578 -6.2
-0.24554 -6.1
-0.2453 -6.0
-0.24505 -5.9
-0.24481 -5.8
-0.24456 -5.7
-0.24432 -5.6
-0.24408 -5.5
-0.24383 -5.4
-0.24359 -5.2
-0.24334 -5.1
-0.2431 -4.9
-0.24286 -4.8
-0.24261 -4.6
-0.24237 -4.4
-0.24212 -4.2
-0.24188 -4.0
-0.24163 -3.8
-0.24139 -3.6
-0.24115 -3.4
-0.2409 -3.2
-0.24066 -3.0
-0.24041 -2.7
-0.24017 -2.5
-0.23993 -2.3
-0.23968 -2.0
-0.23944 -1.8
-0.23919 -1.5
-0.23895 -1.3
-0.2387 -1.0
-0.23846 -0.7
-0.23822 -0.5
-0.23797 -0.2
-0.23773 0.0
-0.23748 0.3
-0.23724 0.6
-0.237 0.8
-0.23675 1.1
-0.23651 1.3
-0.23626 1.6
-0.23602 1.8
-0.23577 2.1
-0.23553 2.3
-0.23529 2.6
-0.23504 2.8
-0.2348 3.1
-0.23455 3.3
-0.23431 3.5
-0.23407 3.7
-0.23382 3.9
-0.23358 4.1
-0.23333 4.3
-0.23309 4.5
-0.23285 4.7
-0.2326 4.9
-0.23236 5.1
-0.23211 5.2
-0.23187 5.4
-0.23162 5.5
-0.23138 5.6
-0.23114 5.8
-0.23089 5.9
-0.23065 6.0
-0.2304 6.1
-0.23016 6.2
-0.22992 6.2
-0.22967 6.3
-0.22943 6.3
-0.22918 6.4
-0.22894 6.4
-0.22869 6.4
-0.22845 6.4
-0.22821 6.4
-0.22796 6.4
-0.22772 6.4
-0.22747 6.3
-0.22723 6.3
-0.22699 6.2
-0.22674 6.2
-0.2265 6.1
-0.22625 6.0
-0.22601 5.9
-0.22577 5.8
-0.22552 5.7
-0.22528 5.5
-0.22503 5.4
-0.22479 5.2
-0.22454 5.1
-0.2243 4.9
-0.22406 4.7
-0.22381 4.5
-0.22357 4.4
-0.22332 4.1
-0.22308 3.9
-0.22284 3.7
-0.22259 3.5
-0.22235 3.3
-0.2221 3.0
-0.22186 2.8
-0.22161 2.5
-0.22137 2.3
-0.22113 2.0
-0.22088 1.8
-0.22064 1.5
-0.22039 1.3
-0.22015 1.0
-0.21991 0.7
-0.21966 0.4
-0.21942 0.2
-0.21917 0.0
-0.21893 -0.4
-0.21869 -0.6
-0.21844 -0.9
-0.2182 -1.2
-0.21795 -1.5
-0.21771 -1.7
-0.21746 -2.0
-0.21722 -2.2
-0.21698 -2.5
-0.21673 -2.8
-0.21649 -3.0
-0.21624 -3.2
-0.216 -3.5
-0.21576 -3.7
-0.21551 -3.9
-0.21527 -4.1
-0.21502 -4.4
-0.21478 -4.6
-0.21453 -4.8
-0.21429 -4.9
-0.21405 -5.1
-0.2138 -5.3
-0.21356 -5.4
-0.21331 -5.6
-0.21307 -5.7
-0.21283 -5.9
-0.21258 -6.0
-0.21234 -6.1
-0.21209 -6.2
-0.21185 -6.3
-0.21161 -6.3
-0.21136 -6.4
-0.21112 -6.5
-0.21087 -6.5
-0.21063 -6.5
-0.21038 -6.5
-0.21014 -6.6
-0.2099 -6.5
-0.20965 -6.5
-0.20941 -6.5
-0.20916 -6.5
-0.20892 -6.4
-0.20868 -6.3
-0.20843 -6.3
-0.20819 -6.2
-0.20794 -6.1
-0.2077 -5.9
-0.20745 -5.8
-0.20721 -5.7
-0.20697 -5.5
-0.20672 -5.4
-0.20648 -5.2
-0.20623 -5.0
-0.20599 -4.9
-0.20575 -4.7
-0.2055 -4.5
-0.20526 -4.3
-0.20501 -4.0
-0.20477 -3.8
-0.20452 -3.6
-0.20428 -3.3
-0.20404 -3.1
-0.20379 -2.8
-0.20355 -2.6
-0.2033 -2.3
-0.20306 -2.0
-0.20282 -1.8
-0.20257 -1.5
-0.20233 -1.2
-0.20208 -0.9
-0.20184 -0.7
-0.2016 -0.4
-0.20135 0.0
-0.20111 0.2
-0.20086 0.5
-0.20062 0.8
-0.20037 1.1
-0.20013 1.3
-0.19989 1.6
-0.19964 1.9
-0.1994 2.2
-0.19915 2.4
-0.19891 2.7
-0.19867 3.0
-0.19842 3.2
-0.19818 3.5
-0.19793 3.7
-0.19769 4.0
-0.19744 4.2
-0.1972 4.4
-0.19696 4.6
-0.19671 4.8
-0.19647 5.0
-0.19622 5.2
-0.19598 5.4
-0.19574 5.6
-0.19549 5.7
-0.19525 5.9
-0.195 6.0
-0.19476 6.1
-0.19452 6.2
-0.19427 6.3
-0.19403 6.4
-0.19378 6.5
-0.19354 6.6
-0.19329 6.6
-0.19305 6.6
-0.19281 6.7
-0.19256 6.7
-0.19232 6.7
-0.19207 6.7
-0.19183 6.6
-0.19159 6.6
-0.19134 6.6
-0.1911 6.5
-0.19085 6.4
-0.19061 6.3
-0.19036 6.2
-0.19012 6.1
-0.18988 6.0
-0.18963 5.8
-0.18939 5.7
-0.18914 5.5
-0.1889 5.4
-0.18866 5.2
-0.18841 5.0
-0.18817 4.8
-0.18792 4.6
-0.18768 4.3
-0.18744 4.1
-0.18719 3.9
-0.18695 3.6
-0.1867 3.4
-0.18646 3.1
-0.18621 2.8
-0.18597 2.6
-0.18573 2.3
-0.18548 2.0
-0.18524 1.7
-0.18499 1.4
-0.18475 1.1
-0.18451 0.8
-0.18426 0.5
-0.18402 0.2
-0.18377 0.0
-0.18353 -0.4
-0.18328 -0.7
-0.18304 -1.0
-0.1828 -1.3
-0.18255 -1.6
-0.18231 -1.9
-0.18206 -2.1
-0.18182 -2.4
-0.18158 -2.7
-0.18133 -3.0
-0.18109 -3.3
-0.18084 -3.5
-0.1806 -3.8
-0.18036 -4.0
-0.18011 -4.3
-0.17987 -4.5
-0.17962 -4.7
-0.17938 -5.0
-0.17913 -5.2
-0.17889 -5.4
-0.17865 -5.5
-0.1784 -5.7
-0.17816 -5.9
-0.17791 -6.0
-0.17767 -6.2
-0.17743 -6.3
-0.17718 -6.4
-0.17694 -6.5
-0.17669 -6.6
-0.17645 -6.7
-0.1762 -6.7
-0.17596 -6.8
-0.17572 -6.8
-0.17547 -6.8
-0.17523 -6.8
-0.17498 -6.8
-0.17474 -6.8
-0.1745 -6.8
-0.17425 -6.7
-0.17401 -6.6
-0.17376 -6.6
-0.17352 -6.5
-0.17327 -6.4
-0.17303 -6.2
-0.17279 -6.1
-0.17254 -6.0
-0.1723 -5.8
-0.17205 -5.6
-0.17181 -5.5
-0.17157 -5.3
-0.17132 -5.1
-0.17108 -4.8
-0.17083 -4.6
-0.17059 -4.4
-0.17035 -4.1
-0.1701 -3.9
-0.16986 -3.6
-0.16961 -3.3
-0.16937 -3.1
-0.16912 -2.8
-0.16888 -2.5
-0.16864 -2.2
-0.16839 -1.9
-0.16815 -1.6
-0.1679 -1.3
-0.16766 -1.0
-0.16742 -0.6
-0.16717 -0.3
-0.16693 0.0
-0.16668 0.3
-0.16644 0.6
-0.16619 0.9
-0.16595 1.3
-0.16571 1.6
-0.16546 1.9
-0.16522 2.2
-0.16497 2.5
-0.16473 2.8
-0.16449 3.1
-0.16424 3.4
-0.164 3.6
-0.16375 3.9
-0.16351 4.2
-0.16327 4.4
-0.16302 4.7
-0.16278 4.9
-0.16253 5.1
-0.16229 5.3
-0.16204 5.5
-0.1618 5.7
-0.16156 5.9
-0.16131 6.1
-0.16107 6.2
-0.16082 6.4
-0.16058 6.5
-0.16034 6.6
-0.16009 6.7
-0.15985 6.8
-0.1596 6.9
-0.15936 6.9
-0.15911 6.9
-0.15887 7.0
-0.15863 7.0
-0.15838 7.0
-0.15814 6.9
-0.15789 6.9
-0.15765 6.9
-0.15741 6.8
-0.15716 6.7
-0.15692 6.6
-0.15667 6.5
-0.15643 6.4
-0.15619 6.2
-0.15594 6.1
-0.1557 5.9
-0.15545 5.7
-0.15521 5.5
-0.15496 5.3
-0.15472 5.1
-0.15448 4.8
-0.15423 4.6
-0.15399 4.3
-0.15374 4.1
-0.1535 3.8
-0.15326 3.5
-0.15301 3.2
-0.15277 2.9
-0.15252 2.6
-0.15228 2.3
-0.15203 2.0
-0.15179 1.7
-0.15155 1.3
-0.1513 1.0
-0.15106 0.7
-0.15081 0.3
-0.15057 0.0
-0.15033 -0.3
-0.15008 -0.7
-0.14984 -1.0
-0.14959 -1.3
-0.14935 -1.7
-0.14911 -2.0
-0.14886 -2.3
-0.14862 -2.6
-0.14837 -2.9
-0.14813 -3.3
-0.14788 -3.6
-0.14764 -3.8
-0.1474 -4.1
-0.14715 -4.4
-0.14691 -4.7
-0.14666 -4.9
-0.14642 -5.2
-0.14618 -5.4
-0.14593 -5.6
-0.14569 -5.8
-0.14544 -6.0
-0.1452 -6.2
-0.14495 -6.4
-0.14471 -6.5
-0.14447 -6.6
-0.14422 -6.8
-0.14398 -6.9
-0.14373 -7.0
-0.14349 -7.0
-0.14325 -7.1
-0.143 -7.1
-0.14276 -7.1
-0.14251 -7.1
-0.14227 -7.1
-0.14202 -7.1
-0.14178 -7.1
-0.14154 -7.0
-0.14129 -6.9
-0.14105 -6.8
-0.1408 -6.7
-0.14056 -6.6
-0.14032 -6.4
-0.14007 -6.3
-0.13983 -6.1
-0.13958 -5.9
-0.13934 -5.7
-0.1391 -5.5
-0.13885 -5.3
-0.13861 -5.0
-0.13836 -4.8
-0.13812 -4.5
-0.13787 -4.2
-0.13763 -3.9
-0.13739 -3.6
-0.13714 -3.3
-0.1369 -3.0
-0.13665 -2.7
-0.13641 -2.3
-0.13617 -2.0
-0.13592 -1.6
-0.13568 -1.3
-0.13543 -0.9
-0.13519 -0.6
-0.13494 -0.2
-0.1347 0.1
-0.13446 0.5
-0.13421 0.8
-0.13397 1.2
-0.13372 1.6
-0.13348 1.9
-0.13324 2.2
-0.13299 2.6
-0.13275 2.9
-0.1325 3.3
-0.13226 3.6
-0.13202 3.9
-0.13177 4.2
-0.13153 4.5
-0.13128 4.8
-0.13104 5.0
-0.13079 5.3
-0.13055 5.5
-0.13031 5.8
-0.13006 6.0
-0.12982 6.2
-0.12957 6.4
-0.12933 6.6
-0.12909 6.7
-0.12884 6.9
-0.1286 7.0
-0.12835 7.1
-0.12811 7.2
-0.12786 7.2
-0.12762 7.3
-0.12738 7.3
-0.12713 7.3
-0.12689 7.3
-0.12664 7.3
-0.1264 7.3
-0.12616 7.2
-0.12591 7.1
-0.12567 7.0
-0.12542 6.9
-0.12518 6.8
-0.12494 6.6
-0.12469 6.4
-0.12445 6.3
-0.1242 6.1
-0.12396 5.8
-0.12371 5.6
-0.12347 5.4
-0.12323 5.1
-0.12298 4.8
-0.12274 4.5
-0.12249 4.2
-0.12225 3.9
-0.12201 3.6
-0.12176 3.2
-0.12152 2.9
-0.12127 2.5
-0.12103 2.2
-0.12078 1.8
-0.12054 1.4
-0.1203 1.1
-0.12005 0.7
-0.11981 0.3
-0.11956 0.0
-0.11932 -0.5
-0.11908 -0.8
-0.11883 -1.2
-0.11859 -1.6
-0.11834 -2.0
-0.1181 -2.3
-0.11786 -2.7
-0.11761 -3.1
-0.11737 -3.4
-0.11712 -3.8
-0.11688 -4.1
-0.11663 -4.4
-0.11639 -4.7
-0.11615 -5.0
-0.1159 -5.3
-0.11566 -5.6
-0.11541 -5.8
-0.11517 -6.1
-0.11493 -6.3
-0.11468 -6.5
-0.11444 -6.7
-0.11419 -6.9
-0.11395 -7.0
-0.1137 -7.2
-0.11346 -7.3
-0.11322 -7.4
-0.11297 -7.4
-0.11273 -7.5
-0.11248 -7.5
-0.11224 -7.5
-0.112 -7.5
-0.11175 -7.5
-0.11151 -7.5
-0.11126 -7.4
-0.11102 -7.3
-0.11077 -7.2
-0.11053 -7.1
-0.11029 -6.9
-0.11004 -6.7
-0.1098 -6.5
-0.10955 -6.3
-0.10931 -6.1
-0.10907 -5.8
-0.10882 -5.6
-0.10858 -5.3
-0.10833 -5.0
-0.10809 -4.7
-0.10785 -4.4
-0.1076 -4.0
-0.10736 -3.7
-0.10711 -3.3
-0.10687 -2.9
-0.10662 -2.6
-0.10638 -2.2
-0.10614 -1.8
-0.10589 -1.4
-0.10565 -1.0
-0.1054 -0.6
-0.10516 -0.2
-0.10492 0.3
-0.10467 0.7
-0.10443 1.1
-0.10418 1.5
-0.10394 1.9
-0.10369 2.3
-0.10345 2.7
-0.10321 3.1
-0.10296 3.5
-0.10272 3.8
-0.10247 4.2
-0.10223 4.5
-0.10199 4.9
-0.10174 5.2
-0.1015 5.5
-0.10125 5.8
-0.10101 6.1
-0.10077 6.3
-0.10052 6.6
-0.10028 6.8
-0.10003 7.0
-0.09979 7.2
-0.09954 7.3
-0.0993 7.5
-0.09906 7.6
-0.09881 7.7
-0.09857 7.7
-0.09832 7.8
-0.09808 7.8
-0.09784 7.8
-0.09759 7.8
-0.09735 7.7
-0.0971 7.6
-0.09686 7.5
-0.09661 7.4
-0.09637 7.3
-0.09613 7.1
-0.09588 6.9
-0.09564 6.7
-0.09539 6.5
-0.09515 6.2
-0.09491 5.9
-0.09466 5.6
-0.09442 5.3
-0.09417 5.0
-0.09393 4.7
-0.09369 4.3
-0.09344 3.9
-0.0932 3.5
-0.09295 3.1
-0.09271 2.7
-0.09246 2.3
-0.09222 1.9
-0.09198 1.4
-0.09173 1.0
-0.09149 0.6
-0.09124 0.1
-0.091 -0.3
-0.09076 -0.8
-0.09051 -1.2
-0.09027 -1.7
-0.09002 -2.1
-0.08978 -2.6
-0.08953 -3.0
-0.08929 -3.4
-0.08905 -3.8
-0.0888 -4.2
-0.08856 -4.6
-0.08831 -4.9
-0.08807 -5.3
-0.08783 -5.6
-0.08758 -6.0
-0.08734 -6.3
-0.08709 -6.5
-0.08685 -6.8
-0.08661 -7.0
-0.08636 -7.2
-0.08612 -7.4
-0.08587 -7.6
-0.08563 -7.7
-0.08538 -7.9
-0.08514 -7.9
-0.0849 -8.0
-0.08465 -8.0
-0.08441 -8.1
-0.08416 -8.0
-0.08392 -8.0
-0.08368 -7.9
-0.08343 -7.8
-0.08319 -7.7
-0.08294 -7.5
-0.0827 -7.4
-0.08245 -7.2
-0.08221 -6.9
-0.08197 -6.7
-0.08172 -6.4
-0.08148 -6.1
-0.08123 -5.8
-0.08099 -5.4
-0.08075 -5.1
-0.0805 -4.7
-0.08026 -4.3
-0.08001 -3.9
-0.07977 -3.4
-0.07952 -3.0
-0.07928 -2.5
-0.07904 -2.1
-0.07879 -1.6
-0.07855 -1.1
-0.0783 -0.6
-0.07806 -0.1
-0.07782 0.4
-0.07757 0.8
-0.07733 1.3
-0.07708 1.8
-0.07684 2.3
-0.0766 2.8
-0.07635 3.2
-0.07611 3.7
-0.07586 4.1
-0.07562 4.6
-0.07537 5.0
-0.07513 5.4
-0.07489 5.7
-0.07464 6.1
-0.0744 6.4
-0.07415 6.7
-0.07391 7.0
-0.07367 7.3
-0.07342 7.5
-0.07318 7.7
-0.07293 7.9
-0.07269 8.1
-0.07244 8.2
-0.0722 8.3
-0.07196 8.3
-0.07171 8.4
-0.07147 8.4
-0.07122 8.3
-0.07098 8.3
-0.07074 8.2
-0.07049 8.0
-0.07025 7.9
-0.07 7.7
-0.06976 7.5
-0.06952 7.2
-0.06927 6.9
-0.06903 6.6
-0.06878 6.3
-0.06854 5.9
-0.06829 5.5
-0.06805 5.1
-0.06781 4.7
-0.06756 4.3
-0.06732 3.8
-0.06707 3.3
-0.06683 2.8
-0.06659 2.3
-0.06634 1.8
-0.0661 1.3
-0.06585 0.7
-0.06561 0.2
-0.06536 -0.4
-0.06512 -0.9
-0.06488 -1.5
-0.06463 -2.0
-0.06439 -2.5
-0.06414 -3.0
-0.0639 -3.5
-0.06366 -4.0
-0.06341 -4.5
-0.06317 -5.0
-0.06292 -5.4
-0.06268 -5.9
-0.06244 -6.3
-0.06219 -6.6
-0.06195 -7.0
-0.0617 -7.3
-0.06146 -7.6
-0.06121 -7.9
-0.06097 -8.1
-0.06073 -8.3
-0.06048 -8.5
-0.06024 -8.6
-0.05999 -8.7
-0.05975 -8.7
-0.05951 -8.7
-0.05926 -8.7
-0.05902 -8.7
-0.05877 -8.6
-0.05853 -8.4
-0.05828 -8.2
-0.05804 -8.0
-0.0578 -7.8
-0.05755 -7.5
-0.05731 -7.2
-0.05706 -6.8
-0.05682 -6.5
-0.05658 -6.1
-0.05633 -5.6
-0.05609 -5.2
-0.05584 -4.7
-0.0556 -4.1
-0.05536 -3.6
-0.05511 -3.1
-0.05487 -2.5
-0.05462 -1.9
-0.05438 -1.3
-0.05413 -0.7
-0.05389 -0.1
-0.05365 0.5
-0.0534 1.1
-0.05316 1.7
-0.05291 2.3
-0.05267 2.9
-0.05243 3.5
-0.05218 4.0
-0.05194 4.6
-0.05169 5.1
-0.05145 5.6
-0.0512 6.1
-0.05096 6.6
-0.05072 7.0
-0.05047 7.4
-0.05023 7.7
-0.04998 8.1
-0.04974 8.4
-0.0495 8.6
-0.04925 8.8
-0.04901 9.0
-0.04876 9.1
-0.04852 9.2
-0.04827 9.2
-0.04803 9.2
-0.04779 9.1
-0.04754 9.0
-0.0473 8.8
-0.04705 8.6
-0.04681 8.4
-0.04657 8.1
-0.04632 7.8
-0.04608 7.4
-0.04583 7.0
-0.04559 6.5
-0.04535 6.0
-0.0451 5.5
-0.04486 4.9
-0.04461 4.4
-0.04437 3.8
-0.04412 3.1
-0.04388 2.5
-0.04364 1.8
-0.04339 1.1
-0.04315 0.4
-0.0429 -0.3
-0.04266 -0.9
-0.04242 -1.6
-0.04217 -2.3
-0.04193 -3.0
-0.04168 -3.7
-0.04144 -4.3
-0.04119 -5.0
-0.04095 -5.6
-0.04071 -6.1
-0.04046 -6.7
-0.04022 -7.2
-0.03997 -7.7
-0.03973 -8.1
-0.03949 -8.5
-0.03924 -8.8
-0.039 -9.1
-0.03875 -9.3
-0.03851 -9.5
-0.03827 -9.6
-0.03802 -9.7
-0.03778 -9.7
-0.03753 -9.7
-0.03729 -9.6
-0.03704 -9.4
-0.0368 -9.2
-0.03656 -8.9
-0.03631 -8.6
-0.03607 -8.2
-0.03582 -7.8
-0.03558 -7.3
-0.03534 -6.7
-0.03509 -6.2
-0.03485 -5.5
-0.0346 -4.9
-0.03436 -4.2
-0.03411 -3.4
-0.03387 -2.7
-0.03363 -1.9
-0.03338 -1.1
-0.03314 -0.3
-0.03289 0.5
-0.03265 1.3
-0.03241 2.1
-0.03216 2.9
-0.03192 3.7
-0.03167 4.5
-0.03143 5.2
-0.03119 6.0
-0.03094 6.6
-0.0307 7.3
-0.03045 7.9
-0.03021 8.4
-0.02996 8.9
-0.02972 9.3
-0.02948 9.7
-0.02923 10.0
-0.02899 10.2
-0.02874 10.3
-0.0285 10.4
-0.02826 10.4
-0.02801 10.3
-0.02777 10.2
-0.02752 10.0
-0.02728 9.7
-0.02703 9.3
-0.02679 8.8
-0.02655 8.3
-0.0263 7.7
-0.02606 7.0
-0.02581 6.3
-0.02557 5.6
-0.02533 4.7
-0.02508 3.9
-0.02484 3.0
-0.02459 2.0
-0.02435 1.1
-0.02411 0.0
-0.02386 -0.9
-0.02362 -1.9
-0.02337 -2.9
-0.02313 -3.9
-0.02288 -4.8
-0.02264 -5.7
-0.0224 -6.6
-0.02215 -7.4
-0.02191 -8.2
-0.02166 -8.9
-0.02142 -9.5
-0.02118 -10.0
-0.02093 -10.5
-0.02069 -10.8
-0.02044 -11.1
-0.0202 -11.3
-0.01995 -11.3
-0.01971 -11.3
-0.01947 -11.1
-0.01922 -10.9
-0.01898 -10.5
-0.01873 -10.0
-0.01849 -9.4
-0.01825 -8.7
-0.018 -8.0
-0.01776 -7.1
-0.01751 -6.1
-0.01727 -5.1
-0.01702 -4.0
-0.01678 -2.8
-0.01654 -1.6
-0.01629 -0.4
-0.01605 0.8
-0.0158 2.1
-0.01556 3.4
-0.01532 4.6
-0.01507 5.8
-0.01483 6.9
-0.01458 8.0
-0.01434 9.0
-0.0141 9.9
-0.01385 10.7
-0.01361 11.3
-0.01336 11.9
-0.01312 12.3
-0.01287 12.5
-0.01263 12.6
-0.01239 12.5
-0.01214 12.2
-0.0119 11.8
-0.01165 11.2
-0.01141 10.4
-0.01117 9.5
-0.01092 8.4
-0.01068 7.2
-0.01043 5.8
-0.01019 4.4
-0.00994 2.8
-0.0097 1.2
-0.00946 -0.5
-0.00921 -2.2
-0.00897 -3.9
-0.00872 -5.6
-0.00848 -7.2
-0.00824 -8.7
-0.00799 -10.1
-0.00775 -11.3
-0.0075 -12.4
-0.00726 -13.2
-0.00702 -13.8
-0.00677 -14.2
-0.00653 -14.2
-0.00628 -14.0
-0.00604 -13.5
-0.00579 -12.7
-0.00555 -11.5
-0.00531 -10.1
-0.00506 -8.4
-0.00482 -6.5
-0.00457 -4.3
-0.00433 -2.0
-0.00409 0.4
-0.00384 2.9
-0.0036 5.4
-0.00335 7.8
-0.00311 10.0
-0.00286 12.1
-0.00262 13.8
-0.00238 15.1
-0.00213 16.0
-0.00189 16.3
-0.00164 16.0
-0.0014 15.2
-0.00116 13.7
-0.00091 11.5
-0.00067 8.8
-0.00042 5.6
-0.00018 1.9
6e-05 -1.9
0.00031 -5.7
0.00055 -9.3
0.0008 -12.3
0.00104 -14.7
0.00129 -16.0
0.00153 -16.3
0.00177 -15.4
0.00202 -13.4
0.00226 -10.3
0.00251 -6.5
0.00275 -2.3
0.00299 2.0
0.00324 5.9
0.00348 9.2
0.00373 11.5
0.00397 12.6
0.00422 12.4
0.00446 11.1
0.0047 8.8
0.00495 5.8
0.00519 2.4
0.00544 -0.9
0.00568 -3.9
0.00592 -6.2
0.00617 -7.7
0.00641 -8.2
0.00666 -7.8
0.0069 -6.6
0.00714 -4.8
0.00739 -2.7
0.00763 -0.5
0.00788 1.6
0.00812 3.3
0.00837 4.4
0.00861 4.9
0.00885 4.8
0.0091 4.2
0.00934 3.2
0.00959 1.9
0.00983 0.5
0.01007 -0.8
0.01032 -1.8
0.01056 -2.6
0.01081 -2.9
0.01105 -2.9
0.0113 -2.5
0.01154 -1.9
0.01178 -1.1
0.01203 -0.3
0.01227 0.5
0.01252 1.1
0.01276 1.5
0.013 1.8
0.01325 1.7
0.01349 1.5
0.01374 1.1
0.01398 0.6
0.01423 0.1
0.01447 -0.3
0.01471 -0.7
0.01496 -0.9
0.0152 -1.1
0.01545 -1.0
0.01569 -0.9
0.01593 -0.7
0.01618 -0.4
0.01642 0.0
0.01667 0.2
0.01691 0.4
0.01715 0.6
0.0174 0.6
0.01764 0.6
0.01789 0.5
0.01813 0.4
0.01838 0.2
0.01862 0.0
0.01886 -0.1
0.01911 -0.3
0.01935 -0.4
0.0196 -0.4
0.01984 -0.4
0.02008 -0.3
0.02033 -0.2
0.02057 -0.1
0.02082 0.0
0.02106 0.0
0.02131 0.2
0.02155 0.2
0.02179 0.2
0.02204 0.2
0.02228 0.2
0.02253 0.1
0.02277 0.0
0.02301 0.0
0.02326 0.0
0.0235 -0.1
0.02375 -0.1
0.02399 -0.1
0.02423 -0.1
0.02448 -0.1
0.02472 0.0
0.02497 0.0
0.02521 0.0
0.02546 0.0
0.0257 0.0
0.02594 0.0
0.02619 0.0
0.02643 0.0
0.02668 0.0
0.02692 0.0
0.02716 0.0
0.02741 0.0
0.02765 0.0
0.0279 0.0
0.02814 0.0
0.02839 0.0
0.02863 0.0
0.02887 0.0
0.02912 0.0
0.02936 0.0
0.02961 0.0
0.02985 0.0
0.03009 0.0
0.03034 0.0
0.03058 0.0
0.03083 0.0
0.03107 0.0
0.03131 0.0
0.03156 0.0
0.0318 0.0
0.03205 0.0
0.03229 0.0
0.03254 0.0
0.03278 0.0
0.03302 0.0
0.03327 0.0
0.03351 0.0
0.03376 0.0
0.034 0.0
0.03424 0.0
0.03449 0.0
0.03473 0.0
0.03498 0.0
0.03522 0.0
0.03547 0.0
0.03571 0.0
0.03595 0.0
0.0362 0.0
0.03644 0.0
0.03669 0.0
0.03693 0.0
0.03717 0.0
0.03742 0.0
0.03766 0.0
0.03791 0.0
0.03815 0.0
0.03839 0.0
0.03864 0.0
0.03888 0.0
0.03913 0.0
0.03937 0.0
0.03962 0.0
0.03986 0.0
0.0401 0.0
0.04035 0.0
0.04059 0.0
0.04084 0.0
0.04108 0.0
0.04132 0.0
0.04157 0.0
0.04181 0.0
0.04206 0.0
0.0423 0.0
0.04255 0.0
0.04279 0.0
0.04303 0.0
0.04328 0.0
0.04352 0.0
0.04377 0.0
0.04401 0.0
0.04425 0.0
0.0445 0.0
0.04474 0.0
0.04499 0.0
0.04523 0.0
0.04548 0.0
0.04572 0.0
0.04596 0.0
0.04621 0.0
0.04645 0.0
0.0467 0.0
0.04694 0.0
0.04718 0.0
0.04743 0.0
0.04767 0.0
0.04792 0.0
0.04816 0.0
0.0484 0.0
0.04865 0.0
0.04889 0.0
0.04914 0.0
0.04938 0.0
0.04963 0.0
0.04987 0.0
0.05011 0.0
0.05036 0.0
0.0506 0.0
0.05085 0.0
0.05109 0.0
0.05133 0.0
0.05158 0.0
0.05182 0.0
0.05207 0.0
0.05231 0.0
0.05256 0.0
0.0528 0.0
0.05304 0.0
0.05329 0.0
0.05353 0.0
0.05378 0.0
0.05402 0.0
0.05426 0.0
0.05451 0.0
0.05475 0.0
0.055 0.0
0.05524 0.0
0.05548 0.0
0.05573 0.0
0.05597 0.0
0.05622 0.0
0.05646 0.0
0.05671 0.0
0.05695 0.0
0.05719 0.0
0.05744 0.0
0.05768 0.0
0.05793 0.0
0.05817 0.0
0.05841 0.0
0.05866 0.0
0.0589 0.0
0.05915 0.0
0.05939 0.0
0.05964 0.0
0.05988 0.0
0.06012 0.0
0.06037 0.0
0.06061 0.0
0.06086 0.0
0.0611 0.0
0.06134 0.0
0.06159 0.0
0.06183 0.0
0.06208 0.0
0.06232 0.0
0.06256 0.0
0.06281 0.0
0.06305 0.0
0.0633 0.0
0.06354 0.0
0.06379 0.0
0.06403 0.0
0.06427 0.0
0.06452 0.0
0.06476 0.0
0.06501 0.0
0.06525 0.0
0.06549 0.0
0.06574 0.0
0.06598 0.0
0.06623 0.0
0.06647 0.0
0.06672 0.0
0.06696 0.0
0.0672 0.0
0.06745 0.0
0.06769 0.0
0.06794 0.0
0.06818 0.0
0.06842 0.0
0.06867 0.0
0.06891 0.0
0.06916 0.0
0.0694 0.0
0.06964 0.0
0.06989 0.0
0.07013 0.0
0.07038 0.0
0.07062 0.0
0.07087 0.0
0.07111 0.0
0.07135 0.0
0.0716 0.0
0.07184 0.0
0.07209 0.0
0.07233 0.0
0.07257 0.0
0.07282 0.0
0.07306 0.0
0.07331 0.0
0.07355 0.0
0.0738 0.0
0.07404 0.0
0.07428 0.0
0.07453 0.0
0.07477 0.0
0.07502 0.0
0.07526 0.0
0.0755 0.0
0.07575 0.0
0.07599 0.0
0.07624 0.0
0.07648 0.0
0.07673 0.0
0.07697 0.0
0.07721 0.0
0.07746 0.0
0.0777 0.0
0.07795 0.0
0.07819 0.0
0.07843 0.0
0.07868 0.0
0.07892 0.0
0.07917 0.0
0.07941 0.0
0.07965 0.0
0.0799 0.0
0.08014 0.0
0.08039 0.0
0.08063 0.0
0.08088 0.0
0.08112 0.0
0.08136 0.0
0.08161 0.0
0.08185 0.0
0.0821 0.0
0.08234 0.0
0.08258 0.0
0.08283 0.0
0.08307 0.0
0.08332 0.0
0.08356 0.0
0.08381 0.0
0.08405 0.0
0.08429 0.0
0.08454 0.0
0.08478 0.0
0.08503 0.0
0.08527 0.0
0.08551 0.0
0.08576 0.0
0.086 0.0
0.08625 0.0
0.08649 0.0
0.08673 0.0
0.08698 0.0
0.08722 0.0
0.08747 0.0
0.08771 0.0
0.08796 0.0
0.0882 0.0
0.08844 0.0
0.08869 0.0
0.08893 0.0
0.08918 0.0
0.08942 0.0
0.08966 0.0
0.08991 0.0
0.09015 0.0
0.0904 0.0
0.09064 0.0
0.09089 0.0
0.09113 0.0
0.09137 0.0
0.09162 0.0
0.09186 0.0
0.09211 0.0
0.09235 0.0
0.09259 0.0
0.09284 0.0
0.09308 0.0
0.09333 0.0
0.09357 0.0
0.09381 0.0
0.09406 0.0
0.0943 0.0
0.09455 0.0
0.09479 0.0
0.09504 0.0
0.09528 0.0
0.09552 0.0
0.09577 0.0
0.09601 0.0
0.09626 0.0
0.0965 0.0
0.09674 0.0
0.09699 0.0
0.09723 0.0
0.09748 0.0
0.09772 0.0
0.09797 0.0
0.09821 0.0
0.09845 0.0
0.0987 0.0
0.09894 0.0
0.09919 0.0
0.09943 0.0
0.09967 0.0
0.09992 0.0
0.10016 0.0
0.10041 0.0
0.10065 0.0
0.10089 0.0
0.10114 0.0
0.10138 0.0
0.10163 0.0
0.10187 0.0
0.10212 0.0
0.10236 0.0
0.1026 0.0
0.10285 0.0
0.10309 0.0
0.10334 0.0
0.10358 0.0
0.10382 0.0
0.10407 0.0
0.10431 0.0
0.10456 0.0
0.1048 0.0
0.10505 0.0
0.10529 0.0
0.10553 0.0
0.10578 0.0
0.10602 0.0
0.10627 0.0
0.10651 0.0
0.10675 0.0
0.107 0.0
0.10724 0.0
0.10749 0.0
0.10773 0.0
0.10798 0.0
0.10822 0.0
0.10846 0.0
0.10871 0.0
0.10895 0.0
0.1092 0.0
0.10944 0.0
0.10968 0.0
0.10993 0.0
0.11017 0.0
0.11042 0.0
0.11066 0.0
0.1109 0.0
0.11115 0.0
0.11139 0.0
0.11164 0.0
0.11188 0.0
0.11213 0.0
0.11237 0.0
0.11261 0.0
0.11286 0.0
0.1131 0.0
0.11335 0.0
0.11359 0.0
0.11383 0.0
0.11408 0.0
0.11432 0.0
0.11457 0.0
0.11481 0.0
0.11506 0.0
0.1153 0.0
0.11554 0.0
0.11579 0.0
0.11603 0.0
0.11628 0.0
0.11652 0.0
0.11676 0.0
0.11701 0.0
0.11725 0.0
0.1175 0.0
0.11774 0.0
0.11798 0.0
0.11823 0.0
0.11847 0.0
0.11872 0.0
0.11896 0.0
0.11921 0.0
0.11945 0.0
0.11969 0.0
0.11994 0.0
0.12018 0.0
0.12043 0.0
0.12067 0.0
0.12091 0.0
0.12116 0.0
0.1214 0.0
0.12165 0.0
0.12189 0.0
0.12214 0.0
0.12238 0.0
0.12262 0.0
0.12287 0.0
0.12311 0.0
0.12336 0.0
0.1236 0.0
0.12384 0.0
0.12409 0.0
0.12433 0.0
0.12458 0.0
0.12482 0.0
0.12506 0.0
0.12531 0.0
0.12555 0.0
0.1258 0.0
0.12604 0.0
0.12629 0.0
0.12653 0.0
0.12677 0.0
0.12702 0.0
0.12726 0.0
0.12751 0.0
0.12775 0.0
0.12799 0.0
0.12824 0.0
0.12848 0.0
0.12873 0.0
0.12897 0.0
0.12922 0.0
0.12946 0.0
0.1297 0.0
0.12995 0.0
0.13019 0.0
0.13044 0.0
0.13068 0.0
0.13092 0.0
0.13117 0.0
0.13141 0.0
0.13166 0.0
0.1319 0.0
0.13214 0.0
0.13239 0.0
0.13263 0.0
0.13288 0.0
0.13312 0.0
0.13337 0.0
0.13361 0.0
0.13385 0.0
0.1341 0.0
0.13434 0.0
0.13459 0.0
0.13483 0.0
0.13507 0.0
0.13532 0.0
0.13556 0.0
0.13581 0.0
0.13605 0.0
0.1363 0.0
0.13654 0.0
0.13678 0.0
0.13703 0.0
0.13727 0.0
0.13752 0.0
0.13776 0.0
0.138 0.0
0.13825 0.0
0.13849 0.0
0.13874 0.0
0.13898 0.0
0.13923 0.0
0.13947 0.0
0.13971 0.0
0.13996 0.0
0.1402 0.0
0.14045 0.0
0.14069 0.0
0.14093 0.0
0.14118 0.0
0.14142 0.0
0.14167 0.0
0.14191 0.0
0.14215 0.0
0.1424 0.0
0.14264 0.0
0.14289 0.0
0.14313 0.0
0.14338 0.0
0.14362 0.0
0.14386 0.0
0.14411 0.0
0.14435 0.0
0.1446 0.0
0.14484 0.0
0.14508 0.0
0.14533 0.0
0.14557 0.0
0.14582 0.0
0.14606 0.0
0.14631 0.0
0.14655 0.0
0.14679 0.0
0.14704 0.0
0.14728 0.0
0.14753 0.0
0.14777 0.0
0.14801 0.0
0.14826 0.0
0.1485 0.0
0.14875 0.0
0.14899 0.0
0.14923 0.0
0.14948 0.0
0.14972 0.0
0.14997 0.0
0.15021 0.0
0.15046 0.0
0.1507 0.0
0.15094 0.0
0.15119 0.0
0.15143 0.0
0.15168 0.0
0.15192 0.0
0.15216 0.0
0.15241 0.0
0.15265 0.0
0.1529 0.0
0.15314 0.0
0.15339 0.0
0.15363 0.0
0.15387 0.0
0.15412 0.0
0.15436 0.0
0.15461 0.0
0.15485 0.0
0.15509 0.0
0.15534 0.0
0.15558 0.0
0.15583 0.0
0.15607 0.0
0.15631 0.0
0.15656 0.0
0.1568 0.0
0.15705 0.0
0.15729 0.0
0.15754 0.0
0.15778 0.0
0.15802 0.0
0.15827 0.0
0.15851 0.0
0.15876 0.0
0.159 0.0
0.15924 0.0
0.15949 0.0
0.15973 0.0
0.15998 0.0
0.16022 0.0
0.16047 0.0
0.16071 0.0
0.16095 0.0
0.1612 0.0
0.16144 0.0
0.16169 0.0
0.16193 0.0
0.16217 0.0
0.16242 0.0
0.16266 0.0
0.16291 0.0
0.16315 0.0
0.16339 0.0
0.16364 0.0
0.16388 0.0
0.16413 0.0
0.16437 0.0
0.16462 0.0
0.16486 0.0
0.1651 0.0
0.16535 0.0
0.16559 0.0
0.16584 0.0
0.16608 0.0
0.16632 0.0
0.16657 0.0
0.16681 0.0
0.16706 0.0
0.1673 0.0
0.16755 0.0
0.16779 0.0
0.16803 0.0
0.16828 0.0
0.16852 0.0
0.16877 0.0
0.16901 0.0
0.16925 0.0
0.1695 0.0
0.16974 0.0
0.16999 0.0
0.17023 0.0
0.17048 0.0
0.17072 0.0
0.17096 0.0
0.17121 0.0
0.17145 0.0
0.1717 0.0
0.17194 0.0
0.17218 0.0
0.17243 0.0
0.17267 0.0
0.17292 0.0
0.17316 0.0
0.1734 0.0
0.17365 0.0
0.17389 0.0
0.17414 0.0
0.17438 0.0
0.17463 0.0
0.17487 0.0
0.17511 0.0
0.17536 0.0
