t strain*1e23
-0.51787 -4.6
-0.51762 -4.6
-0.51738 -4.5
-0.51714 -4.5
-0.51689 -4.4
-0.51665 -4.3
-0.5164 -4.3
-0.51616 -4.2
-0.51591 -4.1
-0.51567 -4.0
-0.51543 -3.9
-0.51518 -3.8
-0.51494 -3.7
-0.51469 -3.5
-0.51445 -3.4
-0.51421 -3.3
-0.51396 -3.1
-0.51372 -3.0
-0.51347 -2.9
-0.51323 -2.7
-0.51299 -2.6
-0.51274 -2.4
-0.5125 -2.2
-0.51225 -2.1
-0.51201 -1.9
-0.51176 -1.7
-0.51152 -1.6
-0.51128 -1.4
-0.51103 -1.2
-0.51079 -1.0
-0.51054 -0.9
-0.5103 -0.7
-0.51006 -0.5
-0.50981 -0.3
-0.50957 -0.1
-0.50932 0.0
-0.50908 0.2
-0.50883 0.4
-0.50859 0.6
-0.50835 0.8
-0.5081 1.0
-0.50786 1.2
-0.50761 1.3
-0.50737 1.5
-0.50713 1.7
-0.50688 1.9
-0.50664 2.0
-0.50639 2.2
-0.50615 2.4
-0.50591 2.5
-0.50566 2.7
-0.50542 2.8
-0.50517 3.0
-0.50493 3.1
-0.50468 3.3
-0.50444 3.4
-0.5042 3.5
-0.50395 3.6
-0.50371 3.8
-0.50346 3.9
-0.50322 4.0
-0.50298 4.1
-0.50273 4.2
-0.50249 4.3
-0.50224 4.3
-0.502 4.4
-0.50175 4.5
-0.50151 4.6
-0.50127 4.6
-0.50102 4.7
-0.50078 4.7
-0.50053 4.7
-0.50029 4.8
-0.50005 4.8
-0.4998 4.8
-0.49956 4.8
-0.49931 4.8
-0.49907 4.8
-0.49883 4.8
-0.49858 4.8
-0.49834 4.7
-0.49809 4.7
-0.49785 4.6
-0.4976 4.6
-0.49736 4.5
-0.49712 4.5
-0.49687 4.4
-0.49663 4.3
-0.49638 4.2
-0.49614 4.1
-0.4959 4.0
-0.49565 3.9
-0.49541 3.8
-0.49516 3.7
-0.49492 3.6
-0.49467 3.5
-0.49443 3.3
-0.49419 3.2
-0.49394 3.1
-0.4937 2.9
-0.49345 2.8
-0.49321 2.6
-0.49297 2.4
-0.49272 2.3
-0.49248 2.1
-0.49223 1.9
-0.49199 1.8
-0.49174 1.6
-0.4915 1.4
-0.49126 1.2
-0.49101 1.0
-0.49077 0.9
-0.49052 0.7
-0.49028 0.5
-0.49004 0.3
-0.48979 0.1
-0.48955 0.0
-0.4893 -0.3
-0.48906 -0.5
-0.48882 -0.6
-0.48857 -0.8
-0.48833 -1.0
-0.48808 -1.2
-0.48784 -1.4
-0.48759 -1.6
-0.48735 -1.7
-0.48711 -1.9
-0.48686 -2.1
-0.48662 -2.3
-0.48637 -2.4
-0.48613 -2.6
-0.48589 -2.7
-0.48564 -2.9
-0.4854 -3.0
-0.48515 -3.2
-0.48491 -3.3
-0.48466 -3.5
-0.48442 -3.6
-0.48418 -3.7
-0.48393 -3.8
-0.48369 -4.0
-0.48344 -4.1
-0.4832 -4.2
-0.48296 -4.3
-0.48271 -4.3
-0.48247 -4.4
-0.48222 -4.5
-0.48198 -4.6
-0.48174 -4.6
-0.48149 -4.7
-0.48125 -4.7
-0.481 -4.8
-0.48076 -4.8
-0.48051 -4.8
-0.48027 -4.8
-0.48003 -4.8
-0.47978 -4.8
-0.47954 -4.8
-0.47929 -4.8
-0.47905 -4.8
-0.47881 -4.8
-0.47856 -4.7
-0.47832 -4.7
-0.47807 -4.6
-0.47783 -4.6
-0.47758 -4.5
-0.47734 -4.4
-0.4771 -4.4
-0.47685 -4.3
-0.47661 -4.2
-0.47636 -4.1
-0.47612 -4.0
-0.47588 -3.9
-0.47563 -3.8
-0.47539 -3.6
-0.47514 -3.5
-0.4749 -3.4
-0.47466 -3.2
-0.47441 -3.1
-0.47417 -2.9
-0.47392 -2.8
-0.47368 -2.6
-0.47343 -2.5
-0.47319 -2.3
-0.47295 -2.1
-0.4727 -1.9
-0.47246 -1.8
-0.47221 -1.6
-0.47197 -1.4
-0.47173 -1.2
-0.47148 -1.0
-0.47124 -0.8
-0.47099 -0.7
-0.47075 -0.5
-0.4705 -0.3
-0.47026 0.0
-0.47002 0.1
-0.46977 0.3
-0.46953 0.5
-0.46928 0.7
-0.46904 0.9
-0.4688 1.1
-0.46855 1.3
-0.46831 1.4
-0.46806 1.6
-0.46782 1.8
-0.46758 2.0
-0.46733 2.2
-0.46709 2.3
-0.46684 2.5
-0.4666 2.7
-0.46635 2.8
-0.46611 3.0
-0.46587 3.1
-0.46562 3.3
-0.46538 3.4
-0.46513 3.6
-0.46489 3.7
-0.46465 3.8
-0.4644 3.9
-0.46416 4.0
-0.46391 4.2
-0.46367 4.3
-0.46342 4.3
-0.46318 4.4
-0.46294 4.5
-0.46269 4.6
-0.46245 4.6
-0.4622 4.7
-0.46196 4.8
-0.46172 4.8
-0.46147 4.8
-0.46123 4.9
-0.46098 4.9
-0.46074 4.9
-0.46049 4.9
-0.46025 4.9
-0.46001 4.9
-0.45976 4.9
-0.45952 4.8
-0.45927 4.8
-0.45903 4.7
-0.45879 4.7
-0.45854 4.6
-0.4583 4.6
-0.45805 4.5
-0.45781 4.4
-0.45757 4.3
-0.45732 4.2
-0.45708 4.1
-0.45683 4.0
-0.45659 3.9
-0.45634 3.8
-0.4561 3.7
-0.45586 3.5
-0.45561 3.4
-0.45537 3.3
-0.45512 3.1
-0.45488 3.0
-0.45464 2.8
-0.45439 2.6
-0.45415 2.5
-0.4539 2.3
-0.45366 2.1
-0.45341 1.9
-0.45317 1.8
-0.45293 1.6
-0.45268 1.4
-0.45244 1.2
-0.45219 1.0
-0.45195 0.8
-0.45171 0.6
-0.45146 0.4
-0.45122 0.2
-0.45097 0.0
-0.45073 -0.2
-0.45049 -0.4
-0.45024 -0.6
-0.45 -0.8
-0.44975 -1.0
-0.44951 -1.2
-0.44926 -1.3
-0.44902 -1.5
-0.44878 -1.7
-0.44853 -1.9
-0.44829 -2.1
-0.44804 -2.3
-0.4478 -2.4
-0.44756 -2.6
-0.44731 -2.8
-0.44707 -2.9
-0.44682 -3.1
-0.44658 -3.2
-0.44633 -3.4
-0.44609 -3.5
-0.44585 -3.7
-0.4456 -3.8
-0.44536 -3.9
-0.44511 -4.0
-0.44487 -4.2
-0.44463 -4.3
-0.44438 -4.4
-0.44414 -4.4
-0.44389 -4.5
-0.44365 -4.6
-0.44341 -4.7
-0.44316 -4.7
-0.44292 -4.8
-0.44267 -4.8
-0.44243 -4.9
-0.44218 -4.9
-0.44194 -4.9
-0.4417 -4.9
-0.44145 -4.9
-0.44121 -4.9
-0.44096 -4.9
-0.44072 -4.9
-0.44048 -4.9
-0.44023 -4.8
-0.43999 -4.8
-0.43974 -4.7
-0.4395 -4.7
-0.43925 -4.6
-0.43901 -4.5
-0.43877 -4.5
-0.43852 -4.4
-0.43828 -4.3
-0.43803 -4.2
-0.43779 -4.1
-0.43755 -3.9
-0.4373 -3.8
-0.43706 -3.7
-0.43681 -3.6
-0.43657 -3.4
-0.43633 -3.3
-0.43608 -3.1
-0.43584 -2.9
-0.43559 -2.8
-0.43535 -2.6
-0.4351 -2.4
-0.43486 -2.3
-0.43462 -2.1
-0.43437 -1.9
-0.43413 -1.7
-0.43388 -1.5
-0.43364 -1.3
-0.4334 -1.1
-0.43315 -0.9
-0.43291 -0.7
-0.43266 -0.5
-0.43242 -0.3
-0.43217 -0.1
-0.43193 0.0
-0.43169 0.3
-0.43144 0.5
-0.4312 0.7
-0.43095 0.9
-0.43071 1.1
-0.43047 1.3
-0.43022 1.5
-0.42998 1.7
-0.42973 1.8
-0.42949 2.0
-0.42924 2.2
-0.429 2.4
-0.42876 2.6
-0.42851 2.7
-0.42827 2.9
-0.42802 3.1
-0.42778 3.2
-0.42754 3.4
-0.42729 3.5
-0.42705 3.7
-0.4268 3.8
-0.42656 3.9
-0.42632 4.1
-0.42607 4.2
-0.42583 4.3
-0.42558 4.4
-0.42534 4.5
-0.42509 4.6
-0.42485 4.6
-0.42461 4.7
-0.42436 4.8
-0.42412 4.8
-0.42387 4.9
-0.42363 4.9
-0.42339 4.9
-0.42314 5.0
-0.4229 5.0
-0.42265 5.0
-0.42241 5.0
-0.42216 5.0
-0.42192 4.9
-0.42168 4.9
-0.42143 4.9
-0.42119 4.8
-0.42094 4.8
-0.4207 4.7
-0.42046 4.7
-0.42021 4.6
-0.41997 4.5
-0.41972 4.4
-0.41948 4.3
-0.41924 4.2
-0.41899 4.1
-0.41875 4.0
-0.4185 3.8
-0.41826 3.7
-0.41801 3.5
-0.41777 3.4
-0.41753 3.2
-0.41728 3.1
-0.41704 2.9
-0.41679 2.7
-0.41655 2.6
-0.41631 2.4
-0.41606 2.2
-0.41582 2.0
-0.41557 1.8
-0.41533 1.6
-0.41508 1.4
-0.41484 1.2
-0.4146 1.0
-0.41435 0.8
-0.41411 0.6
-0.41386 0.4
-0.41362 0.2
-0.41338 0.0
-0.41313 -0.2
-0.41289 -0.4
-0.41264 -0.6
-0.4124 -0.8
-0.41216 -1.0
-0.41191 -1.2
-0.41167 -1.4
-0.41142 -1.6
-0.41118 -1.8
-0.41093 -2.0
-0.41069 -2.2
-0.41045 -2.4
-0.4102 -2.6
-0.40996 -2.7
-0.40971 -2.9
-0.40947 -3.1
-0.40923 -3.2
-0.40898 -3.4
-0.40874 -3.6
-0.40849 -3.7
-0.40825 -3.8
-0.408 -4.0
-0.40776 -4.1
-0.40752 -4.2
-0.40727 -4.3
-0.40703 -4.4
-0.40678 -4.5
-0.40654 -4.6
-0.4063 -4.7
-0.40605 -4.8
-0.40581 -4.8
-0.40556 -4.9
-0.40532 -4.9
-0.40508 -5.0
-0.40483 -5.0
-0.40459 -5.0
-0.40434 -5.0
-0.4041 -5.0
-0.40385 -5.0
-0.40361 -5.0
-0.40337 -5.0
-0.40312 -5.0
-0.40288 -4.9
-0.40263 -4.9
-0.40239 -4.8
-0.40215 -4.7
-0.4019 -4.7
-0.40166 -4.6
-0.40141 -4.5
-0.40117 -4.4
-0.40092 -4.3
-0.40068 -4.2
-0.40044 -4.1
-0.40019 -3.9
-0.39995 -3.8
-0.3997 -3.7
-0.39946 -3.5
-0.39922 -3.4
-0.39897 -3.2
-0.39873 -3.0
-0.39848 -2.9
-0.39824 -2.7
-0.39799 -2.5
-0.39775 -2.3
-0.39751 -2.1
-0.39726 -1.9
-0.39702 -1.7
-0.39677 -1.5
-0.39653 -1.3
-0.39629 -1.1
-0.39604 -0.9
-0.3958 -0.7
-0.39555 -0.5
-0.39531 -0.3
-0.39507 0.0
-0.39482 0.1
-0.39458 0.4
-0.39433 0.6
-0.39409 0.8
-0.39384 1.0
-0.3936 1.2
-0.39336 1.4
-0.39311 1.6
-0.39287 1.8
-0.39262 2.0
-0.39238 2.2
-0.39214 2.4
-0.39189 2.6
-0.39165 2.8
-0.3914 2.9
-0.39116 3.1
-0.39091 3.3
-0.39067 3.4
-0.39043 3.6
-0.39018 3.7
-0.38994 3.9
-0.38969 4.0
-0.38945 4.1
-0.38921 4.3
-0.38896 4.4
-0.38872 4.5
-0.38847 4.6
-0.38823 4.7
-0.38799 4.8
-0.38774 4.8
-0.3875 4.9
-0.38725 4.9
-0.38701 5.0
-0.38676 5.0
-0.38652 5.1
-0.38628 5.1
-0.38603 5.1
-0.38579 5.1
-0.38554 5.1
-0.3853 5.1
-0.38506 5.0
-0.38481 5.0
-0.38457 5.0
-0.38432 4.9
-0.38408 4.8
-0.38383 4.8
-0.38359 4.7
-0.38335 4.6
-0.3831 4.5
-0.38286 4.4
-0.38261 4.3
-0.38237 4.2
-0.38213 4.0
-0.38188 3.9
-0.38164 3.8
-0.38139 3.6
-0.38115 3.4
-0.38091 3.3
-0.38066 3.1
-0.38042 2.9
-0.38017 2.8
-0.37993 2.6
-0.37968 2.4
-0.37944 2.2
-0.3792 2.0
-0.37895 1.8
-0.37871 1.6
-0.37846 1.4
-0.37822 1.2
-0.37798 1.0
-0.37773 0.7
-0.37749 0.5
-0.37724 0.3
-0.377 0.0
-0.37675 -0.1
-0.37651 -0.3
-0.37627 -0.6
-0.37602 -0.8
-0.37578 -1.0
-0.37553 -1.2
-0.37529 -1.4
-0.37505 -1.6
-0.3748 -1.8
-0.37456 -2.0
-0.37431 -2.2
-0.37407 -2.4
-0.37383 -2.6
-0.37358 -2.8
-0.37334 -3.0
-0.37309 -3.2
-0.37285 -3.3
-0.3726 -3.5
-0.37236 -3.7
-0.37212 -3.8
-0.37187 -4.0
-0.37163 -4.1
-0.37138 -4.2
-0.37114 -4.3
-0.3709 -4.5
-0.37065 -4.6
-0.37041 -4.7
-0.37016 -4.7
-0.36992 -4.8
-0.36967 -4.9
-0.36943 -5.0
-0.36919 -5.0
-0.36894 -5.1
-0.3687 -5.1
-0.36845 -5.1
-0.36821 -5.1
-0.36797 -5.1
-0.36772 -5.1
-0.36748 -5.1
-0.36723 -5.1
-0.36699 -5.1
-0.36674 -5.0
-0.3665 -5.0
-0.36626 -4.9
-0.36601 -4.8
-0.36577 -4.8
-0.36552 -4.7
-0.36528 -4.6
-0.36504 -4.5
-0.36479 -4.4
-0.36455 -4.2
-0.3643 -4.1
-0.36406 -4.0
-0.36382 -3.8
-0.36357 -3.7
-0.36333 -3.5
-0.36308 -3.4
-0.36284 -3.2
-0.36259 -3.0
-0.36235 -2.8
-0.36211 -2.6
-0.36186 -2.4
-0.36162 -2.2
-0.36137 -2.0
-0.36113 -1.8
-0.36089 -1.6
-0.36064 -1.4
-0.3604 -1.2
-0.36015 -1.0
-0.35991 -0.7
-0.35966 -0.5
-0.35942 -0.3
-0.35918 0.0
-0.35893 0.1
-0.35869 0.4
-0.35844 0.6
-0.3582 0.8
-0.35796 1.0
-0.35771 1.3
-0.35747 1.5
-0.35722 1.7
-0.35698 1.9
-0.35674 2.1
-0.35649 2.3
-0.35625 2.5
-0.356 2.7
-0.35576 2.9
-0.35551 3.1
-0.35527 3.3
-0.35503 3.4
-0.35478 3.6
-0.35454 3.8
-0.35429 3.9
-0.35405 4.1
-0.35381 4.2
-0.35356 4.3
-0.35332 4.4
-0.35307 4.6
-0.35283 4.7
-0.35258 4.8
-0.35234 4.8
-0.3521 4.9
-0.35185 5.0
-0.35161 5.0
-0.35136 5.1
-0.35112 5.1
-0.35088 5.2
-0.35063 5.2
-0.35039 5.2
-0.35014 5.2
-0.3499 5.2
-0.34966 5.2
-0.34941 5.1
-0.34917 5.1
-0.34892 5.0
-0.34868 5.0
-0.34843 4.9
-0.34819 4.8
-0.34795 4.7
-0.3477 4.6
-0.34746 4.5
-0.34721 4.4
-0.34697 4.3
-0.34673 4.2
-0.34648 4.0
-0.34624 3.9
-0.34599 3.7
-0.34575 3.6
-0.3455 3.4
-0.34526 3.2
-0.34502 3.0
-0.34477 2.8
-0.34453 2.6
-0.34428 2.4
-0.34404 2.2
-0.3438 2.0
-0.34355 1.8
-0.34331 1.6
-0.34306 1.4
-0.34282 1.2
-0.34258 0.9
-0.34233 0.7
-0.34209 0.5
-0.34184 0.2
-0.3416 0.0
-0.34135 -0.2
-0.34111 -0.4
-0.34087 -0.7
-0.34062 -0.9
-0.34038 -1.1
-0.34013 -1.4
-0.33989 -1.6
-0.33965 -1.8
-0.3394 -2.0
-0.33916 -2.2
-0.33891 -2.4
-0.33867 -2.6
-0.33842 -2.8
-0.33818 -3.0
-0.33794 -3.2
-0.33769 -3.4
-0.33745 -3.6
-0.3372 -3.7
-0.33696 -3.9
-0.33672 -4.1
-0.33647 -4.2
-0.33623 -4.3
-0.33598 -4.5
-0.33574 -4.6
-0.33549 -4.7
-0.33525 -4.8
-0.33501 -4.9
-0.33476 -5.0
-0.33452 -5.0
-0.33427 -5.1
-0.33403 -5.1
-0.33379 -5.2
-0.33354 -5.2
-0.3333 -5.2
-0.33305 -5.3
-0.33281 -5.3
-0.33257 -5.2
-0.33232 -5.2
-0.33208 -5.2
-0.33183 -5.2
-0.33159 -5.1
-0.33134 -5.0
-0.3311 -5.0
-0.33086 -4.9
-0.33061 -4.8
-0.33037 -4.7
-0.33012 -4.6
-0.32988 -4.5
-0.32964 -4.3
-0.32939 -4.2
-0.32915 -4.0
-0.3289 -3.9
-0.32866 -3.7
-0.32841 -3.6
-0.32817 -3.4
-0.32793 -3.2
-0.32768 -3.0
-0.32744 -2.8
-0.32719 -2.6
-0.32695 -2.4
-0.32671 -2.2
-0.32646 -2.0
-0.32622 -1.8
-0.32597 -1.5
-0.32573 -1.3
-0.32549 -1.1
-0.32524 -0.8
-0.325 -0.6
-0.32475 -0.4
-0.32451 -0.1
-0.32426 0.1
-0.32402 0.3
-0.32378 0.6
-0.32353 0.8
-0.32329 1.1
-0.32304 1.3
-0.3228 1.5
-0.32256 1.7
-0.32231 2.0
-0.32207 2.2
-0.32182 2.4
-0.32158 2.6
-0.32133 2.8
-0.32109 3.0
-0.32085 3.2
-0.3206 3.4
-0.32036 3.6
-0.32011 3.8
-0.31987 3.9
-0.31963 4.1
-0.31938 4.2
-0.31914 4.4
-0.31889 4.5
-0.31865 4.6
-0.31841 4.7
-0.31816 4.8
-0.31792 4.9
-0.31767 5.0
-0.31743 5.1
-0.31718 5.2
-0.31694 5.2
-0.3167 5.3
-0.31645 5.3
-0.31621 5.3
-0.31596 5.3
-0.31572 5.3
-0.31548 5.3
-0.31523 5.3
-0.31499 5.2
-0.31474 5.2
-0.3145 5.1
-0.31425 5.1
-0.31401 5.0
-0.31377 4.9
-0.31352 4.8
-0.31328 4.7
-0.31303 4.6
-0.31279 4.5
-0.31255 4.3
-0.3123 4.2
-0.31206 4.0
-0.31181 3.9
-0.31157 3.7
-0.31133 3.5
-0.31108 3.3
-0.31084 3.1
-0.31059 2.9
-0.31035 2.7
-0.3101 2.5
-0.30986 2.3
-0.30962 2.1
-0.30937 1.9
-0.30913 1.6
-0.30888 1.4
-0.30864 1.2
-0.3084 0.9
-0.30815 0.7
-0.30791 0.4
-0.30766 0.2
-0.30742 0.0
-0.30717 -0.3
-0.30693 -0.5
-0.30669 -0.8
-0.30644 -1.0
-0.3062 -1.3
-0.30595 -1.5
-0.30571 -1.7
-0.30547 -2.0
-0.30522 -2.2
-0.30498 -2.4
-0.30473 -2.6
-0.30449 -2.9
-0.30424 -3.1
-0.304 -3.3
-0.30376 -3.5
-0.30351 -3.6
-0.30327 -3.8
-0.30302 -4.0
-0.30278 -4.1
-0.30254 -4.3
-0.30229 -4.4
-0.30205 -4.6
-0.3018 -4.7
-0.30156 -4.8
-0.30132 -4.9
-0.30107 -5.0
-0.30083 -5.1
-0.30058 -5.2
-0.30034 -5.2
-0.30009 -5.3
-0.29985 -5.3
-0.29961 -5.4
-0.29936 -5.4
-0.29912 -5.4
-0.29887 -5.4
-0.29863 -5.4
-0.29839 -5.3
-0.29814 -5.3
-0.2979 -5.2
-0.29765 -5.2
-0.29741 -5.1
-0.29716 -5.0
-0.29692 -4.9
-0.29668 -4.8
-0.29643 -4.7
-0.29619 -4.6
-0.29594 -4.4
-0.2957 -4.3
-0.29546 -4.1
-0.29521 -4.0
-0.29497 -3.8
-0.29472 -3.6
-0.29448 -3.4
-0.29424 -3.2
-0.29399 -3.0
-0.29375 -2.8
-0.2935 -2.6
-0.29326 -2.4
-0.29301 -2.1
-0.29277 -1.9
-0.29253 -1.7
-0.29228 -1.4
-0.29204 -1.2
-0.29179 -0.9
-0.29155 -0.7
-0.29131 -0.4
-0.29106 -0.2
-0.29082 0.0
-0.29057 0.3
-0.29033 0.6
-0.29008 0.8
-0.28984 1.1
-0.2896 1.3
-0.28935 1.6
-0.28911 1.8
-0.28886 2.0
-0.28862 2.3
-0.28838 2.5
-0.28813 2.7
-0.28789 2.9
-0.28764 3.2
-0.2874 3.4
-0.28716 3.6
-0.28691 3.7
-0.28667 3.9
-0.28642 4.1
-0.28618 4.3
-0.28593 4.4
-0.28569 4.6
-0.28545 4.7
-0.2852 4.8
-0.28496 4.9
-0.28471 5.0
-0.28447 5.1
-0.28423 5.2
-0.28398 5.3
-0.28374 5.3
-0.28349 5.4
-0.28325 5.4
-0.283 5.4
-0.28276 5.4
-0.28252 5.4
-0.28227 5.4
-0.28203 5.4
-0.28178 5.4
-0.28154 5.3
-0.2813 5.3
-0.28105 5.2
-0.28081 5.1
-0.28056 5.0
-0.28032 4.9
-0.28008 4.8
-0.27983 4.6
-0.27959 4.5
-0.27934 4.4
-0.2791 4.2
-0.27885 4.0
-0.27861 3.8
-0.27837 3.7
-0.27812 3.5
-0.27788 3.3
-0.27763 3.0
-0.27739 2.8
-0.27715 2.6
-0.2769 2.4
-0.27666 2.1
-0.27641 1.9
-0.27617 1.6
-0.27592 1.4
-0.27568 1.1
-0.27544 0.9
-0.27519 0.6
-0.27495 0.4
-0.2747 0.1
-0.27446 -0.1
-0.27422 -0.4
-0.27397 -0.7
-0.27373 -0.9
-0.27348 -1.2
-0.27324 -1.4
-0.27299 -1.7
-0.27275 -1.9
-0.27251 -2.2
-0.27226 -2.4
-0.27202 -2.6
-0.27177 -2.9
-0.27153 -3.1
-0.27129 -3.3
-0.27104 -3.5
-0.2708 -3.7
-0.27055 -3.9
-0.27031 -4.1
-0.27007 -4.3
-0.26982 -4.4
-0.26958 -4.6
-0.26933 -4.7
-0.26909 -4.8
-0.26884 -5.0
-0.2686 -5.1
-0.26836 -5.2
-0.26811 -5.3
-0.26787 -5.3
-0.26762 -5.4
-0.26738 -5.4
-0.26714 -5.5
-0.26689 -5.5
-0.26665 -5.5
-0.2664 -5.5
-0.26616 -5.5
-0.26591 -5.5
-0.26567 -5.4
-0.26543 -5.4
-0.26518 -5.3
-0.26494 -5.2
-0.26469 -5.2
-0.26445 -5.1
-0.26421 -4.9
-0.26396 -4.8
-0.26372 -4.7
-0.26347 -4.5
-0.26323 -4.4
-0.26299 -4.2
-0.26274 -4.0
-0.2625 -3.8
-0.26225 -3.6
-0.26201 -3.4
-0.26176 -3.2
-0.26152 -3.0
-0.26128 -2.8
-0.26103 -2.5
-0.26079 -2.3
-0.26054 -2.1
-0.2603 -1.8
-0.26006 -1.6
-0.25981 -1.3
-0.25957 -1.0
-0.25932 -0.8
-0.25908 -0.5
-0.25883 -0.2
-0.25859 0.0
-0.25835 0.3
-0.2581 0.6
-0.25786 0.8
-0.25761 1.1
-0.25737 1.4
-0.25713 1.6
-0.25688 1.9
-0.25664 2.1
-0.25639 2.4
-0.25615 2.6
-0.25591 2.9
-0.25566 3.1
-0.25542 3.3
-0.25517 3.5
-0.25493 3.7
-0.25468 3.9
-0.25444 4.1
-0.2542 4.3
-0.25395 4.5
-0.25371 4.6
-0.25346 4.8
-0.25322 4.9
-0.25298 5.0
-0.25273 5.2
-0.25249 5.3
-0.25224 5.3
-0.252 5.4
-0.25175 5.5
-0.25151 5.5
-0.25127 5.6
-0.25102 5.6
-0.25078 5.6
-0.25053 5.6
-0.25029 5.6
-0.25005 5.5
-0.2498 5.5
-0.24956 5.4
-0.24931 5.4
-0.24907 5.3
-0.24883 5.2
-0.24858 5.1
-0.24834 5.0
-0.24809 4.8
-0.24785 4.7
-0.2476 4.5
-0.24736 4.3
-0.24712 4.2
-0.24687 4.0
-0.24663 3.8
-0.24638 3.6
-0.24614 3.4
-0.2459 3.1
-0.24565 2.9
-0.24541 2.6
-0.24516 2.4
-0.24492 2.1
-0.24467 1.9
-0.24443 1.6
-0.24419 1.4
-0.24394 1.1
-0.2437 0.8
-0.24345 0.5
-0.24321 0.3
-0.24297 0.0
-0.24272 -0.3
-0.24248 -0.6
-0.24223 -0.9
-0.24199 -1.1
-0.24174 -1.4
-0.2415 -1.7
-0.24126 -1.9
-0.24101 -2.2
-0.24077 -2.5
-0.24052 -2.7
-0.24028 -3.0
-0.24004 -3.2
-0.23979 -3.4
-0.23955 -3.6
-0.2393 -3.9
-0.23906 -4.1
-0.23882 -4.2
-0.23857 -4.4
-0.23833 -4.6
-0.23808 -4.8
-0.23784 -4.9
-0.23759 -5.0
-0.23735 -5.2
-0.23711 -5.3
-0.23686 -5.4
-0.23662 -5.5
-0.23637 -5.5
-0.23613 -5.6
-0.23589 -5.6
-0.23564 -5.7
-0.2354 -5.7
-0.23515 -5.7
-0.23491 -5.7
-0.23466 -5.6
-0.23442 -5.6
-0.23418 -5.5
-0.23393 -5.5
-0.23369 -5.4
-0.23344 -5.3
-0.2332 -5.2
-0.23296 -5.0
-0.23271 -4.9
-0.23247 -4.8
-0.23222 -4.6
-0.23198 -4.4
-0.23174 -4.2
-0.23149 -4.0
-0.23125 -3.8
-0.231 -3.6
-0.23076 -3.4
-0.23051 -3.2
-0.23027 -2.9
-0.23003 -2.7
-0.22978 -2.4
-0.22954 -2.1
-0.22929 -1.9
-0.22905 -1.6
-0.22881 -1.3
-0.22856 -1.0
-0.22832 -0.8
-0.22807 -0.5
-0.22783 -0.2
-0.22758 0.1
-0.22734 0.4
-0.2271 0.7
-0.22685 1.0
-0.22661 1.3
-0.22636 1.5
-0.22612 1.8
-0.22588 2.1
-0.22563 2.4
-0.22539 2.6
-0.22514 2.9
-0.2249 3.1
-0.22466 3.4
-0.22441 3.6
-0.22417 3.8
-0.22392 4.0
-0.22368 4.2
-0.22343 4.4
-0.22319 4.6
-0.22295 4.8
-0.2227 4.9
-0.22246 5.1
-0.22221 5.2
-0.22197 5.3
-0.22173 5.4
-0.22148 5.5
-0.22124 5.6
-0.22099 5.7
-0.22075 5.7
-0.2205 5.7
-0.22026 5.8
-0.22002 5.8
-0.21977 5.7
-0.21953 5.7
-0.21928 5.7
-0.21904 5.6
-0.2188 5.5
-0.21855 5.4
-0.21831 5.3
-0.21806 5.2
-0.21782 5.1
-0.21758 4.9
-0.21733 4.8
-0.21709 4.6
-0.21684 4.4
-0.2166 4.2
-0.21635 4.0
-0.21611 3.8
-0.21587 3.6
-0.21562 3.3
-0.21538 3.1
-0.21513 2.8
-0.21489 2.6
-0.21465 2.3
-0.2144 2.0
-0.21416 1.8
-0.21391 1.5
-0.21367 1.2
-0.21342 0.9
-0.21318 0.6
-0.21294 0.3
-0.21269 0.0
-0.21245 -0.3
-0.2122 -0.6
-0.21196 -0.9
-0.21172 -1.2
-0.21147 -1.5
-0.21123 -1.8
-0.21098 -2.1
-0.21074 -2.4
-0.21049 -2.6
-0.21025 -2.9
-0.21001 -3.2
-0.20976 -3.4
-0.20952 -3.7
-0.20927 -3.9
-0.20903 -4.1
-0.20879 -4.3
-0.20854 -4.5
-0.2083 -4.7
-0.20805 -4.9
-0.20781 -5.0
-0.20757 -5.2
-0.20732 -5.3
-0.20708 -5.4
-0.20683 -5.5
-0.20659 -5.6
-0.20634 -5.7
-0.2061 -5.8
-0.20586 -5.8
-0.20561 -5.8
-0.20537 -5.8
-0.20512 -5.8
-0.20488 -5.8
-0.20464 -5.8
-0.20439 -5.7
-0.20415 -5.7
-0.2039 -5.6
-0.20366 -5.5
-0.20341 -5.4
-0.20317 -5.2
-0.20293 -5.1
-0.20268 -4.9
-0.20244 -4.7
-0.20219 -4.6
-0.20195 -4.4
-0.20171 -4.2
-0.20146 -3.9
-0.20122 -3.7
-0.20097 -3.4
-0.20073 -3.2
-0.20049 -2.9
-0.20024 -2.7
-0.2 -2.4
-0.19975 -2.1
-0.19951 -1.8
-0.19926 -1.5
-0.19902 -1.2
-0.19878 -0.9
-0.19853 -0.6
-0.19829 -0.3
-0.19804 0.0
-0.1978 0.4
-0.19756 0.7
-0.19731 1.0
-0.19707 1.3
-0.19682 1.6
-0.19658 1.9
-0.19633 2.2
-0.19609 2.5
-0.19585 2.8
-0.1956 3.0
-0.19536 3.3
-0.19511 3.6
-0.19487 3.8
-0.19463 4.1
-0.19438 4.3
-0.19414 4.5
-0.19389 4.7
-0.19365 4.9
-0.19341 5.1
-0.19316 5.2
-0.19292 5.4
-0.19267 5.5
-0.19243 5.6
-0.19218 5.7
-0.19194 5.8
-0.1917 5.8
-0.19145 5.9
-0.19121 5.9
-0.19096 5.9
-0.19072 5.9
-0.19048 5.9
-0.19023 5.9
-0.18999 5.8
-0.18974 5.8
-0.1895 5.7
-0.18925 5.6
-0.18901 5.4
-0.18877 5.3
-0.18852 5.2
-0.18828 5.0
-0.18803 4.8
-0.18779 4.6
-0.18755 4.4
-0.1873 4.2
-0.18706 3.9
-0.18681 3.7
-0.18657 3.4
-0.18633 3.2
-0.18608 2.9
-0.18584 2.6
-0.18559 2.3
-0.18535 2.0
-0.1851 1.7
-0.18486 1.4
-0.18462 1.1
-0.18437 0.7
-0.18413 0.4
-0.18388 0.0
-0.18364 -0.2
-0.1834 -0.6
-0.18315 -0.9
-0.18291 -1.2
-0.18266 -1.5
-0.18242 -1.8
-0.18217 -2.1
-0.18193 -2.4
-0.18169 -2.7
-0.18144 -3.0
-0.1812 -3.3
-0.18095 -3.6
-0.18071 -3.8
-0.18047 -4.1
-0.18022 -4.3
-0.17998 -4.6
-0.17973 -4.8
-0.17949 -5.0
-0.17924 -5.1
-0.179 -5.3
-0.17876 -5.5
-0.17851 -5.6
-0.17827 -5.7
-0.17802 -5.8
-0.17778 -5.9
-0.17754 -6.0
-0.17729 -6.0
-0.17705 -6.0
-0.1768 -6.0
-0.17656 -6.0
-0.17632 -6.0
-0.17607 -6.0
-0.17583 -5.9
-0.17558 -5.8
-0.17534 -5.7
-0.17509 -5.6
-0.17485 -5.5
-0.17461 -5.3
-0.17436 -5.2
-0.17412 -5.0
-0.17387 -4.8
-0.17363 -4.6
-0.17339 -4.3
-0.17314 -4.1
-0.1729 -3.8
-0.17265 -3.6
-0.17241 -3.3
-0.17216 -3.0
-0.17192 -2.7
-0.17168 -2.4
-0.17143 -2.1
-0.17119 -1.8
-0.17094 -1.4
-0.1707 -1.1
-0.17046 -0.8
-0.17021 -0.4
-0.16997 -0.1
-0.16972 0.2
-0.16948 0.6
-0.16924 0.9
-0.16899 1.3
-0.16875 1.6
-0.1685 1.9
-0.16826 2.2
-0.16801 2.6
-0.16777 2.9
-0.16753 3.2
-0.16728 3.5
-0.16704 3.7
-0.16679 4.0
-0.16655 4.3
-0.16631 4.5
-0.16606 4.7
-0.16582 4.9
-0.16557 5.1
-0.16533 5.3
-0.16508 5.5
-0.16484 5.6
-0.1646 5.8
-0.16435 5.9
-0.16411 6.0
-0.16386 6.0
-0.16362 6.1
-0.16338 6.1
-0.16313 6.2
-0.16289 6.2
-0.16264 6.1
-0.1624 6.1
-0.16216 6.0
-0.16191 5.9
-0.16167 5.8
-0.16142 5.7
-0.16118 5.6
-0.16093 5.4
-0.16069 5.2
-0.16045 5.1
-0.1602 4.8
-0.15996 4.6
-0.15971 4.4
-0.15947 4.1
-0.15923 3.9
-0.15898 3.6
-0.15874 3.3
-0.15849 3.0
-0.15825 2.7
-0.158 2.3
-0.15776 2.0
-0.15752 1.7
-0.15727 1.3
-0.15703 1.0
-0.15678 0.6
-0.15654 0.3
-0.1563 0.0
-0.15605 -0.4
-0.15581 -0.8
-0.15556 -1.2
-0.15532 -1.5
-0.15508 -1.8
-0.15483 -2.2
-0.15459 -2.5
-0.15434 -2.8
-0.1541 -3.2
-0.15385 -3.5
-0.15361 -3.8
-0.15337 -4.0
-0.15312 -4.3
-0.15288 -4.6
-0.15263 -4.8
-0.15239 -5.0
-0.15215 -5.2
-0.1519 -5.4
-0.15166 -5.6
-0.15141 -5.8
-0.15117 -5.9
-0.15092 -6.0
-0.15068 -6.1
-0.15044 -6.2
-0.15019 -6.2
-0.14995 -6.3
-0.1497 -6.3
-0.14946 -6.3
-0.14922 -6.2
-0.14897 -6.2
-0.14873 -6.1
-0.14848 -6.0
-0.14824 -5.9
-0.14799 -5.8
-0.14775 -5.6
-0.14751 -5.4
-0.14726 -5.2
-0.14702 -5.0
-0.14677 -4.8
-0.14653 -4.5
-0.14629 -4.3
-0.14604 -4.0
-0.1458 -3.7
-0.14555 -3.4
-0.14531 -3.1
-0.14507 -2.8
-0.14482 -2.4
-0.14458 -2.1
-0.14433 -1.7
-0.14409 -1.4
-0.14384 -1.0
-0.1436 -0.6
-0.14336 -0.2
-0.14311 0.1
-0.14287 0.5
-0.14262 0.9
-0.14238 1.3
-0.14214 1.6
-0.14189 2.0
-0.14165 2.3
-0.1414 2.7
-0.14116 3.0
-0.14091 3.4
-0.14067 3.7
-0.14043 4.0
-0.14018 4.3
-0.13994 4.5
-0.13969 4.8
-0.13945 5.0
-0.13921 5.3
-0.13896 5.5
-0.13872 5.7
-0.13847 5.8
-0.13823 6.0
-0.13799 6.1
-0.13774 6.2
-0.1375 6.3
-0.13725 6.4
-0.13701 6.4
-0.13676 6.4
-0.13652 6.4
-0.13628 6.4
-0.13603 6.3
-0.13579 6.2
-0.13554 6.1
-0.1353 6.0
-0.13506 5.9
-0.13481 5.7
-0.13457 5.5
-0.13432 5.3
-0.13408 5.1
-0.13383 4.8
-0.13359 4.6
-0.13335 4.3
-0.1331 4.0
-0.13286 3.7
-0.13261 3.3
-0.13237 3.0
-0.13213 2.6
-0.13188 2.3
-0.13164 1.9
-0.13139 1.5
-0.13115 1.1
-0.13091 0.8
-0.13066 0.4
-0.13042 0.0
-0.13017 -0.4
-0.12993 -0.8
-0.12968 -1.2
-0.12944 -1.6
-0.1292 -2.0
-0.12895 -2.4
-0.12871 -2.7
-0.12846 -3.1
-0.12822 -3.4
-0.12798 -3.8
-0.12773 -4.1
-0.12749 -4.4
-0.12724 -4.7
-0.127 -4.9
-0.12675 -5.2
-0.12651 -5.4
-0.12627 -5.6
-0.12602 -5.8
-0.12578 -6.0
-0.12553 -6.2
-0.12529 -6.3
-0.12505 -6.4
-0.1248 -6.5
-0.12456 -6.5
-0.12431 -6.5
-0.12407 -6.5
-0.12383 -6.5
-0.12358 -6.5
-0.12334 -6.4
-0.12309 -6.3
-0.12285 -6.2
-0.1226 -6.0
-0.12236 -5.9
-0.12212 -5.7
-0.12187 -5.4
-0.12163 -5.2
-0.12138 -4.9
-0.12114 -4.7
-0.1209 -4.4
-0.12065 -4.1
-0.12041 -3.7
-0.12016 -3.4
-0.11992 -3.0
-0.11967 -2.6
-0.11943 -2.3
-0.11919 -1.9
-0.11894 -1.5
-0.1187 -1.1
-0.11845 -0.6
-0.11821 -0.2
-0.11797 0.2
-0.11772 0.6
-0.11748 1.0
-0.11723 1.4
-0.11699 1.8
-0.11674 2.2
-0.1165 2.6
-0.11626 3.0
-0.11601 3.4
-0.11577 3.7
-0.11552 4.1
-0.11528 4.4
-0.11504 4.7
-0.11479 5.0
-0.11455 5.3
-0.1143 5.5
-0.11406 5.8
-0.11382 6.0
-0.11357 6.1
-0.11333 6.3
-0.11308 6.4
-0.11284 6.5
-0.11259 6.6
-0.11235 6.7
-0.11211 6.7
-0.11186 6.7
-0.11162 6.7
-0.11137 6.6
-0.11113 6.5
-0.11089 6.4
-0.11064 6.3
-0.1104 6.1
-0.11015 5.9
-0.10991 5.7
-0.10966 5.4
-0.10942 5.2
-0.10918 4.9
-0.10893 4.6
-0.10869 4.2
-0.10844 3.9
-0.1082 3.5
-0.10796 3.2
-0.10771 2.8
-0.10747 2.4
-0.10722 1.9
-0.10698 1.5
-0.10674 1.1
-0.10649 0.7
-0.10625 0.2
-0.106 -0.2
-0.10576 -0.7
-0.10551 -1.1
-0.10527 -1.6
-0.10503 -2.0
-0.10478 -2.4
-0.10454 -2.8
-0.10429 -3.2
-0.10405 -3.6
-0.10381 -4.0
-0.10356 -4.3
-0.10332 -4.7
-0.10307 -5.0
-0.10283 -5.3
-0.10258 -5.6
-0.10234 -5.8
-0.1021 -6.0
-0.10185 -6.3
-0.10161 -6.4
-0.10136 -6.6
-0.10112 -6.7
-0.10088 -6.8
-0.10063 -6.8
-0.10039 -6.9
-0.10014 -6.9
-0.0999 -6.8
-0.09966 -6.8
-0.09941 -6.7
-0.09917 -6.5
-0.09892 -6.4
-0.09868 -6.2
-0.09843 -6.0
-0.09819 -5.8
-0.09795 -5.5
-0.0977 -5.2
-0.09746 -4.9
-0.09721 -4.5
-0.09697 -4.2
-0.09673 -3.8
-0.09648 -3.4
-0.09624 -3.0
-0.09599 -2.6
-0.09575 -2.1
-0.0955 -1.7
-0.09526 -1.2
-0.09502 -0.8
-0.09477 -0.3
-0.09453 0.2
-0.09428 0.7
-0.09404 1.1
-0.0938 1.6
-0.09355 2.0
-0.09331 2.5
-0.09306 2.9
-0.09282 3.4
-0.09258 3.8
-0.09233 4.2
-0.09209 4.6
-0.09184 4.9
-0.0916 5.2
-0.09135 5.6
-0.09111 5.8
-0.09087 6.1
-0.09062 6.3
-0.09038 6.5
-0.09013 6.7
-0.08989 6.8
-0.08965 6.9
-0.0894 7.0
-0.08916 7.0
-0.08891 7.0
-0.08867 7.0
-0.08842 7.0
-0.08818 6.9
-0.08794 6.7
-0.08769 6.6
-0.08745 6.4
-0.0872 6.1
-0.08696 5.9
-0.08672 5.6
-0.08647 5.3
-0.08623 4.9
-0.08598 4.6
-0.08574 4.2
-0.08549 3.8
-0.08525 3.3
-0.08501 2.9
-0.08476 2.4
-0.08452 1.9
-0.08427 1.5
-0.08403 1.0
-0.08379 0.5
-0.08354 0.0
-0.0833 -0.6
-0.08305 -1.1
-0.08281 -1.6
-0.08257 -2.1
-0.08232 -2.5
-0.08208 -3.0
-0.08183 -3.5
-0.08159 -3.9
-0.08134 -4.3
-0.0811 -4.7
-0.08086 -5.1
-0.08061 -5.5
-0.08037 -5.8
-0.08012 -6.1
-0.07988 -6.4
-0.07964 -6.6
-0.07939 -6.8
-0.07915 -7.0
-0.0789 -7.1
-0.07866 -7.2
-0.07841 -7.2
-0.07817 -7.3
-0.07793 -7.2
-0.07768 -7.2
-0.07744 -7.1
-0.07719 -6.9
-0.07695 -6.8
-0.07671 -6.6
-0.07646 -6.3
-0.07622 -6.0
-0.07597 -5.7
-0.07573 -5.4
-0.07549 -5.0
-0.07524 -4.6
-0.075 -4.2
-0.07475 -3.7
-0.07451 -3.3
-0.07426 -2.8
-0.07402 -2.3
-0.07378 -1.7
-0.07353 -1.2
-0.07329 -0.7
-0.07304 -0.1
-0.0728 0.4
-0.07256 1.0
-0.07231 1.5
-0.07207 2.0
-0.07182 2.6
-0.07158 3.1
-0.07133 3.6
-0.07109 4.1
-0.07085 4.5
-0.0706 4.9
-0.07036 5.3
-0.07011 5.7
-0.06987 6.1
-0.06963 6.4
-0.06938 6.7
-0.06914 6.9
-0.06889 7.1
-0.06865 7.3
-0.06841 7.4
-0.06816 7.5
-0.06792 7.5
-0.06767 7.5
-0.06743 7.4
-0.06718 7.3
-0.06694 7.2
-0.0667 7.0
-0.06645 6.8
-0.06621 6.5
-0.06596 6.2
-0.06572 5.9
-0.06548 5.5
-0.06523 5.1
-0.06499 4.7
-0.06474 4.2
-0.0645 3.7
-0.06425 3.2
-0.06401 2.6
-0.06377 2.1
-0.06352 1.5
-0.06328 0.9
-0.06303 0.3
-0.06279 -0.3
-0.06255 -0.9
-0.0623 -1.5
-0.06206 -2.0
-0.06181 -2.6
-0.06157 -3.2
-0.06133 -3.7
-0.06108 -4.2
-0.06084 -4.7
-0.06059 -5.2
-0.06035 -5.6
-0.0601 -6.0
-0.05986 -6.4
-0.05962 -6.7
-0.05937 -7.0
-0.05913 -7.3
-0.05888 -7.5
-0.05864 -7.6
-0.0584 -7.7
-0.05815 -7.8
-0.05791 -7.8
-0.05766 -7.7
-0.05742 -7.6
-0.05717 -7.5
-0.05693 -7.3
-0.05669 -7.0
-0.05644 -6.7
-0.0562 -6.4
-0.05595 -6.0
-0.05571 -5.6
-0.05547 -5.1
-0.05522 -4.6
-0.05498 -4.1
-0.05473 -3.6
-0.05449 -3.0
-0.05424 -2.4
-0.054 -1.7
-0.05376 -1.1
-0.05351 -0.5
-0.05327 0.2
-0.05302 0.8
-0.05278 1.5
-0.05254 2.1
-0.05229 2.8
-0.05205 3.4
-0.0518 4.0
-0.05156 4.5
-0.05132 5.1
-0.05107 5.6
-0.05083 6.1
-0.05058 6.5
-0.05034 6.9
-0.05009 7.2
-0.04985 7.5
-0.04961 7.7
-0.04936 7.9
-0.04912 8.0
-0.04887 8.1
-0.04863 8.1
-0.04839 8.0
-0.04814 7.9
-0.0479 7.7
-0.04765 7.5
-0.04741 7.2
-0.04716 6.9
-0.04692 6.5
-0.04668 6.1
-0.04643 5.6
-0.04619 5.0
-0.04594 4.5
-0.0457 3.9
-0.04546 3.2
-0.04521 2.5
-0.04497 1.9
-0.04472 1.1
-0.04448 0.4
-0.04424 -0.3
-0.04399 -1.0
-0.04375 -1.7
-0.0435 -2.5
-0.04326 -3.2
-0.04301 -3.8
-0.04277 -4.5
-0.04253 -5.1
-0.04228 -5.7
-0.04204 -6.2
-0.04179 -6.7
-0.04155 -7.1
-0.04131 -7.5
-0.04106 -7.8
-0.04082 -8.1
-0.04057 -8.3
-0.04033 -8.4
-0.04008 -8.5
-0.03984 -8.4
-0.0396 -8.4
-0.03935 -8.2
-0.03911 -8.0
-0.03886 -7.7
-0.03862 -7.3
-0.03838 -6.9
-0.03813 -6.4
-0.03789 -5.9
-0.03764 -5.3
-0.0374 -4.6
-0.03716 -3.9
-0.03691 -3.2
-0.03667 -2.4
-0.03642 -1.7
-0.03618 -0.8
-0.03593 0.0
-0.03569 0.8
-0.03545 1.6
-0.0352 2.4
-0.03496 3.2
-0.03471 4.0
-0.03447 4.7
-0.03423 5.4
-0.03398 6.1
-0.03374 6.7
-0.03349 7.2
-0.03325 7.7
-0.033 8.1
-0.03276 8.4
-0.03252 8.7
-0.03227 8.8
-0.03203 8.9
-0.03178 8.9
-0.03154 8.8
-0.0313 8.6
-0.03105 8.4
-0.03081 8.0
-0.03056 7.6
-0.03032 7.1
-0.03008 6.5
-0.02983 5.8
-0.02959 5.1
-0.02934 4.3
-0.0291 3.5
-0.02885 2.6
-0.02861 1.7
-0.02837 0.8
-0.02812 -0.1
-0.02788 -1.1
-0.02763 -2.0
-0.02739 -3.0
-0.02715 -3.9
-0.0269 -4.8
-0.02666 -5.6
-0.02641 -6.3
-0.02617 -7.0
-0.02592 -7.7
-0.02568 -8.2
-0.02544 -8.7
-0.02519 -9.0
-0.02495 -9.3
-0.0247 -9.5
-0.02446 -9.5
-0.02422 -9.4
-0.02397 -9.3
-0.02373 -9.0
-0.02348 -8.6
-0.02324 -8.0
-0.02299 -7.4
-0.02275 -6.7
-0.02251 -5.9
-0.02226 -5.0
-0.02202 -4.1
-0.02177 -3.1
-0.02153 -2.0
-0.02129 -0.9
-0.02104 0.2
-0.0208 1.4
-0.02055 2.5
-0.02031 3.6
-0.02007 4.7
-0.01982 5.7
-0.01958 6.6
-0.01933 7.5
-0.01909 8.3
-0.01884 8.9
-0.0186 9.5
-0.01836 9.9
-0.01811 10.1
-0.01787 10.3
-0.01762 10.2
-0.01738 10.0
-0.01714 9.7
-0.01689 9.2
-0.01665 8.6
-0.0164 7.8
-0.01616 6.9
-0.01591 5.8
-0.01567 4.7
-0.01543 3.5
-0.01518 2.2
-0.01494 0.8
-0.01469 -0.6
-0.01445 -2.0
-0.01421 -3.4
-0.01396 -4.7
-0.01372 -6.0
-0.01347 -7.2
-0.01323 -8.3
-0.01299 -9.2
-0.01274 -10.0
-0.0125 -10.6
-0.01225 -11.0
-0.01201 -11.2
-0.01176 -11.2
-0.01152 -11.0
-0.01128 -10.5
-0.01103 -9.8
-0.01079 -8.9
-0.01054 -7.7
-0.0103 -6.4
-0.01006 -4.9
-0.00981 -3.3
-0.00957 -1.6
-0.00932 0.2
-0.00908 2.1
-0.00883 3.9
-0.00859 5.7
-0.00835 7.3
-0.0081 8.9
-0.00786 10.2
-0.00761 11.2
-0.00737 12.0
-0.00713 12.5
-0.00688 12.6
-0.00664 12.4
-0.00639 11.8
-0.00615 10.7
-0.00591 9.4
-0.00566 7.7
-0.00542 5.6
-0.00517 3.4
-0.00493 0.9
-0.00468 -1.7
-0.00444 -4.2
-0.0042 -6.8
-0.00395 -9.1
-0.00371 -11.1
-0.00346 -12.7
-0.00322 -13.9
-0.00298 -14.4
-0.00273 -14.2
-0.00249 -13.4
-0.00224 -11.8
-0.002 -9.5
-0.00175 -6.6
-0.00151 -3.2
-0.00127 0.6
-0.00102 4.5
-0.00078 8.3
-0.00053 11.6
-0.00029 14.2
-5e-05 15.6
0.0002 15.6
0.00044 14.1
0.00069 11.1
0.00093 6.8
0.00117 1.7
0.00142 -3.5
0.00166 -8.2
0.00191 -11.7
0.00215 -13.5
0.0024 -13.2
0.00264 -11.0
0.00288 -7.3
0.00313 -2.7
0.00337 1.9
0.00362 5.8
0.00386 8.4
0.0041 9.3
0.00435 8.6
0.00459 6.4
0.00484 3.4
0.00508 0.1
0.00533 -2.8
0.00557 -4.8
0.00581 -5.6
0.00606 -5.4
0.0063 -4.1
0.00655 -2.3
0.00679 -0.3
0.00703 1.5
0.00728 2.8
0.00752 3.3
0.00777 3.2
0.00801 2.4
0.00826 1.3
0.0085 0.0
0.00874 -1.0
0.00899 -1.7
0.00923 -2.0
0.00948 -1.8
0.00972 -1.3
0.00996 -0.7
0.01021 0.0
0.01045 0.6
0.0107 1.0
0.01094 1.2
0.01118 1.1
0.01143 0.7
0.01167 0.3
0.01192 0.0
0.01216 -0.4
0.01241 -0.6
0.01265 -0.7
0.01289 -0.6
0.01314 -0.4
0.01338 -0.2
0.01363 0.0
0.01387 0.3
0.01411 0.4
0.01436 0.4
0.0146 0.3
0.01485 0.2
0.01509 0.0
0.01534 0.0
0.01558 -0.2
0.01582 -0.2
0.01607 -0.2
0.01631 -0.2
0.01656 -0.1
0.0168 0.0
0.01704 0.0
0.01729 0.1
0.01753 0.2
0.01778 0.1
0.01802 0.1
0.01826 0.0
0.01851 0.0
0.01875 0.0
0.019 0.0
0.01924 0.0
0.01949 0.0
0.01973 0.0
0.01997 0.0
0.02022 0.0
0.02046 0.0
0.02071 0.0
0.02095 0.0
0.02119 0.0
0.02144 0.0
0.02168 0.0
0.02193 0.0
0.02217 0.0
0.02242 0.0
0.02266 0.0
0.0229 0.0
0.02315 0.0
0.02339 0.0
0.02364 0.0
0.02388 0.0
0.02412 0.0
0.02437 0.0
0.02461 0.0
0.02486 0.0
0.0251 0.0
0.02534 0.0
0.02559 0.0
0.02583 0.0
0.02608 0.0
0.02632 0.0
0.02657 0.0
0.02681 0.0
0.02705 0.0
0.0273 0.0
0.02754 0.0
0.02779 0.0
0.02803 0.0
0.02827 0.0
0.02852 0.0
0.02876 0.0
0.02901 0.0
0.02925 0.0
0.0295 0.0
0.02974 0.0
0.02998 0.0
0.03023 0.0
0.03047 0.0
0.03072 0.0
0.03096 0.0
0.0312 0.0
0.03145 0.0
0.03169 0.0
0.03194 0.0
0.03218 0.0
0.03242 0.0
0.03267 0.0
0.03291 0.0
0.03316 0.0
0.0334 0.0
0.03365 0.0
0.03389 0.0
0.03413 0.0
0.03438 0.0
0.03462 0.0
0.03487 0.0
0.03511 0.0
0.03535 0.0
0.0356 0.0
0.03584 0.0
0.03609 0.0
0.03633 0.0
0.03658 0.0
0.03682 0.0
0.03706 0.0
0.03731 0.0
0.03755 0.0
0.0378 0.0
0.03804 0.0
0.03828 0.0
0.03853 0.0
0.03877 0.0
0.03902 0.0
0.03926 0.0
0.03951 0.0
0.03975 0.0
0.03999 0.0
0.04024 0.0
0.04048 0.0
0.04073 0.0
0.04097 0.0
0.04121 0.0
0.04146 0.0
0.0417 0.0
0.04195 0.0
0.04219 0.0
0.04243 0.0
0.04268 0.0
0.04292 0.0
0.04317 0.0
0.04341 0.0
0.04366 0.0
0.0439 0.0
0.04414 0.0
0.04439 0.0
0.04463 0.0
0.04488 0.0
0.04512 0.0
0.04536 0.0
0.04561 0.0
0.04585 0.0
0.0461 0.0
0.04634 0.0
0.04659 0.0
0.04683 0.0
0.04707 0.0
0.04732 0.0
0.04756 0.0
0.04781 0.0
0.04805 0.0
0.04829 0.0
0.04854 0.0
0.04878 0.0
0.04903 0.0
0.04927 0.0
0.04951 0.0
0.04976 0.0
0.05 0.0
0.05025 0.0
0.05049 0.0
0.05074 0.0
0.05098 0.0
0.05122 0.0
0.05147 0.0
0.05171 0.0
0.05196 0.0
0.0522 0.0
0.05244 0.0
0.05269 0.0
0.05293 0.0
0.05318 0.0
0.05342 0.0
0.05367 0.0
0.05391 0.0
0.05415 0.0
0.0544 0.0
0.05464 0.0
0.05489 0.0
0.05513 0.0
0.05537 0.0
0.05562 0.0
0.05586 0.0
0.05611 0.0
0.05635 0.0
0.05659 0.0
0.05684 0.0
0.05708 0.0
0.05733 0.0
0.05757 0.0
0.05782 0.0
0.05806 0.0
0.0583 0.0
0.05855 0.0
0.05879 0.0
0.05904 0.0
0.05928 0.0
0.05952 0.0
0.05977 0.0
0.06001 0.0
0.06026 0.0
0.0605 0.0
0.06075 0.0
0.06099 0.0
0.06123 0.0
0.06148 0.0
0.06172 0.0
0.06197 0.0
0.06221 0.0
0.06245 0.0
0.0627 0.0
0.06294 0.0
0.06319 0.0
0.06343 0.0
0.06367 0.0
0.06392 0.0
0.06416 0.0
0.06441 0.0
0.06465 0.0
0.0649 0.0
0.06514 0.0
0.06538 0.0
0.06563 0.0
0.06587 0.0
0.06612 0.0
0.06636 0.0
0.0666 0.0
0.06685 0.0
0.06709 0.0
0.06734 0.0
0.06758 0.0
0.06783 0.0
0.06807 0.0
0.06831 0.0
0.06856 0.0
0.0688 0.0
0.06905 0.0
0.06929 0.0
0.06953 0.0
0.06978 0.0
0.07002 0.0
0.07027 0.0
0.07051 0.0
0.07076 0.0
0.071 0.0
0.07124 0.0
0.07149 0.0
0.07173 0.0
0.07198 0.0
0.07222 0.0
0.07246 0.0
0.07271 0.0
0.07295 0.0
0.0732 0.0
0.07344 0.0
0.07368 0.0
0.07393 0.0
0.07417 0.0
0.07442 0.0
0.07466 0.0
0.07491 0.0
0.07515 0.0
0.07539 0.0
0.07564 0.0
0.07588 0.0
0.07613 0.0
0.07637 0.0
0.07661 0.0
0.07686 0.0
0.0771 0.0
0.07735 0.0
0.07759 0.0
0.07784 0.0
0.07808 0.0
0.07832 0.0
0.07857 0.0
0.07881 0.0
0.07906 0.0
0.0793 0.0
0.07954 0.0
0.07979 0.0
0.08003 0.0
0.08028 0.0
0.08052 0.0
0.08076 0.0
0.08101 0.0
0.08125 0.0
0.0815 0.0
0.08174 0.0
0.08199 0.0
0.08223 0.0
0.08247 0.0
0.08272 0.0
0.08296 0.0
0.08321 0.0
0.08345 0.0
0.08369 0.0
0.08394 0.0
0.08418 0.0
0.08443 0.0
0.08467 0.0
0.08492 0.0
0.08516 0.0
0.0854 0.0
0.08565 0.0
0.08589 0.0
0.08614 0.0
0.08638 0.0
0.08662 0.0
0.08687 0.0
0.08711 0.0
0.08736 0.0
0.0876 0.0
0.08784 0.0
0.08809 0.0
0.08833 0.0
0.08858 0.0
0.08882 0.0
0.08907 0.0
0.08931 0.0
0.08955 0.0
0.0898 0.0
0.09004 0.0
0.09029 0.0
0.09053 0.0
0.09077 0.0
0.09102 0.0
0.09126 0.0
0.09151 0.0
0.09175 0.0
0.092 0.0
0.09224 0.0
0.09248 0.0
0.09273 0.0
0.09297 0.0
0.09322 0.0
0.09346 0.0
0.0937 0.0
0.09395 0.0
0.09419 0.0
0.09444 0.0
0.09468 0.0
0.09492 0.0
0.09517 0.0
0.09541 0.0
0.09566 0.0
0.0959 0.0
0.09615 0.0
0.09639 0.0
0.09663 0.0
0.09688 0.0
0.09712 0.0
0.09737 0.0
0.09761 0.0
0.09785 0.0
0.0981 0.0
0.09834 0.0
0.09859 0.0
0.09883 0.0
0.09908 0.0
0.09932 0.0
0.09956 0.0
0.09981 0.0
0.10005 0.0
0.1003 0.0
0.10054 0.0
0.10078 0.0
0.10103 0.0
0.10127 0.0
0.10152 0.0
0.10176 0.0
0.10201 0.0
0.10225 0.0
0.10249 0.0
0.10274 0.0
0.10298 0.0
0.10323 0.0
0.10347 0.0
0.10371 0.0
0.10396 0.0
0.1042 0.0
0.10445 0.0
0.10469 0.0
0.10493 0.0
0.10518 0.0
0.10542 0.0
0.10567 0.0
0.10591 0.0
0.10616 0.0
0.1064 0.0
0.10664 0.0
0.10689 0.0
0.10713 0.0
0.10738 0.0
0.10762 0.0
0.10786 0.0
0.10811 0.0
0.10835 0.0
0.1086 0.0
0.10884 0.0
0.10909 0.0
0.10933 0.0
0.10957 0.0
0.10982 0.0
0.11006 0.0
0.11031 0.0
0.11055 0.0
0.11079 0.0
0.11104 0.0
0.11128 0.0
0.11153 0.0
0.11177 0.0
0.11201 0.0
0.11226 0.0
0.1125 0.0
0.11275 0.0
0.11299 0.0
0.11324 0.0
0.11348 0.0
0.11372 0.0
0.11397 0.0
0.11421 0.0
0.11446 0.0
0.1147 0.0
0.11494 0.0
0.11519 0.0
0.11543 0.0
0.11568 0.0
0.11592 0.0
0.11617 0.0
0.11641 0.0
0.11665 0.0
0.1169 0.0
0.11714 0.0
0.11739 0.0
0.11763 0.0
0.11787 0.0
0.11812 0.0
0.11836 0.0
0.11861 0.0
0.11885 0.0
0.11909 0.0
0.11934 0.0
0.11958 0.0
0.11983 0.0
0.12007 0.0
0.12032 0.0
0.12056 0.0
0.1208 0.0
0.12105 0.0
0.12129 0.0
0.12154 0.0
0.12178 0.0
0.12202 0.0
0.12227 0.0
0.12251 0.0
0.12276 0.0
0.123 0.0
0.12325 0.0
0.12349 0.0
0.12373 0.0
0.12398 0.0
0.12422 0.0
0.12447 0.0
0.12471 0.0
0.12495 0.0
0.1252 0.0
0.12544 0.0
0.12569 0.0
0.12593 0.0
0.12617 0.0
0.12642 0.0
0.12666 0.0
0.12691 0.0
0.12715 0.0
0.1274 0.0
0.12764 0.0
0.12788 0.0
0.12813 0.0
0.12837 0.0
0.12862 0.0
0.12886 0.0
0.1291 0.0
0.12935 0.0
0.12959 0.0
0.12984 0.0
0.13008 0.0
0.13033 0.0
0.13057 0.0
0.13081 0.0
0.13106 0.0
