t strain*1e23
-1.28387 -5.6
-1.28363 -5.5
-1.28338 -5.5
-1.28314 -5.4
-1.28289 -5.3
-1.28265 -5.3
-1.28241 -5.2
-1.28216 -5.1
-1.28192 -5.0
-1.28167 -4.9
-1.28143 -4.8
-1.28119 -4.7
-1.28094 -4.6
-1.2807 -4.4
-1.28045 -4.3
-1.28021 -4.1
-1.27996 -4.0
-1.27972 -3.8
-1.27948 -3.7
-1.27923 -3.5
-1.27899 -3.3
-1.27874 -3.2
-1.2785 -3.0
-1.27826 -2.8
-1.27801 -2.6
-1.27777 -2.4
-1.27752 -2.2
-1.27728 -2.0
-1.27703 -1.8
-1.27679 -1.6
-1.27655 -1.4
-1.2763 -1.2
-1.27606 -1.0
-1.27581 -0.7
-1.27557 -0.5
-1.27533 -0.3
-1.27508 0.0
-1.27484 0.1
-1.27459 0.3
-1.27435 0.6
-1.27411 0.8
-1.27386 1.0
-1.27362 1.2
-1.27337 1.4
-1.27313 1.6
-1.27288 1.8
-1.27264 2.0
-1.2724 2.2
-1.27215 2.4
-1.27191 2.6
-1.27166 2.8
-1.27142 3.0
-1.27118 3.2
-1.27093 3.4
-1.27069 3.5
-1.27044 3.7
-1.2702 3.9
-1.26995 4.0
-1.26971 4.2
-1.26947 4.3
-1.26922 4.4
-1.26898 4.6
-1.26873 4.7
-1.26849 4.8
-1.26825 4.9
-1.268 5.0
-1.26776 5.1
-1.26751 5.2
-1.26727 5.3
-1.26702 5.4
-1.26678 5.4
-1.26654 5.5
-1.26629 5.5
-1.26605 5.6
-1.2658 5.6
-1.26556 5.6
-1.26532 5.6
-1.26507 5.7
-1.26483 5.7
-1.26458 5.6
-1.26434 5.6
-1.2641 5.6
-1.26385 5.6
-1.26361 5.5
-1.26336 5.5
-1.26312 5.4
-1.26287 5.3
-1.26263 5.3
-1.26239 5.2
-1.26214 5.1
-1.2619 5.0
-1.26165 4.9
-1.26141 4.8
-1.26117 4.6
-1.26092 4.5
-1.26068 4.4
-1.26043 4.2
-1.26019 4.1
-1.25994 3.9
-1.2597 3.8
-1.25946 3.6
-1.25921 3.4
-1.25897 3.3
-1.25872 3.1
-1.25848 2.9
-1.25824 2.7
-1.25799 2.5
-1.25775 2.3
-1.2575 2.1
-1.25726 1.9
-1.25702 1.7
-1.25677 1.5
-1.25653 1.3
-1.25628 1.1
-1.25604 0.9
-1.25579 0.6
-1.25555 0.4
-1.25531 0.2
-1.25506 0.0
-1.25482 -0.2
-1.25457 -0.5
-1.25433 -0.7
-1.25409 -0.9
-1.25384 -1.1
-1.2536 -1.3
-1.25335 -1.5
-1.25311 -1.7
-1.25286 -1.9
-1.25262 -2.2
-1.25238 -2.4
-1.25213 -2.6
-1.25189 -2.7
-1.25164 -2.9
-1.2514 -3.1
-1.25116 -3.3
-1.25091 -3.5
-1.25067 -3.6
-1.25042 -3.8
-1.25018 -4.0
-1.24994 -4.1
-1.24969 -4.3
-1.24945 -4.4
-1.2492 -4.6
-1.24896 -4.7
-1.24871 -4.8
-1.24847 -4.9
-1.24823 -5.0
-1.24798 -5.1
-1.24774 -5.2
-1.24749 -5.3
-1.24725 -5.4
-1.24701 -5.4
-1.24676 -5.5
-1.24652 -5.5
-1.24627 -5.6
-1.24603 -5.6
-1.24578 -5.6
-1.24554 -5.7
-1.2453 -5.7
-1.24505 -5.7
-1.24481 -5.7
-1.24456 -5.6
-1.24432 -5.6
-1.24408 -5.6
-1.24383 -5.5
-1.24359 -5.5
-1.24334 -5.4
-1.2431 -5.4
-1.24286 -5.3
-1.24261 -5.2
-1.24237 -5.1
-1.24212 -5.0
-1.24188 -4.9
-1.24163 -4.8
-1.24139 -4.7
-1.24115 -4.6
-1.2409 -4.4
-1.24066 -4.3
-1.24041 -4.1
-1.24017 -4.0
-1.23993 -3.8
-1.23968 -3.6
-1.23944 -3.5
-1.23919 -3.3
-1.23895 -3.1
-1.2387 -2.9
-1.23846 -2.7
-1.23822 -2.5
-1.23797 -2.3
-1.23773 -2.1
-1.23748 -1.9
-1.23724 -1.7
-1.237 -1.5
-1.23675 -1.3
-1.23651 -1.1
-1.23626 -0.9
-1.23602 -0.7
-1.23577 -0.4
-1.23553 -0.2
-1.23529 0.0
-1.23504 0.2
-1.2348 0.5
-1.23455 0.7
-1.23431 0.9
-1.23407 1.1
-1.23382 1.3
-1.23358 1.5
-1.23333 1.7
-1.23309 2.0
-1.23285 2.2
-1.2326 2.4
-1.23236 2.6
-1.23211 2.8
-1.23187 3.0
-1.23162 3.1
-1.23138 3.3
-1.23114 3.5
-1.23089 3.7
-1.23065 3.8
-1.2304 4.0
-1.23016 4.2
-1.22992 4.3
-1.22967 4.4
-1.22943 4.6
-1.22918 4.7
-1.22894 4.8
-1.22869 4.9
-1.22845 5.1
-1.22821 5.1
-1.22796 5.2
-1.22772 5.3
-1.22747 5.4
-1.22723 5.5
-1.22699 5.5
-1.22674 5.6
-1.2265 5.6
-1.22625 5.6
-1.22601 5.7
-1.22577 5.7
-1.22552 5.7
-1.22528 5.7
-1.22503 5.7
-1.22479 5.7
-1.22454 5.6
-1.2243 5.6
-1.22406 5.6
-1.22381 5.5
-1.22357 5.4
-1.22332 5.4
-1.22308 5.3
-1.22284 5.2
-1.22259 5.1
-1.22235 5.0
-1.2221 4.9
-1.22186 4.8
-1.22161 4.7
-1.22137 4.5
-1.22113 4.4
-1.22088 4.2
-1.22064 4.1
-1.22039 3.9
-1.22015 3.8
-1.21991 3.6
-1.21966 3.4
-1.21942 3.3
-1.21917 3.1
-1.21893 2.9
-1.21869 2.7
-1.21844 2.5
-1.2182 2.3
-1.21795 2.1
-1.21771 1.9
-1.21746 1.7
-1.21722 1.4
-1.21698 1.2
-1.21673 1.0
-1.21649 0.8
-1.21624 0.6
-1.216 0.3
-1.21576 0.1
-1.21551 -0.1
-1.21527 -0.3
-1.21502 -0.6
-1.21478 -0.8
-1.21453 -1.0
-1.21429 -1.2
-1.21405 -1.4
-1.2138 -1.6
-1.21356 -1.9
-1.21331 -2.1
-1.21307 -2.3
-1.21283 -2.5
-1.21258 -2.7
-1.21234 -2.9
-1.21209 -3.1
-1.21185 -3.2
-1.21161 -3.4
-1.21136 -3.6
-1.21112 -3.8
-1.21087 -3.9
-1.21063 -4.1
-1.21038 -4.3
-1.21014 -4.4
-1.2099 -4.5
-1.20965 -4.7
-1.20941 -4.8
-1.20916 -4.9
-1.20892 -5.0
-1.20868 -5.1
-1.20843 -5.2
-1.20819 -5.3
-1.20794 -5.4
-1.2077 -5.5
-1.20745 -5.5
-1.20721 -5.6
-1.20697 -5.6
-1.20672 -5.7
-1.20648 -5.7
-1.20623 -5.7
-1.20599 -5.7
-1.20575 -5.7
-1.2055 -5.7
-1.20526 -5.7
-1.20501 -5.7
-1.20477 -5.6
-1.20452 -5.6
-1.20428 -5.5
-1.20404 -5.5
-1.20379 -5.4
-1.20355 -5.3
-1.2033 -5.3
-1.20306 -5.2
-1.20282 -5.1
-1.20257 -5.0
-1.20233 -4.8
-1.20208 -4.7
-1.20184 -4.6
-1.2016 -4.4
-1.20135 -4.3
-1.20111 -4.1
-1.20086 -4.0
-1.20062 -3.8
-1.20037 -3.7
-1.20013 -3.5
-1.19989 -3.3
-1.19964 -3.1
-1.1994 -2.9
-1.19915 -2.7
-1.19891 -2.5
-1.19867 -2.3
-1.19842 -2.1
-1.19818 -1.9
-1.19793 -1.7
-1.19769 -1.5
-1.19744 -1.3
-1.1972 -1.0
-1.19696 -0.8
-1.19671 -0.6
-1.19647 -0.4
-1.19622 -0.1
-1.19598 0.0
-1.19574 0.3
-1.19549 0.5
-1.19525 0.8
-1.195 1.0
-1.19476 1.2
-1.19452 1.4
-1.19427 1.6
-1.19403 1.9
-1.19378 2.1
-1.19354 2.3
-1.19329 2.5
-1.19305 2.7
-1.19281 2.9
-1.19256 3.1
-1.19232 3.3
-1.19207 3.4
-1.19183 3.6
-1.19159 3.8
-1.19134 4.0
-1.1911 4.1
-1.19085 4.3
-1.19061 4.4
-1.19036 4.6
-1.19012 4.7
-1.18988 4.8
-1.18963 4.9
-1.18939 5.1
-1.18914 5.2
-1.1889 5.2
-1.18866 5.3
-1.18841 5.4
-1.18817 5.5
-1.18792 5.5
-1.18768 5.6
-1.18744 5.6
-1.18719 5.7
-1.18695 5.7
-1.1867 5.7
-1.18646 5.7
-1.18621 5.7
-1.18597 5.7
-1.18573 5.7
-1.18548 5.7
-1.18524 5.7
-1.18499 5.6
-1.18475 5.6
-1.18451 5.5
-1.18426 5.4
-1.18402 5.3
-1.18377 5.3
-1.18353 5.2
-1.18328 5.1
-1.18304 4.9
-1.1828 4.8
-1.18255 4.7
-1.18231 4.6
-1.18206 4.4
-1.18182 4.3
-1.18158 4.1
-1.18133 4.0
-1.18109 3.8
-1.18084 3.6
-1.1806 3.4
-1.18036 3.3
-1.18011 3.1
-1.17987 2.9
-1.17962 2.7
-1.17938 2.5
-1.17913 2.3
-1.17889 2.1
-1.17865 1.8
-1.1784 1.6
-1.17816 1.4
-1.17791 1.2
-1.17767 1.0
-1.17743 0.7
-1.17718 0.5
-1.17694 0.3
-1.17669 0.0
-1.17645 -0.2
-1.1762 -0.4
-1.17596 -0.6
-1.17572 -0.8
-1.17547 -1.1
-1.17523 -1.3
-1.17498 -1.5
-1.17474 -1.7
-1.1745 -1.9
-1.17425 -2.2
-1.17401 -2.4
-1.17376 -2.6
-1.17352 -2.8
-1.17327 -3.0
-1.17303 -3.2
-1.17279 -3.4
-1.17254 -3.5
-1.1723 -3.7
-1.17205 -3.9
-1.17181 -4.1
-1.17157 -4.2
-1.17132 -4.4
-1.17108 -4.5
-1.17083 -4.6
-1.17059 -4.8
-1.17035 -4.9
-1.1701 -5.0
-1.16986 -5.1
-1.16961 -5.2
-1.16937 -5.3
-1.16912 -5.4
-1.16888 -5.5
-1.16864 -5.5
-1.16839 -5.6
-1.16815 -5.6
-1.1679 -5.7
-1.16766 -5.7
-1.16742 -5.7
-1.16717 -5.8
-1.16693 -5.8
-1.16668 -5.8
-1.16644 -5.7
-1.16619 -5.7
-1.16595 -5.7
-1.16571 -5.6
-1.16546 -5.6
-1.16522 -5.5
-1.16497 -5.5
-1.16473 -5.4
-1.16449 -5.3
-1.16424 -5.2
-1.164 -5.1
-1.16375 -5.0
-1.16351 -4.9
-1.16327 -4.8
-1.16302 -4.6
-1.16278 -4.5
-1.16253 -4.3
-1.16229 -4.2
-1.16204 -4.0
-1.1618 -3.9
-1.16156 -3.7
-1.16131 -3.5
-1.16107 -3.3
-1.16082 -3.1
-1.16058 -2.9
-1.16034 -2.7
-1.16009 -2.5
-1.15985 -2.3
-1.1596 -2.1
-1.15936 -1.9
-1.15911 -1.7
-1.15887 -1.5
-1.15863 -1.2
-1.15838 -1.0
-1.15814 -0.8
-1.15789 -0.6
-1.15765 -0.3
-1.15741 -0.1
-1.15716 0.1
-1.15692 0.4
-1.15667 0.6
-1.15643 0.8
-1.15619 1.0
-1.15594 1.3
-1.1557 1.5
-1.15545 1.7
-1.15521 1.9
-1.15496 2.1
-1.15472 2.4
-1.15448 2.6
-1.15423 2.8
-1.15399 3.0
-1.15374 3.2
-1.1535 3.3
-1.15326 3.5
-1.15301 3.7
-1.15277 3.9
-1.15252 4.1
-1.15228 4.2
-1.15203 4.4
-1.15179 4.5
-1.15155 4.7
-1.1513 4.8
-1.15106 4.9
-1.15081 5.0
-1.15057 5.1
-1.15033 5.2
-1.15008 5.3
-1.14984 5.4
-1.14959 5.5
-1.14935 5.6
-1.14911 5.6
-1.14886 5.7
-1.14862 5.7
-1.14837 5.7
-1.14813 5.8
-1.14788 5.8
-1.14764 5.8
-1.1474 5.8
-1.14715 5.8
-1.14691 5.7
-1.14666 5.7
-1.14642 5.7
-1.14618 5.6
-1.14593 5.6
-1.14569 5.5
-1.14544 5.4
-1.1452 5.3
-1.14495 5.2
-1.14471 5.1
-1.14447 5.0
-1.14422 4.9
-1.14398 4.8
-1.14373 4.6
-1.14349 4.5
-1.14325 4.3
-1.143 4.2
-1.14276 4.0
-1.14251 3.8
-1.14227 3.7
-1.14202 3.5
-1.14178 3.3
-1.14154 3.1
-1.14129 2.9
-1.14105 2.7
-1.1408 2.5
-1.14056 2.3
-1.14032 2.1
-1.14007 1.9
-1.13983 1.6
-1.13958 1.4
-1.13934 1.2
-1.1391 1.0
-1.13885 0.7
-1.13861 0.5
-1.13836 0.3
-1.13812 0.0
-1.13787 -0.2
-1.13763 -0.4
-1.13739 -0.7
-1.13714 -0.9
-1.1369 -1.1
-1.13665 -1.3
-1.13641 -1.6
-1.13617 -1.8
-1.13592 -2.0
-1.13568 -2.2
-1.13543 -2.4
-1.13519 -2.6
-1.13494 -2.8
-1.1347 -3.0
-1.13446 -3.2
-1.13421 -3.4
-1.13397 -3.6
-1.13372 -3.8
-1.13348 -4.0
-1.13324 -4.1
-1.13299 -4.3
-1.13275 -4.4
-1.1325 -4.6
-1.13226 -4.7
-1.13202 -4.9
-1.13177 -5.0
-1.13153 -5.1
-1.13128 -5.2
-1.13104 -5.3
-1.13079 -5.4
-1.13055 -5.5
-1.13031 -5.6
-1.13006 -5.6
-1.12982 -5.7
-1.12957 -5.7
-1.12933 -5.8
-1.12909 -5.8
-1.12884 -5.8
-1.1286 -5.8
-1.12835 -5.8
-1.12811 -5.8
-1.12786 -5.8
-1.12762 -5.7
-1.12738 -5.7
-1.12713 -5.7
-1.12689 -5.6
-1.12664 -5.5
-1.1264 -5.5
-1.12616 -5.4
-1.12591 -5.3
-1.12567 -5.2
-1.12542 -5.1
-1.12518 -5.0
-1.12494 -4.8
-1.12469 -4.7
-1.12445 -4.6
-1.1242 -4.4
-1.12396 -4.3
-1.12371 -4.1
-1.12347 -3.9
-1.12323 -3.8
-1.12298 -3.6
-1.12274 -3.4
-1.12249 -3.2
-1.12225 -3.0
-1.12201 -2.8
-1.12176 -2.6
-1.12152 -2.4
-1.12127 -2.2
-1.12103 -1.9
-1.12078 -1.7
-1.12054 -1.5
-1.1203 -1.3
-1.12005 -1.0
-1.11981 -0.8
-1.11956 -0.6
-1.11932 -0.3
-1.11908 -0.1
-1.11883 0.1
-1.11859 0.4
-1.11834 0.6
-1.1181 0.8
-1.11786 1.1
-1.11761 1.3
-1.11737 1.5
-1.11712 1.7
-1.11688 2.0
-1.11663 2.2
-1.11639 2.4
-1.11615 2.6
-1.1159 2.8
-1.11566 3.0
-1.11541 3.2
-1.11517 3.4
-1.11493 3.6
-1.11468 3.8
-1.11444 4.0
-1.11419 4.1
-1.11395 4.3
-1.1137 4.4
-1.11346 4.6
-1.11322 4.7
-1.11297 4.9
-1.11273 5.0
-1.11248 5.1
-1.11224 5.2
-1.112 5.3
-1.11175 5.4
-1.11151 5.5
-1.11126 5.6
-1.11102 5.6
-1.11077 5.7
-1.11053 5.7
-1.11029 5.8
-1.11004 5.8
-1.1098 5.8
-1.10955 5.8
-1.10931 5.8
-1.10907 5.8
-1.10882 5.8
-1.10858 5.8
-1.10833 5.7
-1.10809 5.7
-1.10785 5.6
-1.1076 5.6
-1.10736 5.5
-1.10711 5.4
-1.10687 5.3
-1.10662 5.2
-1.10638 5.1
-1.10614 5.0
-1.10589 4.8
-1.10565 4.7
-1.1054 4.6
-1.10516 4.4
-1.10492 4.3
-1.10467 4.1
-1.10443 3.9
-1.10418 3.7
-1.10394 3.6
-1.10369 3.4
-1.10345 3.2
-1.10321 3.0
-1.10296 2.8
-1.10272 2.6
-1.10247 2.3
-1.10223 2.1
-1.10199 1.9
-1.10174 1.7
-1.1015 1.5
-1.10125 1.2
-1.10101 1.0
-1.10077 0.8
-1.10052 0.5
-1.10028 0.3
-1.10003 0.0
-1.09979 -0.2
-1.09954 -0.4
-1.0993 -0.7
-1.09906 -0.9
-1.09881 -1.1
-1.09857 -1.4
-1.09832 -1.6
-1.09808 -1.8
-1.09784 -2.0
-1.09759 -2.3
-1.09735 -2.5
-1.0971 -2.7
-1.09686 -2.9
-1.09661 -3.1
-1.09637 -3.3
-1.09613 -3.5
-1.09588 -3.7
-1.09564 -3.9
-1.09539 -4.0
-1.09515 -4.2
-1.09491 -4.4
-1.09466 -4.5
-1.09442 -4.7
-1.09417 -4.8
-1.09393 -4.9
-1.09369 -5.1
-1.09344 -5.2
-1.0932 -5.3
-1.09295 -5.4
-1.09271 -5.5
-1.09246 -5.5
-1.09222 -5.6
-1.09198 -5.7
-1.09173 -5.7
-1.09149 -5.8
-1.09124 -5.8
-1.091 -5.8
-1.09076 -5.8
-1.09051 -5.9
-1.09027 -5.8
-1.09002 -5.8
-1.08978 -5.8
-1.08953 -5.8
-1.08929 -5.7
-1.08905 -5.7
-1.0888 -5.6
-1.08856 -5.5
-1.08831 -5.5
-1.08807 -5.4
-1.08783 -5.3
-1.08758 -5.2
-1.08734 -5.0
-1.08709 -4.9
-1.08685 -4.8
-1.08661 -4.6
-1.08636 -4.5
-1.08612 -4.3
-1.08587 -4.2
-1.08563 -4.0
-1.08538 -3.8
-1.08514 -3.7
-1.0849 -3.5
-1.08465 -3.3
-1.08441 -3.1
-1.08416 -2.9
-1.08392 -2.7
-1.08368 -2.4
-1.08343 -2.2
-1.08319 -2.0
-1.08294 -1.8
-1.0827 -1.5
-1.08245 -1.3
-1.08221 -1.1
-1.08197 -0.8
-1.08172 -0.6
-1.08148 -0.4
-1.08123 -0.1
-1.08099 0.1
-1.08075 0.4
-1.0805 0.6
-1.08026 0.8
-1.08001 1.1
-1.07977 1.3
-1.07952 1.5
-1.07928 1.8
-1.07904 2.0
-1.07879 2.2
-1.07855 2.4
-1.0783 2.6
-1.07806 2.9
-1.07782 3.1
-1.07757 3.3
-1.07733 3.5
-1.07708 3.7
-1.07684 3.8
-1.0766 4.0
-1.07635 4.2
-1.07611 4.4
-1.07586 4.5
-1.07562 4.7
-1.07537 4.8
-1.07513 4.9
-1.07489 5.1
-1.07464 5.2
-1.0744 5.3
-1.07415 5.4
-1.07391 5.5
-1.07367 5.6
-1.07342 5.6
-1.07318 5.7
-1.07293 5.7
-1.07269 5.8
-1.07244 5.8
-1.0722 5.9
-1.07196 5.9
-1.07171 5.9
-1.07147 5.9
-1.07122 5.9
-1.07098 5.8
-1.07074 5.8
-1.07049 5.8
-1.07025 5.7
-1.07 5.6
-1.06976 5.6
-1.06952 5.5
-1.06927 5.4
-1.06903 5.3
-1.06878 5.2
-1.06854 5.1
-1.06829 4.9
-1.06805 4.8
-1.06781 4.7
-1.06756 4.5
-1.06732 4.4
-1.06707 4.2
-1.06683 4.0
-1.06659 3.8
-1.06634 3.7
-1.0661 3.5
-1.06585 3.3
-1.06561 3.1
-1.06536 2.9
-1.06512 2.6
-1.06488 2.4
-1.06463 2.2
-1.06439 2.0
-1.06414 1.7
-1.0639 1.5
-1.06366 1.3
-1.06341 1.0
-1.06317 0.8
-1.06292 0.6
-1.06268 0.3
-1.06244 0.0
-1.06219 -0.2
-1.06195 -0.4
-1.0617 -0.6
-1.06146 -0.9
-1.06121 -1.1
-1.06097 -1.3
-1.06073 -1.6
-1.06048 -1.8
-1.06024 -2.0
-1.05999 -2.3
-1.05975 -2.5
-1.05951 -2.7
-1.05926 -2.9
-1.05902 -3.1
-1.05877 -3.3
-1.05853 -3.5
-1.05828 -3.7
-1.05804 -3.9
-1.0578 -4.1
-1.05755 -4.3
-1.05731 -4.4
-1.05706 -4.6
-1.05682 -4.7
-1.05658 -4.9
-1.05633 -5.0
-1.05609 -5.1
-1.05584 -5.2
-1.0556 -5.3
-1.05536 -5.4
-1.05511 -5.5
-1.05487 -5.6
-1.05462 -5.7
-1.05438 -5.7
-1.05413 -5.8
-1.05389 -5.8
-1.05365 -5.9
-1.0534 -5.9
-1.05316 -5.9
-1.05291 -5.9
-1.05267 -5.9
-1.05243 -5.9
-1.05218 -5.8
-1.05194 -5.8
-1.05169 -5.8
-1.05145 -5.7
-1.0512 -5.6
-1.05096 -5.6
-1.05072 -5.5
-1.05047 -5.4
-1.05023 -5.3
-1.04998 -5.1
-1.04974 -5.0
-1.0495 -4.9
-1.04925 -4.8
-1.04901 -4.6
-1.04876 -4.5
-1.04852 -4.3
-1.04827 -4.1
-1.04803 -3.9
-1.04779 -3.8
-1.04754 -3.6
-1.0473 -3.4
-1.04705 -3.2
-1.04681 -3.0
-1.04657 -2.7
-1.04632 -2.5
-1.04608 -2.3
-1.04583 -2.1
-1.04559 -1.9
-1.04535 -1.6
-1.0451 -1.4
-1.04486 -1.1
-1.04461 -0.9
-1.04437 -0.7
-1.04412 -0.4
-1.04388 -0.2
-1.04364 0.0
-1.04339 0.3
-1.04315 0.6
-1.0429 0.8
-1.04266 1.0
-1.04242 1.3
-1.04217 1.5
-1.04193 1.7
-1.04168 2.0
-1.04144 2.2
-1.04119 2.4
-1.04095 2.7
-1.04071 2.9
-1.04046 3.1
-1.04022 3.3
-1.03997 3.5
-1.03973 3.7
-1.03949 3.9
-1.03924 4.1
-1.039 4.2
-1.03875 4.4
-1.03851 4.6
-1.03827 4.7
-1.03802 4.9
-1.03778 5.0
-1.03753 5.1
-1.03729 5.2
-1.03704 5.3
-1.0368 5.4
-1.03656 5.5
-1.03631 5.6
-1.03607 5.7
-1.03582 5.8
-1.03558 5.8
-1.03534 5.8
-1.03509 5.9
-1.03485 5.9
-1.0346 5.9
-1.03436 5.9
-1.03411 5.9
-1.03387 5.9
-1.03363 5.9
-1.03338 5.8
-1.03314 5.8
-1.03289 5.7
-1.03265 5.7
-1.03241 5.6
-1.03216 5.5
-1.03192 5.4
-1.03167 5.3
-1.03143 5.2
-1.03119 5.1
-1.03094 4.9
-1.0307 4.8
-1.03045 4.6
-1.03021 4.5
-1.02996 4.3
-1.02972 4.1
-1.02948 4.0
-1.02923 3.8
-1.02899 3.6
-1.02874 3.4
-1.0285 3.2
-1.02826 3.0
-1.02801 2.7
-1.02777 2.5
-1.02752 2.3
-1.02728 2.1
-1.02703 1.8
-1.02679 1.6
-1.02655 1.4
-1.0263 1.1
-1.02606 0.9
-1.02581 0.6
-1.02557 0.4
-1.02533 0.2
-1.02508 0.0
-1.02484 -0.3
-1.02459 -0.6
-1.02435 -0.8
-1.02411 -1.1
-1.02386 -1.3
-1.02362 -1.6
-1.02337 -1.8
-1.02313 -2.0
-1.02288 -2.3
-1.02264 -2.5
-1.0224 -2.7
-1.02215 -2.9
-1.02191 -3.1
-1.02166 -3.3
-1.02142 -3.5
-1.02118 -3.7
-1.02093 -3.9
-1.02069 -4.1
-1.02044 -4.3
-1.0202 -4.5
-1.01995 -4.6
-1.01971 -4.8
-1.01947 -4.9
-1.01922 -5.0
-1.01898 -5.2
-1.01873 -5.3
-1.01849 -5.4
-1.01825 -5.5
-1.018 -5.6
-1.01776 -5.7
-1.01751 -5.7
-1.01727 -5.8
-1.01702 -5.8
-1.01678 -5.9
-1.01654 -5.9
-1.01629 -5.9
-1.01605 -5.9
-1.0158 -5.9
-1.01556 -5.9
-1.01532 -5.9
-1.01507 -5.9
-1.01483 -5.8
-1.01458 -5.8
-1.01434 -5.7
-1.0141 -5.7
-1.01385 -5.6
-1.01361 -5.5
-1.01336 -5.4
-1.01312 -5.3
-1.01287 -5.1
-1.01263 -5.0
-1.01239 -4.9
-1.01214 -4.7
-1.0119 -4.6
-1.01165 -4.4
-1.01141 -4.2
-1.01117 -4.1
-1.01092 -3.9
-1.01068 -3.7
-1.01043 -3.5
-1.01019 -3.3
-1.00994 -3.1
-1.0097 -2.9
-1.00946 -2.6
-1.00921 -2.4
-1.00897 -2.2
-1.00872 -2.0
-1.00848 -1.7
-1.00824 -1.5
-1.00799 -1.2
-1.00775 -1.0
-1.0075 -0.7
-1.00726 -0.5
-1.00702 -0.3
-1.00677 0.0
-1.00653 0.2
-1.00628 0.5
-1.00604 0.7
-1.00579 1.0
-1.00555 1.2
-1.00531 1.5
-1.00506 1.7
-1.00482 2.0
-1.00457 2.2
-1.00433 2.4
-1.00409 2.6
-1.00384 2.9
-1.0036 3.1
-1.00335 3.3
-1.00311 3.5
-1.00286 3.7
-1.00262 3.9
-1.00238 4.1
-1.00213 4.3
-1.00189 4.4
-1.00164 4.6
-1.0014 4.7
-1.00116 4.9
-1.00091 5.0
-1.00067 5.2
-1.00042 5.3
-1.00018 5.4
-0.99994 5.5
-0.99969 5.6
-0.99945 5.7
-0.9992 5.7
-0.99896 5.8
-0.99871 5.9
-0.99847 5.9
-0.99823 5.9
-0.99798 6.0
-0.99774 6.0
-0.99749 6.0
-0.99725 6.0
-0.99701 5.9
-0.99676 5.9
-0.99652 5.9
-0.99627 5.8
-0.99603 5.8
-0.99578 5.7
-0.99554 5.6
-0.9953 5.5
-0.99505 5.4
-0.99481 5.3
-0.99456 5.2
-0.99432 5.0
-0.99408 4.9
-0.99383 4.8
-0.99359 4.6
-0.99334 4.4
-0.9931 4.3
-0.99286 4.1
-0.99261 3.9
-0.99237 3.7
-0.99212 3.5
-0.99188 3.3
-0.99163 3.1
-0.99139 2.9
-0.99115 2.7
-0.9909 2.4
-0.99066 2.2
-0.99041 2.0
-0.99017 1.7
-0.98993 1.5
-0.98968 1.2
-0.98944 1.0
-0.98919 0.7
-0.98895 0.5
-0.9887 0.2
-0.98846 0.0
-0.98822 -0.3
-0.98797 -0.5
-0.98773 -0.8
-0.98748 -1.0
-0.98724 -1.3
-0.987 -1.5
-0.98675 -1.8
-0.98651 -2.0
-0.98626 -2.2
-0.98602 -2.5
-0.98577 -2.7
-0.98553 -2.9
-0.98529 -3.1
-0.98504 -3.3
-0.9848 -3.5
-0.98455 -3.7
-0.98431 -3.9
-0.98407 -4.1
-0.98382 -4.3
-0.98358 -4.5
-0.98333 -4.6
-0.98309 -4.8
-0.98285 -4.9
-0.9826 -5.1
-0.98236 -5.2
-0.98211 -5.3
-0.98187 -5.4
-0.98162 -5.5
-0.98138 -5.6
-0.98114 -5.7
-0.98089 -5.8
-0.98065 -5.9
-0.9804 -5.9
-0.98016 -5.9
-0.97992 -6.0
-0.97967 -6.0
-0.97943 -6.0
-0.97918 -6.0
-0.97894 -6.0
-0.97869 -6.0
-0.97845 -5.9
-0.97821 -5.9
-0.97796 -5.8
-0.97772 -5.8
-0.97747 -5.7
-0.97723 -5.6
-0.97699 -5.5
-0.97674 -5.4
-0.9765 -5.3
-0.97625 -5.1
-0.97601 -5.0
-0.97577 -4.9
-0.97552 -4.7
-0.97528 -4.6
-0.97503 -4.4
-0.97479 -4.2
-0.97454 -4.0
-0.9743 -3.8
-0.97406 -3.6
-0.97381 -3.4
-0.97357 -3.2
-0.97332 -3.0
-0.97308 -2.8
-0.97284 -2.6
-0.97259 -2.3
-0.97235 -2.1
-0.9721 -1.8
-0.97186 -1.6
-0.97161 -1.4
-0.97137 -1.1
-0.97113 -0.9
-0.97088 -0.6
-0.97064 -0.3
-0.97039 0.0
-0.97015 0.2
-0.96991 0.4
-0.96966 0.7
-0.96942 0.9
-0.96917 1.2
-0.96893 1.4
-0.96869 1.7
-0.96844 1.9
-0.9682 2.2
-0.96795 2.4
-0.96771 2.6
-0.96746 2.8
-0.96722 3.1
-0.96698 3.3
-0.96673 3.5
-0.96649 3.7
-0.96624 3.9
-0.966 4.1
-0.96576 4.3
-0.96551 4.4
-0.96527 4.6
-0.96502 4.8
-0.96478 4.9
-0.96453 5.1
-0.96429 5.2
-0.96405 5.3
-0.9638 5.4
-0.96356 5.5
-0.96331 5.6
-0.96307 5.7
-0.96283 5.8
-0.96258 5.9
-0.96234 5.9
-0.96209 6.0
-0.96185 6.0
-0.96161 6.0
-0.96136 6.0
-0.96112 6.0
-0.96087 6.0
-0.96063 6.0
-0.96038 6.0
-0.96014 5.9
-0.9599 5.9
-0.95965 5.8
-0.95941 5.7
-0.95916 5.6
-0.95892 5.5
-0.95868 5.4
-0.95843 5.3
-0.95819 5.2
-0.95794 5.0
-0.9577 4.9
-0.95745 4.7
-0.95721 4.6
-0.95697 4.4
-0.95672 4.2
-0.95648 4.1
-0.95623 3.9
-0.95599 3.7
-0.95575 3.5
-0.9555 3.2
-0.95526 3.0
-0.95501 2.8
-0.95477 2.6
-0.95452 2.3
-0.95428 2.1
-0.95404 1.8
-0.95379 1.6
-0.95355 1.4
-0.9533 1.1
-0.95306 0.8
-0.95282 0.6
-0.95257 0.3
-0.95233 0.0
-0.95208 -0.2
-0.95184 -0.4
-0.9516 -0.7
-0.95135 -0.9
-0.95111 -1.2
-0.95086 -1.4
-0.95062 -1.7
-0.95037 -1.9
-0.95013 -2.2
-0.94989 -2.4
-0.94964 -2.7
-0.9494 -2.9
-0.94915 -3.1
-0.94891 -3.3
-0.94867 -3.5
-0.94842 -3.7
-0.94818 -3.9
-0.94793 -4.1
-0.94769 -4.3
-0.94744 -4.5
-0.9472 -4.7
-0.94696 -4.8
-0.94671 -5.0
-0.94647 -5.1
-0.94622 -5.3
-0.94598 -5.4
-0.94574 -5.5
-0.94549 -5.6
-0.94525 -5.7
-0.945 -5.8
-0.94476 -5.8
-0.94452 -5.9
-0.94427 -6.0
-0.94403 -6.0
-0.94378 -6.0
-0.94354 -6.0
-0.94329 -6.0
-0.94305 -6.0
-0.94281 -6.0
-0.94256 -6.0
-0.94232 -6.0
-0.94207 -5.9
-0.94183 -5.9
-0.94159 -5.8
-0.94134 -5.7
-0.9411 -5.6
-0.94085 -5.5
-0.94061 -5.4
-0.94036 -5.3
-0.94012 -5.2
-0.93988 -5.0
-0.93963 -4.9
-0.93939 -4.7
-0.93914 -4.5
-0.9389 -4.4
-0.93866 -4.2
-0.93841 -4.0
-0.93817 -3.8
-0.93792 -3.6
-0.93768 -3.4
-0.93744 -3.2
-0.93719 -2.9
-0.93695 -2.7
-0.9367 -2.5
-0.93646 -2.2
-0.93621 -2.0
-0.93597 -1.7
-0.93573 -1.5
-0.93548 -1.2
-0.93524 -1.0
-0.93499 -0.7
-0.93475 -0.5
-0.93451 -0.2
-0.93426 0.0
-0.93402 0.3
-0.93377 0.6
-0.93353 0.8
-0.93328 1.1
-0.93304 1.3
-0.9328 1.6
-0.93255 1.9
-0.93231 2.1
-0.93206 2.3
-0.93182 2.6
-0.93158 2.8
-0.93133 3.0
-0.93109 3.3
-0.93084 3.5
-0.9306 3.7
-0.93036 3.9
-0.93011 4.1
-0.92987 4.3
-0.92962 4.5
-0.92938 4.6
-0.92913 4.8
-0.92889 5.0
-0.92865 5.1
-0.9284 5.2
-0.92816 5.4
-0.92791 5.5
-0.92767 5.6
-0.92743 5.7
-0.92718 5.8
-0.92694 5.8
-0.92669 5.9
-0.92645 6.0
-0.9262 6.0
-0.92596 6.0
-0.92572 6.1
-0.92547 6.1
-0.92523 6.1
-0.92498 6.1
-0.92474 6.0
-0.9245 6.0
-0.92425 6.0
-0.92401 5.9
-0.92376 5.8
-0.92352 5.7
-0.92327 5.7
-0.92303 5.6
-0.92279 5.4
-0.92254 5.3
-0.9223 5.2
-0.92205 5.1
-0.92181 4.9
-0.92157 4.7
-0.92132 4.6
-0.92108 4.4
-0.92083 4.2
-0.92059 4.0
-0.92035 3.8
-0.9201 3.6
-0.91986 3.4
-0.91961 3.2
-0.91937 3.0
-0.91912 2.7
-0.91888 2.5
-0.91864 2.2
-0.91839 2.0
-0.91815 1.7
-0.9179 1.5
-0.91766 1.2
-0.91742 1.0
-0.91717 0.7
-0.91693 0.5
-0.91668 0.2
-0.91644 0.0
-0.91619 -0.3
-0.91595 -0.6
-0.91571 -0.9
-0.91546 -1.1
-0.91522 -1.4
-0.91497 -1.6
-0.91473 -1.9
-0.91449 -2.1
-0.91424 -2.4
-0.914 -2.6
-0.91375 -2.8
-0.91351 -3.1
-0.91327 -3.3
-0.91302 -3.5
-0.91278 -3.7
-0.91253 -3.9
-0.91229 -4.1
-0.91204 -4.3
-0.9118 -4.5
-0.91156 -4.7
-0.91131 -4.8
-0.91107 -5.0
-0.91082 -5.1
-0.91058 -5.3
-0.91034 -5.4
-0.91009 -5.5
-0.90985 -5.6
-0.9096 -5.7
-0.90936 -5.8
-0.90911 -5.9
-0.90887 -6.0
-0.90863 -6.0
-0.90838 -6.0
-0.90814 -6.1
-0.90789 -6.1
-0.90765 -6.1
-0.90741 -6.1
-0.90716 -6.1
-0.90692 -6.1
-0.90667 -6.0
-0.90643 -6.0
-0.90619 -5.9
-0.90594 -5.8
-0.9057 -5.7
-0.90545 -5.6
-0.90521 -5.5
-0.90496 -5.4
-0.90472 -5.3
-0.90448 -5.2
-0.90423 -5.0
-0.90399 -4.9
-0.90374 -4.7
-0.9035 -4.5
-0.90326 -4.3
-0.90301 -4.2
-0.90277 -4.0
-0.90252 -3.8
-0.90228 -3.5
-0.90203 -3.3
-0.90179 -3.1
-0.90155 -2.9
-0.9013 -2.6
-0.90106 -2.4
-0.90081 -2.1
-0.90057 -1.9
-0.90033 -1.6
-0.90008 -1.4
-0.89984 -1.1
-0.89959 -0.8
-0.89935 -0.6
-0.89911 -0.3
-0.89886 0.0
-0.89862 0.2
-0.89837 0.5
-0.89813 0.7
-0.89788 1.0
-0.89764 1.3
-0.8974 1.5
-0.89715 1.8
-0.89691 2.0
-0.89666 2.3
-0.89642 2.5
-0.89618 2.8
-0.89593 3.0
-0.89569 3.2
-0.89544 3.5
-0.8952 3.7
-0.89495 3.9
-0.89471 4.1
-0.89447 4.3
-0.89422 4.5
-0.89398 4.6
-0.89373 4.8
-0.89349 5.0
-0.89325 5.1
-0.893 5.3
-0.89276 5.4
-0.89251 5.5
-0.89227 5.6
-0.89202 5.7
-0.89178 5.8
-0.89154 5.9
-0.89129 6.0
-0.89105 6.0
-0.8908 6.1
-0.89056 6.1
-0.89032 6.1
-0.89007 6.1
-0.88983 6.1
-0.88958 6.1
-0.88934 6.1
-0.8891 6.0
-0.88885 6.0
-0.88861 5.9
-0.88836 5.9
-0.88812 5.8
-0.88787 5.7
-0.88763 5.6
-0.88739 5.5
-0.88714 5.3
-0.8869 5.2
-0.88665 5.1
-0.88641 4.9
-0.88617 4.7
-0.88592 4.6
-0.88568 4.4
-0.88543 4.2
-0.88519 4.0
-0.88494 3.8
-0.8847 3.6
-0.88446 3.3
-0.88421 3.1
-0.88397 2.9
-0.88372 2.6
-0.88348 2.4
-0.88324 2.2
-0.88299 1.9
-0.88275 1.6
-0.8825 1.4
-0.88226 1.1
-0.88202 0.9
-0.88177 0.6
-0.88153 0.3
-0.88128 0.0
-0.88104 -0.2
-0.88079 -0.5
-0.88055 -0.8
-0.88031 -1.0
-0.88006 -1.3
-0.87982 -1.6
-0.87957 -1.8
-0.87933 -2.1
-0.87909 -2.3
-0.87884 -2.6
-0.8786 -2.8
-0.87835 -3.0
-0.87811 -3.3
-0.87786 -3.5
-0.87762 -3.7
-0.87738 -3.9
-0.87713 -4.1
-0.87689 -4.3
-0.87664 -4.5
-0.8764 -4.7
-0.87616 -4.9
-0.87591 -5.0
-0.87567 -5.2
-0.87542 -5.3
-0.87518 -5.5
-0.87494 -5.6
-0.87469 -5.7
-0.87445 -5.8
-0.8742 -5.9
-0.87396 -5.9
-0.87371 -6.0
-0.87347 -6.1
-0.87323 -6.1
-0.87298 -6.1
-0.87274 -6.1
-0.87249 -6.2
-0.87225 -6.2
-0.87201 -6.1
-0.87176 -6.1
-0.87152 -6.1
-0.87127 -6.0
-0.87103 -5.9
-0.87078 -5.9
-0.87054 -5.8
-0.8703 -5.7
-0.87005 -5.6
-0.86981 -5.5
-0.86956 -5.3
-0.86932 -5.2
-0.86908 -5.0
-0.86883 -4.9
-0.86859 -4.7
-0.86834 -4.5
-0.8681 -4.3
-0.86786 -4.1
-0.86761 -3.9
-0.86737 -3.7
-0.86712 -3.5
-0.86688 -3.3
-0.86663 -3.0
-0.86639 -2.8
-0.86615 -2.5
-0.8659 -2.3
-0.86566 -2.0
-0.86541 -1.8
-0.86517 -1.5
-0.86493 -1.3
-0.86468 -1.0
-0.86444 -0.7
-0.86419 -0.4
-0.86395 -0.2
-0.8637 0.0
-0.86346 0.4
-0.86322 0.6
-0.86297 0.9
-0.86273 1.2
-0.86248 1.4
-0.86224 1.7
-0.862 2.0
-0.86175 2.2
-0.86151 2.5
-0.86126 2.7
-0.86102 3.0
-0.86077 3.2
-0.86053 3.4
-0.86029 3.7
-0.86004 3.9
-0.8598 4.1
-0.85955 4.3
-0.85931 4.5
-0.85907 4.7
-0.85882 4.8
-0.85858 5.0
-0.85833 5.2
-0.85809 5.3
-0.85785 5.4
-0.8576 5.6
-0.85736 5.7
-0.85711 5.8
-0.85687 5.9
-0.85662 6.0
-0.85638 6.0
-0.85614 6.1
-0.85589 6.1
-0.85565 6.2
-0.8554 6.2
-0.85516 6.2
-0.85492 6.2
-0.85467 6.2
-0.85443 6.1
-0.85418 6.1
-0.85394 6.0
-0.85369 6.0
-0.85345 5.9
-0.85321 5.8
-0.85296 5.7
-0.85272 5.6
-0.85247 5.5
-0.85223 5.4
-0.85199 5.2
-0.85174 5.1
-0.8515 4.9
-0.85125 4.7
-0.85101 4.6
-0.85077 4.4
-0.85052 4.2
-0.85028 4.0
-0.85003 3.7
-0.84979 3.5
-0.84954 3.3
-0.8493 3.1
-0.84906 2.8
-0.84881 2.6
-0.84857 2.3
-0.84832 2.1
-0.84808 1.8
-0.84784 1.5
-0.84759 1.3
-0.84735 1.0
-0.8471 0.7
-0.84686 0.4
-0.84661 0.2
-0.84637 -0.1
-0.84613 -0.4
-0.84588 -0.7
-0.84564 -0.9
-0.84539 -1.2
-0.84515 -1.5
-0.84491 -1.7
-0.84466 -2.0
-0.84442 -2.3
-0.84417 -2.5
-0.84393 -2.8
-0.84369 -3.0
-0.84344 -3.2
-0.8432 -3.5
-0.84295 -3.7
-0.84271 -3.9
-0.84246 -4.1
-0.84222 -4.3
-0.84198 -4.5
-0.84173 -4.7
-0.84149 -4.9
-0.84124 -5.1
-0.841 -5.2
-0.84076 -5.4
-0.84051 -5.5
-0.84027 -5.6
-0.84002 -5.7
-0.83978 -5.8
-0.83953 -5.9
-0.83929 -6.0
-0.83905 -6.1
-0.8388 -6.1
-0.83856 -6.2
-0.83831 -6.2
-0.83807 -6.2
-0.83783 -6.2
-0.83758 -6.2
-0.83734 -6.2
-0.83709 -6.2
-0.83685 -6.1
-0.83661 -6.1
-0.83636 -6.0
-0.83612 -5.9
-0.83587 -5.8
-0.83563 -5.7
-0.83538 -5.6
-0.83514 -5.5
-0.8349 -5.3
-0.83465 -5.2
-0.83441 -5.0
-0.83416 -4.9
-0.83392 -4.7
-0.83368 -4.5
-0.83343 -4.3
-0.83319 -4.1
-0.83294 -3.9
-0.8327 -3.7
-0.83245 -3.4
-0.83221 -3.2
-0.83197 -3.0
-0.83172 -2.7
-0.83148 -2.5
-0.83123 -2.2
-0.83099 -1.9
-0.83075 -1.7
-0.8305 -1.4
-0.83026 -1.1
-0.83001 -0.9
-0.82977 -0.6
-0.82952 -0.3
-0.82928 0.0
-0.82904 0.3
-0.82879 0.5
-0.82855 0.8
-0.8283 1.1
-0.82806 1.4
-0.82782 1.6
-0.82757 1.9
-0.82733 2.2
-0.82708 2.4
-0.82684 2.7
-0.8266 2.9
-0.82635 3.2
-0.82611 3.4
-0.82586 3.6
-0.82562 3.9
-0.82537 4.1
-0.82513 4.3
-0.82489 4.5
-0.82464 4.7
-0.8244 4.9
-0.82415 5.0
-0.82391 5.2
-0.82367 5.3
-0.82342 5.5
-0.82318 5.6
-0.82293 5.7
-0.82269 5.8
-0.82244 5.9
-0.8222 6.0
-0.82196 6.1
-0.82171 6.1
-0.82147 6.2
-0.82122 6.2
-0.82098 6.2
-0.82074 6.2
-0.82049 6.2
-0.82025 6.2
-0.82 6.2
-0.81976 6.1
-0.81952 6.1
-0.81927 6.0
-0.81903 5.9
-0.81878 5.9
-0.81854 5.8
-0.81829 5.6
-0.81805 5.5
-0.81781 5.4
-0.81756 5.2
-0.81732 5.1
-0.81707 4.9
-0.81683 4.7
-0.81659 4.5
-0.81634 4.3
-0.8161 4.1
-0.81585 3.9
-0.81561 3.7
-0.81536 3.5
-0.81512 3.2
-0.81488 3.0
-0.81463 2.7
-0.81439 2.5
-0.81414 2.2
-0.8139 1.9
-0.81366 1.7
-0.81341 1.4
-0.81317 1.1
-0.81292 0.9
-0.81268 0.6
-0.81244 0.3
-0.81219 0.0
-0.81195 -0.3
-0.8117 -0.6
-0.81146 -0.8
-0.81121 -1.1
-0.81097 -1.4
-0.81073 -1.7
-0.81048 -1.9
-0.81024 -2.2
-0.80999 -2.5
-0.80975 -2.7
-0.80951 -3.0
-0.80926 -3.2
-0.80902 -3.5
-0.80877 -3.7
-0.80853 -3.9
-0.80828 -4.1
-0.80804 -4.3
-0.8078 -4.5
-0.80755 -4.7
-0.80731 -4.9
-0.80706 -5.1
-0.80682 -5.2
-0.80658 -5.4
-0.80633 -5.5
-0.80609 -5.7
-0.80584 -5.8
-0.8056 -5.9
-0.80536 -6.0
-0.80511 -6.1
-0.80487 -6.1
-0.80462 -6.2
-0.80438 -6.2
-0.80413 -6.3
-0.80389 -6.3
-0.80365 -6.3
-0.8034 -6.3
-0.80316 -6.2
-0.80291 -6.2
-0.80267 -6.2
-0.80243 -6.1
-0.80218 -6.0
-0.80194 -5.9
-0.80169 -5.9
-0.80145 -5.7
-0.8012 -5.6
-0.80096 -5.5
-0.80072 -5.3
-0.80047 -5.2
-0.80023 -5.0
-0.79998 -4.9
-0.79974 -4.7
-0.7995 -4.5
-0.79925 -4.3
-0.79901 -4.1
-0.79876 -3.8
-0.79852 -3.6
-0.79827 -3.4
-0.79803 -3.1
-0.79779 -2.9
-0.79754 -2.6
-0.7973 -2.4
-0.79705 -2.1
-0.79681 -1.8
-0.79657 -1.5
-0.79632 -1.3
-0.79608 -1.0
-0.79583 -0.7
-0.79559 -0.4
-0.79535 -0.1
-0.7951 0.1
-0.79486 0.4
-0.79461 0.7
-0.79437 1.0
-0.79412 1.3
-0.79388 1.6
-0.79364 1.8
-0.79339 2.1
-0.79315 2.4
-0.7929 2.6
-0.79266 2.9
-0.79242 3.1
-0.79217 3.4
-0.79193 3.6
-0.79168 3.9
-0.79144 4.1
-0.79119 4.3
-0.79095 4.5
-0.79071 4.7
-0.79046 4.9
-0.79022 5.1
-0.78997 5.2
-0.78973 5.4
-0.78949 5.5
-0.78924 5.7
-0.789 5.8
-0.78875 5.9
-0.78851 6.0
-0.78827 6.1
-0.78802 6.1
-0.78778 6.2
-0.78753 6.2
-0.78729 6.3
-0.78704 6.3
-0.7868 6.3
-0.78656 6.3
-0.78631 6.3
-0.78607 6.2
-0.78582 6.2
-0.78558 6.1
-0.78534 6.1
-0.78509 6.0
-0.78485 5.9
-0.7846 5.8
-0.78436 5.7
-0.78411 5.5
-0.78387 5.4
-0.78363 5.2
-0.78338 5.1
-0.78314 4.9
-0.78289 4.7
-0.78265 4.5
-0.78241 4.3
-0.78216 4.1
-0.78192 3.9
-0.78167 3.6
-0.78143 3.4
-0.78119 3.1
-0.78094 2.9
-0.7807 2.6
-0.78045 2.4
-0.78021 2.1
-0.77996 1.8
-0.77972 1.5
-0.77948 1.3
-0.77923 1.0
-0.77899 0.7
-0.77874 0.4
-0.7785 0.1
-0.77826 -0.2
-0.77801 -0.5
-0.77777 -0.7
-0.77752 -1.0
-0.77728 -1.3
-0.77703 -1.6
-0.77679 -1.9
-0.77655 -2.2
-0.7763 -2.4
-0.77606 -2.7
-0.77581 -2.9
-0.77557 -3.2
-0.77533 -3.4
-0.77508 -3.7
-0.77484 -3.9
-0.77459 -4.1
-0.77435 -4.4
-0.77411 -4.6
-0.77386 -4.8
-0.77362 -4.9
-0.77337 -5.1
-0.77313 -5.3
-0.77288 -5.4
-0.77264 -5.6
-0.7724 -5.7
-0.77215 -5.8
-0.77191 -5.9
-0.77166 -6.0
-0.77142 -6.1
-0.77118 -6.2
-0.77093 -6.2
-0.77069 -6.3
-0.77044 -6.3
-0.7702 -6.3
-0.76995 -6.3
-0.76971 -6.3
-0.76947 -6.3
-0.76922 -6.3
-0.76898 -6.2
-0.76873 -6.1
-0.76849 -6.1
-0.76825 -6.0
-0.768 -5.9
-0.76776 -5.8
-0.76751 -5.6
-0.76727 -5.5
-0.76702 -5.3
-0.76678 -5.2
-0.76654 -5.0
-0.76629 -4.8
-0.76605 -4.6
-0.7658 -4.4
-0.76556 -4.2
-0.76532 -4.0
-0.76507 -3.8
-0.76483 -3.5
-0.76458 -3.3
-0.76434 -3.0
-0.7641 -2.8
-0.76385 -2.5
-0.76361 -2.2
-0.76336 -2.0
-0.76312 -1.7
-0.76287 -1.4
-0.76263 -1.1
-0.76239 -0.8
-0.76214 -0.5
-0.7619 -0.2
-0.76165 0.0
-0.76141 0.3
-0.76117 0.6
-0.76092 0.9
-0.76068 1.2
-0.76043 1.5
-0.76019 1.8
-0.75994 2.1
-0.7597 2.3
-0.75946 2.6
-0.75921 2.9
-0.75897 3.1
-0.75872 3.4
-0.75848 3.6
-0.75824 3.9
-0.75799 4.1
-0.75775 4.3
-0.7575 4.5
-0.75726 4.7
-0.75702 4.9
-0.75677 5.1
-0.75653 5.3
-0.75628 5.4
-0.75604 5.6
-0.75579 5.7
-0.75555 5.8
-0.75531 5.9
-0.75506 6.0
-0.75482 6.1
-0.75457 6.2
-0.75433 6.3
-0.75409 6.3
-0.75384 6.3
-0.7536 6.4
-0.75335 6.4
-0.75311 6.4
-0.75286 6.3
-0.75262 6.3
-0.75238 6.2
-0.75213 6.2
-0.75189 6.1
-0.75164 6.0
-0.7514 5.9
-0.75116 5.8
-0.75091 5.7
-0.75067 5.5
-0.75042 5.4
-0.75018 5.2
-0.74994 5.0
-0.74969 4.9
-0.74945 4.7
-0.7492 4.5
-0.74896 4.2
-0.74871 4.0
-0.74847 3.8
-0.74823 3.5
-0.74798 3.3
-0.74774 3.0
-0.74749 2.8
-0.74725 2.5
-0.74701 2.2
-0.74676 2.0
-0.74652 1.7
-0.74627 1.4
-0.74603 1.1
-0.74578 0.8
-0.74554 0.5
-0.7453 0.2
-0.74505 0.0
-0.74481 -0.4
-0.74456 -0.7
-0.74432 -1.0
-0.74408 -1.3
-0.74383 -1.6
-0.74359 -1.8
-0.74334 -2.1
-0.7431 -2.4
-0.74286 -2.7
-0.74261 -2.9
-0.74237 -3.2
-0.74212 -3.5
-0.74188 -3.7
-0.74163 -3.9
-0.74139 -4.2
-0.74115 -4.4
-0.7409 -4.6
-0.74066 -4.8
-0.74041 -5.0
-0.74017 -5.2
-0.73993 -5.3
-0.73968 -5.5
-0.73944 -5.6
-0.73919 -5.8
-0.73895 -5.9
-0.7387 -6.0
-0.73846 -6.1
-0.73822 -6.2
-0.73797 -6.3
-0.73773 -6.3
-0.73748 -6.4
-0.73724 -6.4
-0.737 -6.4
-0.73675 -6.4
-0.73651 -6.4
-0.73626 -6.4
-0.73602 -6.3
-0.73577 -6.3
-0.73553 -6.2
-0.73529 -6.1
-0.73504 -6.0
-0.7348 -5.9
-0.73455 -5.8
-0.73431 -5.6
-0.73407 -5.5
-0.73382 -5.3
-0.73358 -5.2
-0.73333 -5.0
-0.73309 -4.8
-0.73285 -4.6
-0.7326 -4.4
-0.73236 -4.2
-0.73211 -3.9
-0.73187 -3.7
-0.73162 -3.4
-0.73138 -3.2
-0.73114 -2.9
-0.73089 -2.6
-0.73065 -2.4
-0.7304 -2.1
-0.73016 -1.8
-0.72992 -1.5
-0.72967 -1.2
-0.72943 -0.9
-0.72918 -0.6
-0.72894 -0.3
-0.72869 0.0
-0.72845 0.3
-0.72821 0.6
-0.72796 0.9
-0.72772 1.2
-0.72747 1.5
-0.72723 1.8
-0.72699 2.0
-0.72674 2.3
-0.7265 2.6
-0.72625 2.9
-0.72601 3.1
-0.72577 3.4
-0.72552 3.7
-0.72528 3.9
-0.72503 4.1
-0.72479 4.4
-0.72454 4.6
-0.7243 4.8
-0.72406 5.0
-0.72381 5.2
-0.72357 5.3
-0.72332 5.5
-0.72308 5.7
-0.72284 5.8
-0.72259 5.9
-0.72235 6.0
-0.7221 6.1
-0.72186 6.2
-0.72161 6.3
-0.72137 6.3
-0.72113 6.4
-0.72088 6.4
-0.72064 6.4
-0.72039 6.4
-0.72015 6.4
-0.71991 6.4
-0.71966 6.3
-0.71942 6.3
-0.71917 6.2
-0.71893 6.1
-0.71869 6.0
-0.71844 5.9
-0.7182 5.8
-0.71795 5.7
-0.71771 5.5
-0.71746 5.4
-0.71722 5.2
-0.71698 5.0
-0.71673 4.8
-0.71649 4.6
-0.71624 4.4
-0.716 4.2
-0.71576 3.9
-0.71551 3.7
-0.71527 3.4
-0.71502 3.2
-0.71478 2.9
-0.71453 2.6
-0.71429 2.3
-0.71405 2.1
-0.7138 1.8
-0.71356 1.5
-0.71331 1.2
-0.71307 0.9
-0.71283 0.6
-0.71258 0.3
-0.71234 0.0
-0.71209 -0.3
-0.71185 -0.6
-0.71161 -0.9
-0.71136 -1.2
-0.71112 -1.5
-0.71087 -1.8
-0.71063 -2.1
-0.71038 -2.4
-0.71014 -2.7
-0.7099 -3.0
-0.70965 -3.2
-0.70941 -3.5
-0.70916 -3.7
-0.70892 -4.0
-0.70868 -4.2
-0.70843 -4.4
-0.70819 -4.7
-0.70794 -4.9
-0.7077 -5.1
-0.70745 -5.2
-0.70721 -5.4
-0.70697 -5.6
-0.70672 -5.7
-0.70648 -5.9
-0.70623 -6.0
-0.70599 -6.1
-0.70575 -6.2
-0.7055 -6.3
-0.70526 -6.3
-0.70501 -6.4
-0.70477 -6.4
-0.70452 -6.5
-0.70428 -6.5
-0.70404 -6.5
-0.70379 -6.4
-0.70355 -6.4
-0.7033 -6.4
-0.70306 -6.3
-0.70282 -6.2
-0.70257 -6.1
-0.70233 -6.0
-0.70208 -5.9
-0.70184 -5.8
-0.7016 -5.6
-0.70135 -5.5
-0.70111 -5.3
-0.70086 -5.1
-0.70062 -4.9
-0.70037 -4.7
-0.70013 -4.5
-0.69989 -4.3
-0.69964 -4.0
-0.6994 -3.8
-0.69915 -3.6
-0.69891 -3.3
-0.69867 -3.0
-0.69842 -2.7
-0.69818 -2.5
-0.69793 -2.2
-0.69769 -1.9
-0.69744 -1.6
-0.6972 -1.3
-0.69696 -1.0
-0.69671 -0.7
-0.69647 -0.4
-0.69622 0.0
-0.69598 0.2
-0.69574 0.5
-0.69549 0.9
-0.69525 1.2
-0.695 1.5
-0.69476 1.8
-0.69452 2.1
-0.69427 2.3
-0.69403 2.6
-0.69378 2.9
-0.69354 3.2
-0.69329 3.4
-0.69305 3.7
-0.69281 4.0
-0.69256 4.2
-0.69232 4.4
-0.69207 4.7
-0.69183 4.9
-0.69159 5.1
-0.69134 5.2
-0.6911 5.4
-0.69085 5.6
-0.69061 5.7
-0.69036 5.9
-0.69012 6.0
-0.68988 6.1
-0.68963 6.2
-0.68939 6.3
-0.68914 6.4
-0.6889 6.4
-0.68866 6.5
-0.68841 6.5
-0.68817 6.5
-0.68792 6.5
-0.68768 6.5
-0.68744 6.4
-0.68719 6.4
-0.68695 6.3
-0.6867 6.3
-0.68646 6.2
-0.68621 6.1
-0.68597 5.9
-0.68573 5.8
-0.68548 5.7
-0.68524 5.5
-0.68499 5.3
-0.68475 5.1
-0.68451 4.9
-0.68426 4.7
-0.68402 4.5
-0.68377 4.3
-0.68353 4.0
-0.68328 3.8
-0.68304 3.5
-0.6828 3.3
-0.68255 3.0
-0.68231 2.7
-0.68206 2.4
-0.68182 2.1
-0.68158 1.8
-0.68133 1.5
-0.68109 1.2
-0.68084 0.9
-0.6806 0.6
-0.68036 0.3
-0.68011 0.0
-0.67987 -0.3
-0.67962 -0.6
-0.67938 -0.9
-0.67913 -1.2
-0.67889 -1.5
-0.67865 -1.9
-0.6784 -2.1
-0.67816 -2.4
-0.67791 -2.7
-0.67767 -3.0
-0.67743 -3.3
-0.67718 -3.6
-0.67694 -3.8
-0.67669 -4.1
-0.67645 -4.3
-0.6762 -4.5
-0.67596 -4.8
-0.67572 -5.0
-0.67547 -5.2
-0.67523 -5.3
-0.67498 -5.5
-0.67474 -5.7
-0.6745 -5.8
-0.67425 -6.0
-0.67401 -6.1
-0.67376 -6.2
-0.67352 -6.3
-0.67327 -6.4
-0.67303 -6.4
-0.67279 -6.5
-0.67254 -6.5
-0.6723 -6.5
-0.67205 -6.5
-0.67181 -6.5
-0.67157 -6.5
-0.67132 -6.5
-0.67108 -6.4
-0.67083 -6.3
-0.67059 -6.2
-0.67035 -6.1
-0.6701 -6.0
-0.66986 -5.9
-0.66961 -5.7
-0.66937 -5.6
-0.66912 -5.4
-0.66888 -5.2
-0.66864 -5.0
-0.66839 -4.8
-0.66815 -4.6
-0.6679 -4.4
-0.66766 -4.2
-0.66742 -3.9
-0.66717 -3.6
-0.66693 -3.4
-0.66668 -3.1
-0.66644 -2.8
-0.66619 -2.5
-0.66595 -2.2
-0.66571 -1.9
-0.66546 -1.6
-0.66522 -1.3
-0.66497 -1.0
-0.66473 -0.7
-0.66449 -0.4
-0.66424 0.0
-0.664 0.2
-0.66375 0.6
-0.66351 0.9
-0.66327 1.2
-0.66302 1.5
-0.66278 1.8
-0.66253 2.1
-0.66229 2.4
-0.66204 2.7
-0.6618 3.0
-0.66156 3.3
-0.66131 3.5
-0.66107 3.8
-0.66082 4.1
-0.66058 4.3
-0.66034 4.5
-0.66009 4.8
-0.65985 5.0
-0.6596 5.2
-0.65936 5.4
-0.65911 5.5
-0.65887 5.7
-0.65863 5.9
-0.65838 6.0
-0.65814 6.1
-0.65789 6.2
-0.65765 6.3
-0.65741 6.4
-0.65716 6.5
-0.65692 6.5
-0.65667 6.5
-0.65643 6.6
-0.65619 6.6
-0.65594 6.6
-0.6557 6.5
-0.65545 6.5
-0.65521 6.4
-0.65496 6.4
-0.65472 6.3
-0.65448 6.2
-0.65423 6.0
-0.65399 5.9
-0.65374 5.8
-0.6535 5.6
-0.65326 5.4
-0.65301 5.2
-0.65277 5.0
-0.65252 4.8
-0.65228 4.6
-0.65203 4.4
-0.65179 4.1
-0.65155 3.9
-0.6513 3.6
-0.65106 3.3
-0.65081 3.1
-0.65057 2.8
-0.65033 2.5
-0.65008 2.2
-0.64984 1.9
-0.64959 1.6
-0.64935 1.3
-0.64911 0.9
-0.64886 0.6
-0.64862 0.3
-0.64837 0.0
-0.64813 -0.3
-0.64788 -0.7
-0.64764 -1.0
-0.6474 -1.3
-0.64715 -1.6
-0.64691 -1.9
-0.64666 -2.2
-0.64642 -2.5
-0.64618 -2.8
-0.64593 -3.1
-0.64569 -3.4
-0.64544 -3.7
-0.6452 -3.9
-0.64495 -4.2
-0.64471 -4.4
-0.64447 -4.7
-0.64422 -4.9
-0.64398 -5.1
-0.64373 -5.3
-0.64349 -5.5
-0.64325 -5.7
-0.643 -5.8
-0.64276 -6.0
-0.64251 -6.1
-0.64227 -6.2
-0.64202 -6.3
-0.64178 -6.4
-0.64154 -6.5
-0.64129 -6.5
-0.64105 -6.6
-0.6408 -6.6
-0.64056 -6.6
-0.64032 -6.6
-0.64007 -6.6
-0.63983 -6.5
-0.63958 -6.5
-0.63934 -6.4
-0.6391 -6.3
-0.63885 -6.2
-0.63861 -6.1
-0.63836 -6.0
-0.63812 -5.8
-0.63787 -5.7
-0.63763 -5.5
-0.63739 -5.3
-0.63714 -5.1
-0.6369 -4.9
-0.63665 -4.7
-0.63641 -4.5
-0.63617 -4.2
-0.63592 -4.0
-0.63568 -3.7
-0.63543 -3.4
-0.63519 -3.1
-0.63494 -2.9
-0.6347 -2.6
-0.63446 -2.3
-0.63421 -1.9
-0.63397 -1.6
-0.63372 -1.3
-0.63348 -1.0
-0.63324 -0.7
-0.63299 -0.4
-0.63275 0.0
-0.6325 0.3
-0.63226 0.6
-0.63202 0.9
-0.63177 1.3
-0.63153 1.6
-0.63128 1.9
-0.63104 2.2
-0.63079 2.5
-0.63055 2.8
-0.63031 3.1
-0.63006 3.4
-0.62982 3.7
-0.62957 3.9
-0.62933 4.2
-0.62909 4.4
-0.62884 4.7
-0.6286 4.9
-0.62835 5.1
-0.62811 5.3
-0.62786 5.5
-0.62762 5.7
-0.62738 5.9
-0.62713 6.0
-0.62689 6.1
-0.62664 6.2
-0.6264 6.4
-0.62616 6.4
-0.62591 6.5
-0.62567 6.6
-0.62542 6.6
-0.62518 6.6
-0.62494 6.6
-0.62469 6.6
-0.62445 6.6
-0.6242 6.6
-0.62396 6.5
-0.62371 6.4
-0.62347 6.4
-0.62323 6.2
-0.62298 6.1
-0.62274 6.0
-0.62249 5.8
-0.62225 5.7
-0.62201 5.5
-0.62176 5.3
-0.62152 5.1
-0.62127 4.9
-0.62103 4.7
-0.62078 4.4
-0.62054 4.2
-0.6203 3.9
-0.62005 3.6
-0.61981 3.4
-0.61956 3.1
-0.61932 2.8
-0.61908 2.5
-0.61883 2.2
-0.61859 1.9
-0.61834 1.5
-0.6181 1.2
-0.61786 0.9
-0.61761 0.6
-0.61737 0.2
-0.61712 -0.1
-0.61688 -0.4
-0.61663 -0.8
-0.61639 -1.1
-0.61615 -1.4
-0.6159 -1.7
-0.61566 -2.1
-0.61541 -2.4
-0.61517 -2.7
-0.61493 -3.0
-0.61468 -3.3
-0.61444 -3.5
-0.61419 -3.8
-0.61395 -4.1
-0.6137 -4.3
-0.61346 -4.6
-0.61322 -4.8
-0.61297 -5.1
-0.61273 -5.3
-0.61248 -5.5
-0.61224 -5.6
-0.612 -5.8
-0.61175 -6.0
-0.61151 -6.1
-0.61126 -6.2
-0.61102 -6.4
-0.61077 -6.4
-0.61053 -6.5
-0.61029 -6.6
-0.61004 -6.6
-0.6098 -6.7
-0.60955 -6.7
-0.60931 -6.7
-0.60907 -6.7
-0.60882 -6.6
-0.60858 -6.6
-0.60833 -6.5
-0.60809 -6.4
-0.60785 -6.3
-0.6076 -6.2
-0.60736 -6.1
-0.60711 -5.9
-0.60687 -5.8
-0.60662 -5.6
-0.60638 -5.4
-0.60614 -5.2
-0.60589 -5.0
-0.60565 -4.7
-0.6054 -4.5
-0.60516 -4.2
-0.60492 -4.0
-0.60467 -3.7
-0.60443 -3.4
-0.60418 -3.1
-0.60394 -2.8
-0.60369 -2.5
-0.60345 -2.2
-0.60321 -1.9
-0.60296 -1.6
-0.60272 -1.2
-0.60247 -0.9
-0.60223 -0.6
-0.60199 -0.2
-0.60174 0.0
-0.6015 0.4
-0.60125 0.8
-0.60101 1.1
-0.60077 1.4
-0.60052 1.7
-0.60028 2.1
-0.60003 2.4
-0.59979 2.7
-0.59954 3.0
-0.5993 3.3
-0.59906 3.6
-0.59881 3.9
-0.59857 4.1
-0.59832 4.4
-0.59808 4.6
-0.59784 4.9
-0.59759 5.1
-0.59735 5.3
-0.5971 5.5
-0.59686 5.7
-0.59661 5.9
-0.59637 6.0
-0.59613 6.2
-0.59588 6.3
-0.59564 6.4
-0.59539 6.5
-0.59515 6.6
-0.59491 6.6
-0.59466 6.7
-0.59442 6.7
-0.59417 6.7
-0.59393 6.7
-0.59369 6.7
-0.59344 6.6
-0.5932 6.6
-0.59295 6.5
-0.59271 6.4
-0.59246 6.3
-0.59222 6.2
-0.59198 6.1
-0.59173 5.9
-0.59149 5.7
-0.59124 5.5
-0.591 5.4
-0.59076 5.1
-0.59051 4.9
-0.59027 4.7
-0.59002 4.4
-0.58978 4.2
-0.58953 3.9
-0.58929 3.6
-0.58905 3.3
-0.5888 3.0
-0.58856 2.7
-0.58831 2.4
-0.58807 2.1
-0.58783 1.8
-0.58758 1.4
-0.58734 1.1
-0.58709 0.8
-0.58685 0.4
-0.58661 0.0
-0.58636 -0.3
-0.58612 -0.6
-0.58587 -0.9
-0.58563 -1.3
-0.58538 -1.6
-0.58514 -1.9
-0.5849 -2.3
-0.58465 -2.6
-0.58441 -2.9
-0.58416 -3.2
-0.58392 -3.5
-0.58368 -3.8
-0.58343 -4.1
-0.58319 -4.3
-0.58294 -4.6
-0.5827 -4.8
-0.58245 -5.1
-0.58221 -5.3
-0.58197 -5.5
-0.58172 -5.7
-0.58148 -5.9
-0.58123 -6.0
-0.58099 -6.2
-0.58075 -6.3
-0.5805 -6.4
-0.58026 -6.5
-0.58001 -6.6
-0.57977 -6.7
-0.57952 -6.7
-0.57928 -6.7
-0.57904 -6.8
-0.57879 -6.8
-0.57855 -6.7
-0.5783 -6.7
-0.57806 -6.6
-0.57782 -6.6
-0.57757 -6.5
-0.57733 -6.4
-0.57708 -6.2
-0.57684 -6.1
-0.5766 -6.0
-0.57635 -5.8
-0.57611 -5.6
-0.57586 -5.4
-0.57562 -5.2
-0.57537 -5.0
-0.57513 -4.7
-0.57489 -4.5
-0.57464 -4.2
-0.5744 -3.9
-0.57415 -3.6
-0.57391 -3.4
-0.57367 -3.1
-0.57342 -2.7
-0.57318 -2.4
-0.57293 -2.1
-0.57269 -1.8
-0.57244 -1.4
-0.5722 -1.1
-0.57196 -0.8
-0.57171 -0.4
-0.57147 0.0
-0.57122 0.3
-0.57098 0.6
-0.57074 1.0
-0.57049 1.3
-0.57025 1.6
-0.57 2.0
-0.56976 2.3
-0.56952 2.6
-0.56927 2.9
-0.56903 3.3
-0.56878 3.6
-0.56854 3.8
-0.56829 4.1
-0.56805 4.4
-0.56781 4.7
-0.56756 4.9
-0.56732 5.1
-0.56707 5.4
-0.56683 5.6
-0.56659 5.8
-0.56634 5.9
-0.5661 6.1
-0.56585 6.2
-0.56561 6.4
-0.56536 6.5
-0.56512 6.6
-0.56488 6.7
-0.56463 6.7
-0.56439 6.8
-0.56414 6.8
-0.5639 6.8
-0.56366 6.8
-0.56341 6.8
-0.56317 6.7
-0.56292 6.7
-0.56268 6.6
-0.56244 6.5
-0.56219 6.4
-0.56195 6.2
-0.5617 6.1
-0.56146 5.9
-0.56121 5.7
-0.56097 5.5
-0.56073 5.3
-0.56048 5.1
-0.56024 4.9
-0.55999 4.6
-0.55975 4.4
-0.55951 4.1
-0.55926 3.8
-0.55902 3.5
-0.55877 3.2
-0.55853 2.9
-0.55828 2.6
-0.55804 2.3
-0.5578 1.9
-0.55755 1.6
-0.55731 1.2
-0.55706 0.9
-0.55682 0.5
-0.55658 0.2
-0.55633 -0.2
-0.55609 -0.5
-0.55584 -0.9
-0.5556 -1.2
-0.55536 -1.5
-0.55511 -1.9
-0.55487 -2.2
-0.55462 -2.5
-0.55438 -2.9
-0.55413 -3.2
-0.55389 -3.5
-0.55365 -3.8
-0.5534 -4.1
-0.55316 -4.4
-0.55291 -4.6
-0.55267 -4.9
-0.55243 -5.1
-0.55218 -5.3
-0.55194 -5.6
-0.55169 -5.8
-0.55145 -5.9
-0.5512 -6.1
-0.55096 -6.3
-0.55072 -6.4
-0.55047 -6.5
-0.55023 -6.6
-0.54998 -6.7
-0.54974 -6.8
-0.5495 -6.8
-0.54925 -6.8
-0.54901 -6.8
-0.54876 -6.8
-0.54852 -6.8
-0.54827 -6.8
-0.54803 -6.7
-0.54779 -6.6
-0.54754 -6.5
-0.5473 -6.4
-0.54705 -6.3
-0.54681 -6.1
-0.54657 -6.0
-0.54632 -5.8
-0.54608 -5.6
-0.54583 -5.4
-0.54559 -5.1
-0.54535 -4.9
-0.5451 -4.6
-0.54486 -4.4
-0.54461 -4.1
-0.54437 -3.8
-0.54412 -3.5
-0.54388 -3.2
-0.54364 -2.9
-0.54339 -2.6
-0.54315 -2.2
-0.5429 -1.9
-0.54266 -1.5
-0.54242 -1.2
-0.54217 -0.8
-0.54193 -0.5
-0.54168 -0.1
-0.54144 0.2
-0.54119 0.6
-0.54095 0.9
-0.54071 1.3
-0.54046 1.6
-0.54022 2.0
-0.53997 2.3
-0.53973 2.7
-0.53949 3.0
-0.53924 3.3
-0.539 3.6
-0.53875 3.9
-0.53851 4.2
-0.53827 4.5
-0.53802 4.7
-0.53778 5.0
-0.53753 5.2
-0.53729 5.5
-0.53704 5.7
-0.5368 5.9
-0.53656 6.0
-0.53631 6.2
-0.53607 6.3
-0.53582 6.5
-0.53558 6.6
-0.53534 6.7
-0.53509 6.8
-0.53485 6.8
-0.5346 6.9
-0.53436 6.9
-0.53411 6.9
-0.53387 6.9
-0.53363 6.8
-0.53338 6.8
-0.53314 6.7
-0.53289 6.6
-0.53265 6.5
-0.53241 6.4
-0.53216 6.2
-0.53192 6.1
-0.53167 5.9
-0.53143 5.7
-0.53119 5.5
-0.53094 5.3
-0.5307 5.0
-0.53045 4.8
-0.53021 4.5
-0.52996 4.2
-0.52972 3.9
-0.52948 3.6
-0.52923 3.3
-0.52899 3.0
-0.52874 2.7
-0.5285 2.3
-0.52826 2.0
-0.52801 1.6
-0.52777 1.3
-0.52752 0.9
-0.52728 0.6
-0.52703 0.2
-0.52679 -0.1
-0.52655 -0.5
-0.5263 -0.9
-0.52606 -1.2
-0.52581 -1.6
-0.52557 -1.9
-0.52533 -2.3
-0.52508 -2.6
-0.52484 -2.9
-0.52459 -3.3
-0.52435 -3.6
-0.52411 -3.9
-0.52386 -4.2
-0.52362 -4.5
-0.52337 -4.7
-0.52313 -5.0
-0.52288 -5.2
-0.52264 -5.5
-0.5224 -5.7
-0.52215 -5.9
-0.52191 -6.1
-0.52166 -6.2
-0.52142 -6.4
-0.52118 -6.5
-0.52093 -6.6
-0.52069 -6.7
-0.52044 -6.8
-0.5202 -6.9
-0.51995 -6.9
-0.51971 -6.9
-0.51947 -6.9
-0.51922 -6.9
-0.51898 -6.9
-0.51873 -6.8
-0.51849 -6.7
-0.51825 -6.6
-0.518 -6.5
-0.51776 -6.4
-0.51751 -6.2
-0.51727 -6.1
-0.51702 -5.9
-0.51678 -5.7
-0.51654 -5.5
-0.51629 -5.3
-0.51605 -5.0
-0.5158 -4.7
-0.51556 -4.5
-0.51532 -4.2
-0.51507 -3.9
-0.51483 -3.6
-0.51458 -3.3
-0.51434 -2.9
-0.5141 -2.6
-0.51385 -2.3
-0.51361 -1.9
-0.51336 -1.6
-0.51312 -1.2
-0.51287 -0.8
-0.51263 -0.5
-0.51239 0.0
-0.51214 0.3
-0.5119 0.6
-0.51165 1.0
-0.51141 1.4
-0.51117 1.7
-0.51092 2.1
-0.51068 2.4
-0.51043 2.8
-0.51019 3.1
-0.50994 3.4
-0.5097 3.7
-0.50946 4.1
-0.50921 4.3
-0.50897 4.6
-0.50872 4.9
-0.50848 5.2
-0.50824 5.4
-0.50799 5.6
-0.50775 5.8
-0.5075 6.0
-0.50726 6.2
-0.50702 6.4
-0.50677 6.5
-0.50653 6.6
-0.50628 6.7
-0.50604 6.8
-0.50579 6.9
-0.50555 6.9
-0.50531 7.0
-0.50506 7.0
-0.50482 7.0
-0.50457 6.9
-0.50433 6.9
-0.50409 6.8
-0.50384 6.7
-0.5036 6.6
-0.50335 6.5
-0.50311 6.3
-0.50286 6.2
-0.50262 6.0
-0.50238 5.8
-0.50213 5.6
-0.50189 5.3
-0.50164 5.1
-0.5014 4.8
-0.50116 4.6
-0.50091 4.3
-0.50067 4.0
-0.50042 3.7
-0.50018 3.3
-0.49994 3.0
-0.49969 2.7
-0.49945 2.3
-0.4992 2.0
-0.49896 1.6
-0.49871 1.2
-0.49847 0.9
-0.49823 0.5
-0.49798 0.1
-0.49774 -0.2
-0.49749 -0.6
-0.49725 -1.0
-0.49701 -1.4
-0.49676 -1.7
-0.49652 -2.1
-0.49627 -2.4
-0.49603 -2.8
-0.49578 -3.1
-0.49554 -3.5
-0.4953 -3.8
-0.49505 -4.1
-0.49481 -4.4
-0.49456 -4.7
-0.49432 -4.9
-0.49408 -5.2
-0.49383 -5.4
-0.49359 -5.7
-0.49334 -5.9
-0.4931 -6.1
-0.49286 -6.3
-0.49261 -6.4
-0.49237 -6.6
-0.49212 -6.7
-0.49188 -6.8
-0.49163 -6.9
-0.49139 -6.9
-0.49115 -7.0
-0.4909 -7.0
-0.49066 -7.0
-0.49041 -7.0
-0.49017 -7.0
-0.48993 -6.9
-0.48968 -6.8
-0.48944 -6.7
-0.48919 -6.6
-0.48895 -6.5
-0.4887 -6.3
-0.48846 -6.2
-0.48822 -6.0
-0.48797 -5.8
-0.48773 -5.5
-0.48748 -5.3
-0.48724 -5.0
-0.487 -4.8
-0.48675 -4.5
-0.48651 -4.2
-0.48626 -3.9
-0.48602 -3.6
-0.48577 -3.2
-0.48553 -2.9
-0.48529 -2.5
-0.48504 -2.2
-0.4848 -1.8
-0.48455 -1.4
-0.48431 -1.1
-0.48407 -0.7
-0.48382 -0.3
-0.48358 0.0
-0.48333 0.4
-0.48309 0.8
-0.48285 1.2
-0.4826 1.6
-0.48236 1.9
-0.48211 2.3
-0.48187 2.7
-0.48162 3.0
-0.48138 3.3
-0.48114 3.7
-0.48089 4.0
-0.48065 4.3
-0.4804 4.6
-0.48016 4.9
-0.47992 5.2
-0.47967 5.4
-0.47943 5.6
-0.47918 5.9
-0.47894 6.1
-0.47869 6.3
-0.47845 6.4
-0.47821 6.6
-0.47796 6.7
-0.47772 6.8
-0.47747 6.9
-0.47723 7.0
-0.47699 7.0
-0.47674 7.1
-0.4765 7.1
-0.47625 7.0
-0.47601 7.0
-0.47577 7.0
-0.47552 6.9
-0.47528 6.8
-0.47503 6.7
-0.47479 6.5
-0.47454 6.4
-0.4743 6.2
-0.47406 6.0
-0.47381 5.8
-0.47357 5.6
-0.47332 5.3
-0.47308 5.1
-0.47284 4.8
-0.47259 4.5
-0.47235 4.2
-0.4721 3.9
-0.47186 3.6
-0.47161 3.2
-0.47137 2.9
-0.47113 2.5
-0.47088 2.2
-0.47064 1.8
-0.47039 1.4
-0.47015 1.1
-0.46991 0.7
-0.46966 0.3
-0.46942 -0.1
-0.46917 -0.5
-0.46893 -0.9
-0.46869 -1.3
-0.46844 -1.6
-0.4682 -2.0
-0.46795 -2.4
-0.46771 -2.7
-0.46746 -3.1
-0.46722 -3.4
-0.46698 -3.8
-0.46673 -4.1
-0.46649 -4.4
-0.46624 -4.7
-0.466 -5.0
-0.46576 -5.3
-0.46551 -5.5
-0.46527 -5.7
-0.46502 -6.0
-0.46478 -6.2
-0.46453 -6.4
-0.46429 -6.5
-0.46405 -6.7
-0.4638 -6.8
-0.46356 -6.9
-0.46331 -7.0
-0.46307 -7.0
-0.46283 -7.1
-0.46258 -7.1
-0.46234 -7.1
-0.46209 -7.1
-0.46185 -7.0
-0.46161 -7.0
-0.46136 -6.9
-0.46112 -6.8
-0.46087 -6.7
-0.46063 -6.5
-0.46038 -6.3
-0.46014 -6.2
-0.4599 -6.0
-0.45965 -5.7
-0.45941 -5.5
-0.45916 -5.2
-0.45892 -5.0
-0.45868 -4.7
-0.45843 -4.4
-0.45819 -4.1
-0.45794 -3.7
-0.4577 -3.4
-0.45745 -3.1
-0.45721 -2.7
-0.45697 -2.3
-0.45672 -2.0
-0.45648 -1.6
-0.45623 -1.2
-0.45599 -0.8
-0.45575 -0.4
-0.4555 0.0
-0.45526 0.4
-0.45501 0.8
-0.45477 1.2
-0.45452 1.5
-0.45428 1.9
-0.45404 2.3
-0.45379 2.7
-0.45355 3.0
-0.4533 3.4
-0.45306 3.7
-0.45282 4.1
-0.45257 4.4
-0.45233 4.7
-0.45208 5.0
-0.45184 5.2
-0.4516 5.5
-0.45135 5.8
-0.45111 6.0
-0.45086 6.2
-0.45062 6.4
-0.45037 6.5
-0.45013 6.7
-0.44989 6.8
-0.44964 6.9
-0.4494 7.0
-0.44915 7.1
-0.44891 7.1
-0.44867 7.2
-0.44842 7.2
-0.44818 7.1
-0.44793 7.1
-0.44769 7.0
-0.44744 6.9
-0.4472 6.8
-0.44696 6.7
-0.44671 6.5
-0.44647 6.4
-0.44622 6.2
-0.44598 6.0
-0.44574 5.8
-0.44549 5.5
-0.44525 5.2
-0.445 5.0
-0.44476 4.7
-0.44452 4.4
-0.44427 4.0
-0.44403 3.7
-0.44378 3.4
-0.44354 3.0
-0.44329 2.6
-0.44305 2.3
-0.44281 1.9
-0.44256 1.5
-0.44232 1.1
-0.44207 0.7
-0.44183 0.3
-0.44159 0.0
-0.44134 -0.5
-0.4411 -0.9
-0.44085 -1.3
-0.44061 -1.7
-0.44036 -2.1
-0.44012 -2.5
-0.43988 -2.8
-0.43963 -3.2
-0.43939 -3.5
-0.43914 -3.9
-0.4389 -4.2
-0.43866 -4.5
-0.43841 -4.8
-0.43817 -5.1
-0.43792 -5.4
-0.43768 -5.7
-0.43744 -5.9
-0.43719 -6.1
-0.43695 -6.3
-0.4367 -6.5
-0.43646 -6.7
-0.43621 -6.8
-0.43597 -6.9
-0.43573 -7.0
-0.43548 -7.1
-0.43524 -7.2
-0.43499 -7.2
-0.43475 -7.2
-0.43451 -7.2
-0.43426 -7.2
-0.43402 -7.1
-0.43377 -7.0
-0.43353 -6.9
-0.43328 -6.8
-0.43304 -6.6
-0.4328 -6.5
-0.43255 -6.3
-0.43231 -6.1
-0.43206 -5.9
-0.43182 -5.6
-0.43158 -5.4
-0.43133 -5.1
-0.43109 -4.8
-0.43084 -4.5
-0.4306 -4.1
-0.43036 -3.8
-0.43011 -3.5
-0.42987 -3.1
-0.42962 -2.7
-0.42938 -2.3
-0.42913 -2.0
-0.42889 -1.6
-0.42865 -1.2
-0.4284 -0.8
-0.42816 -0.3
-0.42791 0.0
-0.42767 0.5
-0.42743 0.9
-0.42718 1.3
-0.42694 1.7
-0.42669 2.1
-0.42645 2.5
-0.4262 2.8
-0.42596 3.2
-0.42572 3.6
-0.42547 3.9
-0.42523 4.3
-0.42498 4.6
-0.42474 4.9
-0.4245 5.2
-0.42425 5.5
-0.42401 5.7
-0.42376 6.0
-0.42352 6.2
-0.42327 6.4
-0.42303 6.6
-0.42279 6.7
-0.42254 6.9
-0.4223 7.0
-0.42205 7.1
-0.42181 7.2
-0.42157 7.2
-0.42132 7.3
-0.42108 7.3
-0.42083 7.2
-0.42059 7.2
-0.42035 7.1
-0.4201 7.0
-0.41986 6.9
-0.41961 6.8
-0.41937 6.6
-0.41912 6.5
-0.41888 6.3
-0.41864 6.1
-0.41839 5.8
-0.41815 5.6
-0.4179 5.3
-0.41766 5.0
-0.41742 4.7
-0.41717 4.4
-0.41693 4.0
-0.41668 3.7
-0.41644 3.3
-0.41619 3.0
-0.41595 2.6
-0.41571 2.2
-0.41546 1.8
-0.41522 1.4
-0.41497 1.0
-0.41473 0.6
-0.41449 0.1
-0.41424 -0.3
-0.414 -0.7
-0.41375 -1.1
-0.41351 -1.5
-0.41327 -1.9
-0.41302 -2.3
-0.41278 -2.7
-0.41253 -3.1
-0.41229 -3.5
-0.41204 -3.8
-0.4118 -4.2
-0.41156 -4.5
-0.41131 -4.8
-0.41107 -5.1
-0.41082 -5.4
-0.41058 -5.7
-0.41034 -5.9
-0.41009 -6.2
-0.40985 -6.4
-0.4096 -6.6
-0.40936 -6.7
-0.40911 -6.9
-0.40887 -7.0
-0.40863 -7.1
-0.40838 -7.2
-0.40814 -7.3
-0.40789 -7.3
-0.40765 -7.3
-0.40741 -7.3
-0.40716 -7.3
-0.40692 -7.2
-0.40667 -7.1
-0.40643 -7.0
-0.40619 -6.9
-0.40594 -6.7
-0.4057 -6.5
-0.40545 -6.3
-0.40521 -6.1
-0.40496 -5.9
-0.40472 -5.6
-0.40448 -5.3
-0.40423 -5.0
-0.40399 -4.7
-0.40374 -4.4
-0.4035 -4.1
-0.40326 -3.7
-0.40301 -3.3
-0.40277 -3.0
-0.40252 -2.6
-0.40228 -2.2
-0.40203 -1.8
-0.40179 -1.4
-0.40155 -0.9
-0.4013 -0.5
-0.40106 0.0
-0.40081 0.3
-0.40057 0.7
-0.40033 1.2
-0.40008 1.6
-0.39984 2.0
-0.39959 2.4
-0.39935 2.8
-0.39911 3.2
-0.39886 3.6
-0.39862 3.9
-0.39837 4.3
-0.39813 4.6
-0.39788 4.9
-0.39764 5.2
-0.3974 5.5
-0.39715 5.8
-0.39691 6.1
-0.39666 6.3
-0.39642 6.5
-0.39618 6.7
-0.39593 6.9
-0.39569 7.0
-0.39544 7.1
-0.3952 7.2
-0.39495 7.3
-0.39471 7.3
-0.39447 7.4
-0.39422 7.4
-0.39398 7.3
-0.39373 7.3
-0.39349 7.2
-0.39325 7.1
-0.393 7.0
-0.39276 6.8
-0.39251 6.7
-0.39227 6.5
-0.39202 6.3
-0.39178 6.0
-0.39154 5.8
-0.39129 5.5
-0.39105 5.2
-0.3908 4.9
-0.39056 4.6
-0.39032 4.2
-0.39007 3.9
-0.38983 3.5
-0.38958 3.1
-0.38934 2.7
-0.3891 2.3
-0.38885 1.9
-0.38861 1.5
-0.38836 1.1
-0.38812 0.6
-0.38787 0.2
-0.38763 -0.2
-0.38739 -0.7
-0.38714 -1.1
-0.3869 -1.5
-0.38665 -1.9
-0.38641 -2.3
-0.38617 -2.7
-0.38592 -3.1
-0.38568 -3.5
-0.38543 -3.9
-0.38519 -4.3
-0.38494 -4.6
-0.3847 -4.9
-0.38446 -5.3
-0.38421 -5.6
-0.38397 -5.8
-0.38372 -6.1
-0.38348 -6.3
-0.38324 -6.5
-0.38299 -6.7
-0.38275 -6.9
-0.3825 -7.1
-0.38226 -7.2
-0.38202 -7.3
-0.38177 -7.3
-0.38153 -7.4
-0.38128 -7.4
-0.38104 -7.4
-0.38079 -7.4
-0.38055 -7.3
-0.38031 -7.3
-0.38006 -7.2
-0.37982 -7.0
-0.37957 -6.9
-0.37933 -6.7
-0.37909 -6.5
-0.37884 -6.3
-0.3786 -6.0
-0.37835 -5.8
-0.37811 -5.5
-0.37786 -5.2
-0.37762 -4.9
-0.37738 -4.5
-0.37713 -4.2
-0.37689 -3.8
-0.37664 -3.4
-0.3764 -3.0
-0.37616 -2.6
-0.37591 -2.2
-0.37567 -1.8
-0.37542 -1.4
-0.37518 -0.9
-0.37494 -0.5
-0.37469 0.0
-0.37445 0.4
-0.3742 0.8
-0.37396 1.3
-0.37371 1.7
-0.37347 2.1
-0.37323 2.5
-0.37298 3.0
-0.37274 3.4
-0.37249 3.7
-0.37225 4.1
-0.37201 4.5
-0.37176 4.8
-0.37152 5.1
-0.37127 5.5
-0.37103 5.8
-0.37078 6.0
-0.37054 6.3
-0.3703 6.5
-0.37005 6.7
-0.36981 6.9
-0.36956 7.1
-0.36932 7.2
-0.36908 7.3
-0.36883 7.4
-0.36859 7.4
-0.36834 7.5
-0.3681 7.5
-0.36786 7.5
-0.36761 7.4
-0.36737 7.3
-0.36712 7.2
-0.36688 7.1
-0.36663 7.0
-0.36639 6.8
-0.36615 6.6
-0.3659 6.4
-0.36566 6.1
-0.36541 5.9
-0.36517 5.6
-0.36493 5.3
-0.36468 4.9
-0.36444 4.6
-0.36419 4.2
-0.36395 3.9
-0.3637 3.5
-0.36346 3.1
-0.36322 2.7
-0.36297 2.2
-0.36273 1.8
-0.36248 1.4
-0.36224 0.9
-0.362 0.5
-0.36175 0.0
-0.36151 -0.4
-0.36126 -0.9
-0.36102 -1.3
-0.36077 -1.7
-0.36053 -2.2
-0.36029 -2.6
-0.36004 -3.0
-0.3598 -3.4
-0.35955 -3.8
-0.35931 -4.2
-0.35907 -4.6
-0.35882 -4.9
-0.35858 -5.2
-0.35833 -5.6
-0.35809 -5.9
-0.35785 -6.1
-0.3576 -6.4
-0.35736 -6.6
-0.35711 -6.8
-0.35687 -7.0
-0.35662 -7.2
-0.35638 -7.3
-0.35614 -7.4
-0.35589 -7.5
-0.35565 -7.5
-0.3554 -7.5
-0.35516 -7.5
-0.35492 -7.5
-0.35467 -7.4
-0.35443 -7.4
-0.35418 -7.3
-0.35394 -7.1
-0.35369 -7.0
-0.35345 -6.8
-0.35321 -6.6
-0.35296 -6.3
-0.35272 -6.1
-0.35247 -5.8
-0.35223 -5.5
-0.35199 -5.2
-0.35174 -4.8
-0.3515 -4.5
-0.35125 -4.1
-0.35101 -3.7
-0.35077 -3.3
-0.35052 -2.9
-0.35028 -2.4
-0.35003 -2.0
-0.34979 -1.6
-0.34954 -1.1
-0.3493 -0.7
-0.34906 -0.2
-0.34881 0.3
-0.34857 0.7
-0.34832 1.2
-0.34808 1.6
-0.34784 2.1
-0.34759 2.5
-0.34735 2.9
-0.3471 3.3
-0.34686 3.8
-0.34661 4.1
-0.34637 4.5
-0.34613 4.9
-0.34588 5.2
-0.34564 5.5
-0.34539 5.9
-0.34515 6.1
-0.34491 6.4
-0.34466 6.6
-0.34442 6.8
-0.34417 7.0
-0.34393 7.2
-0.34369 7.3
-0.34344 7.4
-0.3432 7.5
-0.34295 7.6
-0.34271 7.6
-0.34246 7.6
-0.34222 7.6
-0.34198 7.5
-0.34173 7.4
-0.34149 7.3
-0.34124 7.2
-0.341 7.0
-0.34076 6.8
-0.34051 6.6
-0.34027 6.3
-0.34002 6.1
-0.33978 5.8
-0.33953 5.5
-0.33929 5.1
-0.33905 4.8
-0.3388 4.4
-0.33856 4.0
-0.33831 3.6
-0.33807 3.2
-0.33783 2.8
-0.33758 2.4
-0.33734 1.9
-0.33709 1.5
-0.33685 1.0
-0.33661 0.5
-0.33636 0.0
-0.33612 -0.4
-0.33587 -0.9
-0.33563 -1.3
-0.33538 -1.8
-0.33514 -2.2
-0.3349 -2.7
-0.33465 -3.1
-0.33441 -3.5
-0.33416 -3.9
-0.33392 -4.3
-0.33368 -4.7
-0.33343 -5.1
-0.33319 -5.4
-0.33294 -5.7
-0.3327 -6.0
-0.33245 -6.3
-0.33221 -6.6
-0.33197 -6.8
-0.33172 -7.0
-0.33148 -7.2
-0.33123 -7.3
-0.33099 -7.5
-0.33075 -7.6
-0.3305 -7.6
-0.33026 -7.7
-0.33001 -7.7
-0.32977 -7.6
-0.32952 -7.6
-0.32928 -7.5
-0.32904 -7.4
-0.32879 -7.3
-0.32855 -7.1
-0.3283 -6.9
-0.32806 -6.7
-0.32782 -6.5
-0.32757 -6.2
-0.32733 -5.9
-0.32708 -5.6
-0.32684 -5.3
-0.3266 -4.9
-0.32635 -4.5
-0.32611 -4.1
-0.32586 -3.7
-0.32562 -3.3
-0.32537 -2.9
-0.32513 -2.4
-0.32489 -2.0
-0.32464 -1.5
-0.3244 -1.0
-0.32415 -0.6
-0.32391 0.0
-0.32367 0.4
-0.32342 0.9
-0.32318 1.3
-0.32293 1.8
-0.32269 2.3
-0.32244 2.7
-0.3222 3.2
-0.32196 3.6
-0.32171 4.0
-0.32147 4.4
-0.32122 4.8
-0.32098 5.2
-0.32074 5.5
-0.32049 5.8
-0.32025 6.1
-0.32 6.4
-0.31976 6.7
-0.31952 6.9
-0.31927 7.1
-0.31903 7.3
-0.31878 7.4
-0.31854 7.5
-0.31829 7.6
-0.31805 7.7
-0.31781 7.7
-0.31756 7.7
-0.31732 7.7
-0.31707 7.6
-0.31683 7.5
-0.31659 7.4
-0.31634 7.3
-0.3161 7.1
-0.31585 6.9
-0.31561 6.7
-0.31536 6.4
-0.31512 6.1
-0.31488 5.8
-0.31463 5.5
-0.31439 5.1
-0.31414 4.8
-0.3139 4.4
-0.31366 4.0
-0.31341 3.5
-0.31317 3.1
-0.31292 2.7
-0.31268 2.2
-0.31244 1.7
-0.31219 1.2
-0.31195 0.8
-0.3117 0.3
-0.31146 -0.2
-0.31121 -0.7
-0.31097 -1.2
-0.31073 -1.7
-0.31048 -2.1
-0.31024 -2.6
-0.30999 -3.1
-0.30975 -3.5
-0.30951 -3.9
-0.30926 -4.3
-0.30902 -4.7
-0.30877 -5.1
-0.30853 -5.5
-0.30828 -5.8
-0.30804 -6.1
-0.3078 -6.4
-0.30755 -6.7
-0.30731 -6.9
-0.30706 -7.1
-0.30682 -7.3
-0.30658 -7.5
-0.30633 -7.6
-0.30609 -7.7
-0.30584 -7.8
-0.3056 -7.8
-0.30536 -7.8
-0.30511 -7.8
-0.30487 -7.7
-0.30462 -7.6
-0.30438 -7.5
-0.30413 -7.3
-0.30389 -7.2
-0.30365 -7.0
-0.3034 -6.7
-0.30316 -6.4
-0.30291 -6.2
-0.30267 -5.8
-0.30243 -5.5
-0.30218 -5.1
-0.30194 -4.8
-0.30169 -4.4
-0.30145 -3.9
-0.3012 -3.5
-0.30096 -3.0
-0.30072 -2.6
-0.30047 -2.1
-0.30023 -1.6
-0.29998 -1.1
-0.29974 -0.6
-0.2995 -0.1
-0.29925 0.4
-0.29901 0.9
-0.29876 1.3
-0.29852 1.8
-0.29827 2.3
-0.29803 2.8
-0.29779 3.3
-0.29754 3.7
-0.2973 4.1
-0.29705 4.6
-0.29681 5.0
-0.29657 5.3
-0.29632 5.7
-0.29608 6.0
-0.29583 6.3
-0.29559 6.6
-0.29535 6.9
-0.2951 7.1
-0.29486 7.3
-0.29461 7.5
-0.29437 7.6
-0.29412 7.7
-0.29388 7.8
-0.29364 7.9
-0.29339 7.9
-0.29315 7.9
-0.2929 7.8
-0.29266 7.7
-0.29242 7.6
-0.29217 7.5
-0.29193 7.3
-0.29168 7.1
-0.29144 6.8
-0.29119 6.6
-0.29095 6.3
-0.29071 6.0
-0.29046 5.6
-0.29022 5.3
-0.28997 4.9
-0.28973 4.5
-0.28949 4.0
-0.28924 3.6
-0.289 3.1
-0.28875 2.7
-0.28851 2.2
-0.28827 1.7
-0.28802 1.2
-0.28778 0.7
-0.28753 0.2
-0.28729 -0.3
-0.28704 -0.9
-0.2868 -1.4
-0.28656 -1.9
-0.28631 -2.4
-0.28607 -2.8
-0.28582 -3.3
-0.28558 -3.8
-0.28534 -4.2
-0.28509 -4.6
-0.28485 -5.0
-0.2846 -5.4
-0.28436 -5.8
-0.28411 -6.1
-0.28387 -6.4
-0.28363 -6.7
-0.28338 -7.0
-0.28314 -7.2
-0.28289 -7.4
-0.28265 -7.6
-0.28241 -7.7
-0.28216 -7.8
-0.28192 -7.9
-0.28167 -7.9
-0.28143 -7.9
-0.28119 -7.9
-0.28094 -7.8
-0.2807 -7.8
-0.28045 -7.6
-0.28021 -7.5
-0.27996 -7.3
-0.27972 -7.0
-0.27948 -6.8
-0.27923 -6.5
-0.27899 -6.2
-0.27874 -5.9
-0.2785 -5.5
-0.27826 -5.1
-0.27801 -4.7
-0.27777 -4.3
-0.27752 -3.8
-0.27728 -3.4
-0.27703 -2.9
-0.27679 -2.4
-0.27655 -1.9
-0.2763 -1.4
-0.27606 -0.9
-0.27581 -0.4
-0.27557 0.2
-0.27533 0.7
-0.27508 1.2
-0.27484 1.7
-0.27459 2.2
-0.27435 2.7
-0.27411 3.2
-0.27386 3.7
-0.27362 4.1
-0.27337 4.6
-0.27313 5.0
-0.27288 5.4
-0.27264 5.8
-0.2724 6.1
-0.27215 6.5
-0.27191 6.8
-0.27166 7.0
-0.27142 7.3
-0.27118 7.5
-0.27093 7.6
-0.27069 7.8
-0.27044 7.9
-0.2702 8.0
-0.26995 8.0
-0.26971 8.0
-0.26947 8.0
-0.26922 7.9
-0.26898 7.8
-0.26873 7.7
-0.26849 7.5
-0.26825 7.3
-0.268 7.1
-0.26776 6.8
-0.26751 6.5
-0.26727 6.2
-0.26702 5.9
-0.26678 5.5
-0.26654 5.1
-0.26629 4.7
-0.26605 4.2
-0.2658 3.8
-0.26556 3.3
-0.26532 2.8
-0.26507 2.3
-0.26483 1.8
-0.26458 1.2
-0.26434 0.7
-0.2641 0.2
-0.26385 -0.4
-0.26361 -0.9
-0.26336 -1.4
-0.26312 -1.9
-0.26287 -2.5
-0.26263 -3.0
-0.26239 -3.5
-0.26214 -3.9
-0.2619 -4.4
-0.26165 -4.8
-0.26141 -5.3
-0.26117 -5.7
-0.26092 -6.0
-0.26068 -6.4
-0.26043 -6.7
-0.26019 -7.0
-0.25994 -7.2
-0.2597 -7.5
-0.25946 -7.7
-0.25921 -7.8
-0.25897 -7.9
-0.25872 -8.0
-0.25848 -8.1
-0.25824 -8.1
-0.25799 -8.1
-0.25775 -8.0
-0.2575 -7.9
-0.25726 -7.8
-0.25702 -7.6
-0.25677 -7.4
-0.25653 -7.2
-0.25628 -6.9
-0.25604 -6.7
-0.25579 -6.3
-0.25555 -6.0
-0.25531 -5.6
-0.25506 -5.2
-0.25482 -4.8
-0.25457 -4.3
-0.25433 -3.8
-0.25409 -3.3
-0.25384 -2.8
-0.2536 -2.3
-0.25335 -1.8
-0.25311 -1.3
-0.25286 -0.7
-0.25262 -0.2
-0.25238 0.4
-0.25213 0.9
-0.25189 1.5
-0.25164 2.0
-0.2514 2.5
-0.25116 3.1
-0.25091 3.6
-0.25067 4.0
-0.25042 4.5
-0.25018 5.0
-0.24994 5.4
-0.24969 5.8
-0.24945 6.2
-0.2492 6.5
-0.24896 6.8
-0.24871 7.1
-0.24847 7.4
-0.24823 7.6
-0.24798 7.8
-0.24774 7.9
-0.24749 8.1
-0.24725 8.1
-0.24701 8.2
-0.24676 8.2
-0.24652 8.1
-0.24627 8.1
-0.24603 8.0
-0.24578 7.8
-0.24554 7.6
-0.2453 7.4
-0.24505 7.2
-0.24481 6.9
-0.24456 6.5
-0.24432 6.2
-0.24408 5.8
-0.24383 5.4
-0.24359 5.0
-0.24334 4.5
-0.2431 4.0
-0.24286 3.6
-0.24261 3.0
-0.24237 2.5
-0.24212 2.0
-0.24188 1.4
-0.24163 0.9
-0.24139 0.3
-0.24115 -0.3
-0.2409 -0.8
-0.24066 -1.4
-0.24041 -1.9
-0.24017 -2.5
-0.23993 -3.0
-0.23968 -3.5
-0.23944 -4.0
-0.23919 -4.5
-0.23895 -5.0
-0.2387 -5.4
-0.23846 -5.8
-0.23822 -6.2
-0.23797 -6.6
-0.23773 -6.9
-0.23748 -7.2
-0.23724 -7.5
-0.237 -7.7
-0.23675 -7.9
-0.23651 -8.0
-0.23626 -8.1
-0.23602 -8.2
-0.23577 -8.3
-0.23553 -8.3
-0.23529 -8.2
-0.23504 -8.1
-0.2348 -8.0
-0.23455 -7.9
-0.23431 -7.7
-0.23407 -7.4
-0.23382 -7.2
-0.23358 -6.9
-0.23333 -6.5
-0.23309 -6.2
-0.23285 -5.8
-0.2326 -5.3
-0.23236 -4.9
-0.23211 -4.4
-0.23187 -3.9
-0.23162 -3.4
-0.23138 -2.9
-0.23114 -2.3
-0.23089 -1.8
-0.23065 -1.2
-0.2304 -0.6
-0.23016 0.0
-0.22992 0.5
-0.22967 1.1
-0.22943 1.7
-0.22918 2.2
-0.22894 2.8
-0.22869 3.3
-0.22845 3.9
-0.22821 4.4
-0.22796 4.9
-0.22772 5.3
-0.22747 5.7
-0.22723 6.2
-0.22699 6.5
-0.22674 6.9
-0.2265 7.2
-0.22625 7.5
-0.22601 7.7
-0.22577 7.9
-0.22552 8.1
-0.22528 8.2
-0.22503 8.3
-0.22479 8.3
-0.22454 8.3
-0.2243 8.3
-0.22406 8.2
-0.22381 8.1
-0.22357 8.0
-0.22332 7.8
-0.22308 7.5
-0.22284 7.2
-0.22259 6.9
-0.22235 6.6
-0.2221 6.2
-0.22186 5.8
-0.22161 5.4
-0.22137 4.9
-0.22113 4.4
-0.22088 3.9
-0.22064 3.4
-0.22039 2.8
-0.22015 2.3
-0.21991 1.7
-0.21966 1.1
-0.21942 0.5
-0.21917 0.0
-0.21893 -0.7
-0.21869 -1.3
-0.21844 -1.9
-0.2182 -2.4
-0.21795 -3.0
-0.21771 -3.5
-0.21746 -4.1
-0.21722 -4.6
-0.21698 -5.1
-0.21673 -5.5
-0.21649 -6.0
-0.21624 -6.4
-0.216 -6.8
-0.21576 -7.1
-0.21551 -7.4
-0.21527 -7.7
-0.21502 -7.9
-0.21478 -8.1
-0.21453 -8.2
-0.21429 -8.4
-0.21405 -8.4
-0.2138 -8.4
-0.21356 -8.4
-0.21331 -8.4
-0.21307 -8.3
-0.21283 -8.1
-0.21258 -7.9
-0.21234 -7.7
-0.21209 -7.4
-0.21185 -7.1
-0.21161 -6.8
-0.21136 -6.4
-0.21112 -6.0
-0.21087 -5.5
-0.21063 -5.1
-0.21038 -4.6
-0.21014 -4.0
-0.2099 -3.5
-0.20965 -2.9
-0.20941 -2.4
-0.20916 -1.8
-0.20892 -1.2
-0.20868 -0.6
-0.20843 0.0
-0.20819 0.7
-0.20794 1.3
-0.2077 1.9
-0.20745 2.5
-0.20721 3.0
-0.20697 3.6
-0.20672 4.2
-0.20648 4.7
-0.20623 5.2
-0.20599 5.7
-0.20575 6.1
-0.2055 6.5
-0.20526 6.9
-0.20501 7.2
-0.20477 7.6
-0.20452 7.8
-0.20428 8.0
-0.20404 8.2
-0.20379 8.4
-0.20355 8.5
-0.2033 8.5
-0.20306 8.5
-0.20282 8.5
-0.20257 8.4
-0.20233 8.3
-0.20208 8.1
-0.20184 7.9
-0.2016 7.7
-0.20135 7.4
-0.20111 7.0
-0.20086 6.7
-0.20062 6.3
-0.20037 5.8
-0.20013 5.3
-0.19989 4.8
-0.19964 4.3
-0.1994 3.8
-0.19915 3.2
-0.19891 2.6
-0.19867 2.0
-0.19842 1.4
-0.19818 0.8
-0.19793 0.1
-0.19769 -0.5
-0.19744 -1.1
-0.1972 -1.7
-0.19696 -2.4
-0.19671 -3.0
-0.19647 -3.5
-0.19622 -4.1
-0.19598 -4.7
-0.19574 -5.2
-0.19549 -5.7
-0.19525 -6.1
-0.195 -6.6
-0.19476 -7.0
-0.19452 -7.3
-0.19427 -7.6
-0.19403 -7.9
-0.19378 -8.1
-0.19354 -8.3
-0.19329 -8.5
-0.19305 -8.6
-0.19281 -8.6
-0.19256 -8.6
-0.19232 -8.6
-0.19207 -8.5
-0.19183 -8.4
-0.19159 -8.2
-0.19134 -8.0
-0.1911 -7.7
-0.19085 -7.4
-0.19061 -7.0
-0.19036 -6.6
-0.19012 -6.2
-0.18988 -5.7
-0.18963 -5.3
-0.18939 -4.7
-0.18914 -4.2
-0.1889 -3.6
-0.18866 -3.0
-0.18841 -2.4
-0.18817 -1.8
-0.18792 -1.1
-0.18768 -0.5
-0.18744 0.2
-0.18719 0.8
-0.18695 1.5
-0.1867 2.1
-0.18646 2.7
-0.18621 3.3
-0.18597 3.9
-0.18573 4.5
-0.18548 5.0
-0.18524 5.6
-0.18499 6.0
-0.18475 6.5
-0.18451 6.9
-0.18426 7.3
-0.18402 7.6
-0.18377 7.9
-0.18353 8.2
-0.18328 8.4
-0.18304 8.6
-0.1828 8.7
-0.18255 8.7
-0.18231 8.7
-0.18206 8.7
-0.18182 8.6
-0.18158 8.5
-0.18133 8.3
-0.18109 8.1
-0.18084 7.8
-0.1806 7.5
-0.18036 7.1
-0.18011 6.7
-0.17987 6.3
-0.17962 5.8
-0.17938 5.3
-0.17913 4.7
-0.17889 4.2
-0.17865 3.6
-0.1784 2.9
-0.17816 2.3
-0.17791 1.7
-0.17767 1.0
-0.17743 0.3
-0.17718 -0.3
-0.17694 -1.0
-0.17669 -1.7
-0.17645 -2.3
-0.1762 -3.0
-0.17596 -3.6
-0.17572 -4.2
-0.17547 -4.8
-0.17523 -5.3
-0.17498 -5.8
-0.17474 -6.3
-0.1745 -6.8
-0.17425 -7.2
-0.17401 -7.6
-0.17376 -7.9
-0.17352 -8.2
-0.17327 -8.4
-0.17303 -8.6
-0.17279 -8.7
-0.17254 -8.8
-0.1723 -8.9
-0.17205 -8.8
-0.17181 -8.8
-0.17157 -8.6
-0.17132 -8.5
-0.17108 -8.2
-0.17083 -8.0
-0.17059 -7.7
-0.17035 -7.3
-0.1701 -6.9
-0.16986 -6.4
-0.16961 -5.9
-0.16937 -5.4
-0.16912 -4.8
-0.16888 -4.3
-0.16864 -3.6
-0.16839 -3.0
-0.16815 -2.4
-0.1679 -1.7
-0.16766 -1.0
-0.16742 -0.3
-0.16717 0.4
-0.16693 1.1
-0.16668 1.7
-0.16644 2.4
-0.16619 3.1
-0.16595 3.7
-0.16571 4.3
-0.16546 4.9
-0.16522 5.5
-0.16497 6.0
-0.16473 6.5
-0.16449 7.0
-0.16424 7.4
-0.164 7.8
-0.16375 8.1
-0.16351 8.4
-0.16327 8.6
-0.16302 8.8
-0.16278 8.9
-0.16253 9.0
-0.16229 9.0
-0.16204 8.9
-0.1618 8.8
-0.16156 8.7
-0.16131 8.5
-0.16107 8.2
-0.16082 7.9
-0.16058 7.5
-0.16034 7.1
-0.16009 6.7
-0.15985 6.2
-0.1596 5.7
-0.15936 5.1
-0.15911 4.5
-0.15887 3.9
-0.15863 3.2
-0.15838 2.5
-0.15814 1.8
-0.15789 1.1
-0.15765 0.4
-0.15741 -0.3
-0.15716 -1.0
-0.15692 -1.7
-0.15667 -2.4
-0.15643 -3.1
-0.15619 -3.7
-0.15594 -4.4
-0.1557 -5.0
-0.15545 -5.6
-0.15521 -6.1
-0.15496 -6.6
-0.15472 -7.1
-0.15448 -7.5
-0.15423 -7.9
-0.15399 -8.3
-0.15374 -8.5
-0.1535 -8.8
-0.15326 -8.9
-0.15301 -9.0
-0.15277 -9.1
-0.15252 -9.1
-0.15228 -9.0
-0.15203 -8.9
-0.15179 -8.7
-0.15155 -8.5
-0.1513 -8.2
-0.15106 -7.9
-0.15081 -7.5
-0.15057 -7.0
-0.15033 -6.6
-0.15008 -6.0
-0.14984 -5.5
-0.14959 -4.9
-0.14935 -4.2
-0.14911 -3.6
-0.14886 -2.9
-0.14862 -2.2
-0.14837 -1.4
-0.14813 -0.7
-0.14788 0.0
-0.14764 0.8
-0.1474 1.5
-0.14715 2.2
-0.14691 3.0
-0.14666 3.6
-0.14642 4.3
-0.14618 5.0
-0.14593 5.6
-0.14569 6.1
-0.14544 6.7
-0.1452 7.2
-0.14495 7.6
-0.14471 8.0
-0.14447 8.4
-0.14422 8.7
-0.14398 8.9
-0.14373 9.1
-0.14349 9.2
-0.14325 9.2
-0.143 9.2
-0.14276 9.1
-0.14251 9.0
-0.14227 8.8
-0.14202 8.6
-0.14178 8.3
-0.14154 7.9
-0.14129 7.5
-0.14105 7.0
-0.1408 6.5
-0.14056 5.9
-0.14032 5.3
-0.14007 4.7
-0.13983 4.0
-0.13958 3.3
-0.13934 2.6
-0.1391 1.9
-0.13885 1.1
-0.13861 0.3
-0.13836 -0.4
-0.13812 -1.2
-0.13787 -1.9
-0.13763 -2.7
-0.13739 -3.4
-0.13714 -4.1
-0.1369 -4.8
-0.13665 -5.5
-0.13641 -6.1
-0.13617 -6.6
-0.13592 -7.2
-0.13568 -7.6
-0.13543 -8.1
-0.13519 -8.4
-0.13494 -8.7
-0.1347 -9.0
-0.13446 -9.2
-0.13421 -9.3
-0.13397 -9.4
-0.13372 -9.4
-0.13348 -9.3
-0.13324 -9.2
-0.13299 -9.0
-0.13275 -8.7
-0.1325 -8.4
-0.13226 -8.0
-0.13202 -7.5
-0.13177 -7.1
-0.13153 -6.5
-0.13128 -5.9
-0.13104 -5.3
-0.13079 -4.6
-0.13055 -3.9
-0.13031 -3.2
-0.13006 -2.4
-0.12982 -1.7
-0.12957 -0.9
-0.12933 0.0
-0.12909 0.7
-0.12884 1.5
-0.1286 2.3
-0.12835 3.1
-0.12811 3.8
-0.12786 4.5
-0.12762 5.2
-0.12738 5.9
-0.12713 6.5
-0.12689 7.1
-0.12664 7.6
-0.1264 8.0
-0.12616 8.4
-0.12591 8.8
-0.12567 9.1
-0.12542 9.3
-0.12518 9.4
-0.12494 9.5
-0.12469 9.5
-0.12445 9.4
-0.1242 9.3
-0.12396 9.1
-0.12371 8.9
-0.12347 8.5
-0.12323 8.1
-0.12298 7.7
-0.12274 7.2
-0.12249 6.6
-0.12225 6.0
-0.12201 5.3
-0.12176 4.6
-0.12152 3.9
-0.12127 3.1
-0.12103 2.3
-0.12078 1.5
-0.12054 0.7
-0.1203 -0.1
-0.12005 -0.9
-0.11981 -1.8
-0.11956 -2.6
-0.11932 -3.4
-0.11908 -4.1
-0.11883 -4.9
-0.11859 -5.6
-0.11834 -6.2
-0.1181 -6.9
-0.11786 -7.4
-0.11761 -7.9
-0.11737 -8.4
-0.11712 -8.8
-0.11688 -9.1
-0.11663 -9.3
-0.11639 -9.5
-0.11615 -9.6
-0.1159 -9.7
-0.11566 -9.6
-0.11541 -9.5
-0.11517 -9.3
-0.11493 -9.1
-0.11468 -8.7
-0.11444 -8.3
-0.11419 -7.9
-0.11395 -7.4
-0.1137 -6.8
-0.11346 -6.1
-0.11322 -5.4
-0.11297 -4.7
-0.11273 -4.0
-0.11248 -3.2
-0.11224 -2.3
-0.112 -1.5
-0.11175 -0.6
-0.11151 0.2
-0.11126 1.1
-0.11102 2.0
-0.11077 2.8
-0.11053 3.6
-0.11029 4.4
-0.11004 5.2
-0.1098 5.9
-0.10955 6.6
-0.10931 7.2
-0.10907 7.8
-0.10882 8.3
-0.10858 8.7
-0.10833 9.1
-0.10809 9.4
-0.10785 9.6
-0.1076 9.8
-0.10736 9.8
-0.10711 9.8
-0.10687 9.7
-0.10662 9.6
-0.10638 9.3
-0.10614 9.0
-0.10589 8.6
-0.10565 8.1
-0.1054 7.6
-0.10516 7.0
-0.10492 6.4
-0.10467 5.6
-0.10443 4.9
-0.10418 4.1
-0.10394 3.3
-0.10369 2.4
-0.10345 1.5
-0.10321 0.6
-0.10296 -0.3
-0.10272 -1.2
-0.10247 -2.1
-0.10223 -3.0
-0.10199 -3.8
-0.10174 -4.6
-0.1015 -5.4
-0.10125 -6.2
-0.10101 -6.9
-0.10077 -7.5
-0.10052 -8.1
-0.10028 -8.6
-0.10003 -9.0
-0.09979 -9.4
-0.09954 -9.7
-0.0993 -9.9
-0.09906 -10.0
-0.09881 -10.0
-0.09857 -10.0
-0.09832 -9.8
-0.09808 -9.6
-0.09784 -9.3
-0.09759 -8.9
-0.09735 -8.4
-0.0971 -7.9
-0.09686 -7.3
-0.09661 -6.6
-0.09637 -5.9
-0.09613 -5.1
-0.09588 -4.3
-0.09564 -3.4
-0.09539 -2.5
-0.09515 -1.6
-0.09491 -0.7
-0.09466 0.3
-0.09442 1.2
-0.09417 2.2
-0.09393 3.1
-0.09369 4.0
-0.09344 4.8
-0.0932 5.7
-0.09295 6.4
-0.09271 7.1
-0.09246 7.8
-0.09222 8.4
-0.09198 8.9
-0.09173 9.3
-0.09149 9.7
-0.09124 9.9
-0.091 10.1
-0.09076 10.2
-0.09051 10.2
-0.09027 10.1
-0.09002 9.9
-0.08978 9.6
-0.08953 9.2
-0.08929 8.8
-0.08905 8.3
-0.0888 7.6
-0.08856 7.0
-0.08831 6.2
-0.08807 5.4
-0.08783 4.5
-0.08758 3.6
-0.08734 2.7
-0.08709 1.7
-0.08685 0.7
-0.08661 -0.2
-0.08636 -1.2
-0.08612 -2.2
-0.08587 -3.2
-0.08563 -4.1
-0.08538 -5.0
-0.08514 -5.9
-0.0849 -6.7
-0.08465 -7.4
-0.08441 -8.1
-0.08416 -8.7
-0.08392 -9.2
-0.08368 -9.6
-0.08343 -10.0
-0.08319 -10.2
-0.08294 -10.4
-0.0827 -10.4
-0.08245 -10.4
-0.08221 -10.2
-0.08197 -10.0
-0.08172 -9.6
-0.08148 -9.2
-0.08123 -8.6
-0.08099 -8.0
-0.08075 -7.3
-0.0805 -6.6
-0.08026 -5.7
-0.08001 -4.8
-0.07977 -3.9
-0.07952 -2.9
-0.07928 -1.9
-0.07904 -0.8
-0.07879 0.2
-0.07855 1.3
-0.0783 2.3
-0.07806 3.3
-0.07782 4.3
-0.07757 5.2
-0.07733 6.1
-0.07708 7.0
-0.07684 7.7
-0.0766 8.4
-0.07635 9.0
-0.07611 9.6
-0.07586 10.0
-0.07562 10.3
-0.07537 10.5
-0.07513 10.6
-0.07489 10.6
-0.07464 10.5
-0.0744 10.3
-0.07415 10.0
-0.07391 9.6
-0.07367 9.0
-0.07342 8.4
-0.07318 7.7
-0.07293 6.9
-0.07269 6.0
-0.07244 5.1
-0.0722 4.1
-0.07196 3.1
-0.07171 2.0
-0.07147 0.9
-0.07122 -0.2
-0.07098 -1.3
-0.07074 -2.4
-0.07049 -3.5
-0.07025 -4.5
-0.07 -5.5
-0.06976 -6.4
-0.06952 -7.3
-0.06927 -8.1
-0.06903 -8.8
-0.06878 -9.4
-0.06854 -10.0
-0.06829 -10.4
-0.06805 -10.7
-0.06781 -10.8
-0.06756 -10.9
-0.06732 -10.8
-0.06707 -10.7
-0.06683 -10.4
-0.06659 -10.0
-0.06634 -9.4
-0.0661 -8.8
-0.06585 -8.1
-0.06561 -7.3
-0.06536 -6.3
-0.06512 -5.4
-0.06488 -4.3
-0.06463 -3.2
-0.06439 -2.1
-0.06414 -0.9
-0.0639 0.2
-0.06366 1.4
-0.06341 2.6
-0.06317 3.7
-0.06292 4.8
-0.06268 5.9
-0.06244 6.9
-0.06219 7.8
-0.06195 8.6
-0.0617 9.3
-0.06146 9.9
-0.06121 10.4
-0.06097 10.8
-0.06073 11.0
-0.06048 11.2
-0.06024 11.2
-0.05999 11.0
-0.05975 10.7
-0.05951 10.3
-0.05926 9.8
-0.05902 9.2
-0.05877 8.4
-0.05853 7.5
-0.05828 6.6
-0.05804 5.5
-0.0578 4.4
-0.05755 3.3
-0.05731 2.1
-0.05706 0.8
-0.05682 -0.4
-0.05658 -1.7
-0.05633 -2.9
-0.05609 -4.1
-0.05584 -5.3
-0.0556 -6.4
-0.05536 -7.4
-0.05511 -8.3
-0.05487 -9.2
-0.05462 -9.9
-0.05438 -10.5
-0.05413 -10.9
-0.05389 -11.3
-0.05365 -11.4
-0.0534 -11.5
-0.05316 -11.4
-0.05291 -11.1
-0.05267 -10.7
-0.05243 -10.1
-0.05218 -9.5
-0.05194 -8.7
-0.05169 -7.7
-0.05145 -6.7
-0.0512 -5.6
-0.05096 -4.4
-0.05072 -3.1
-0.05047 -1.8
-0.05023 -0.5
-0.04998 0.9
-0.04974 2.2
-0.0495 3.5
-0.04925 4.8
-0.04901 6.0
-0.04876 7.2
-0.04852 8.2
-0.04827 9.1
-0.04803 10.0
-0.04779 10.6
-0.04754 11.2
-0.0473 11.6
-0.04705 11.8
-0.04681 11.8
-0.04657 11.7
-0.04632 11.4
-0.04608 11.0
-0.04583 10.4
-0.04559 9.7
-0.04535 8.8
-0.0451 7.7
-0.04486 6.6
-0.04461 5.4
-0.04437 4.1
-0.04412 2.7
-0.04388 1.2
-0.04364 -0.2
-0.04339 -1.7
-0.04315 -3.1
-0.0429 -4.5
-0.04266 -5.9
-0.04242 -7.1
-0.04217 -8.3
-0.04193 -9.3
-0.04168 -10.2
-0.04144 -11.0
-0.04119 -11.5
-0.04095 -11.9
-0.04071 -12.2
-0.04046 -12.2
-0.04022 -12.1
-0.03997 -11.7
-0.03973 -11.2
-0.03949 -10.5
-0.03924 -9.6
-0.039 -8.6
-0.03875 -7.4
-0.03851 -6.1
-0.03827 -4.7
-0.03802 -3.3
-0.03778 -1.7
-0.03753 -0.1
-0.03729 1.5
-0.03704 3.0
-0.0368 4.6
-0.03656 6.0
-0.03631 7.4
-0.03607 8.7
-0.03582 9.8
-0.03558 10.7
-0.03534 11.5
-0.03509 12.1
-0.03485 12.5
-0.0346 12.7
-0.03436 12.6
-0.03411 12.4
-0.03387 11.9
-0.03363 11.2
-0.03338 10.3
-0.03314 9.2
-0.03289 8.0
-0.03265 6.6
-0.03241 5.0
-0.03216 3.4
-0.03192 1.7
-0.03167 0.0
-0.03143 -1.8
-0.03119 -3.5
-0.03094 -5.2
-0.0307 -6.8
-0.03045 -8.3
-0.03021 -9.6
-0.02996 -10.7
-0.02972 -11.7
-0.02948 -12.4
-0.02923 -12.9
-0.02899 -13.2
-0.02874 -13.2
-0.0285 -12.9
-0.02826 -12.4
-0.02801 -11.6
-0.02777 -10.6
-0.02752 -9.4
-0.02728 -8.0
-0.02703 -6.4
-0.02679 -4.6
-0.02655 -2.8
-0.0263 -0.9
-0.02606 1.1
-0.02581 3.0
-0.02557 4.9
-0.02533 6.7
-0.02508 8.4
-0.02484 9.9
-0.02459 11.2
-0.02435 12.3
-0.02411 13.1
-0.02386 13.6
-0.02362 13.8
-0.02337 13.8
-0.02313 13.4
-0.02288 12.6
-0.02264 11.6
-0.0224 10.4
-0.02215 8.8
-0.02191 7.1
-0.02166 5.1
-0.02142 3.0
-0.02118 0.8
-0.02093 -1.4
-0.02069 -3.6
-0.02044 -5.7
-0.0202 -7.7
-0.01995 -9.6
-0.01971 -11.2
-0.01947 -12.6
-0.01922 -13.6
-0.01898 -14.3
-0.01873 -14.6
-0.01849 -14.6
-0.01825 -14.1
-0.018 -13.3
-0.01776 -12.1
-0.01751 -10.5
-0.01727 -8.7
-0.01702 -6.5
-0.01678 -4.2
-0.01654 -1.7
-0.01629 0.9
-0.01605 3.4
-0.0158 5.9
-0.01556 8.3
-0.01532 10.4
-0.01507 12.3
-0.01483 13.8
-0.01458 14.9
-0.01434 15.5
-0.0141 15.6
-0.01385 15.2
-0.01361 14.4
-0.01336 13.0
-0.01312 11.1
-0.01287 8.9
-0.01263 6.3
-0.01239 3.5
-0.01214 0.4
-0.0119 -2.7
-0.01165 -5.7
-0.01141 -8.6
-0.01117 -11.2
-0.01092 -13.5
-0.01068 -15.2
-0.01043 -16.4
-0.01019 -16.9
-0.00994 -16.7
-0.0097 -15.9
-0.00946 -14.3
-0.00921 -12.1
-0.00897 -9.3
-0.00872 -6.0
-0.00848 -2.4
-0.00824 1.5
-0.00799 5.3
-0.00775 9.0
-0.0075 12.4
-0.00726 15.2
-0.00702 17.2
-0.00677 18.4
-0.00653 18.6
-0.00628 17.7
-0.00604 15.8
-0.00579 12.9
-0.00555 9.0
-0.00531 4.5
-0.00506 -0.5
-0.00482 -5.7
-0.00457 -10.6
-0.00433 -15.0
-0.00409 -18.4
-0.00384 -20.5
-0.0036 -21.0
-0.00335 -19.7
-0.00311 -16.6
-0.00286 -11.8
-0.00262 -5.5
-0.00238 1.6
-0.00213 9.0
-0.00189 15.7
-0.00164 20.9
-0.0014 23.7
-0.00116 23.4
-0.00091 19.4
-0.00067 12.0
-0.00042 1.9
-0.00018 -9.4
6e-05 -19.2
0.00031 -24.8
0.00055 -23.8
0.0008 -15.9
0.00104 -3.1
0.00129 10.1
0.00153 18.8
0.00177 19.7
0.00202 13.1
0.00226 2.3
0.00251 -7.8
0.00275 -13.0
0.00299 -11.8
0.00324 -5.8
0.00348 1.5
0.00373 6.7
0.00397 7.8
0.00422 5.2
0.00446 0.8
0.0047 -3.0
0.00495 -4.6
0.00519 -3.7
0.00544 -1.3
0.00568 1.2
0.00592 2.6
0.00617 2.5
0.00641 1.2
0.00666 -0.4
0.0069 -1.4
0.00714 -1.6
0.00739 -1.0
0.00763 0.0
0.00788 0.7
0.00812 1.0
0.00837 0.7
0.00861 0.2
0.00885 -0.3
0.0091 -0.6
0.00934 -0.5
0.00959 -0.2
0.00983 0.1
0.01007 0.3
0.01032 0.3
0.01056 0.2
0.01081 0.0
0.01105 -0.2
0.0113 -0.2
0.01154 -0.1
0.01178 0.0
0.01203 0.0
0.01227 0.1
0.01252 0.0
0.01276 0.0
0.013 0.0
0.01325 0.0
0.01349 0.0
0.01374 0.0
0.01398 0.0
0.01423 0.0
0.01447 0.0
0.01471 0.0
0.01496 0.0
0.0152 0.0
0.01545 0.0
0.01569 0.0
0.01593 0.0
0.01618 0.0
0.01642 0.0
0.01667 0.0
0.01691 0.0
0.01715 0.0
0.0174 0.0
0.01764 0.0
0.01789 0.0
0.01813 0.0
0.01838 0.0
0.01862 0.0
0.01886 0.0
0.01911 0.0
0.01935 0.0
0.0196 0.0
0.01984 0.0
0.02008 0.0
0.02033 0.0
0.02057 0.0
0.02082 0.0
0.02106 0.0
0.02131 0.0
0.02155 0.0
0.02179 0.0
0.02204 0.0
0.02228 0.0
0.02253 0.0
0.02277 0.0
0.02301 0.0
0.02326 0.0
0.0235 0.0
0.02375 0.0
0.02399 0.0
0.02423 0.0
0.02448 0.0
0.02472 0.0
0.02497 0.0
0.02521 0.0
0.02546 0.0
0.0257 0.0
0.02594 0.0
0.02619 0.0
0.02643 0.0
0.02668 0.0
0.02692 0.0
0.02716 0.0
0.02741 0.0
0.02765 0.0
0.0279 0.0
0.02814 0.0
0.02839 0.0
0.02863 0.0
0.02887 0.0
0.02912 0.0
0.02936 0.0
0.02961 0.0
0.02985 0.0
0.03009 0.0
0.03034 0.0
0.03058 0.0
0.03083 0.0
0.03107 0.0
0.03131 0.0
0.03156 0.0
0.0318 0.0
0.03205 0.0
0.03229 0.0
0.03254 0.0
0.03278 0.0
0.03302 0.0
0.03327 0.0
0.03351 0.0
0.03376 0.0
0.034 0.0
0.03424 0.0
0.03449 0.0
0.03473 0.0
0.03498 0.0
0.03522 0.0
0.03547 0.0
0.03571 0.0
0.03595 0.0
0.0362 0.0
0.03644 0.0
0.03669 0.0
0.03693 0.0
0.03717 0.0
0.03742 0.0
0.03766 0.0
0.03791 0.0
0.03815 0.0
0.03839 0.0
0.03864 0.0
0.03888 0.0
0.03913 0.0
0.03937 0.0
0.03962 0.0
0.03986 0.0
0.0401 0.0
0.04035 0.0
0.04059 0.0
0.04084 0.0
0.04108 0.0
0.04132 0.0
0.04157 0.0
0.04181 0.0
0.04206 0.0
0.0423 0.0
0.04255 0.0
0.04279 0.0
0.04303 0.0
0.04328 0.0
0.04352 0.0
0.04377 0.0
0.04401 0.0
0.04425 0.0
0.0445 0.0
0.04474 0.0
0.04499 0.0
0.04523 0.0
0.04548 0.0
0.04572 0.0
0.04596 0.0
0.04621 0.0
0.04645 0.0
0.0467 0.0
0.04694 0.0
0.04718 0.0
0.04743 0.0
0.04767 0.0
0.04792 0.0
0.04816 0.0
0.0484 0.0
0.04865 0.0
0.04889 0.0
0.04914 0.0
0.04938 0.0
0.04963 0.0
0.04987 0.0
0.05011 0.0
0.05036 0.0
0.0506 0.0
0.05085 0.0
0.05109 0.0
0.05133 0.0
0.05158 0.0
0.05182 0.0
0.05207 0.0
0.05231 0.0
0.05256 0.0
0.0528 0.0
0.05304 0.0
0.05329 0.0
0.05353 0.0
0.05378 0.0
0.05402 0.0
0.05426 0.0
0.05451 0.0
0.05475 0.0
0.055 0.0
0.05524 0.0
0.05548 0.0
0.05573 0.0
0.05597 0.0
0.05622 0.0
0.05646 0.0
0.05671 0.0
0.05695 0.0
0.05719 0.0
0.05744 0.0
0.05768 0.0
0.05793 0.0
0.05817 0.0
0.05841 0.0
0.05866 0.0
0.0589 0.0
0.05915 0.0
0.05939 0.0
0.05964 0.0
0.05988 0.0
0.06012 0.0
0.06037 0.0
0.06061 0.0
0.06086 0.0
0.0611 0.0
0.06134 0.0
0.06159 0.0
0.06183 0.0
0.06208 0.0
0.06232 0.0
0.06256 0.0
0.06281 0.0
0.06305 0.0
0.0633 0.0
0.06354 0.0
0.06379 0.0
0.06403 0.0
0.06427 0.0
0.06452 0.0
0.06476 0.0
0.06501 0.0
0.06525 0.0
0.06549 0.0
0.06574 0.0
0.06598 0.0
0.06623 0.0
0.06647 0.0
0.06672 0.0
0.06696 0.0
0.0672 0.0
0.06745 0.0
0.06769 0.0
0.06794 0.0
0.06818 0.0
0.06842 0.0
0.06867 0.0
0.06891 0.0
0.06916 0.0
0.0694 0.0
0.06964 0.0
0.06989 0.0
0.07013 0.0
0.07038 0.0
0.07062 0.0
0.07087 0.0
0.07111 0.0
0.07135 0.0
0.0716 0.0
0.07184 0.0
0.07209 0.0
0.07233 0.0
0.07257 0.0
0.07282 0.0
0.07306 0.0
0.07331 0.0
0.07355 0.0
0.0738 0.0
0.07404 0.0
0.07428 0.0
0.07453 0.0
0.07477 0.0
0.07502 0.0
0.07526 0.0
0.0755 0.0
0.07575 0.0
0.07599 0.0
0.07624 0.0
0.07648 0.0
0.07673 0.0
0.07697 0.0
0.07721 0.0
0.07746 0.0
0.0777 0.0
0.07795 0.0
0.07819 0.0
0.07843 0.0
0.07868 0.0
0.07892 0.0
0.07917 0.0
0.07941 0.0
0.07965 0.0
0.0799 0.0
0.08014 0.0
0.08039 0.0
0.08063 0.0
0.08088 0.0
0.08112 0.0
