t strain*1e23
-0.90743 -5.3
-0.90719 -5.3
-0.90694 -5.2
-0.9067 -5.2
-0.90646 -5.1
-0.90621 -5.0
-0.90597 -5.0
-0.90572 -4.9
-0.90548 -4.8
-0.90524 -4.7
-0.90499 -4.6
-0.90475 -4.4
-0.9045 -4.3
-0.90426 -4.2
-0.90401 -4.0
-0.90377 -3.9
-0.90353 -3.8
-0.90328 -3.6
-0.90304 -3.4
-0.90279 -3.3
-0.90255 -3.1
-0.90231 -2.9
-0.90206 -2.8
-0.90182 -2.6
-0.90157 -2.4
-0.90133 -2.2
-0.90108 -2.0
-0.90084 -1.8
-0.9006 -1.6
-0.90035 -1.4
-0.90011 -1.2
-0.89986 -1.0
-0.89962 -0.8
-0.89938 -0.6
-0.89913 -0.4
-0.89889 -0.2
-0.89864 0.0
-0.8984 0.3
-0.89816 0.5
-0.89791 0.7
-0.89767 0.9
-0.89742 1.1
-0.89718 1.3
-0.89693 1.5
-0.89669 1.7
-0.89645 1.9
-0.8962 2.1
-0.89596 2.3
-0.89571 2.5
-0.89547 2.7
-0.89523 2.8
-0.89498 3.0
-0.89474 3.2
-0.89449 3.4
-0.89425 3.5
-0.894 3.7
-0.89376 3.8
-0.89352 4.0
-0.89327 4.1
-0.89303 4.3
-0.89278 4.4
-0.89254 4.5
-0.8923 4.6
-0.89205 4.7
-0.89181 4.8
-0.89156 4.9
-0.89132 5.0
-0.89108 5.1
-0.89083 5.2
-0.89059 5.2
-0.89034 5.3
-0.8901 5.3
-0.88985 5.4
-0.88961 5.4
-0.88937 5.4
-0.88912 5.5
-0.88888 5.5
-0.88863 5.5
-0.88839 5.5
-0.88815 5.4
-0.8879 5.4
-0.88766 5.4
-0.88741 5.3
-0.88717 5.3
-0.88692 5.2
-0.88668 5.2
-0.88644 5.1
-0.88619 5.0
-0.88595 4.9
-0.8857 4.8
-0.88546 4.7
-0.88522 4.6
-0.88497 4.5
-0.88473 4.4
-0.88448 4.3
-0.88424 4.1
-0.884 4.0
-0.88375 3.8
-0.88351 3.7
-0.88326 3.5
-0.88302 3.4
-0.88277 3.2
-0.88253 3.0
-0.88229 2.8
-0.88204 2.7
-0.8818 2.5
-0.88155 2.3
-0.88131 2.1
-0.88107 1.9
-0.88082 1.7
-0.88058 1.5
-0.88033 1.3
-0.88009 1.1
-0.87984 0.9
-0.8796 0.7
-0.87936 0.4
-0.87911 0.2
-0.87887 0.0
-0.87862 -0.2
-0.87838 -0.4
-0.87814 -0.6
-0.87789 -0.8
-0.87765 -1.0
-0.8774 -1.2
-0.87716 -1.4
-0.87691 -1.7
-0.87667 -1.9
-0.87643 -2.1
-0.87618 -2.2
-0.87594 -2.4
-0.87569 -2.6
-0.87545 -2.8
-0.87521 -3.0
-0.87496 -3.2
-0.87472 -3.3
-0.87447 -3.5
-0.87423 -3.7
-0.87399 -3.8
-0.87374 -4.0
-0.8735 -4.1
-0.87325 -4.3
-0.87301 -4.4
-0.87276 -4.5
-0.87252 -4.6
-0.87228 -4.7
-0.87203 -4.8
-0.87179 -4.9
-0.87154 -5.0
-0.8713 -5.1
-0.87106 -5.2
-0.87081 -5.3
-0.87057 -5.3
-0.87032 -5.4
-0.87008 -5.4
-0.86983 -5.4
-0.86959 -5.5
-0.86935 -5.5
-0.8691 -5.5
-0.86886 -5.5
-0.86861 -5.5
-0.86837 -5.5
-0.86813 -5.4
-0.86788 -5.4
-0.86764 -5.4
-0.86739 -5.3
-0.86715 -5.3
-0.86691 -5.2
-0.86666 -5.1
-0.86642 -5.0
-0.86617 -5.0
-0.86593 -4.9
-0.86568 -4.8
-0.86544 -4.6
-0.8652 -4.5
-0.86495 -4.4
-0.86471 -4.3
-0.86446 -4.1
-0.86422 -4.0
-0.86398 -3.8
-0.86373 -3.7
-0.86349 -3.5
-0.86324 -3.4
-0.863 -3.2
-0.86275 -3.0
-0.86251 -2.8
-0.86227 -2.6
-0.86202 -2.4
-0.86178 -2.3
-0.86153 -2.1
-0.86129 -1.9
-0.86105 -1.7
-0.8608 -1.4
-0.86056 -1.2
-0.86031 -1.0
-0.86007 -0.8
-0.85983 -0.6
-0.85958 -0.4
-0.85934 -0.2
-0.85909 0.0
-0.85885 0.3
-0.8586 0.5
-0.85836 0.7
-0.85812 0.9
-0.85787 1.1
-0.85763 1.3
-0.85738 1.5
-0.85714 1.7
-0.8569 1.9
-0.85665 2.1
-0.85641 2.3
-0.85616 2.5
-0.85592 2.7
-0.85567 2.9
-0.85543 3.1
-0.85519 3.3
-0.85494 3.4
-0.8547 3.6
-0.85445 3.8
-0.85421 3.9
-0.85397 4.1
-0.85372 4.2
-0.85348 4.3
-0.85323 4.5
-0.85299 4.6
-0.85275 4.7
-0.8525 4.8
-0.85226 4.9
-0.85201 5.0
-0.85177 5.1
-0.85152 5.2
-0.85128 5.3
-0.85104 5.3
-0.85079 5.4
-0.85055 5.4
-0.8503 5.5
-0.85006 5.5
-0.84982 5.5
-0.84957 5.5
-0.84933 5.5
-0.84908 5.5
-0.84884 5.5
-0.84859 5.5
-0.84835 5.5
-0.84811 5.4
-0.84786 5.4
-0.84762 5.3
-0.84737 5.2
-0.84713 5.2
-0.84689 5.1
-0.84664 5.0
-0.8464 4.9
-0.84615 4.8
-0.84591 4.7
-0.84566 4.6
-0.84542 4.5
-0.84518 4.3
-0.84493 4.2
-0.84469 4.0
-0.84444 3.9
-0.8442 3.7
-0.84396 3.6
-0.84371 3.4
-0.84347 3.2
-0.84322 3.1
-0.84298 2.9
-0.84274 2.7
-0.84249 2.5
-0.84225 2.3
-0.842 2.1
-0.84176 1.9
-0.84151 1.7
-0.84127 1.5
-0.84103 1.3
-0.84078 1.0
-0.84054 0.8
-0.84029 0.6
-0.84005 0.4
-0.83981 0.2
-0.83956 0.0
-0.83932 -0.3
-0.83907 -0.5
-0.83883 -0.7
-0.83858 -0.9
-0.83834 -1.1
-0.8381 -1.3
-0.83785 -1.5
-0.83761 -1.8
-0.83736 -2.0
-0.83712 -2.2
-0.83688 -2.4
-0.83663 -2.6
-0.83639 -2.7
-0.83614 -2.9
-0.8359 -3.1
-0.83566 -3.3
-0.83541 -3.5
-0.83517 -3.6
-0.83492 -3.8
-0.83468 -4.0
-0.83443 -4.1
-0.83419 -4.3
-0.83395 -4.4
-0.8337 -4.5
-0.83346 -4.6
-0.83321 -4.8
-0.83297 -4.9
-0.83273 -5.0
-0.83248 -5.1
-0.83224 -5.2
-0.83199 -5.2
-0.83175 -5.3
-0.8315 -5.4
-0.83126 -5.4
-0.83102 -5.5
-0.83077 -5.5
-0.83053 -5.5
-0.83028 -5.5
-0.83004 -5.6
-0.8298 -5.6
-0.82955 -5.5
-0.82931 -5.5
-0.82906 -5.5
-0.82882 -5.5
-0.82858 -5.4
-0.82833 -5.4
-0.82809 -5.3
-0.82784 -5.3
-0.8276 -5.2
-0.82735 -5.1
-0.82711 -5.0
-0.82687 -4.9
-0.82662 -4.8
-0.82638 -4.7
-0.82613 -4.6
-0.82589 -4.4
-0.82565 -4.3
-0.8254 -4.1
-0.82516 -4.0
-0.82491 -3.8
-0.82467 -3.7
-0.82442 -3.5
-0.82418 -3.3
-0.82394 -3.2
-0.82369 -3.0
-0.82345 -2.8
-0.8232 -2.6
-0.82296 -2.4
-0.82272 -2.2
-0.82247 -2.0
-0.82223 -1.8
-0.82198 -1.6
-0.82174 -1.4
-0.8215 -1.1
-0.82125 -0.9
-0.82101 -0.7
-0.82076 -0.5
-0.82052 -0.3
-0.82027 0.0
-0.82003 0.2
-0.81979 0.4
-0.81954 0.6
-0.8193 0.8
-0.81905 1.1
-0.81881 1.3
-0.81857 1.5
-0.81832 1.7
-0.81808 1.9
-0.81783 2.1
-0.81759 2.3
-0.81734 2.5
-0.8171 2.7
-0.81686 2.9
-0.81661 3.1
-0.81637 3.3
-0.81612 3.4
-0.81588 3.6
-0.81564 3.8
-0.81539 3.9
-0.81515 4.1
-0.8149 4.2
-0.81466 4.4
-0.81441 4.5
-0.81417 4.6
-0.81393 4.8
-0.81368 4.9
-0.81344 5.0
-0.81319 5.1
-0.81295 5.2
-0.81271 5.2
-0.81246 5.3
-0.81222 5.4
-0.81197 5.4
-0.81173 5.5
-0.81149 5.5
-0.81124 5.5
-0.811 5.6
-0.81075 5.6
-0.81051 5.6
-0.81026 5.6
-0.81002 5.6
-0.80978 5.5
-0.80953 5.5
-0.80929 5.5
-0.80904 5.4
-0.8088 5.3
-0.80856 5.3
-0.80831 5.2
-0.80807 5.1
-0.80782 5.0
-0.80758 4.9
-0.80733 4.8
-0.80709 4.7
-0.80685 4.6
-0.8066 4.4
-0.80636 4.3
-0.80611 4.2
-0.80587 4.0
-0.80563 3.8
-0.80538 3.7
-0.80514 3.5
-0.80489 3.3
-0.80465 3.2
-0.80441 3.0
-0.80416 2.8
-0.80392 2.6
-0.80367 2.4
-0.80343 2.2
-0.80318 2.0
-0.80294 1.8
-0.8027 1.5
-0.80245 1.3
-0.80221 1.1
-0.80196 0.9
-0.80172 0.7
-0.80148 0.4
-0.80123 0.2
-0.80099 0.0
-0.80074 -0.2
-0.8005 -0.5
-0.80025 -0.7
-0.80001 -0.9
-0.79977 -1.1
-0.79952 -1.3
-0.79928 -1.6
-0.79903 -1.8
-0.79879 -2.0
-0.79855 -2.2
-0.7983 -2.4
-0.79806 -2.6
-0.79781 -2.8
-0.79757 -3.0
-0.79733 -3.2
-0.79708 -3.4
-0.79684 -3.5
-0.79659 -3.7
-0.79635 -3.9
-0.7961 -4.0
-0.79586 -4.2
-0.79562 -4.3
-0.79537 -4.5
-0.79513 -4.6
-0.79488 -4.7
-0.79464 -4.8
-0.7944 -5.0
-0.79415 -5.1
-0.79391 -5.2
-0.79366 -5.2
-0.79342 -5.3
-0.79317 -5.4
-0.79293 -5.4
-0.79269 -5.5
-0.79244 -5.5
-0.7922 -5.6
-0.79195 -5.6
-0.79171 -5.6
-0.79147 -5.6
-0.79122 -5.6
-0.79098 -5.6
-0.79073 -5.6
-0.79049 -5.5
-0.79025 -5.5
-0.79 -5.5
-0.78976 -5.4
-0.78951 -5.3
-0.78927 -5.3
-0.78902 -5.2
-0.78878 -5.1
-0.78854 -5.0
-0.78829 -4.9
-0.78805 -4.8
-0.7878 -4.6
-0.78756 -4.5
-0.78732 -4.4
-0.78707 -4.2
-0.78683 -4.1
-0.78658 -3.9
-0.78634 -3.7
-0.78609 -3.6
-0.78585 -3.4
-0.78561 -3.2
-0.78536 -3.0
-0.78512 -2.8
-0.78487 -2.6
-0.78463 -2.4
-0.78439 -2.2
-0.78414 -2.0
-0.7839 -1.8
-0.78365 -1.6
-0.78341 -1.4
-0.78316 -1.1
-0.78292 -0.9
-0.78268 -0.7
-0.78243 -0.5
-0.78219 -0.2
-0.78194 0.0
-0.7817 0.2
-0.78146 0.4
-0.78121 0.7
-0.78097 0.9
-0.78072 1.1
-0.78048 1.3
-0.78024 1.6
-0.77999 1.8
-0.77975 2.0
-0.7795 2.2
-0.77926 2.4
-0.77901 2.6
-0.77877 2.8
-0.77853 3.0
-0.77828 3.2
-0.77804 3.4
-0.77779 3.6
-0.77755 3.7
-0.77731 3.9
-0.77706 4.1
-0.77682 4.2
-0.77657 4.4
-0.77633 4.5
-0.77608 4.6
-0.77584 4.8
-0.7756 4.9
-0.77535 5.0
-0.77511 5.1
-0.77486 5.2
-0.77462 5.3
-0.77438 5.4
-0.77413 5.4
-0.77389 5.5
-0.77364 5.5
-0.7734 5.6
-0.77316 5.6
-0.77291 5.6
-0.77267 5.6
-0.77242 5.6
-0.77218 5.6
-0.77193 5.6
-0.77169 5.6
-0.77145 5.6
-0.7712 5.5
-0.77096 5.5
-0.77071 5.4
-0.77047 5.3
-0.77023 5.3
-0.76998 5.2
-0.76974 5.1
-0.76949 5.0
-0.76925 4.9
-0.769 4.7
-0.76876 4.6
-0.76852 4.5
-0.76827 4.3
-0.76803 4.2
-0.76778 4.0
-0.76754 3.9
-0.7673 3.7
-0.76705 3.5
-0.76681 3.3
-0.76656 3.1
-0.76632 3.0
-0.76608 2.8
-0.76583 2.5
-0.76559 2.3
-0.76534 2.1
-0.7651 1.9
-0.76485 1.7
-0.76461 1.5
-0.76437 1.3
-0.76412 1.0
-0.76388 0.8
-0.76363 0.6
-0.76339 0.3
-0.76315 0.1
-0.7629 -0.1
-0.76266 -0.3
-0.76241 -0.6
-0.76217 -0.8
-0.76192 -1.0
-0.76168 -1.3
-0.76144 -1.5
-0.76119 -1.7
-0.76095 -1.9
-0.7607 -2.1
-0.76046 -2.4
-0.76022 -2.6
-0.75997 -2.8
-0.75973 -3.0
-0.75948 -3.2
-0.75924 -3.3
-0.759 -3.5
-0.75875 -3.7
-0.75851 -3.9
-0.75826 -4.0
-0.75802 -4.2
-0.75777 -4.4
-0.75753 -4.5
-0.75729 -4.6
-0.75704 -4.8
-0.7568 -4.9
-0.75655 -5.0
-0.75631 -5.1
-0.75607 -5.2
-0.75582 -5.3
-0.75558 -5.4
-0.75533 -5.4
-0.75509 -5.5
-0.75484 -5.6
-0.7546 -5.6
-0.75436 -5.6
-0.75411 -5.7
-0.75387 -5.7
-0.75362 -5.7
-0.75338 -5.7
-0.75314 -5.7
-0.75289 -5.6
-0.75265 -5.6
-0.7524 -5.6
-0.75216 -5.5
-0.75191 -5.4
-0.75167 -5.4
-0.75143 -5.3
-0.75118 -5.2
-0.75094 -5.1
-0.75069 -5.0
-0.75045 -4.9
-0.75021 -4.8
-0.74996 -4.6
-0.74972 -4.5
-0.74947 -4.4
-0.74923 -4.2
-0.74899 -4.0
-0.74874 -3.9
-0.7485 -3.7
-0.74825 -3.5
-0.74801 -3.3
-0.74776 -3.1
-0.74752 -2.9
-0.74728 -2.7
-0.74703 -2.5
-0.74679 -2.3
-0.74654 -2.1
-0.7463 -1.9
-0.74606 -1.7
-0.74581 -1.4
-0.74557 -1.2
-0.74532 -1.0
-0.74508 -0.8
-0.74483 -0.5
-0.74459 -0.3
-0.74435 0.0
-0.7441 0.2
-0.74386 0.4
-0.74361 0.6
-0.74337 0.9
-0.74313 1.1
-0.74288 1.3
-0.74264 1.6
-0.74239 1.8
-0.74215 2.0
-0.74191 2.2
-0.74166 2.4
-0.74142 2.6
-0.74117 2.8
-0.74093 3.0
-0.74068 3.2
-0.74044 3.4
-0.7402 3.6
-0.73995 3.8
-0.73971 4.0
-0.73946 4.1
-0.73922 4.3
-0.73898 4.4
-0.73873 4.6
-0.73849 4.7
-0.73824 4.9
-0.738 5.0
-0.73775 5.1
-0.73751 5.2
-0.73727 5.3
-0.73702 5.4
-0.73678 5.4
-0.73653 5.5
-0.73629 5.6
-0.73605 5.6
-0.7358 5.6
-0.73556 5.7
-0.73531 5.7
-0.73507 5.7
-0.73483 5.7
-0.73458 5.7
-0.73434 5.7
-0.73409 5.6
-0.73385 5.6
-0.7336 5.6
-0.73336 5.5
-0.73312 5.4
-0.73287 5.4
-0.73263 5.3
-0.73238 5.2
-0.73214 5.1
-0.7319 5.0
-0.73165 4.8
-0.73141 4.7
-0.73116 4.6
-0.73092 4.4
-0.73067 4.3
-0.73043 4.1
-0.73019 3.9
-0.72994 3.8
-0.7297 3.6
-0.72945 3.4
-0.72921 3.2
-0.72897 3.0
-0.72872 2.8
-0.72848 2.6
-0.72823 2.4
-0.72799 2.2
-0.72775 1.9
-0.7275 1.7
-0.72726 1.5
-0.72701 1.3
-0.72677 1.0
-0.72652 0.8
-0.72628 0.6
-0.72604 0.3
-0.72579 0.0
-0.72555 -0.1
-0.7253 -0.4
-0.72506 -0.6
-0.72482 -0.9
-0.72457 -1.1
-0.72433 -1.3
-0.72408 -1.6
-0.72384 -1.8
-0.72359 -2.0
-0.72335 -2.2
-0.72311 -2.4
-0.72286 -2.7
-0.72262 -2.9
-0.72237 -3.1
-0.72213 -3.3
-0.72189 -3.5
-0.72164 -3.6
-0.7214 -3.8
-0.72115 -4.0
-0.72091 -4.2
-0.72066 -4.3
-0.72042 -4.5
-0.72018 -4.6
-0.71993 -4.8
-0.71969 -4.9
-0.71944 -5.0
-0.7192 -5.1
-0.71896 -5.2
-0.71871 -5.3
-0.71847 -5.4
-0.71822 -5.5
-0.71798 -5.5
-0.71774 -5.6
-0.71749 -5.7
-0.71725 -5.7
-0.717 -5.7
-0.71676 -5.7
-0.71651 -5.7
-0.71627 -5.7
-0.71603 -5.7
-0.71578 -5.7
-0.71554 -5.7
-0.71529 -5.6
-0.71505 -5.6
-0.71481 -5.5
-0.71456 -5.4
-0.71432 -5.4
-0.71407 -5.3
-0.71383 -5.2
-0.71358 -5.1
-0.71334 -4.9
-0.7131 -4.8
-0.71285 -4.7
-0.71261 -4.5
-0.71236 -4.4
-0.71212 -4.2
-0.71188 -4.1
-0.71163 -3.9
-0.71139 -3.7
-0.71114 -3.5
-0.7109 -3.3
-0.71066 -3.1
-0.71041 -2.9
-0.71017 -2.7
-0.70992 -2.5
-0.70968 -2.3
-0.70943 -2.1
-0.70919 -1.8
-0.70895 -1.6
-0.7087 -1.4
-0.70846 -1.1
-0.70821 -0.9
-0.70797 -0.7
-0.70773 -0.4
-0.70748 -0.2
-0.70724 0.0
-0.70699 0.3
-0.70675 0.5
-0.7065 0.8
-0.70626 1.0
-0.70602 1.2
-0.70577 1.5
-0.70553 1.7
-0.70528 1.9
-0.70504 2.2
-0.7048 2.4
-0.70455 2.6
-0.70431 2.8
-0.70406 3.0
-0.70382 3.2
-0.70358 3.4
-0.70333 3.6
-0.70309 3.8
-0.70284 4.0
-0.7026 4.2
-0.70235 4.3
-0.70211 4.5
-0.70187 4.6
-0.70162 4.8
-0.70138 4.9
-0.70113 5.0
-0.70089 5.1
-0.70065 5.2
-0.7004 5.3
-0.70016 5.4
-0.69991 5.5
-0.69967 5.6
-0.69942 5.6
-0.69918 5.7
-0.69894 5.7
-0.69869 5.7
-0.69845 5.8
-0.6982 5.8
-0.69796 5.8
-0.69772 5.8
-0.69747 5.7
-0.69723 5.7
-0.69698 5.7
-0.69674 5.6
-0.6965 5.5
-0.69625 5.5
-0.69601 5.4
-0.69576 5.3
-0.69552 5.2
-0.69527 5.1
-0.69503 5.0
-0.69479 4.8
-0.69454 4.7
-0.6943 4.6
-0.69405 4.4
-0.69381 4.2
-0.69357 4.1
-0.69332 3.9
-0.69308 3.7
-0.69283 3.5
-0.69259 3.3
-0.69234 3.1
-0.6921 2.9
-0.69186 2.7
-0.69161 2.5
-0.69137 2.3
-0.69112 2.0
-0.69088 1.8
-0.69064 1.6
-0.69039 1.3
-0.69015 1.1
-0.6899 0.9
-0.68966 0.6
-0.68941 0.4
-0.68917 0.1
-0.68893 -0.1
-0.68868 -0.3
-0.68844 -0.6
-0.68819 -0.8
-0.68795 -1.1
-0.68771 -1.3
-0.68746 -1.6
-0.68722 -1.8
-0.68697 -2.0
-0.68673 -2.2
-0.68649 -2.5
-0.68624 -2.7
-0.686 -2.9
-0.68575 -3.1
-0.68551 -3.3
-0.68526 -3.5
-0.68502 -3.7
-0.68478 -3.9
-0.68453 -4.1
-0.68429 -4.2
-0.68404 -4.4
-0.6838 -4.6
-0.68356 -4.7
-0.68331 -4.9
-0.68307 -5.0
-0.68282 -5.1
-0.68258 -5.2
-0.68233 -5.3
-0.68209 -5.4
-0.68185 -5.5
-0.6816 -5.6
-0.68136 -5.6
-0.68111 -5.7
-0.68087 -5.7
-0.68063 -5.8
-0.68038 -5.8
-0.68014 -5.8
-0.67989 -5.8
-0.67965 -5.8
-0.67941 -5.8
-0.67916 -5.8
-0.67892 -5.7
-0.67867 -5.7
-0.67843 -5.6
-0.67818 -5.5
-0.67794 -5.5
-0.6777 -5.4
-0.67745 -5.3
-0.67721 -5.2
-0.67696 -5.0
-0.67672 -4.9
-0.67648 -4.8
-0.67623 -4.6
-0.67599 -4.5
-0.67574 -4.3
-0.6755 -4.1
-0.67525 -4.0
-0.67501 -3.8
-0.67477 -3.6
-0.67452 -3.4
-0.67428 -3.2
-0.67403 -3.0
-0.67379 -2.8
-0.67355 -2.6
-0.6733 -2.3
-0.67306 -2.1
-0.67281 -1.9
-0.67257 -1.6
-0.67233 -1.4
-0.67208 -1.1
-0.67184 -0.9
-0.67159 -0.7
-0.67135 -0.4
-0.6711 -0.2
-0.67086 0.0
-0.67062 0.3
-0.67037 0.6
-0.67013 0.8
-0.66988 1.1
-0.66964 1.3
-0.6694 1.6
-0.66915 1.8
-0.66891 2.0
-0.66866 2.3
-0.66842 2.5
-0.66817 2.7
-0.66793 2.9
-0.66769 3.1
-0.66744 3.3
-0.6672 3.5
-0.66695 3.7
-0.66671 3.9
-0.66647 4.1
-0.66622 4.3
-0.66598 4.5
-0.66573 4.6
-0.66549 4.8
-0.66525 4.9
-0.665 5.0
-0.66476 5.2
-0.66451 5.3
-0.66427 5.4
-0.66402 5.5
-0.66378 5.5
-0.66354 5.6
-0.66329 5.7
-0.66305 5.7
-0.6628 5.8
-0.66256 5.8
-0.66232 5.8
-0.66207 5.8
-0.66183 5.8
-0.66158 5.8
-0.66134 5.8
-0.66109 5.8
-0.66085 5.7
-0.66061 5.7
-0.66036 5.6
-0.66012 5.5
-0.65987 5.5
-0.65963 5.4
-0.65939 5.3
-0.65914 5.1
-0.6589 5.0
-0.65865 4.9
-0.65841 4.7
-0.65816 4.6
-0.65792 4.4
-0.65768 4.3
-0.65743 4.1
-0.65719 3.9
-0.65694 3.7
-0.6567 3.5
-0.65646 3.3
-0.65621 3.1
-0.65597 2.9
-0.65572 2.7
-0.65548 2.5
-0.65524 2.2
-0.65499 2.0
-0.65475 1.8
-0.6545 1.5
-0.65426 1.3
-0.65401 1.0
-0.65377 0.8
-0.65353 0.5
-0.65328 0.3
-0.65304 0.0
-0.65279 -0.2
-0.65255 -0.5
-0.65231 -0.7
-0.65206 -1.0
-0.65182 -1.2
-0.65157 -1.5
-0.65133 -1.7
-0.65108 -2.0
-0.65084 -2.2
-0.6506 -2.4
-0.65035 -2.7
-0.65011 -2.9
-0.64986 -3.1
-0.64962 -3.3
-0.64938 -3.5
-0.64913 -3.7
-0.64889 -3.9
-0.64864 -4.1
-0.6484 -4.3
-0.64816 -4.4
-0.64791 -4.6
-0.64767 -4.8
-0.64742 -4.9
-0.64718 -5.0
-0.64693 -5.2
-0.64669 -5.3
-0.64645 -5.4
-0.6462 -5.5
-0.64596 -5.6
-0.64571 -5.6
-0.64547 -5.7
-0.64523 -5.8
-0.64498 -5.8
-0.64474 -5.8
-0.64449 -5.9
-0.64425 -5.9
-0.644 -5.9
-0.64376 -5.9
-0.64352 -5.8
-0.64327 -5.8
-0.64303 -5.8
-0.64278 -5.7
-0.64254 -5.7
-0.6423 -5.6
-0.64205 -5.5
-0.64181 -5.4
-0.64156 -5.3
-0.64132 -5.2
-0.64108 -5.0
-0.64083 -4.9
-0.64059 -4.8
-0.64034 -4.6
-0.6401 -4.5
-0.63985 -4.3
-0.63961 -4.1
-0.63937 -3.9
-0.63912 -3.7
-0.63888 -3.5
-0.63863 -3.3
-0.63839 -3.1
-0.63815 -2.9
-0.6379 -2.7
-0.63766 -2.4
-0.63741 -2.2
-0.63717 -1.9
-0.63692 -1.7
-0.63668 -1.5
-0.63644 -1.2
-0.63619 -1.0
-0.63595 -0.7
-0.6357 -0.5
-0.63546 -0.2
-0.63522 0.0
-0.63497 0.3
-0.63473 0.6
-0.63448 0.8
-0.63424 1.1
-0.634 1.3
-0.63375 1.6
-0.63351 1.8
-0.63326 2.1
-0.63302 2.3
-0.63277 2.5
-0.63253 2.8
-0.63229 3.0
-0.63204 3.2
-0.6318 3.4
-0.63155 3.6
-0.63131 3.8
-0.63107 4.0
-0.63082 4.2
-0.63058 4.4
-0.63033 4.6
-0.63009 4.7
-0.62984 4.9
-0.6296 5.0
-0.62936 5.1
-0.62911 5.3
-0.62887 5.4
-0.62862 5.5
-0.62838 5.6
-0.62814 5.7
-0.62789 5.7
-0.62765 5.8
-0.6274 5.8
-0.62716 5.9
-0.62691 5.9
-0.62667 5.9
-0.62643 5.9
-0.62618 5.9
-0.62594 5.9
-0.62569 5.9
-0.62545 5.8
-0.62521 5.8
-0.62496 5.7
-0.62472 5.6
-0.62447 5.6
-0.62423 5.5
-0.62399 5.4
-0.62374 5.2
-0.6235 5.1
-0.62325 5.0
-0.62301 4.8
-0.62276 4.7
-0.62252 4.5
-0.62228 4.3
-0.62203 4.2
-0.62179 4.0
-0.62154 3.8
-0.6213 3.6
-0.62106 3.4
-0.62081 3.1
-0.62057 2.9
-0.62032 2.7
-0.62008 2.5
-0.61983 2.2
-0.61959 2.0
-0.61935 1.7
-0.6191 1.5
-0.61886 1.2
-0.61861 1.0
-0.61837 0.7
-0.61813 0.5
-0.61788 0.2
-0.61764 0.0
-0.61739 -0.3
-0.61715 -0.6
-0.61691 -0.8
-0.61666 -1.1
-0.61642 -1.3
-0.61617 -1.6
-0.61593 -1.9
-0.61568 -2.1
-0.61544 -2.3
-0.6152 -2.6
-0.61495 -2.8
-0.61471 -3.0
-0.61446 -3.3
-0.61422 -3.5
-0.61398 -3.7
-0.61373 -3.9
-0.61349 -4.1
-0.61324 -4.3
-0.613 -4.4
-0.61275 -4.6
-0.61251 -4.8
-0.61227 -4.9
-0.61202 -5.1
-0.61178 -5.2
-0.61153 -5.3
-0.61129 -5.4
-0.61105 -5.5
-0.6108 -5.6
-0.61056 -5.7
-0.61031 -5.8
-0.61007 -5.8
-0.60983 -5.9
-0.60958 -5.9
-0.60934 -5.9
-0.60909 -6.0
-0.60885 -6.0
-0.6086 -5.9
-0.60836 -5.9
-0.60812 -5.9
-0.60787 -5.8
-0.60763 -5.8
-0.60738 -5.7
-0.60714 -5.6
-0.6069 -5.5
-0.60665 -5.4
-0.60641 -5.3
-0.60616 -5.2
-0.60592 -5.1
-0.60567 -4.9
-0.60543 -4.8
-0.60519 -4.6
-0.60494 -4.5
-0.6047 -4.3
-0.60445 -4.1
-0.60421 -3.9
-0.60397 -3.7
-0.60372 -3.5
-0.60348 -3.3
-0.60323 -3.0
-0.60299 -2.8
-0.60275 -2.6
-0.6025 -2.3
-0.60226 -2.1
-0.60201 -1.8
-0.60177 -1.6
-0.60152 -1.3
-0.60128 -1.1
-0.60104 -0.8
-0.60079 -0.6
-0.60055 -0.3
-0.6003 0.0
-0.60006 0.2
-0.59982 0.5
-0.59957 0.8
-0.59933 1.0
-0.59908 1.3
-0.59884 1.5
-0.59859 1.8
-0.59835 2.1
-0.59811 2.3
-0.59786 2.5
-0.59762 2.8
-0.59737 3.0
-0.59713 3.2
-0.59689 3.5
-0.59664 3.7
-0.5964 3.9
-0.59615 4.1
-0.59591 4.3
-0.59566 4.4
-0.59542 4.6
-0.59518 4.8
-0.59493 4.9
-0.59469 5.1
-0.59444 5.2
-0.5942 5.3
-0.59396 5.5
-0.59371 5.6
-0.59347 5.7
-0.59322 5.7
-0.59298 5.8
-0.59274 5.9
-0.59249 5.9
-0.59225 6.0
-0.592 6.0
-0.59176 6.0
-0.59151 6.0
-0.59127 6.0
-0.59103 6.0
-0.59078 5.9
-0.59054 5.9
-0.59029 5.8
-0.59005 5.7
-0.58981 5.7
-0.58956 5.6
-0.58932 5.5
-0.58907 5.4
-0.58883 5.2
-0.58858 5.1
-0.58834 4.9
-0.5881 4.8
-0.58785 4.6
-0.58761 4.4
-0.58736 4.3
-0.58712 4.1
-0.58688 3.9
-0.58663 3.7
-0.58639 3.4
-0.58614 3.2
-0.5859 3.0
-0.58566 2.8
-0.58541 2.5
-0.58517 2.3
-0.58492 2.0
-0.58468 1.8
-0.58443 1.5
-0.58419 1.3
-0.58395 1.0
-0.5837 0.7
-0.58346 0.5
-0.58321 0.2
-0.58297 0.0
-0.58273 -0.4
-0.58248 -0.6
-0.58224 -0.9
-0.58199 -1.2
-0.58175 -1.4
-0.5815 -1.7
-0.58126 -1.9
-0.58102 -2.2
-0.58077 -2.4
-0.58053 -2.7
-0.58028 -2.9
-0.58004 -3.2
-0.5798 -3.4
-0.57955 -3.6
-0.57931 -3.8
-0.57906 -4.0
-0.57882 -4.2
-0.57858 -4.4
-0.57833 -4.6
-0.57809 -4.8
-0.57784 -4.9
-0.5776 -5.1
-0.57735 -5.2
-0.57711 -5.3
-0.57687 -5.5
-0.57662 -5.6
-0.57638 -5.7
-0.57613 -5.8
-0.57589 -5.8
-0.57565 -5.9
-0.5754 -5.9
-0.57516 -6.0
-0.57491 -6.0
-0.57467 -6.0
-0.57442 -6.0
-0.57418 -6.0
-0.57394 -6.0
-0.57369 -6.0
-0.57345 -5.9
-0.5732 -5.9
-0.57296 -5.8
-0.57272 -5.7
-0.57247 -5.6
-0.57223 -5.5
-0.57198 -5.4
-0.57174 -5.3
-0.5715 -5.1
-0.57125 -5.0
-0.57101 -4.8
-0.57076 -4.7
-0.57052 -4.5
-0.57027 -4.3
-0.57003 -4.1
-0.56979 -3.9
-0.56954 -3.7
-0.5693 -3.5
-0.56905 -3.3
-0.56881 -3.0
-0.56857 -2.8
-0.56832 -2.5
-0.56808 -2.3
-0.56783 -2.0
-0.56759 -1.8
-0.56734 -1.5
-0.5671 -1.2
-0.56686 -1.0
-0.56661 -0.7
-0.56637 -0.4
-0.56612 -0.2
-0.56588 0.1
-0.56564 0.4
-0.56539 0.7
-0.56515 0.9
-0.5649 1.2
-0.56466 1.5
-0.56441 1.7
-0.56417 2.0
-0.56393 2.2
-0.56368 2.5
-0.56344 2.7
-0.56319 3.0
-0.56295 3.2
-0.56271 3.5
-0.56246 3.7
-0.56222 3.9
-0.56197 4.1
-0.56173 4.3
-0.56149 4.5
-0.56124 4.7
-0.561 4.8
-0.56075 5.0
-0.56051 5.1
-0.56026 5.3
-0.56002 5.4
-0.55978 5.5
-0.55953 5.6
-0.55929 5.7
-0.55904 5.8
-0.5588 5.9
-0.55856 6.0
-0.55831 6.0
-0.55807 6.0
-0.55782 6.1
-0.55758 6.1
-0.55733 6.1
-0.55709 6.1
-0.55685 6.0
-0.5566 6.0
-0.55636 5.9
-0.55611 5.9
-0.55587 5.8
-0.55563 5.7
-0.55538 5.6
-0.55514 5.5
-0.55489 5.4
-0.55465 5.2
-0.55441 5.1
-0.55416 4.9
-0.55392 4.8
-0.55367 4.6
-0.55343 4.4
-0.55318 4.2
-0.55294 4.0
-0.5527 3.8
-0.55245 3.6
-0.55221 3.3
-0.55196 3.1
-0.55172 2.9
-0.55148 2.6
-0.55123 2.4
-0.55099 2.1
-0.55074 1.9
-0.5505 1.6
-0.55025 1.3
-0.55001 1.0
-0.54977 0.8
-0.54952 0.5
-0.54928 0.2
-0.54903 0.0
-0.54879 -0.3
-0.54855 -0.6
-0.5483 -0.9
-0.54806 -1.2
-0.54781 -1.4
-0.54757 -1.7
-0.54733 -2.0
-0.54708 -2.2
-0.54684 -2.5
-0.54659 -2.7
-0.54635 -3.0
-0.5461 -3.2
-0.54586 -3.5
-0.54562 -3.7
-0.54537 -3.9
-0.54513 -4.1
-0.54488 -4.3
-0.54464 -4.5
-0.5444 -4.7
-0.54415 -4.9
-0.54391 -5.0
-0.54366 -5.2
-0.54342 -5.3
-0.54317 -5.5
-0.54293 -5.6
-0.54269 -5.7
-0.54244 -5.8
-0.5422 -5.9
-0.54195 -5.9
-0.54171 -6.0
-0.54147 -6.1
-0.54122 -6.1
-0.54098 -6.1
-0.54073 -6.1
-0.54049 -6.1
-0.54025 -6.1
-0.54 -6.1
-0.53976 -6.0
-0.53951 -6.0
-0.53927 -5.9
-0.53902 -5.8
-0.53878 -5.7
-0.53854 -5.6
-0.53829 -5.5
-0.53805 -5.4
-0.5378 -5.2
-0.53756 -5.1
-0.53732 -4.9
-0.53707 -4.7
-0.53683 -4.6
-0.53658 -4.4
-0.53634 -4.2
-0.53609 -4.0
-0.53585 -3.7
-0.53561 -3.5
-0.53536 -3.3
-0.53512 -3.0
-0.53487 -2.8
-0.53463 -2.5
-0.53439 -2.3
-0.53414 -2.0
-0.5339 -1.7
-0.53365 -1.5
-0.53341 -1.2
-0.53316 -0.9
-0.53292 -0.6
-0.53268 -0.3
-0.53243 0.0
-0.53219 0.2
-0.53194 0.5
-0.5317 0.8
-0.53146 1.1
-0.53121 1.3
-0.53097 1.6
-0.53072 1.9
-0.53048 2.2
-0.53024 2.4
-0.52999 2.7
-0.52975 2.9
-0.5295 3.2
-0.52926 3.4
-0.52901 3.7
-0.52877 3.9
-0.52853 4.1
-0.52828 4.3
-0.52804 4.5
-0.52779 4.7
-0.52755 4.9
-0.52731 5.0
-0.52706 5.2
-0.52682 5.3
-0.52657 5.5
-0.52633 5.6
-0.52608 5.7
-0.52584 5.8
-0.5256 5.9
-0.52535 6.0
-0.52511 6.0
-0.52486 6.1
-0.52462 6.1
-0.52438 6.1
-0.52413 6.2
-0.52389 6.2
-0.52364 6.1
-0.5234 6.1
-0.52316 6.1
-0.52291 6.0
-0.52267 5.9
-0.52242 5.9
-0.52218 5.8
-0.52193 5.7
-0.52169 5.5
-0.52145 5.4
-0.5212 5.3
-0.52096 5.1
-0.52071 4.9
-0.52047 4.8
-0.52023 4.6
-0.51998 4.4
-0.51974 4.2
-0.51949 4.0
-0.51925 3.7
-0.519 3.5
-0.51876 3.3
-0.51852 3.0
-0.51827 2.8
-0.51803 2.5
-0.51778 2.2
-0.51754 2.0
-0.5173 1.7
-0.51705 1.4
-0.51681 1.1
-0.51656 0.8
-0.51632 0.6
-0.51608 0.3
-0.51583 0.0
-0.51559 -0.3
-0.51534 -0.6
-0.5151 -0.9
-0.51485 -1.2
-0.51461 -1.4
-0.51437 -1.7
-0.51412 -2.0
-0.51388 -2.3
-0.51363 -2.5
-0.51339 -2.8
-0.51315 -3.1
-0.5129 -3.3
-0.51266 -3.5
-0.51241 -3.8
-0.51217 -4.0
-0.51192 -4.2
-0.51168 -4.4
-0.51144 -4.6
-0.51119 -4.8
-0.51095 -5.0
-0.5107 -5.2
-0.51046 -5.3
-0.51022 -5.5
-0.50997 -5.6
-0.50973 -5.7
-0.50948 -5.8
-0.50924 -5.9
-0.509 -6.0
-0.50875 -6.1
-0.50851 -6.1
-0.50826 -6.2
-0.50802 -6.2
-0.50777 -6.2
-0.50753 -6.2
-0.50729 -6.2
-0.50704 -6.2
-0.5068 -6.1
-0.50655 -6.1
-0.50631 -6.0
-0.50607 -5.9
-0.50582 -5.8
-0.50558 -5.7
-0.50533 -5.6
-0.50509 -5.5
-0.50484 -5.3
-0.5046 -5.2
-0.50436 -5.0
-0.50411 -4.8
-0.50387 -4.6
-0.50362 -4.4
-0.50338 -4.2
-0.50314 -4.0
-0.50289 -3.8
-0.50265 -3.6
-0.5024 -3.3
-0.50216 -3.1
-0.50191 -2.8
-0.50167 -2.5
-0.50143 -2.3
-0.50118 -2.0
-0.50094 -1.7
-0.50069 -1.4
-0.50045 -1.1
-0.50021 -0.9
-0.49996 -0.6
-0.49972 -0.3
-0.49947 0.0
-0.49923 0.3
-0.49899 0.6
-0.49874 0.9
-0.4985 1.2
-0.49825 1.5
-0.49801 1.8
-0.49776 2.0
-0.49752 2.3
-0.49728 2.6
-0.49703 2.9
-0.49679 3.1
-0.49654 3.4
-0.4963 3.6
-0.49606 3.8
-0.49581 4.1
-0.49557 4.3
-0.49532 4.5
-0.49508 4.7
-0.49483 4.9
-0.49459 5.1
-0.49435 5.2
-0.4941 5.4
-0.49386 5.5
-0.49361 5.7
-0.49337 5.8
-0.49313 5.9
-0.49288 6.0
-0.49264 6.1
-0.49239 6.1
-0.49215 6.2
-0.49191 6.2
-0.49166 6.2
-0.49142 6.2
-0.49117 6.2
-0.49093 6.2
-0.49068 6.2
-0.49044 6.1
-0.4902 6.1
-0.48995 6.0
-0.48971 5.9
-0.48946 5.8
-0.48922 5.7
-0.48898 5.6
-0.48873 5.4
-0.48849 5.3
-0.48824 5.1
-0.488 4.9
-0.48775 4.8
-0.48751 4.6
-0.48727 4.4
-0.48702 4.1
-0.48678 3.9
-0.48653 3.7
-0.48629 3.4
-0.48605 3.2
-0.4858 2.9
-0.48556 2.6
-0.48531 2.4
-0.48507 2.1
-0.48483 1.8
-0.48458 1.5
-0.48434 1.2
-0.48409 0.9
-0.48385 0.6
-0.4836 0.3
-0.48336 0.0
-0.48312 -0.3
-0.48287 -0.6
-0.48263 -0.8
-0.48238 -1.1
-0.48214 -1.4
-0.4819 -1.7
-0.48165 -2.0
-0.48141 -2.3
-0.48116 -2.6
-0.48092 -2.8
-0.48067 -3.1
-0.48043 -3.4
-0.48019 -3.6
-0.47994 -3.9
-0.4797 -4.1
-0.47945 -4.3
-0.47921 -4.5
-0.47897 -4.7
-0.47872 -4.9
-0.47848 -5.1
-0.47823 -5.3
-0.47799 -5.4
-0.47775 -5.6
-0.4775 -5.7
-0.47726 -5.8
-0.47701 -5.9
-0.47677 -6.0
-0.47652 -6.1
-0.47628 -6.2
-0.47604 -6.2
-0.47579 -6.3
-0.47555 -6.3
-0.4753 -6.3
-0.47506 -6.3
-0.47482 -6.3
-0.47457 -6.2
-0.47433 -6.2
-0.47408 -6.1
-0.47384 -6.0
-0.47359 -5.9
-0.47335 -5.8
-0.47311 -5.7
-0.47286 -5.6
-0.47262 -5.4
-0.47237 -5.3
-0.47213 -5.1
-0.47189 -4.9
-0.47164 -4.7
-0.4714 -4.5
-0.47115 -4.3
-0.47091 -4.1
-0.47066 -3.9
-0.47042 -3.6
-0.47018 -3.4
-0.46993 -3.1
-0.46969 -2.8
-0.46944 -2.6
-0.4692 -2.3
-0.46896 -2.0
-0.46871 -1.7
-0.46847 -1.4
-0.46822 -1.1
-0.46798 -0.8
-0.46774 -0.5
-0.46749 -0.2
-0.46725 0.1
-0.467 0.4
-0.46676 0.7
-0.46651 1.0
-0.46627 1.3
-0.46603 1.6
-0.46578 1.9
-0.46554 2.2
-0.46529 2.5
-0.46505 2.8
-0.46481 3.0
-0.46456 3.3
-0.46432 3.6
-0.46407 3.8
-0.46383 4.0
-0.46358 4.3
-0.46334 4.5
-0.4631 4.7
-0.46285 4.9
-0.46261 5.1
-0.46236 5.3
-0.46212 5.4
-0.46188 5.6
-0.46163 5.7
-0.46139 5.9
-0.46114 6.0
-0.4609 6.1
-0.46066 6.1
-0.46041 6.2
-0.46017 6.3
-0.45992 6.3
-0.45968 6.3
-0.45943 6.3
-0.45919 6.3
-0.45895 6.3
-0.4587 6.3
-0.45846 6.2
-0.45821 6.2
-0.45797 6.1
-0.45773 6.0
-0.45748 5.9
-0.45724 5.8
-0.45699 5.6
-0.45675 5.5
-0.4565 5.3
-0.45626 5.1
-0.45602 5.0
-0.45577 4.8
-0.45553 4.6
-0.45528 4.3
-0.45504 4.1
-0.4548 3.9
-0.45455 3.6
-0.45431 3.3
-0.45406 3.1
-0.45382 2.8
-0.45358 2.5
-0.45333 2.2
-0.45309 1.9
-0.45284 1.6
-0.4526 1.3
-0.45235 1.0
-0.45211 0.7
-0.45187 0.4
-0.45162 0.1
-0.45138 -0.2
-0.45113 -0.5
-0.45089 -0.8
-0.45065 -1.1
-0.4504 -1.4
-0.45016 -1.7
-0.44991 -2.0
-0.44967 -2.3
-0.44942 -2.6
-0.44918 -2.9
-0.44894 -3.2
-0.44869 -3.4
-0.44845 -3.7
-0.4482 -3.9
-0.44796 -4.2
-0.44772 -4.4
-0.44747 -4.6
-0.44723 -4.8
-0.44698 -5.0
-0.44674 -5.2
-0.4465 -5.4
-0.44625 -5.6
-0.44601 -5.7
-0.44576 -5.8
-0.44552 -6.0
-0.44527 -6.1
-0.44503 -6.2
-0.44479 -6.2
-0.44454 -6.3
-0.4443 -6.3
-0.44405 -6.4
-0.44381 -6.4
-0.44357 -6.4
-0.44332 -6.4
-0.44308 -6.3
-0.44283 -6.3
-0.44259 -6.2
-0.44234 -6.2
-0.4421 -6.1
-0.44186 -6.0
-0.44161 -5.8
-0.44137 -5.7
-0.44112 -5.6
-0.44088 -5.4
-0.44064 -5.2
-0.44039 -5.0
-0.44015 -4.8
-0.4399 -4.6
-0.43966 -4.4
-0.43941 -4.2
-0.43917 -3.9
-0.43893 -3.7
-0.43868 -3.4
-0.43844 -3.1
-0.43819 -2.9
-0.43795 -2.6
-0.43771 -2.3
-0.43746 -2.0
-0.43722 -1.7
-0.43697 -1.4
-0.43673 -1.1
-0.43649 -0.7
-0.43624 -0.4
-0.436 -0.1
-0.43575 0.2
-0.43551 0.5
-0.43526 0.8
-0.43502 1.2
-0.43478 1.5
-0.43453 1.8
-0.43429 2.1
-0.43404 2.4
-0.4338 2.7
-0.43356 3.0
-0.43331 3.2
-0.43307 3.5
-0.43282 3.8
-0.43258 4.0
-0.43233 4.3
-0.43209 4.5
-0.43185 4.7
-0.4316 4.9
-0.43136 5.1
-0.43111 5.3
-0.43087 5.5
-0.43063 5.7
-0.43038 5.8
-0.43014 5.9
-0.42989 6.0
-0.42965 6.2
-0.42941 6.2
-0.42916 6.3
-0.42892 6.4
-0.42867 6.4
-0.42843 6.4
-0.42818 6.4
-0.42794 6.4
-0.4277 6.4
-0.42745 6.4
-0.42721 6.3
-0.42696 6.3
-0.42672 6.2
-0.42648 6.1
-0.42623 5.9
-0.42599 5.8
-0.42574 5.7
-0.4255 5.5
-0.42525 5.3
-0.42501 5.2
-0.42477 5.0
-0.42452 4.7
-0.42428 4.5
-0.42403 4.3
-0.42379 4.0
-0.42355 3.8
-0.4233 3.5
-0.42306 3.2
-0.42281 3.0
-0.42257 2.7
-0.42233 2.4
-0.42208 2.1
-0.42184 1.8
-0.42159 1.4
-0.42135 1.1
-0.4211 0.8
-0.42086 0.5
-0.42062 0.2
-0.42037 -0.2
-0.42013 -0.5
-0.41988 -0.8
-0.41964 -1.1
-0.4194 -1.4
-0.41915 -1.8
-0.41891 -2.1
-0.41866 -2.4
-0.41842 -2.7
-0.41817 -3.0
-0.41793 -3.2
-0.41769 -3.5
-0.41744 -3.8
-0.4172 -4.0
-0.41695 -4.3
-0.41671 -4.5
-0.41647 -4.8
-0.41622 -5.0
-0.41598 -5.2
-0.41573 -5.4
-0.41549 -5.5
-0.41525 -5.7
-0.415 -5.9
-0.41476 -6.0
-0.41451 -6.1
-0.41427 -6.2
-0.41402 -6.3
-0.41378 -6.4
-0.41354 -6.4
-0.41329 -6.5
-0.41305 -6.5
-0.4128 -6.5
-0.41256 -6.5
-0.41232 -6.5
-0.41207 -6.4
-0.41183 -6.4
-0.41158 -6.3
-0.41134 -6.2
-0.41109 -6.1
-0.41085 -6.0
-0.41061 -5.8
-0.41036 -5.7
-0.41012 -5.5
-0.40987 -5.3
-0.40963 -5.1
-0.40939 -4.9
-0.40914 -4.7
-0.4089 -4.5
-0.40865 -4.2
-0.40841 -4.0
-0.40816 -3.7
-0.40792 -3.4
-0.40768 -3.1
-0.40743 -2.8
-0.40719 -2.5
-0.40694 -2.2
-0.4067 -1.9
-0.40646 -1.6
-0.40621 -1.3
-0.40597 -1.0
-0.40572 -0.6
-0.40548 -0.3
-0.40524 0.0
-0.40499 0.4
-0.40475 0.7
-0.4045 1.0
-0.40426 1.3
-0.40401 1.7
-0.40377 2.0
-0.40353 2.3
-0.40328 2.6
-0.40304 2.9
-0.40279 3.2
-0.40255 3.5
-0.40231 3.8
-0.40206 4.0
-0.40182 4.3
-0.40157 4.5
-0.40133 4.8
-0.40108 5.0
-0.40084 5.2
-0.4006 5.4
-0.40035 5.6
-0.40011 5.7
-0.39986 5.9
-0.39962 6.0
-0.39938 6.1
-0.39913 6.3
-0.39889 6.3
-0.39864 6.4
-0.3984 6.5
-0.39816 6.5
-0.39791 6.5
-0.39767 6.5
-0.39742 6.5
-0.39718 6.5
-0.39693 6.5
-0.39669 6.4
-0.39645 6.3
-0.3962 6.2
-0.39596 6.1
-0.39571 6.0
-0.39547 5.9
-0.39523 5.7
-0.39498 5.5
-0.39474 5.3
-0.39449 5.1
-0.39425 4.9
-0.394 4.7
-0.39376 4.5
-0.39352 4.2
-0.39327 3.9
-0.39303 3.7
-0.39278 3.4
-0.39254 3.1
-0.3923 2.8
-0.39205 2.5
-0.39181 2.2
-0.39156 1.8
-0.39132 1.5
-0.39108 1.2
-0.39083 0.9
-0.39059 0.5
-0.39034 0.2
-0.3901 -0.2
-0.38985 -0.5
-0.38961 -0.8
-0.38937 -1.2
-0.38912 -1.5
-0.38888 -1.8
-0.38863 -2.1
-0.38839 -2.5
-0.38815 -2.8
-0.3879 -3.1
-0.38766 -3.4
-0.38741 -3.7
-0.38717 -3.9
-0.38692 -4.2
-0.38668 -4.5
-0.38644 -4.7
-0.38619 -4.9
-0.38595 -5.2
-0.3857 -5.4
-0.38546 -5.5
-0.38522 -5.7
-0.38497 -5.9
-0.38473 -6.0
-0.38448 -6.2
-0.38424 -6.3
-0.384 -6.4
-0.38375 -6.5
-0.38351 -6.5
-0.38326 -6.6
-0.38302 -6.6
-0.38277 -6.6
-0.38253 -6.6
-0.38229 -6.6
-0.38204 -6.5
-0.3818 -6.5
-0.38155 -6.4
-0.38131 -6.3
-0.38107 -6.2
-0.38082 -6.1
-0.38058 -5.9
-0.38033 -5.8
-0.38009 -5.6
-0.37984 -5.4
-0.3796 -5.2
-0.37936 -5.0
-0.37911 -4.7
-0.37887 -4.5
-0.37862 -4.2
-0.37838 -4.0
-0.37814 -3.7
-0.37789 -3.4
-0.37765 -3.1
-0.3774 -2.8
-0.37716 -2.5
-0.37691 -2.2
-0.37667 -1.8
-0.37643 -1.5
-0.37618 -1.2
-0.37594 -0.8
-0.37569 -0.5
-0.37545 -0.1
-0.37521 0.2
-0.37496 0.6
-0.37472 0.9
-0.37447 1.2
-0.37423 1.6
-0.37399 1.9
-0.37374 2.2
-0.3735 2.6
-0.37325 2.9
-0.37301 3.2
-0.37276 3.5
-0.37252 3.8
-0.37228 4.1
-0.37203 4.3
-0.37179 4.6
-0.37154 4.8
-0.3713 5.1
-0.37106 5.3
-0.37081 5.5
-0.37057 5.7
-0.37032 5.9
-0.37008 6.0
-0.36983 6.2
-0.36959 6.3
-0.36935 6.4
-0.3691 6.5
-0.36886 6.6
-0.36861 6.6
-0.36837 6.6
-0.36813 6.7
-0.36788 6.7
-0.36764 6.6
-0.36739 6.6
-0.36715 6.6
-0.36691 6.5
-0.36666 6.4
-0.36642 6.3
-0.36617 6.2
-0.36593 6.0
-0.36568 5.9
-0.36544 5.7
-0.3652 5.5
-0.36495 5.3
-0.36471 5.1
-0.36446 4.8
-0.36422 4.6
-0.36398 4.3
-0.36373 4.1
-0.36349 3.8
-0.36324 3.5
-0.363 3.2
-0.36275 2.9
-0.36251 2.5
-0.36227 2.2
-0.36202 1.9
-0.36178 1.5
-0.36153 1.2
-0.36129 0.8
-0.36105 0.5
-0.3608 0.1
-0.36056 -0.2
-0.36031 -0.6
-0.36007 -0.9
-0.35983 -1.3
-0.35958 -1.6
-0.35934 -2.0
-0.35909 -2.3
-0.35885 -2.6
-0.3586 -2.9
-0.35836 -3.3
-0.35812 -3.6
-0.35787 -3.9
-0.35763 -4.1
-0.35738 -4.4
-0.35714 -4.7
-0.3569 -4.9
-0.35665 -5.2
-0.35641 -5.4
-0.35616 -5.6
-0.35592 -5.8
-0.35567 -6.0
-0.35543 -6.1
-0.35519 -6.2
-0.35494 -6.4
-0.3547 -6.5
-0.35445 -6.6
-0.35421 -6.6
-0.35397 -6.7
-0.35372 -6.7
-0.35348 -6.7
-0.35323 -6.7
-0.35299 -6.7
-0.35275 -6.6
-0.3525 -6.6
-0.35226 -6.5
-0.35201 -6.4
-0.35177 -6.3
-0.35152 -6.1
-0.35128 -6.0
-0.35104 -5.8
-0.35079 -5.6
-0.35055 -5.4
-0.3503 -5.2
-0.35006 -5.0
-0.34982 -4.7
-0.34957 -4.5
-0.34933 -4.2
-0.34908 -3.9
-0.34884 -3.6
-0.34859 -3.3
-0.34835 -3.0
-0.34811 -2.7
-0.34786 -2.3
-0.34762 -2.0
-0.34737 -1.6
-0.34713 -1.3
-0.34689 -0.9
-0.34664 -0.6
-0.3464 -0.2
-0.34615 0.2
-0.34591 0.5
-0.34566 0.9
-0.34542 1.2
-0.34518 1.6
-0.34493 1.9
-0.34469 2.3
-0.34444 2.6
-0.3442 2.9
-0.34396 3.3
-0.34371 3.6
-0.34347 3.9
-0.34322 4.2
-0.34298 4.5
-0.34274 4.7
-0.34249 5.0
-0.34225 5.2
-0.342 5.4
-0.34176 5.7
-0.34151 5.8
-0.34127 6.0
-0.34103 6.2
-0.34078 6.3
-0.34054 6.4
-0.34029 6.6
-0.34005 6.6
-0.33981 6.7
-0.33956 6.8
-0.33932 6.8
-0.33907 6.8
-0.33883 6.8
-0.33858 6.7
-0.33834 6.7
-0.3381 6.6
-0.33785 6.5
-0.33761 6.4
-0.33736 6.3
-0.33712 6.2
-0.33688 6.0
-0.33663 5.8
-0.33639 5.6
-0.33614 5.4
-0.3359 5.2
-0.33566 4.9
-0.33541 4.7
-0.33517 4.4
-0.33492 4.1
-0.33468 3.8
-0.33443 3.5
-0.33419 3.2
-0.33395 2.8
-0.3337 2.5
-0.33346 2.2
-0.33321 1.8
-0.33297 1.4
-0.33273 1.1
-0.33248 0.7
-0.33224 0.3
-0.33199 0.0
-0.33175 -0.4
-0.3315 -0.8
-0.33126 -1.1
-0.33102 -1.5
-0.33077 -1.8
-0.33053 -2.2
-0.33028 -2.6
-0.33004 -2.9
-0.3298 -3.2
-0.32955 -3.5
-0.32931 -3.9
-0.32906 -4.2
-0.32882 -4.4
-0.32858 -4.7
-0.32833 -5.0
-0.32809 -5.2
-0.32784 -5.5
-0.3276 -5.7
-0.32735 -5.9
-0.32711 -6.1
-0.32687 -6.2
-0.32662 -6.4
-0.32638 -6.5
-0.32613 -6.6
-0.32589 -6.7
-0.32565 -6.8
-0.3254 -6.8
-0.32516 -6.8
-0.32491 -6.9
-0.32467 -6.8
-0.32442 -6.8
-0.32418 -6.8
-0.32394 -6.7
-0.32369 -6.6
-0.32345 -6.5
-0.3232 -6.3
-0.32296 -6.2
-0.32272 -6.0
-0.32247 -5.8
-0.32223 -5.6
-0.32198 -5.4
-0.32174 -5.2
-0.3215 -4.9
-0.32125 -4.6
-0.32101 -4.3
-0.32076 -4.0
-0.32052 -3.7
-0.32027 -3.4
-0.32003 -3.1
-0.31979 -2.7
-0.31954 -2.4
-0.3193 -2.0
-0.31905 -1.7
-0.31881 -1.3
-0.31857 -0.9
-0.31832 -0.6
-0.31808 -0.2
-0.31783 0.2
-0.31759 0.6
-0.31734 1.0
-0.3171 1.3
-0.31686 1.7
-0.31661 2.1
-0.31637 2.4
-0.31612 2.8
-0.31588 3.1
-0.31564 3.5
-0.31539 3.8
-0.31515 4.1
-0.3149 4.4
-0.31466 4.7
-0.31441 5.0
-0.31417 5.2
-0.31393 5.5
-0.31368 5.7
-0.31344 5.9
-0.31319 6.1
-0.31295 6.3
-0.31271 6.4
-0.31246 6.5
-0.31222 6.7
-0.31197 6.8
-0.31173 6.8
-0.31149 6.9
-0.31124 6.9
-0.311 6.9
-0.31075 6.9
-0.31051 6.9
-0.31026 6.8
-0.31002 6.7
-0.30978 6.7
-0.30953 6.5
-0.30929 6.4
-0.30904 6.2
-0.3088 6.1
-0.30856 5.9
-0.30831 5.7
-0.30807 5.4
-0.30782 5.2
-0.30758 4.9
-0.30733 4.6
-0.30709 4.3
-0.30685 4.0
-0.3066 3.7
-0.30636 3.4
-0.30611 3.1
-0.30587 2.7
-0.30563 2.3
-0.30538 2.0
-0.30514 1.6
-0.30489 1.2
-0.30465 0.8
-0.30441 0.4
-0.30416 0.0
-0.30392 -0.3
-0.30367 -0.7
-0.30343 -1.1
-0.30318 -1.5
-0.30294 -1.9
-0.3027 -2.2
-0.30245 -2.6
-0.30221 -3.0
-0.30196 -3.3
-0.30172 -3.6
-0.30148 -4.0
-0.30123 -4.3
-0.30099 -4.6
-0.30074 -4.9
-0.3005 -5.1
-0.30025 -5.4
-0.30001 -5.6
-0.29977 -5.9
-0.29952 -6.1
-0.29928 -6.3
-0.29903 -6.4
-0.29879 -6.6
-0.29855 -6.7
-0.2983 -6.8
-0.29806 -6.9
-0.29781 -6.9
-0.29757 -7.0
-0.29733 -7.0
-0.29708 -7.0
-0.29684 -7.0
-0.29659 -6.9
-0.29635 -6.8
-0.2961 -6.7
-0.29586 -6.6
-0.29562 -6.5
-0.29537 -6.3
-0.29513 -6.2
-0.29488 -6.0
-0.29464 -5.7
-0.2944 -5.5
-0.29415 -5.3
-0.29391 -5.0
-0.29366 -4.7
-0.29342 -4.4
-0.29317 -4.1
-0.29293 -3.8
-0.29269 -3.4
-0.29244 -3.1
-0.2922 -2.7
-0.29195 -2.3
-0.29171 -2.0
-0.29147 -1.6
-0.29122 -1.2
-0.29098 -0.8
-0.29073 -0.4
-0.29049 0.0
-0.29025 0.4
-0.29 0.8
-0.28976 1.2
-0.28951 1.6
-0.28927 2.0
-0.28902 2.4
-0.28878 2.7
-0.28854 3.1
-0.28829 3.5
-0.28805 3.8
-0.2878 4.1
-0.28756 4.4
-0.28732 4.7
-0.28707 5.0
-0.28683 5.3
-0.28658 5.6
-0.28634 5.8
-0.28609 6.0
-0.28585 6.2
-0.28561 6.4
-0.28536 6.6
-0.28512 6.7
-0.28487 6.8
-0.28463 6.9
-0.28439 7.0
-0.28414 7.0
-0.2839 7.1
-0.28365 7.1
-0.28341 7.0
-0.28316 7.0
-0.28292 6.9
-0.28268 6.8
-0.28243 6.7
-0.28219 6.6
-0.28194 6.4
-0.2817 6.3
-0.28146 6.1
-0.28121 5.8
-0.28097 5.6
-0.28072 5.4
-0.28048 5.1
-0.28024 4.8
-0.27999 4.5
-0.27975 4.2
-0.2795 3.8
-0.27926 3.5
-0.27901 3.1
-0.27877 2.8
-0.27853 2.4
-0.27828 2.0
-0.27804 1.6
-0.27779 1.2
-0.27755 0.8
-0.27731 0.4
-0.27706 0.0
-0.27682 -0.4
-0.27657 -0.8
-0.27633 -1.3
-0.27608 -1.7
-0.27584 -2.1
-0.2756 -2.4
-0.27535 -2.8
-0.27511 -3.2
-0.27486 -3.6
-0.27462 -3.9
-0.27438 -4.2
-0.27413 -4.6
-0.27389 -4.9
-0.27364 -5.2
-0.2734 -5.4
-0.27316 -5.7
-0.27291 -5.9
-0.27267 -6.2
-0.27242 -6.4
-0.27218 -6.5
-0.27193 -6.7
-0.27169 -6.8
-0.27145 -6.9
-0.2712 -7.0
-0.27096 -7.1
-0.27071 -7.1
-0.27047 -7.1
-0.27023 -7.1
-0.26998 -7.1
-0.26974 -7.0
-0.26949 -7.0
-0.26925 -6.9
-0.269 -6.7
-0.26876 -6.6
-0.26852 -6.4
-0.26827 -6.2
-0.26803 -6.0
-0.26778 -5.8
-0.26754 -5.5
-0.2673 -5.2
-0.26705 -4.9
-0.26681 -4.6
-0.26656 -4.3
-0.26632 -3.9
-0.26608 -3.6
-0.26583 -3.2
-0.26559 -2.8
-0.26534 -2.5
-0.2651 -2.1
-0.26485 -1.7
-0.26461 -1.2
-0.26437 -0.8
-0.26412 -0.4
-0.26388 0.0
-0.26363 0.4
-0.26339 0.8
-0.26315 1.3
-0.2629 1.7
-0.26266 2.1
-0.26241 2.5
-0.26217 2.9
-0.26192 3.3
-0.26168 3.6
-0.26144 4.0
-0.26119 4.3
-0.26095 4.7
-0.2607 5.0
-0.26046 5.3
-0.26022 5.6
-0.25997 5.8
-0.25973 6.1
-0.25948 6.3
-0.25924 6.5
-0.259 6.7
-0.25875 6.8
-0.25851 6.9
-0.25826 7.0
-0.25802 7.1
-0.25777 7.2
-0.25753 7.2
-0.25729 7.2
-0.25704 7.2
-0.2568 7.2
-0.25655 7.1
-0.25631 7.0
-0.25607 6.9
-0.25582 6.7
-0.25558 6.6
-0.25533 6.4
-0.25509 6.2
-0.25484 5.9
-0.2546 5.7
-0.25436 5.4
-0.25411 5.1
-0.25387 4.8
-0.25362 4.5
-0.25338 4.1
-0.25314 3.8
-0.25289 3.4
-0.25265 3.0
-0.2524 2.6
-0.25216 2.2
-0.25191 1.8
-0.25167 1.4
-0.25143 0.9
-0.25118 0.5
-0.25094 0.0
-0.25069 -0.4
-0.25045 -0.8
-0.25021 -1.2
-0.24996 -1.6
-0.24972 -2.1
-0.24947 -2.5
-0.24923 -2.9
-0.24899 -3.3
-0.24874 -3.7
-0.2485 -4.0
-0.24825 -4.4
-0.24801 -4.7
-0.24776 -5.0
-0.24752 -5.4
-0.24728 -5.6
-0.24703 -5.9
-0.24679 -6.2
-0.24654 -6.4
-0.2463 -6.6
-0.24606 -6.8
-0.24581 -6.9
-0.24557 -7.0
-0.24532 -7.1
-0.24508 -7.2
-0.24483 -7.3
-0.24459 -7.3
-0.24435 -7.3
-0.2441 -7.3
-0.24386 -7.2
-0.24361 -7.1
-0.24337 -7.0
-0.24313 -6.9
-0.24288 -6.7
-0.24264 -6.6
-0.24239 -6.4
-0.24215 -6.1
-0.24191 -5.9
-0.24166 -5.6
-0.24142 -5.3
-0.24117 -5.0
-0.24093 -4.7
-0.24068 -4.3
-0.24044 -4.0
-0.2402 -3.6
-0.23995 -3.2
-0.23971 -2.8
-0.23946 -2.4
-0.23922 -1.9
-0.23898 -1.5
-0.23873 -1.1
-0.23849 -0.6
-0.23824 -0.2
-0.238 0.3
-0.23775 0.7
-0.23751 1.1
-0.23727 1.6
-0.23702 2.0
-0.23678 2.4
-0.23653 2.9
-0.23629 3.3
-0.23605 3.7
-0.2358 4.0
-0.23556 4.4
-0.23531 4.8
-0.23507 5.1
-0.23483 5.4
-0.23458 5.7
-0.23434 6.0
-0.23409 6.2
-0.23385 6.5
-0.2336 6.7
-0.23336 6.8
-0.23312 7.0
-0.23287 7.1
-0.23263 7.2
-0.23238 7.3
-0.23214 7.4
-0.2319 7.4
-0.23165 7.4
-0.23141 7.3
-0.23116 7.3
-0.23092 7.2
-0.23067 7.1
-0.23043 6.9
-0.23019 6.8
-0.22994 6.6
-0.2297 6.3
-0.22945 6.1
-0.22921 5.8
-0.22897 5.6
-0.22872 5.2
-0.22848 4.9
-0.22823 4.6
-0.22799 4.2
-0.22775 3.8
-0.2275 3.4
-0.22726 3.0
-0.22701 2.6
-0.22677 2.1
-0.22652 1.7
-0.22628 1.3
-0.22604 0.8
-0.22579 0.3
-0.22555 -0.1
-0.2253 -0.6
-0.22506 -1.0
-0.22482 -1.5
-0.22457 -1.9
-0.22433 -2.4
-0.22408 -2.8
-0.22384 -3.2
-0.22359 -3.6
-0.22335 -4.0
-0.22311 -4.4
-0.22286 -4.8
-0.22262 -5.1
-0.22237 -5.4
-0.22213 -5.8
-0.22189 -6.0
-0.22164 -6.3
-0.2214 -6.5
-0.22115 -6.7
-0.22091 -6.9
-0.22066 -7.1
-0.22042 -7.2
-0.22018 -7.3
-0.21993 -7.4
-0.21969 -7.5
-0.21944 -7.5
-0.2192 -7.5
-0.21896 -7.4
-0.21871 -7.4
-0.21847 -7.3
-0.21822 -7.1
-0.21798 -7.0
-0.21774 -6.8
-0.21749 -6.6
-0.21725 -6.4
-0.217 -6.1
-0.21676 -5.8
-0.21651 -5.5
-0.21627 -5.2
-0.21603 -4.8
-0.21578 -4.5
-0.21554 -4.1
-0.21529 -3.7
-0.21505 -3.3
-0.21481 -2.8
-0.21456 -2.4
-0.21432 -1.9
-0.21407 -1.5
-0.21383 -1.0
-0.21358 -0.5
-0.21334 0.0
-0.2131 0.4
-0.21285 0.9
-0.21261 1.3
-0.21236 1.8
-0.21212 2.3
-0.21188 2.7
-0.21163 3.2
-0.21139 3.6
-0.21114 4.0
-0.2109 4.4
-0.21066 4.8
-0.21041 5.1
-0.21017 5.5
-0.20992 5.8
-0.20968 6.1
-0.20943 6.4
-0.20919 6.6
-0.20895 6.8
-0.2087 7.0
-0.20846 7.2
-0.20821 7.3
-0.20797 7.4
-0.20773 7.5
-0.20748 7.6
-0.20724 7.6
-0.20699 7.6
-0.20675 7.5
-0.2065 7.4
-0.20626 7.3
-0.20602 7.2
-0.20577 7.0
-0.20553 6.8
-0.20528 6.6
-0.20504 6.4
-0.2048 6.1
-0.20455 5.8
-0.20431 5.5
-0.20406 5.1
-0.20382 4.8
-0.20358 4.4
-0.20333 4.0
-0.20309 3.6
-0.20284 3.1
-0.2026 2.7
-0.20235 2.2
-0.20211 1.7
-0.20187 1.3
-0.20162 0.8
-0.20138 0.3
-0.20113 -0.2
-0.20089 -0.7
-0.20065 -1.2
-0.2004 -1.7
-0.20016 -2.1
-0.19991 -2.6
-0.19967 -3.1
-0.19942 -3.5
-0.19918 -3.9
-0.19894 -4.3
-0.19869 -4.7
-0.19845 -5.1
-0.1982 -5.5
-0.19796 -5.8
-0.19772 -6.1
-0.19747 -6.4
-0.19723 -6.7
-0.19698 -6.9
-0.19674 -7.1
-0.1965 -7.3
-0.19625 -7.4
-0.19601 -7.5
-0.19576 -7.6
-0.19552 -7.7
-0.19527 -7.7
-0.19503 -7.7
-0.19479 -7.6
-0.19454 -7.5
-0.1943 -7.4
-0.19405 -7.3
-0.19381 -7.1
-0.19357 -6.9
-0.19332 -6.7
-0.19308 -6.4
-0.19283 -6.1
-0.19259 -5.8
-0.19234 -5.5
-0.1921 -5.1
-0.19186 -4.7
-0.19161 -4.3
-0.19137 -3.9
-0.19112 -3.4
-0.19088 -3.0
-0.19064 -2.5
-0.19039 -2.0
-0.19015 -1.5
-0.1899 -1.0
-0.18966 -0.5
-0.18941 0.0
-0.18917 0.5
-0.18893 1.0
-0.18868 1.5
-0.18844 2.0
-0.18819 2.5
-0.18795 2.9
-0.18771 3.4
-0.18746 3.9
-0.18722 4.3
-0.18697 4.7
-0.18673 5.1
-0.18649 5.5
-0.18624 5.8
-0.186 6.1
-0.18575 6.4
-0.18551 6.7
-0.18526 7.0
-0.18502 7.2
-0.18478 7.4
-0.18453 7.5
-0.18429 7.6
-0.18404 7.7
-0.1838 7.8
-0.18356 7.8
-0.18331 7.8
-0.18307 7.7
-0.18282 7.6
-0.18258 7.5
-0.18233 7.3
-0.18209 7.2
-0.18185 6.9
-0.1816 6.7
-0.18136 6.4
-0.18111 6.1
-0.18087 5.8
-0.18063 5.4
-0.18038 5.0
-0.18014 4.6
-0.17989 4.2
-0.17965 3.8
-0.17941 3.3
-0.17916 2.8
-0.17892 2.3
-0.17867 1.8
-0.17843 1.3
-0.17818 0.8
-0.17794 0.3
-0.1777 -0.2
-0.17745 -0.8
-0.17721 -1.3
-0.17696 -1.8
-0.17672 -2.3
-0.17648 -2.8
-0.17623 -3.3
-0.17599 -3.8
-0.17574 -4.2
-0.1755 -4.7
-0.17525 -5.1
-0.17501 -5.5
-0.17477 -5.8
-0.17452 -6.2
-0.17428 -6.5
-0.17403 -6.8
-0.17379 -7.0
-0.17355 -7.3
-0.1733 -7.4
-0.17306 -7.6
-0.17281 -7.7
-0.17257 -7.8
-0.17233 -7.9
-0.17208 -7.9
-0.17184 -7.9
-0.17159 -7.8
-0.17135 -7.7
-0.1711 -7.6
-0.17086 -7.4
-0.17062 -7.2
-0.17037 -7.0
-0.17013 -6.7
-0.16988 -6.4
-0.16964 -6.1
-0.1694 -5.8
-0.16915 -5.4
-0.16891 -5.0
-0.16866 -4.6
-0.16842 -4.1
-0.16817 -3.6
-0.16793 -3.2
-0.16769 -2.6
-0.16744 -2.1
-0.1672 -1.6
-0.16695 -1.1
-0.16671 -0.5
-0.16647 0.0
-0.16622 0.6
-0.16598 1.1
-0.16573 1.6
-0.16549 2.2
-0.16525 2.7
-0.165 3.2
-0.16476 3.7
-0.16451 4.2
-0.16427 4.6
-0.16402 5.1
-0.16378 5.5
-0.16354 5.9
-0.16329 6.2
-0.16305 6.5
-0.1628 6.8
-0.16256 7.1
-0.16232 7.3
-0.16207 7.6
-0.16183 7.7
-0.16158 7.8
-0.16134 7.9
-0.16109 8.0
-0.16085 8.0
-0.16061 8.0
-0.16036 7.9
-0.16012 7.8
-0.15987 7.7
-0.15963 7.5
-0.15939 7.3
-0.15914 7.1
-0.1589 6.8
-0.15865 6.5
-0.15841 6.1
-0.15816 5.7
-0.15792 5.3
-0.15768 4.9
-0.15743 4.5
-0.15719 4.0
-0.15694 3.5
-0.1567 3.0
-0.15646 2.4
-0.15621 1.9
-0.15597 1.4
-0.15572 0.8
-0.15548 0.2
-0.15524 -0.3
-0.15499 -0.9
-0.15475 -1.5
-0.1545 -2.0
-0.15426 -2.6
-0.15401 -3.1
-0.15377 -3.6
-0.15353 -4.1
-0.15328 -4.6
-0.15304 -5.0
-0.15279 -5.5
-0.15255 -5.9
-0.15231 -6.3
-0.15206 -6.6
-0.15182 -6.9
-0.15157 -7.2
-0.15133 -7.5
-0.15108 -7.7
-0.15084 -7.8
-0.1506 -8.0
-0.15035 -8.1
-0.15011 -8.1
-0.14986 -8.1
-0.14962 -8.1
-0.14938 -8.0
-0.14913 -7.9
-0.14889 -7.8
-0.14864 -7.6
-0.1484 -7.4
-0.14816 -7.1
-0.14791 -6.8
-0.14767 -6.5
-0.14742 -6.1
-0.14718 -5.7
-0.14693 -5.3
-0.14669 -4.8
-0.14645 -4.3
-0.1462 -3.8
-0.14596 -3.3
-0.14571 -2.7
-0.14547 -2.2
-0.14523 -1.6
-0.14498 -1.0
-0.14474 -0.5
-0.14449 0.1
-0.14425 0.7
-0.144 1.3
-0.14376 1.9
-0.14352 2.4
-0.14327 3.0
-0.14303 3.5
-0.14278 4.1
-0.14254 4.6
-0.1423 5.1
-0.14205 5.5
-0.14181 5.9
-0.14156 6.3
-0.14132 6.7
-0.14108 7.0
-0.14083 7.3
-0.14059 7.6
-0.14034 7.8
-0.1401 8.0
-0.13985 8.1
-0.13961 8.2
-0.13937 8.3
-0.13912 8.3
-0.13888 8.2
-0.13863 8.1
-0.13839 8.0
-0.13815 7.8
-0.1379 7.6
-0.13766 7.4
-0.13741 7.1
-0.13717 6.8
-0.13692 6.4
-0.13668 6.0
-0.13644 5.6
-0.13619 5.1
-0.13595 4.6
-0.1357 4.1
-0.13546 3.6
-0.13522 3.0
-0.13497 2.4
-0.13473 1.9
-0.13448 1.3
-0.13424 0.7
-0.134 0.0
-0.13375 -0.6
-0.13351 -1.2
-0.13326 -1.8
-0.13302 -2.4
-0.13277 -3.0
-0.13253 -3.5
-0.13229 -4.1
-0.13204 -4.6
-0.1318 -5.1
-0.13155 -5.6
-0.13131 -6.0
-0.13107 -6.5
-0.13082 -6.8
-0.13058 -7.2
-0.13033 -7.5
-0.13009 -7.7
-0.12984 -8.0
-0.1296 -8.1
-0.12936 -8.3
-0.12911 -8.4
-0.12887 -8.4
-0.12862 -8.4
-0.12838 -8.3
-0.12814 -8.2
-0.12789 -8.1
-0.12765 -7.9
-0.1274 -7.7
-0.12716 -7.4
-0.12691 -7.1
-0.12667 -6.7
-0.12643 -6.3
-0.12618 -5.9
-0.12594 -5.4
-0.12569 -4.9
-0.12545 -4.4
-0.12521 -3.8
-0.12496 -3.3
-0.12472 -2.7
-0.12447 -2.1
-0.12423 -1.4
-0.12399 -0.8
-0.12374 -0.2
-0.1235 0.5
-0.12325 1.1
-0.12301 1.8
-0.12276 2.4
-0.12252 3.0
-0.12228 3.6
-0.12203 4.2
-0.12179 4.7
-0.12154 5.2
-0.1213 5.7
-0.12106 6.2
-0.12081 6.6
-0.12057 7.0
-0.12032 7.4
-0.12008 7.7
-0.11983 7.9
-0.11959 8.2
-0.11935 8.3
-0.1191 8.5
-0.11886 8.5
-0.11861 8.6
-0.11837 8.5
-0.11813 8.5
-0.11788 8.3
-0.11764 8.2
-0.11739 7.9
-0.11715 7.7
-0.11691 7.3
-0.11666 7.0
-0.11642 6.6
-0.11617 6.1
-0.11593 5.7
-0.11568 5.2
-0.11544 4.6
-0.1152 4.0
-0.11495 3.4
-0.11471 2.8
-0.11446 2.2
-0.11422 1.5
-0.11398 0.9
-0.11373 0.2
-0.11349 -0.5
-0.11324 -1.1
-0.113 -1.8
-0.11275 -2.5
-0.11251 -3.1
-0.11227 -3.7
-0.11202 -4.3
-0.11178 -4.9
-0.11153 -5.4
-0.11129 -6.0
-0.11105 -6.4
-0.1108 -6.9
-0.11056 -7.3
-0.11031 -7.6
-0.11007 -7.9
-0.10983 -8.2
-0.10958 -8.4
-0.10934 -8.6
-0.10909 -8.7
-0.10885 -8.7
-0.1086 -8.7
-0.10836 -8.7
-0.10812 -8.6
-0.10787 -8.4
-0.10763 -8.2
-0.10738 -7.9
-0.10714 -7.6
-0.1069 -7.2
-0.10665 -6.8
-0.10641 -6.3
-0.10616 -5.8
-0.10592 -5.3
-0.10567 -4.7
-0.10543 -4.1
-0.10519 -3.5
-0.10494 -2.9
-0.1047 -2.2
-0.10445 -1.5
-0.10421 -0.8
-0.10397 -0.1
-0.10372 0.6
-0.10348 1.3
-0.10323 2.0
-0.10299 2.7
-0.10275 3.3
-0.1025 4.0
-0.10226 4.6
-0.10201 5.2
-0.10177 5.8
-0.10152 6.3
-0.10128 6.8
-0.10104 7.2
-0.10079 7.6
-0.10055 8.0
-0.1003 8.3
-0.10006 8.5
-0.09982 8.7
-0.09957 8.8
-0.09933 8.9
-0.09908 8.9
-0.09884 8.9
-0.09859 8.8
-0.09835 8.6
-0.09811 8.4
-0.09786 8.1
-0.09762 7.8
-0.09737 7.4
-0.09713 6.9
-0.09689 6.5
-0.09664 5.9
-0.0964 5.4
-0.09615 4.8
-0.09591 4.1
-0.09566 3.5
-0.09542 2.8
-0.09518 2.1
-0.09493 1.3
-0.09469 0.6
-0.09444 -0.1
-0.0942 -0.9
-0.09396 -1.6
-0.09371 -2.3
-0.09347 -3.1
-0.09322 -3.8
-0.09298 -4.4
-0.09274 -5.1
-0.09249 -5.7
-0.09225 -6.2
-0.092 -6.8
-0.09176 -7.2
-0.09151 -7.7
-0.09127 -8.1
-0.09103 -8.4
-0.09078 -8.7
-0.09054 -8.9
-0.09029 -9.0
-0.09005 -9.1
-0.08981 -9.1
-0.08956 -9.1
-0.08932 -8.9
-0.08907 -8.8
-0.08883 -8.5
-0.08858 -8.2
-0.08834 -7.9
-0.0881 -7.5
-0.08785 -7.0
-0.08761 -6.5
-0.08736 -5.9
-0.08712 -5.3
-0.08688 -4.6
-0.08663 -4.0
-0.08639 -3.2
-0.08614 -2.5
-0.0859 -1.7
-0.08566 -1.0
-0.08541 -0.2
-0.08517 0.6
-0.08492 1.4
-0.08468 2.2
-0.08443 2.9
-0.08419 3.7
-0.08395 4.4
-0.0837 5.1
-0.08346 5.7
-0.08321 6.3
-0.08297 6.9
-0.08273 7.4
-0.08248 7.9
-0.08224 8.3
-0.08199 8.6
-0.08175 8.9
-0.0815 9.1
-0.08126 9.2
-0.08102 9.3
-0.08077 9.3
-0.08053 9.2
-0.08028 9.1
-0.08004 8.9
-0.0798 8.6
-0.07955 8.3
-0.07931 7.9
-0.07906 7.4
-0.07882 6.9
-0.07858 6.3
-0.07833 5.7
-0.07809 5.0
-0.07784 4.3
-0.0776 3.5
-0.07735 2.8
-0.07711 2.0
-0.07687 1.1
-0.07662 0.3
-0.07638 -0.5
-0.07613 -1.4
-0.07589 -2.2
-0.07565 -3.0
-0.0754 -3.8
-0.07516 -4.5
-0.07491 -5.3
-0.07467 -6.0
-0.07442 -6.6
-0.07418 -7.2
-0.07394 -7.7
-0.07369 -8.2
-0.07345 -8.6
-0.0732 -8.9
-0.07296 -9.2
-0.07272 -9.4
-0.07247 -9.5
-0.07223 -9.6
-0.07198 -9.5
-0.07174 -9.4
-0.0715 -9.2
-0.07125 -8.9
-0.07101 -8.6
-0.07076 -8.2
-0.07052 -7.7
-0.07027 -7.2
-0.07003 -6.5
-0.06979 -5.9
-0.06954 -5.2
-0.0693 -4.4
-0.06905 -3.6
-0.06881 -2.8
-0.06857 -1.9
-0.06832 -1.0
-0.06808 -0.1
-0.06783 0.7
-0.06759 1.6
-0.06734 2.5
-0.0671 3.4
-0.06686 4.2
-0.06661 5.0
-0.06637 5.8
-0.06612 6.5
-0.06588 7.1
-0.06564 7.7
-0.06539 8.2
-0.06515 8.7
-0.0649 9.1
-0.06466 9.4
-0.06441 9.6
-0.06417 9.8
-0.06393 9.8
-0.06368 9.8
-0.06344 9.7
-0.06319 9.5
-0.06295 9.2
-0.06271 8.8
-0.06246 8.3
-0.06222 7.8
-0.06197 7.2
-0.06173 6.5
-0.06149 5.8
-0.06124 5.0
-0.061 4.2
-0.06075 3.3
-0.06051 2.4
-0.06026 1.5
-0.06002 0.5
-0.05978 -0.4
-0.05953 -1.4
-0.05929 -2.3
-0.05904 -3.3
-0.0588 -4.2
-0.05856 -5.0
-0.05831 -5.8
-0.05807 -6.6
-0.05782 -7.3
-0.05758 -8.0
-0.05733 -8.5
-0.05709 -9.0
-0.05685 -9.4
-0.0566 -9.7
-0.05636 -10.0
-0.05611 -10.1
-0.05587 -10.1
-0.05563 -10.1
-0.05538 -9.9
-0.05514 -9.6
-0.05489 -9.3
-0.05465 -8.8
-0.05441 -8.3
-0.05416 -7.7
-0.05392 -7.0
-0.05367 -6.2
-0.05343 -5.3
-0.05318 -4.5
-0.05294 -3.5
-0.0527 -2.5
-0.05245 -1.5
-0.05221 -0.5
-0.05196 0.5
-0.05172 1.6
-0.05148 2.6
-0.05123 3.6
-0.05099 4.6
-0.05074 5.5
-0.0505 6.3
-0.05025 7.2
-0.05001 7.9
-0.04977 8.5
-0.04952 9.1
-0.04928 9.6
-0.04903 10.0
-0.04879 10.2
-0.04855 10.4
-0.0483 10.5
-0.04806 10.4
-0.04781 10.2
-0.04757 10.0
-0.04733 9.6
-0.04708 9.1
-0.04684 8.5
-0.04659 7.8
-0.04635 7.0
-0.0461 6.1
-0.04586 5.2
-0.04562 4.2
-0.04537 3.2
-0.04513 2.1
-0.04488 1.0
-0.04464 -0.1
-0.0444 -1.3
-0.04415 -2.4
-0.04391 -3.5
-0.04366 -4.6
-0.04342 -5.6
-0.04317 -6.5
-0.04293 -7.4
-0.04269 -8.2
-0.04244 -8.9
-0.0422 -9.5
-0.04195 -10.0
-0.04171 -10.4
-0.04147 -10.7
-0.04122 -10.8
-0.04098 -10.8
-0.04073 -10.7
-0.04049 -10.5
-0.04025 -10.1
-0.04 -9.6
-0.03976 -9.0
-0.03951 -8.3
-0.03927 -7.4
-0.03902 -6.5
-0.03878 -5.5
-0.03854 -4.4
-0.03829 -3.2
-0.03805 -2.0
-0.0378 -0.8
-0.03756 0.4
-0.03732 1.7
-0.03707 2.9
-0.03683 4.1
-0.03658 5.3
-0.03634 6.4
-0.03609 7.4
-0.03585 8.3
-0.03561 9.1
-0.03536 9.8
-0.03512 10.4
-0.03487 10.8
-0.03463 11.1
-0.03439 11.3
-0.03414 11.3
-0.0339 11.1
-0.03365 10.8
-0.03341 10.4
-0.03316 9.8
-0.03292 9.0
-0.03268 8.2
-0.03243 7.2
-0.03219 6.1
-0.03194 4.9
-0.0317 3.6
-0.03146 2.3
-0.03121 0.9
-0.03097 -0.5
-0.03072 -1.8
-0.03048 -3.2
-0.03024 -4.6
-0.02999 -5.8
-0.02975 -7.0
-0.0295 -8.1
-0.02926 -9.1
-0.02901 -10.0
-0.02877 -10.7
-0.02853 -11.2
-0.02828 -11.6
-0.02804 -11.8
-0.02779 -11.9
-0.02755 -11.7
-0.02731 -11.4
-0.02706 -10.8
-0.02682 -10.1
-0.02657 -9.2
-0.02633 -8.2
-0.02608 -7.0
-0.02584 -5.7
-0.0256 -4.3
-0.02535 -2.9
-0.02511 -1.3
-0.02486 0.3
-0.02462 1.8
-0.02438 3.4
-0.02413 4.9
-0.02389 6.4
-0.02364 7.7
-0.0234 9.0
-0.02316 10.0
-0.02291 10.9
-0.02267 11.7
-0.02242 12.2
-0.02218 12.5
-0.02193 12.6
-0.02169 12.4
-0.02145 12.0
-0.0212 11.4
-0.02096 10.5
-0.02071 9.5
-0.02047 8.2
-0.02023 6.8
-0.01998 5.3
-0.01974 3.6
-0.01949 1.8
-0.01925 0.0
-0.019 -1.9
-0.01876 -3.7
-0.01852 -5.5
-0.01827 -7.2
-0.01803 -8.7
-0.01778 -10.1
-0.01754 -11.3
-0.0173 -12.2
-0.01705 -12.9
-0.01681 -13.3
-0.01656 -13.4
-0.01632 -13.2
-0.01608 -12.8
-0.01583 -12.0
-0.01559 -10.9
-0.01534 -9.5
-0.0151 -7.9
-0.01485 -6.1
-0.01461 -4.1
-0.01437 -2.0
-0.01412 0.2
-0.01388 2.4
-0.01363 4.6
-0.01339 6.7
-0.01315 8.7
-0.0129 10.4
-0.01266 11.9
-0.01241 13.1
-0.01217 14.0
-0.01192 14.5
-0.01168 14.5
-0.01144 14.2
-0.01119 13.4
-0.01095 12.2
-0.0107 10.6
-0.01046 8.6
-0.01022 6.4
-0.00997 3.8
-0.00973 1.2
-0.00948 -1.6
-0.00924 -4.4
-0.009 -7.1
-0.00875 -9.6
-0.00851 -11.9
-0.00826 -13.7
-0.00802 -15.0
-0.00777 -15.9
-0.00753 -16.1
-0.00729 -15.7
-0.00704 -14.6
-0.0068 -12.9
-0.00655 -10.5
-0.00631 -7.7
-0.00607 -4.4
-0.00582 -0.8
-0.00558 3.0
-0.00533 6.7
-0.00509 10.2
-0.00484 13.3
-0.0046 15.7
-0.00436 17.4
-0.00411 18.1
-0.00387 17.8
-0.00362 16.3
-0.00338 13.7
-0.00314 10.1
-0.00289 5.6
-0.00265 0.5
-0.0024 -5.0
-0.00216 -10.2
-0.00191 -14.9
-0.00167 -18.5
-0.00143 -20.4
-0.00118 -20.5
-0.00094 -18.2
-0.00069 -13.7
-0.00045 -7.2
-0.00021 0.7
4e-05 8.9
0.00028 15.9
0.00053 20.3
0.00077 21.0
0.00101 17.3
0.00126 10.0
0.0015 0.6
0.00175 -8.3
0.00199 -14.6
0.00224 -16.6
0.00248 -14.0
0.00272 -7.9
0.00297 -0.4
0.00321 6.2
0.00346 10.0
0.0037 10.3
0.00394 7.6
0.00419 3.0
0.00443 -1.7
0.00468 -5.1
0.00492 -6.3
0.00517 -5.3
0.00541 -2.8
0.00565 0.1
0.0059 2.5
0.00614 3.6
0.00639 3.4
0.00663 2.1
0.00687 0.3
0.00712 -1.2
0.00736 -2.0
0.00761 -2.1
0.00785 -1.4
0.00809 -0.4
0.00834 0.5
0.00858 1.1
0.00883 1.3
0.00907 0.9
0.00932 0.4
0.00956 -0.2
0.0098 -0.6
0.01005 -0.8
0.01029 -0.6
0.01054 -0.3
0.01078 0.0
0.01102 0.3
0.01127 0.5
0.01151 0.4
0.01176 0.2
0.012 0.0
0.01225 -0.2
0.01249 -0.3
0.01273 -0.2
0.01298 -0.2
0.01322 0.0
0.01347 0.0
0.01371 0.2
0.01395 0.2
0.0142 0.1
0.01444 0.0
0.01469 0.0
0.01493 0.0
0.01517 0.0
0.01542 0.0
0.01566 0.0
0.01591 0.0
0.01615 0.0
0.0164 0.0
0.01664 0.0
0.01688 0.0
0.01713 0.0
0.01737 0.0
0.01762 0.0
0.01786 0.0
0.0181 0.0
0.01835 0.0
0.01859 0.0
0.01884 0.0
0.01908 0.0
0.01933 0.0
0.01957 0.0
0.01981 0.0
0.02006 0.0
0.0203 0.0
0.02055 0.0
0.02079 0.0
0.02103 0.0
0.02128 0.0
0.02152 0.0
0.02177 0.0
0.02201 0.0
0.02225 0.0
0.0225 0.0
0.02274 0.0
0.02299 0.0
0.02323 0.0
0.02348 0.0
0.02372 0.0
0.02396 0.0
0.02421 0.0
0.02445 0.0
0.0247 0.0
0.02494 0.0
0.02518 0.0
0.02543 0.0
0.02567 0.0
0.02592 0.0
0.02616 0.0
0.02641 0.0
0.02665 0.0
0.02689 0.0
0.02714 0.0
0.02738 0.0
0.02763 0.0
0.02787 0.0
0.02811 0.0
0.02836 0.0
0.0286 0.0
0.02885 0.0
0.02909 0.0
0.02934 0.0
0.02958 0.0
0.02982 0.0
0.03007 0.0
0.03031 0.0
0.03056 0.0
0.0308 0.0
0.03104 0.0
0.03129 0.0
0.03153 0.0
0.03178 0.0
0.03202 0.0
0.03226 0.0
0.03251 0.0
0.03275 0.0
0.033 0.0
0.03324 0.0
0.03349 0.0
0.03373 0.0
0.03397 0.0
0.03422 0.0
0.03446 0.0
0.03471 0.0
0.03495 0.0
0.03519 0.0
0.03544 0.0
0.03568 0.0
0.03593 0.0
0.03617 0.0
0.03642 0.0
0.03666 0.0
0.0369 0.0
0.03715 0.0
0.03739 0.0
0.03764 0.0
0.03788 0.0
0.03812 0.0
0.03837 0.0
0.03861 0.0
0.03886 0.0
0.0391 0.0
0.03934 0.0
0.03959 0.0
0.03983 0.0
0.04008 0.0
0.04032 0.0
0.04057 0.0
0.04081 0.0
0.04105 0.0
0.0413 0.0
0.04154 0.0
0.04179 0.0
0.04203 0.0
0.04227 0.0
0.04252 0.0
0.04276 0.0
0.04301 0.0
0.04325 0.0
0.0435 0.0
0.04374 0.0
0.04398 0.0
0.04423 0.0
0.04447 0.0
0.04472 0.0
0.04496 0.0
0.0452 0.0
0.04545 0.0
0.04569 0.0
0.04594 0.0
0.04618 0.0
0.04642 0.0
0.04667 0.0
0.04691 0.0
0.04716 0.0
0.0474 0.0
0.04765 0.0
0.04789 0.0
0.04813 0.0
0.04838 0.0
0.04862 0.0
0.04887 0.0
0.04911 0.0
0.04935 0.0
0.0496 0.0
0.04984 0.0
0.05009 0.0
0.05033 0.0
0.05058 0.0
0.05082 0.0
0.05106 0.0
0.05131 0.0
0.05155 0.0
0.0518 0.0
0.05204 0.0
0.05228 0.0
0.05253 0.0
0.05277 0.0
0.05302 0.0
0.05326 0.0
0.0535 0.0
0.05375 0.0
0.05399 0.0
0.05424 0.0
0.05448 0.0
0.05473 0.0
0.05497 0.0
0.05521 0.0
0.05546 0.0
0.0557 0.0
0.05595 0.0
0.05619 0.0
0.05643 0.0
0.05668 0.0
0.05692 0.0
0.05717 0.0
0.05741 0.0
0.05766 0.0
0.0579 0.0
0.05814 0.0
0.05839 0.0
0.05863 0.0
0.05888 0.0
0.05912 0.0
0.05936 0.0
0.05961 0.0
0.05985 0.0
0.0601 0.0
0.06034 0.0
0.06059 0.0
0.06083 0.0
0.06107 0.0
0.06132 0.0
0.06156 0.0
0.06181 0.0
0.06205 0.0
0.06229 0.0
0.06254 0.0
0.06278 0.0
0.06303 0.0
0.06327 0.0
0.06351 0.0
0.06376 0.0
0.064 0.0
0.06425 0.0
0.06449 0.0
0.06474 0.0
0.06498 0.0
0.06522 0.0
0.06547 0.0
0.06571 0.0
0.06596 0.0
0.0662 0.0
0.06644 0.0
0.06669 0.0
0.06693 0.0
0.06718 0.0
0.06742 0.0
0.06767 0.0
0.06791 0.0
0.06815 0.0
0.0684 0.0
0.06864 0.0
0.06889 0.0
0.06913 0.0
0.06937 0.0
0.06962 0.0
0.06986 0.0
0.07011 0.0
0.07035 0.0
0.07059 0.0
0.07084 0.0
0.07108 0.0
0.07133 0.0
0.07157 0.0
0.07182 0.0
0.07206 0.0
0.0723 0.0
0.07255 0.0
0.07279 0.0
0.07304 0.0
0.07328 0.0
0.07352 0.0
0.07377 0.0
0.07401 0.0
0.07426 0.0
0.0745 0.0
0.07475 0.0
0.07499 0.0
0.07523 0.0
0.07548 0.0
0.07572 0.0
0.07597 0.0
0.07621 0.0
0.07645 0.0
0.0767 0.0
0.07694 0.0
0.07719 0.0
0.07743 0.0
0.07767 0.0
0.07792 0.0
0.07816 0.0
0.07841 0.0
0.07865 0.0
0.0789 0.0
0.07914 0.0
0.07938 0.0
0.07963 0.0
0.07987 0.0
0.08012 0.0
0.08036 0.0
0.0806 0.0
0.08085 0.0
0.08109 0.0
0.08134 0.0
0.08158 0.0
0.08183 0.0
0.08207 0.0
0.08231 0.0
0.08256 0.0
0.0828 0.0
0.08305 0.0
0.08329 0.0
0.08353 0.0
0.08378 0.0
0.08402 0.0
0.08427 0.0
0.08451 0.0
0.08475 0.0
0.085 0.0
0.08524 0.0
0.08549 0.0
0.08573 0.0
0.08598 0.0
0.08622 0.0
0.08646 0.0
0.08671 0.0
0.08695 0.0
0.0872 0.0
0.08744 0.0
0.08768 0.0
0.08793 0.0
0.08817 0.0
0.08842 0.0
0.08866 0.0
0.08891 0.0
0.08915 0.0
0.08939 0.0
0.08964 0.0
0.08988 0.0
0.09013 0.0
0.09037 0.0
0.09061 0.0
0.09086 0.0
0.0911 0.0
0.09135 0.0
0.09159 0.0
0.09184 0.0
0.09208 0.0
0.09232 0.0
0.09257 0.0
0.09281 0.0
0.09306 0.0
0.0933 0.0
0.09354 0.0
0.09379 0.0
0.09403 0.0
0.09428 0.0
0.09452 0.0
0.09476 0.0
0.09501 0.0
0.09525 0.0
0.0955 0.0
0.09574 0.0
0.09599 0.0
0.09623 0.0
0.09647 0.0
0.09672 0.0
0.09696 0.0
0.09721 0.0
0.09745 0.0
0.09769 0.0
0.09794 0.0
0.09818 0.0
0.09843 0.0
0.09867 0.0
