t strain*1e23
-0.3632 -10.4
-0.36295 -10.5
-0.36271 -10.6
-0.36246 -10.6
-0.36222 -10.7
-0.36198 -10.7
-0.36173 -10.7
-0.36149 -10.7
-0.36124 -10.7
-0.361 -10.7
-0.36076 -10.6
-0.36051 -10.6
-0.36027 -10.5
-0.36002 -10.5
-0.35978 -10.4
-0.35954 -10.3
-0.35929 -10.2
-0.35905 -10.0
-0.3588 -9.9
-0.35856 -9.8
-0.35831 -9.6
-0.35807 -9.4
-0.35783 -9.3
-0.35758 -9.1
-0.35734 -8.9
-0.35709 -8.6
-0.35685 -8.4
-0.35661 -8.2
-0.35636 -7.9
-0.35612 -7.7
-0.35587 -7.4
-0.35563 -7.2
-0.35538 -6.9
-0.35514 -6.6
-0.3549 -6.3
-0.35465 -6.0
-0.35441 -5.7
-0.35416 -5.4
-0.35392 -5.0
-0.35368 -4.7
-0.35343 -4.4
-0.35319 -4.0
-0.35294 -3.7
-0.3527 -3.3
-0.35246 -3.0
-0.35221 -2.6
-0.35197 -2.2
-0.35172 -1.9
-0.35148 -1.5
-0.35123 -1.1
-0.35099 -0.8
-0.35075 -0.4
-0.3505 0.0
-0.35026 0.4
-0.35001 0.7
-0.34977 1.1
-0.34953 1.5
-0.34928 1.8
-0.34904 2.2
-0.34879 2.6
-0.34855 2.9
-0.3483 3.3
-0.34806 3.7
-0.34782 4.0
-0.34757 4.4
-0.34733 4.7
-0.34708 5.0
-0.34684 5.4
-0.3466 5.7
-0.34635 6.0
-0.34611 6.3
-0.34586 6.6
-0.34562 6.9
-0.34538 7.2
-0.34513 7.5
-0.34489 7.8
-0.34464 8.0
-0.3444 8.3
-0.34415 8.5
-0.34391 8.7
-0.34367 9.0
-0.34342 9.2
-0.34318 9.4
-0.34293 9.5
-0.34269 9.7
-0.34245 9.9
-0.3422 10.0
-0.34196 10.2
-0.34171 10.3
-0.34147 10.4
-0.34122 10.5
-0.34098 10.6
-0.34074 10.7
-0.34049 10.7
-0.34025 10.8
-0.34 10.8
-0.33976 10.9
-0.33952 10.9
-0.33927 10.9
-0.33903 10.8
-0.33878 10.8
-0.33854 10.8
-0.33829 10.7
-0.33805 10.6
-0.33781 10.6
-0.33756 10.5
-0.33732 10.3
-0.33707 10.2
-0.33683 10.1
-0.33659 9.9
-0.33634 9.8
-0.3361 9.6
-0.33585 9.4
-0.33561 9.2
-0.33537 9.0
-0.33512 8.8
-0.33488 8.6
-0.33463 8.3
-0.33439 8.1
-0.33414 7.8
-0.3339 7.6
-0.33366 7.3
-0.33341 7.0
-0.33317 6.7
-0.33292 6.4
-0.33268 6.1
-0.33244 5.7
-0.33219 5.4
-0.33195 5.1
-0.3317 4.7
-0.33146 4.4
-0.33121 4.0
-0.33097 3.7
-0.33073 3.3
-0.33048 2.9
-0.33024 2.6
-0.32999 2.2
-0.32975 1.8
-0.32951 1.4
-0.32926 1.0
-0.32902 0.6
-0.32877 0.3
-0.32853 -0.1
-0.32829 -0.5
-0.32804 -0.9
-0.3278 -1.3
-0.32755 -1.7
-0.32731 -2.1
-0.32706 -2.4
-0.32682 -2.8
-0.32658 -3.2
-0.32633 -3.6
-0.32609 -3.9
-0.32584 -4.3
-0.3256 -4.7
-0.32536 -5.0
-0.32511 -5.3
-0.32487 -5.7
-0.32462 -6.0
-0.32438 -6.3
-0.32413 -6.7
-0.32389 -7.0
-0.32365 -7.3
-0.3234 -7.6
-0.32316 -7.8
-0.32291 -8.1
-0.32267 -8.4
-0.32243 -8.6
-0.32218 -8.9
-0.32194 -9.1
-0.32169 -9.3
-0.32145 -9.5
-0.32121 -9.7
-0.32096 -9.9
-0.32072 -10.0
-0.32047 -10.2
-0.32023 -10.3
-0.31998 -10.5
-0.31974 -10.6
-0.3195 -10.7
-0.31925 -10.8
-0.31901 -10.9
-0.31876 -10.9
-0.31852 -11.0
-0.31828 -11.0
-0.31803 -11.0
-0.31779 -11.0
-0.31754 -11.0
-0.3173 -11.0
-0.31705 -10.9
-0.31681 -10.9
-0.31657 -10.8
-0.31632 -10.8
-0.31608 -10.7
-0.31583 -10.6
-0.31559 -10.4
-0.31535 -10.3
-0.3151 -10.1
-0.31486 -10.0
-0.31461 -9.8
-0.31437 -9.6
-0.31413 -9.4
-0.31388 -9.2
-0.31364 -9.0
-0.31339 -8.8
-0.31315 -8.5
-0.3129 -8.3
-0.31266 -8.0
-0.31242 -7.7
-0.31217 -7.4
-0.31193 -7.1
-0.31168 -6.8
-0.31144 -6.5
-0.3112 -6.2
-0.31095 -5.8
-0.31071 -5.5
-0.31046 -5.1
-0.31022 -4.8
-0.30997 -4.4
-0.30973 -4.0
-0.30949 -3.7
-0.30924 -3.3
-0.309 -2.9
-0.30875 -2.5
-0.30851 -2.1
-0.30827 -1.7
-0.30802 -1.3
-0.30778 -0.9
-0.30753 -0.5
-0.30729 -0.1
-0.30704 0.3
-0.3068 0.7
-0.30656 1.1
-0.30631 1.5
-0.30607 1.9
-0.30582 2.3
-0.30558 2.7
-0.30534 3.1
-0.30509 3.4
-0.30485 3.8
-0.3046 4.2
-0.30436 4.6
-0.30412 4.9
-0.30387 5.3
-0.30363 5.7
-0.30338 6.0
-0.30314 6.3
-0.30289 6.7
-0.30265 7.0
-0.30241 7.3
-0.30216 7.6
-0.30192 7.9
-0.30167 8.2
-0.30143 8.5
-0.30119 8.7
-0.30094 9.0
-0.3007 9.2
-0.30045 9.4
-0.30021 9.6
-0.29996 9.8
-0.29972 10.0
-0.29948 10.2
-0.29923 10.4
-0.29899 10.5
-0.29874 10.6
-0.2985 10.8
-0.29826 10.9
-0.29801 11.0
-0.29777 11.0
-0.29752 11.1
-0.29728 11.1
-0.29704 11.2
-0.29679 11.2
-0.29655 11.2
-0.2963 11.2
-0.29606 11.1
-0.29581 11.1
-0.29557 11.0
-0.29533 11.0
-0.29508 10.9
-0.29484 10.8
-0.29459 10.7
-0.29435 10.5
-0.29411 10.4
-0.29386 10.2
-0.29362 10.0
-0.29337 9.8
-0.29313 9.6
-0.29288 9.4
-0.29264 9.2
-0.2924 9.0
-0.29215 8.7
-0.29191 8.4
-0.29166 8.2
-0.29142 7.9
-0.29118 7.6
-0.29093 7.3
-0.29069 6.9
-0.29044 6.6
-0.2902 6.3
-0.28996 5.9
-0.28971 5.6
-0.28947 5.2
-0.28922 4.8
-0.28898 4.4
-0.28873 4.1
-0.28849 3.7
-0.28825 3.3
-0.288 2.9
-0.28776 2.5
-0.28751 2.1
-0.28727 1.6
-0.28703 1.2
-0.28678 0.8
-0.28654 0.4
-0.28629 0.0
-0.28605 -0.4
-0.2858 -0.9
-0.28556 -1.3
-0.28532 -1.7
-0.28507 -2.1
-0.28483 -2.5
-0.28458 -2.9
-0.28434 -3.3
-0.2841 -3.7
-0.28385 -4.1
-0.28361 -4.5
-0.28336 -4.9
-0.28312 -5.3
-0.28288 -5.6
-0.28263 -6.0
-0.28239 -6.4
-0.28214 -6.7
-0.2819 -7.0
-0.28165 -7.4
-0.28141 -7.7
-0.28117 -8.0
-0.28092 -8.3
-0.28068 -8.6
-0.28043 -8.9
-0.28019 -9.1
-0.27995 -9.4
-0.2797 -9.6
-0.27946 -9.8
-0.27921 -10.0
-0.27897 -10.2
-0.27872 -10.4
-0.27848 -10.6
-0.27824 -10.7
-0.27799 -10.8
-0.27775 -11.0
-0.2775 -11.1
-0.27726 -11.2
-0.27702 -11.2
-0.27677 -11.3
-0.27653 -11.3
-0.27628 -11.4
-0.27604 -11.4
-0.27579 -11.4
-0.27555 -11.3
-0.27531 -11.3
-0.27506 -11.3
-0.27482 -11.2
-0.27457 -11.1
-0.27433 -11.0
-0.27409 -10.9
-0.27384 -10.7
-0.2736 -10.6
-0.27335 -10.4
-0.27311 -10.3
-0.27287 -10.1
-0.27262 -9.9
-0.27238 -9.6
-0.27213 -9.4
-0.27189 -9.1
-0.27164 -8.9
-0.2714 -8.6
-0.27116 -8.3
-0.27091 -8.0
-0.27067 -7.7
-0.27042 -7.4
-0.27018 -7.1
-0.26994 -6.7
-0.26969 -6.4
-0.26945 -6.0
-0.2692 -5.6
-0.26896 -5.2
-0.26871 -4.8
-0.26847 -4.4
-0.26823 -4.0
-0.26798 -3.6
-0.26774 -3.2
-0.26749 -2.8
-0.26725 -2.4
-0.26701 -2.0
-0.26676 -1.5
-0.26652 -1.1
-0.26627 -0.7
-0.26603 -0.2
-0.26579 0.2
-0.26554 0.7
-0.2653 1.1
-0.26505 1.5
-0.26481 2.0
-0.26456 2.4
-0.26432 2.8
-0.26408 3.2
-0.26383 3.7
-0.26359 4.1
-0.26334 4.5
-0.2631 4.9
-0.26286 5.3
-0.26261 5.7
-0.26237 6.1
-0.26212 6.4
-0.26188 6.8
-0.26163 7.1
-0.26139 7.5
-0.26115 7.8
-0.2609 8.1
-0.26066 8.4
-0.26041 8.7
-0.26017 9.0
-0.25993 9.3
-0.25968 9.6
-0.25944 9.8
-0.25919 10.0
-0.25895 10.2
-0.25871 10.4
-0.25846 10.6
-0.25822 10.8
-0.25797 10.9
-0.25773 11.1
-0.25748 11.2
-0.25724 11.3
-0.257 11.4
-0.25675 11.5
-0.25651 11.5
-0.25626 11.6
-0.25602 11.6
-0.25578 11.6
-0.25553 11.6
-0.25529 11.5
-0.25504 11.5
-0.2548 11.4
-0.25455 11.3
-0.25431 11.2
-0.25407 11.1
-0.25382 11.0
-0.25358 10.8
-0.25333 10.7
-0.25309 10.5
-0.25285 10.3
-0.2526 10.1
-0.25236 9.8
-0.25211 9.6
-0.25187 9.3
-0.25163 9.0
-0.25138 8.8
-0.25114 8.5
-0.25089 8.1
-0.25065 7.8
-0.2504 7.5
-0.25016 7.1
-0.24992 6.8
-0.24967 6.4
-0.24943 6.0
-0.24918 5.6
-0.24894 5.2
-0.2487 4.8
-0.24845 4.4
-0.24821 4.0
-0.24796 3.5
-0.24772 3.1
-0.24747 2.7
-0.24723 2.2
-0.24699 1.8
-0.24674 1.3
-0.2465 0.9
-0.24625 0.4
-0.24601 0.0
-0.24577 -0.5
-0.24552 -1.0
-0.24528 -1.4
-0.24503 -1.9
-0.24479 -2.3
-0.24454 -2.8
-0.2443 -3.2
-0.24406 -3.7
-0.24381 -4.1
-0.24357 -4.5
-0.24332 -4.9
-0.24308 -5.4
-0.24284 -5.8
-0.24259 -6.2
-0.24235 -6.5
-0.2421 -6.9
-0.24186 -7.3
-0.24162 -7.6
-0.24137 -8.0
-0.24113 -8.3
-0.24088 -8.6
-0.24064 -9.0
-0.24039 -9.2
-0.24015 -9.5
-0.23991 -9.8
-0.23966 -10.0
-0.23942 -10.3
-0.23917 -10.5
-0.23893 -10.7
-0.23869 -10.9
-0.23844 -11.1
-0.2382 -11.2
-0.23795 -11.3
-0.23771 -11.5
-0.23746 -11.6
-0.23722 -11.6
-0.23698 -11.7
-0.23673 -11.7
-0.23649 -11.8
-0.23624 -11.8
-0.236 -11.8
-0.23576 -11.7
-0.23551 -11.7
-0.23527 -11.6
-0.23502 -11.5
-0.23478 -11.4
-0.23454 -11.3
-0.23429 -11.2
-0.23405 -11.0
-0.2338 -10.8
-0.23356 -10.7
-0.23331 -10.4
-0.23307 -10.2
-0.23283 -10.0
-0.23258 -9.7
-0.23234 -9.4
-0.23209 -9.2
-0.23185 -8.9
-0.23161 -8.5
-0.23136 -8.2
-0.23112 -7.9
-0.23087 -7.5
-0.23063 -7.1
-0.23038 -6.8
-0.23014 -6.4
-0.2299 -6.0
-0.22965 -5.5
-0.22941 -5.1
-0.22916 -4.7
-0.22892 -4.2
-0.22868 -3.8
-0.22843 -3.3
-0.22819 -2.9
-0.22794 -2.4
-0.2277 -2.0
-0.22746 -1.5
-0.22721 -1.0
-0.22697 -0.5
-0.22672 0.0
-0.22648 0.4
-0.22623 0.9
-0.22599 1.4
-0.22575 1.9
-0.2255 2.3
-0.22526 2.8
-0.22501 3.3
-0.22477 3.7
-0.22453 4.2
-0.22428 4.6
-0.22404 5.1
-0.22379 5.5
-0.22355 5.9
-0.2233 6.3
-0.22306 6.7
-0.22282 7.1
-0.22257 7.5
-0.22233 7.9
-0.22208 8.2
-0.22184 8.6
-0.2216 8.9
-0.22135 9.2
-0.22111 9.5
-0.22086 9.8
-0.22062 10.1
-0.22038 10.4
-0.22013 10.6
-0.21989 10.8
-0.21964 11.0
-0.2194 11.2
-0.21915 11.4
-0.21891 11.5
-0.21867 11.6
-0.21842 11.8
-0.21818 11.8
-0.21793 11.9
-0.21769 12.0
-0.21745 12.0
-0.2172 12.0
-0.21696 12.0
-0.21671 12.0
-0.21647 11.9
-0.21622 11.8
-0.21598 11.8
-0.21574 11.7
-0.21549 11.5
-0.21525 11.4
-0.215 11.2
-0.21476 11.0
-0.21452 10.8
-0.21427 10.6
-0.21403 10.4
-0.21378 10.1
-0.21354 9.8
-0.21329 9.5
-0.21305 9.2
-0.21281 8.9
-0.21256 8.6
-0.21232 8.2
-0.21207 7.8
-0.21183 7.5
-0.21159 7.1
-0.21134 6.7
-0.2111 6.2
-0.21085 5.8
-0.21061 5.4
-0.21037 4.9
-0.21012 4.5
-0.20988 4.0
-0.20963 3.5
-0.20939 3.0
-0.20914 2.6
-0.2089 2.1
-0.20866 1.6
-0.20841 1.1
-0.20817 0.6
-0.20792 0.0
-0.20768 -0.4
-0.20744 -0.9
-0.20719 -1.4
-0.20695 -1.9
-0.2067 -2.4
-0.20646 -2.9
-0.20621 -3.4
-0.20597 -3.9
-0.20573 -4.4
-0.20548 -4.8
-0.20524 -5.3
-0.20499 -5.7
-0.20475 -6.2
-0.20451 -6.6
-0.20426 -7.0
-0.20402 -7.5
-0.20377 -7.8
-0.20353 -8.2
-0.20329 -8.6
-0.20304 -9.0
-0.2028 -9.3
-0.20255 -9.6
-0.20231 -9.9
-0.20206 -10.2
-0.20182 -10.5
-0.20158 -10.7
-0.20133 -11.0
-0.20109 -11.2
-0.20084 -11.4
-0.2006 -11.6
-0.20036 -11.7
-0.20011 -11.9
-0.19987 -12.0
-0.19962 -12.1
-0.19938 -12.2
-0.19913 -12.2
-0.19889 -12.2
-0.19865 -12.2
-0.1984 -12.2
-0.19816 -12.2
-0.19791 -12.1
-0.19767 -12.1
-0.19743 -12.0
-0.19718 -11.9
-0.19694 -11.7
-0.19669 -11.5
-0.19645 -11.4
-0.19621 -11.2
-0.19596 -10.9
-0.19572 -10.7
-0.19547 -10.4
-0.19523 -10.2
-0.19498 -9.9
-0.19474 -9.5
-0.1945 -9.2
-0.19425 -8.9
-0.19401 -8.5
-0.19376 -8.1
-0.19352 -7.7
-0.19328 -7.3
-0.19303 -6.9
-0.19279 -6.4
-0.19254 -6.0
-0.1923 -5.5
-0.19205 -5.0
-0.19181 -4.6
-0.19157 -4.1
-0.19132 -3.6
-0.19108 -3.1
-0.19083 -2.6
-0.19059 -2.0
-0.19035 -1.5
-0.1901 -1.0
-0.18986 -0.5
-0.18961 0.0
-0.18937 0.6
-0.18913 1.1
-0.18888 1.6
-0.18864 2.2
-0.18839 2.7
-0.18815 3.2
-0.1879 3.7
-0.18766 4.2
-0.18742 4.7
-0.18717 5.2
-0.18693 5.7
-0.18668 6.2
-0.18644 6.6
-0.1862 7.1
-0.18595 7.5
-0.18571 7.9
-0.18546 8.3
-0.18522 8.7
-0.18497 9.1
-0.18473 9.5
-0.18449 9.8
-0.18424 10.1
-0.184 10.4
-0.18375 10.7
-0.18351 11.0
-0.18327 11.2
-0.18302 11.5
-0.18278 11.7
-0.18253 11.8
-0.18229 12.0
-0.18204 12.1
-0.1818 12.3
-0.18156 12.4
-0.18131 12.4
-0.18107 12.5
-0.18082 12.5
-0.18058 12.5
-0.18034 12.5
-0.18009 12.4
-0.17985 12.4
-0.1796 12.3
-0.17936 12.2
-0.17912 12.0
-0.17887 11.9
-0.17863 11.7
-0.17838 11.5
-0.17814 11.2
-0.17789 11.0
-0.17765 10.7
-0.17741 10.4
-0.17716 10.1
-0.17692 9.8
-0.17667 9.4
-0.17643 9.0
-0.17619 8.7
-0.17594 8.3
-0.1757 7.8
-0.17545 7.4
-0.17521 6.9
-0.17496 6.5
-0.17472 6.0
-0.17448 5.5
-0.17423 5.0
-0.17399 4.5
-0.17374 4.0
-0.1735 3.4
-0.17326 2.9
-0.17301 2.4
-0.17277 1.8
-0.17252 1.3
-0.17228 0.7
-0.17204 0.2
-0.17179 -0.4
-0.17155 -1.0
-0.1713 -1.5
-0.17106 -2.1
-0.17081 -2.6
-0.17057 -3.2
-0.17033 -3.7
-0.17008 -4.2
-0.16984 -4.8
-0.16959 -5.3
-0.16935 -5.8
-0.16911 -6.3
-0.16886 -6.8
-0.16862 -7.3
-0.16837 -7.7
-0.16813 -8.2
-0.16788 -8.6
-0.16764 -9.0
-0.1674 -9.4
-0.16715 -9.8
-0.16691 -10.1
-0.16666 -10.5
-0.16642 -10.8
-0.16618 -11.1
-0.16593 -11.4
-0.16569 -11.6
-0.16544 -11.8
-0.1652 -12.0
-0.16496 -12.2
-0.16471 -12.4
-0.16447 -12.5
-0.16422 -12.6
-0.16398 -12.7
-0.16373 -12.8
-0.16349 -12.8
-0.16325 -12.8
-0.163 -12.8
-0.16276 -12.7
-0.16251 -12.7
-0.16227 -12.6
-0.16203 -12.4
-0.16178 -12.3
-0.16154 -12.1
-0.16129 -11.9
-0.16105 -11.7
-0.1608 -11.4
-0.16056 -11.2
-0.16032 -10.9
-0.16007 -10.6
-0.15983 -10.2
-0.15958 -9.9
-0.15934 -9.5
-0.1591 -9.1
-0.15885 -8.7
-0.15861 -8.2
-0.15836 -7.8
-0.15812 -7.3
-0.15788 -6.8
-0.15763 -6.3
-0.15739 -5.8
-0.15714 -5.3
-0.1569 -4.7
-0.15665 -4.2
-0.15641 -3.6
-0.15617 -3.0
-0.15592 -2.5
-0.15568 -1.9
-0.15543 -1.3
-0.15519 -0.7
-0.15495 -0.1
-0.1547 0.5
-0.15446 1.1
-0.15421 1.7
-0.15397 2.2
-0.15372 2.8
-0.15348 3.4
-0.15324 4.0
-0.15299 4.5
-0.15275 5.1
-0.1525 5.6
-0.15226 6.2
-0.15202 6.7
-0.15177 7.2
-0.15153 7.7
-0.15128 8.2
-0.15104 8.7
-0.15079 9.1
-0.15055 9.5
-0.15031 9.9
-0.15006 10.3
-0.14982 10.7
-0.14957 11.0
-0.14933 11.3
-0.14909 11.6
-0.14884 11.9
-0.1486 12.1
-0.14835 12.4
-0.14811 12.5
-0.14787 12.7
-0.14762 12.8
-0.14738 13.0
-0.14713 13.0
-0.14689 13.1
-0.14664 13.1
-0.1464 13.1
-0.14616 13.1
-0.14591 13.0
-0.14567 12.9
-0.14542 12.8
-0.14518 12.7
-0.14494 12.5
-0.14469 12.3
-0.14445 12.1
-0.1442 11.8
-0.14396 11.5
-0.14371 11.2
-0.14347 10.9
-0.14323 10.5
-0.14298 10.2
-0.14274 9.8
-0.14249 9.3
-0.14225 8.9
-0.14201 8.4
-0.14176 7.9
-0.14152 7.4
-0.14127 6.9
-0.14103 6.4
-0.14079 5.8
-0.14054 5.2
-0.1403 4.7
-0.14005 4.1
-0.13981 3.5
-0.13956 2.9
-0.13932 2.2
-0.13908 1.6
-0.13883 1.0
-0.13859 0.4
-0.13834 -0.3
-0.1381 -0.9
-0.13786 -1.5
-0.13761 -2.2
-0.13737 -2.8
-0.13712 -3.4
-0.13688 -4.0
-0.13663 -4.6
-0.13639 -5.2
-0.13615 -5.8
-0.1359 -6.4
-0.13566 -6.9
-0.13541 -7.5
-0.13517 -8.0
-0.13493 -8.5
-0.13468 -9.0
-0.13444 -9.5
-0.13419 -9.9
-0.13395 -10.3
-0.13371 -10.7
-0.13346 -11.1
-0.13322 -11.5
-0.13297 -11.8
-0.13273 -12.1
-0.13248 -12.4
-0.13224 -12.6
-0.132 -12.8
-0.13175 -13.0
-0.13151 -13.2
-0.13126 -13.3
-0.13102 -13.4
-0.13078 -13.4
-0.13053 -13.5
-0.13029 -13.5
-0.13004 -13.4
-0.1298 -13.4
-0.12955 -13.3
-0.12931 -13.1
-0.12907 -13.0
-0.12882 -12.8
-0.12858 -12.6
-0.12833 -12.3
-0.12809 -12.0
-0.12785 -11.7
-0.1276 -11.4
-0.12736 -11.0
-0.12711 -10.6
-0.12687 -10.2
-0.12663 -9.8
-0.12638 -9.3
-0.12614 -8.8
-0.12589 -8.3
-0.12565 -7.8
-0.1254 -7.2
-0.12516 -6.6
-0.12492 -6.1
-0.12467 -5.4
-0.12443 -4.8
-0.12418 -4.2
-0.12394 -3.6
-0.1237 -2.9
-0.12345 -2.2
-0.12321 -1.6
-0.12296 -0.9
-0.12272 -0.2
-0.12247 0.5
-0.12223 1.1
-0.12199 1.8
-0.12174 2.5
-0.1215 3.1
-0.12125 3.8
-0.12101 4.5
-0.12077 5.1
-0.12052 5.7
-0.12028 6.3
-0.12003 6.9
-0.11979 7.5
-0.11954 8.1
-0.1193 8.7
-0.11906 9.2
-0.11881 9.7
-0.11857 10.2
-0.11832 10.6
-0.11808 11.1
-0.11784 11.5
-0.11759 11.8
-0.11735 12.2
-0.1171 12.5
-0.11686 12.8
-0.11662 13.0
-0.11637 13.3
-0.11613 13.4
-0.11588 13.6
-0.11564 13.7
-0.11539 13.8
-0.11515 13.9
-0.11491 13.9
-0.11466 13.8
-0.11442 13.8
-0.11417 13.7
-0.11393 13.6
-0.11369 13.4
-0.11344 13.2
-0.1132 13.0
-0.11295 12.7
-0.11271 12.4
-0.11246 12.1
-0.11222 11.7
-0.11198 11.3
-0.11173 10.9
-0.11149 10.4
-0.11124 9.9
-0.111 9.4
-0.11076 8.9
-0.11051 8.3
-0.11027 7.7
-0.11002 7.1
-0.10978 6.5
-0.10954 5.9
-0.10929 5.2
-0.10905 4.5
-0.1088 3.8
-0.10856 3.1
-0.10831 2.4
-0.10807 1.7
-0.10783 1.0
-0.10758 0.3
-0.10734 -0.5
-0.10709 -1.2
-0.10685 -1.9
-0.10661 -2.7
-0.10636 -3.4
-0.10612 -4.1
-0.10587 -4.8
-0.10563 -5.5
-0.10538 -6.1
-0.10514 -6.8
-0.1049 -7.4
-0.10465 -8.1
-0.10441 -8.7
-0.10416 -9.3
-0.10392 -9.8
-0.10368 -10.3
-0.10343 -10.8
-0.10319 -11.3
-0.10294 -11.8
-0.1027 -12.2
-0.10246 -12.5
-0.10221 -12.9
-0.10197 -13.2
-0.10172 -13.5
-0.10148 -13.7
-0.10123 -13.9
-0.10099 -14.1
-0.10075 -14.2
-0.1005 -14.3
-0.10026 -14.3
-0.10001 -14.3
-0.09977 -14.3
-0.09953 -14.2
-0.09928 -14.1
-0.09904 -13.9
-0.09879 -13.7
-0.09855 -13.5
-0.0983 -13.2
-0.09806 -12.9
-0.09782 -12.5
-0.09757 -12.1
-0.09733 -11.7
-0.09708 -11.2
-0.09684 -10.7
-0.0966 -10.2
-0.09635 -9.7
-0.09611 -9.1
-0.09586 -8.5
-0.09562 -7.8
-0.09538 -7.1
-0.09513 -6.5
-0.09489 -5.8
-0.09464 -5.0
-0.0944 -4.3
-0.09415 -3.5
-0.09391 -2.8
-0.09367 -2.0
-0.09342 -1.2
-0.09318 -0.4
-0.09293 0.4
-0.09269 1.2
-0.09245 2.0
-0.0922 2.7
-0.09196 3.5
-0.09171 4.3
-0.09147 5.1
-0.09122 5.8
-0.09098 6.5
-0.09074 7.2
-0.09049 7.9
-0.09025 8.6
-0.09 9.3
-0.08976 9.9
-0.08952 10.5
-0.08927 11.0
-0.08903 11.6
-0.08878 12.0
-0.08854 12.5
-0.08829 12.9
-0.08805 13.3
-0.08781 13.6
-0.08756 13.9
-0.08732 14.2
-0.08707 14.4
-0.08683 14.6
-0.08659 14.7
-0.08634 14.8
-0.0861 14.8
-0.08585 14.8
-0.08561 14.7
-0.08537 14.6
-0.08512 14.5
-0.08488 14.3
-0.08463 14.0
-0.08439 13.8
-0.08414 13.4
-0.0839 13.0
-0.08366 12.6
-0.08341 12.2
-0.08317 11.7
-0.08292 11.1
-0.08268 10.5
-0.08244 9.9
-0.08219 9.3
-0.08195 8.6
-0.0817 7.9
-0.08146 7.2
-0.08121 6.4
-0.08097 5.6
-0.08073 4.8
-0.08048 4.0
-0.08024 3.2
-0.07999 2.3
-0.07975 1.5
-0.07951 0.6
-0.07926 -0.3
-0.07902 -1.1
-0.07877 -2.0
-0.07853 -2.9
-0.07829 -3.7
-0.07804 -4.6
-0.0778 -5.4
-0.07755 -6.2
-0.07731 -7.0
-0.07706 -7.8
-0.07682 -8.6
-0.07658 -9.3
-0.07633 -10.0
-0.07609 -10.6
-0.07584 -11.3
-0.0756 -11.9
-0.07536 -12.4
-0.07511 -12.9
-0.07487 -13.4
-0.07462 -13.8
-0.07438 -14.2
-0.07413 -14.5
-0.07389 -14.8
-0.07365 -15.0
-0.0734 -15.2
-0.07316 -15.3
-0.07291 -15.4
-0.07267 -15.4
-0.07243 -15.4
-0.07218 -15.3
-0.07194 -15.1
-0.07169 -14.9
-0.07145 -14.7
-0.07121 -14.4
-0.07096 -14.0
-0.07072 -13.6
-0.07047 -13.1
-0.07023 -12.6
-0.06998 -12.1
-0.06974 -11.5
-0.0695 -10.8
-0.06925 -10.1
-0.06901 -9.4
-0.06876 -8.6
-0.06852 -7.9
-0.06828 -7.0
-0.06803 -6.2
-0.06779 -5.3
-0.06754 -4.4
-0.0673 -3.5
-0.06705 -2.5
-0.06681 -1.6
-0.06657 -0.6
-0.06632 0.3
-0.06608 1.3
-0.06583 2.3
-0.06559 3.2
-0.06535 4.2
-0.0651 5.1
-0.06486 6.0
-0.06461 6.9
-0.06437 7.8
-0.06413 8.7
-0.06388 9.5
-0.06364 10.3
-0.06339 11.0
-0.06315 11.7
-0.0629 12.4
-0.06266 13.0
-0.06242 13.6
-0.06217 14.1
-0.06193 14.5
-0.06168 14.9
-0.06144 15.3
-0.0612 15.6
-0.06095 15.8
-0.06071 16.0
-0.06046 16.1
-0.06022 16.1
-0.05997 16.1
-0.05973 16.0
-0.05949 15.8
-0.05924 15.6
-0.059 15.3
-0.05875 15.0
-0.05851 14.6
-0.05827 14.1
-0.05802 13.6
-0.05778 13.0
-0.05753 12.3
-0.05729 11.6
-0.05704 10.9
-0.0568 10.1
-0.05656 9.2
-0.05631 8.3
-0.05607 7.4
-0.05582 6.5
-0.05558 5.5
-0.05534 4.5
-0.05509 3.4
-0.05485 2.4
-0.0546 1.3
-0.05436 0.2
-0.05412 -0.9
-0.05387 -2.0
-0.05363 -3.1
-0.05338 -4.1
-0.05314 -5.2
-0.05289 -6.2
-0.05265 -7.2
-0.05241 -8.2
-0.05216 -9.2
-0.05192 -10.1
-0.05167 -11.0
-0.05143 -11.8
-0.05119 -12.6
-0.05094 -13.3
-0.0507 -14.0
-0.05045 -14.6
-0.05021 -15.2
-0.04996 -15.6
-0.04972 -16.0
-0.04948 -16.4
-0.04923 -16.6
-0.04899 -16.8
-0.04874 -16.9
-0.0485 -17.0
-0.04826 -16.9
-0.04801 -16.8
-0.04777 -16.6
-0.04752 -16.3
-0.04728 -15.9
-0.04704 -15.5
-0.04679 -14.9
-0.04655 -14.3
-0.0463 -13.7
-0.04606 -12.9
-0.04581 -12.1
-0.04557 -11.3
-0.04533 -10.3
-0.04508 -9.3
-0.04484 -8.3
-0.04459 -7.2
-0.04435 -6.1
-0.04411 -5.0
-0.04386 -3.8
-0.04362 -2.6
-0.04337 -1.3
-0.04313 0.0
-0.04288 1.2
-0.04264 2.4
-0.0424 3.7
-0.04215 4.9
-0.04191 6.1
-0.04166 7.3
-0.04142 8.4
-0.04118 9.5
-0.04093 10.6
-0.04069 11.6
-0.04044 12.6
-0.0402 13.5
-0.03996 14.3
-0.03971 15.1
-0.03947 15.8
-0.03922 16.4
-0.03898 16.9
-0.03873 17.3
-0.03849 17.6
-0.03825 17.8
-0.038 18.0
-0.03776 18.0
-0.03751 17.9
-0.03727 17.8
-0.03703 17.5
-0.03678 17.1
-0.03654 16.6
-0.03629 16.1
-0.03605 15.4
-0.0358 14.6
-0.03556 13.8
-0.03532 12.9
-0.03507 11.8
-0.03483 10.7
-0.03458 9.6
-0.03434 8.3
-0.0341 7.0
-0.03385 5.7
-0.03361 4.3
-0.03336 2.9
-0.03312 1.5
-0.03288 0.0
-0.03263 -1.5
-0.03239 -2.9
-0.03214 -4.4
-0.0319 -5.9
-0.03165 -7.3
-0.03141 -8.7
-0.03117 -10.0
-0.03092 -11.3
-0.03068 -12.5
-0.03043 -13.6
-0.03019 -14.7
-0.02995 -15.6
-0.0297 -16.5
-0.02946 -17.3
-0.02921 -17.9
-0.02897 -18.5
-0.02872 -18.9
-0.02848 -19.2
-0.02824 -19.3
-0.02799 -19.3
-0.02775 -19.2
-0.0275 -19.0
-0.02726 -18.6
-0.02702 -18.1
-0.02677 -17.4
-0.02653 -16.6
-0.02628 -15.7
-0.02604 -14.7
-0.02579 -13.5
-0.02555 -12.2
-0.02531 -10.9
-0.02506 -9.4
-0.02482 -7.9
-0.02457 -6.3
-0.02433 -4.6
-0.02409 -2.8
-0.02384 -1.1
-0.0236 0.7
-0.02335 2.5
-0.02311 4.3
-0.02287 6.1
-0.02262 7.8
-0.02238 9.5
-0.02213 11.2
-0.02189 12.7
-0.02164 14.2
-0.0214 15.5
-0.02116 16.8
-0.02091 17.9
-0.02067 18.8
-0.02042 19.6
-0.02018 20.3
-0.01994 20.7
-0.01969 21.0
-0.01945 21.1
-0.0192 21.0
-0.01896 20.7
-0.01871 20.2
-0.01847 19.5
-0.01823 18.6
-0.01798 17.6
-0.01774 16.3
-0.01749 14.9
-0.01725 13.3
-0.01701 11.5
-0.01676 9.6
-0.01652 7.6
-0.01627 5.5
-0.01603 3.3
-0.01579 1.1
-0.01554 -1.2
-0.0153 -3.5
-0.01505 -5.8
-0.01481 -8.1
-0.01456 -10.3
-0.01432 -12.4
-0.01408 -14.4
-0.01383 -16.3
-0.01359 -18.0
-0.01334 -19.5
-0.0131 -20.8
-0.01286 -21.9
-0.01261 -22.7
-0.01237 -23.2
-0.01212 -23.5
-0.01188 -23.4
-0.01163 -23.0
-0.01139 -22.4
-0.01115 -21.4
-0.0109 -20.1
-0.01066 -18.5
-0.01041 -16.6
-0.01017 -14.4
-0.00993 -12.0
-0.00968 -9.4
-0.00944 -6.6
-0.00919 -3.6
-0.00895 -0.5
-0.00871 2.7
-0.00846 5.8
-0.00822 9.0
-0.00797 12.0
-0.00773 14.9
-0.00748 17.7
-0.00724 20.1
-0.007 22.3
-0.00675 24.0
-0.00651 25.4
-0.00626 26.3
-0.00602 26.7
-0.00578 26.5
-0.00553 25.9
-0.00529 24.6
-0.00504 22.8
-0.0048 20.4
-0.00455 17.5
-0.00431 14.1
-0.00407 10.2
-0.00382 6.0
-0.00358 1.5
-0.00333 -3.1
-0.00309 -7.8
-0.00285 -12.5
-0.0026 -16.9
-0.00236 -20.9
-0.00211 -24.5
-0.00187 -27.3
-0.00163 -29.3
-0.00138 -30.3
-0.00114 -30.3
-0.00089 -29.0
-0.00065 -26.5
-0.0004 -22.7
-0.00016 -17.8
8e-05 -11.8
0.00033 -5.1
0.00057 2.0
0.00082 9.1
0.00106 15.8
0.0013 21.5
0.00155 25.9
0.00179 28.5
0.00204 29.2
0.00228 27.7
0.00253 24.3
0.00277 19.0
0.00301 12.5
0.00326 5.2
0.0035 -2.3
0.00375 -9.2
0.00399 -15.0
0.00423 -19.1
0.00448 -21.3
0.00472 -21.5
0.00497 -19.7
0.00521 -16.2
0.00546 -11.4
0.0057 -5.9
0.00594 -0.3
0.00619 4.9
0.00643 9.1
0.00668 12.1
0.00692 13.6
0.00716 13.6
0.00741 12.3
0.00765 9.8
0.0079 6.5
0.00814 2.9
0.00838 -0.7
0.00863 -3.8
0.00887 -6.3
0.00912 -7.8
0.00936 -8.3
0.00961 -7.9
0.00985 -6.7
0.01009 -4.9
0.01034 -2.7
0.01058 -0.5
0.01083 1.6
0.01107 3.2
0.01131 4.4
0.01156 4.9
0.0118 4.9
0.01205 4.3
0.01229 3.3
0.01254 2.1
0.01278 0.7
0.01302 -0.6
0.01327 -1.7
0.01351 -2.5
0.01376 -2.9
0.014 -3.0
0.01424 -2.7
0.01449 -2.2
0.01473 -1.5
0.01498 -0.6
0.01522 0.2
0.01546 0.9
0.01571 1.4
0.01595 1.7
0.0162 1.8
0.01644 1.7
0.01669 1.4
0.01693 1.0
0.01717 0.5
0.01742 0.0
0.01766 -0.4
0.01791 -0.8
0.01815 -1.0
0.01839 -1.1
0.01864 -1.1
0.01888 -0.9
0.01913 -0.7
0.01937 -0.4
0.01962 0.0
0.01986 0.2
0.0201 0.4
0.02035 0.6
0.02059 0.7
0.02084 0.7
0.02108 0.6
0.02132 0.4
0.02157 0.3
0.02181 0.0
0.02206 0.0
0.0223 -0.2
0.02254 -0.4
0.02279 -0.4
0.02303 -0.4
0.02328 -0.4
0.02352 -0.3
0.02377 -0.2
0.02401 0.0
0.02425 0.0
0.0245 0.1
0.02474 0.2
0.02499 0.2
0.02523 0.3
0.02547 0.2
0.02572 0.2
0.02596 0.1
0.02621 0.0
0.02645 0.0
0.0267 0.0
0.02694 -0.1
0.02718 -0.1
0.02743 -0.2
0.02767 -0.2
0.02792 -0.1
0.02816 0.0
0.0284 0.0
0.02865 0.0
0.02889 0.0
0.02914 0.0
0.02938 0.0
0.02962 0.0
0.02987 0.0
0.03011 0.0
0.03036 0.0
0.0306 0.0
0.03085 0.0
0.03109 0.0
0.03133 0.0
0.03158 0.0
0.03182 0.0
0.03207 0.0
0.03231 0.0
0.03255 0.0
0.0328 0.0
0.03304 0.0
0.03329 0.0
0.03353 0.0
0.03378 0.0
0.03402 0.0
0.03426 0.0
0.03451 0.0
0.03475 0.0
0.035 0.0
0.03524 0.0
0.03548 0.0
0.03573 0.0
0.03597 0.0
0.03622 0.0
0.03646 0.0
0.03671 0.0
0.03695 0.0
0.03719 0.0
0.03744 0.0
0.03768 0.0
0.03793 0.0
0.03817 0.0
0.03841 0.0
0.03866 0.0
0.0389 0.0
0.03915 0.0
0.03939 0.0
0.03963 0.0
0.03988 0.0
0.04012 0.0
0.04037 0.0
0.04061 0.0
0.04086 0.0
0.0411 0.0
0.04134 0.0
0.04159 0.0
0.04183 0.0
0.04208 0.0
0.04232 0.0
0.04256 0.0
0.04281 0.0
0.04305 0.0
0.0433 0.0
0.04354 0.0
0.04379 0.0
0.04403 0.0
0.04427 0.0
0.04452 0.0
0.04476 0.0
0.04501 0.0
0.04525 0.0
0.04549 0.0
0.04574 0.0
0.04598 0.0
0.04623 0.0
0.04647 0.0
0.04671 0.0
0.04696 0.0
0.0472 0.0
0.04745 0.0
0.04769 0.0
0.04794 0.0
0.04818 0.0
0.04842 0.0
0.04867 0.0
0.04891 0.0
0.04916 0.0
0.0494 0.0
0.04964 0.0
0.04989 0.0
0.05013 0.0
0.05038 0.0
0.05062 0.0
0.05087 0.0
0.05111 0.0
0.05135 0.0
0.0516 0.0
0.05184 0.0
0.05209 0.0
0.05233 0.0
0.05257 0.0
0.05282 0.0
0.05306 0.0
0.05331 0.0
0.05355 0.0
0.05379 0.0
0.05404 0.0
0.05428 0.0
0.05453 0.0
0.05477 0.0
0.05502 0.0
0.05526 0.0
0.0555 0.0
0.05575 0.0
0.05599 0.0
0.05624 0.0
0.05648 0.0
0.05672 0.0
0.05697 0.0
0.05721 0.0
0.05746 0.0
0.0577 0.0
0.05795 0.0
0.05819 0.0
0.05843 0.0
0.05868 0.0
0.05892 0.0
0.05917 0.0
0.05941 0.0
0.05965 0.0
0.0599 0.0
0.06014 0.0
0.06039 0.0
0.06063 0.0
0.06087 0.0
0.06112 0.0
0.06136 0.0
0.06161 0.0
0.06185 0.0
0.0621 0.0
0.06234 0.0
0.06258 0.0
0.06283 0.0
0.06307 0.0
0.06332 0.0
0.06356 0.0
0.0638 0.0
0.06405 0.0
0.06429 0.0
0.06454 0.0
0.06478 0.0
0.06503 0.0
0.06527 0.0
0.06551 0.0
0.06576 0.0
0.066 0.0
0.06625 0.0
0.06649 0.0
0.06673 0.0
0.06698 0.0
0.06722 0.0
0.06747 0.0
0.06771 0.0
0.06796 0.0
0.0682 0.0
0.06844 0.0
0.06869 0.0
0.06893 0.0
0.06918 0.0
0.06942 0.0
0.06966 0.0
0.06991 0.0
0.07015 0.0
0.0704 0.0
0.07064 0.0
0.07088 0.0
0.07113 0.0
0.07137 0.0
0.07162 0.0
0.07186 0.0
0.07211 0.0
0.07235 0.0
0.07259 0.0
0.07284 0.0
0.07308 0.0
0.07333 0.0
0.07357 0.0
0.07381 0.0
0.07406 0.0
0.0743 0.0
0.07455 0.0
0.07479 0.0
0.07504 0.0
0.07528 0.0
0.07552 0.0
0.07577 0.0
0.07601 0.0
0.07626 0.0
0.0765 0.0
0.07674 0.0
0.07699 0.0
0.07723 0.0
0.07748 0.0
0.07772 0.0
0.07796 0.0
0.07821 0.0
0.07845 0.0
0.0787 0.0
0.07894 0.0
0.07919 0.0
0.07943 0.0
0.07967 0.0
0.07992 0.0
0.08016 0.0
0.08041 0.0
0.08065 0.0
0.08089 0.0
0.08114 0.0
0.08138 0.0
0.08163 0.0
0.08187 0.0
0.08212 0.0
0.08236 0.0
0.0826 0.0
0.08285 0.0
0.08309 0.0
0.08334 0.0
0.08358 0.0
0.08382 0.0
0.08407 0.0
0.08431 0.0
0.08456 0.0
0.0848 0.0
0.08504 0.0
0.08529 0.0
0.08553 0.0
0.08578 0.0
0.08602 0.0
0.08627 0.0
0.08651 0.0
0.08675 0.0
0.087 0.0
0.08724 0.0
0.08749 0.0
0.08773 0.0
0.08797 0.0
0.08822 0.0
0.08846 0.0
0.08871 0.0
0.08895 0.0
0.0892 0.0
0.08944 0.0
0.08968 0.0
0.08993 0.0
0.09017 0.0
0.09042 0.0
0.09066 0.0
0.0909 0.0
0.09115 0.0
0.09139 0.0
0.09164 0.0
0.09188 0.0
0.09212 0.0
0.09237 0.0
0.09261 0.0
0.09286 0.0
0.0931 0.0
0.09335 0.0
0.09359 0.0
0.09383 0.0
0.09408 0.0
0.09432 0.0
0.09457 0.0
0.09481 0.0
0.09505 0.0
0.0953 0.0
0.09554 0.0
0.09579 0.0
0.09603 0.0
0.09628 0.0
0.09652 0.0
0.09676 0.0
0.09701 0.0
0.09725 0.0
0.0975 0.0
0.09774 0.0
0.09798 0.0
0.09823 0.0
0.09847 0.0
0.09872 0.0
0.09896 0.0
0.09921 0.0
0.09945 0.0
0.09969 0.0
0.09994 0.0
0.10018 0.0
0.10043 0.0
0.10067 0.0
0.10091 0.0
0.10116 0.0
0.1014 0.0
0.10165 0.0
0.10189 0.0
0.10213 0.0
0.10238 0.0
0.10262 0.0
0.10287 0.0
0.10311 0.0
0.10336 0.0
0.1036 0.0
0.10384 0.0
0.10409 0.0
0.10433 0.0
0.10458 0.0
0.10482 0.0
0.10506 0.0
0.10531 0.0
0.10555 0.0
0.1058 0.0
0.10604 0.0
0.10629 0.0
0.10653 0.0
0.10677 0.0
0.10702 0.0
0.10726 0.0
0.10751 0.0
0.10775 0.0
0.10799 0.0
0.10824 0.0
0.10848 0.0
0.10873 0.0
0.10897 0.0
0.10921 0.0
0.10946 0.0
0.1097 0.0
0.10995 0.0
0.11019 0.0
0.11044 0.0
0.11068 0.0
0.11092 0.0
0.11117 0.0
0.11141 0.0
0.11166 0.0
0.1119 0.0
0.11214 0.0
0.11239 0.0
0.11263 0.0
0.11288 0.0
0.11312 0.0
0.11337 0.0
0.11361 0.0
0.11385 0.0
0.1141 0.0
0.11434 0.0
0.11459 0.0
0.11483 0.0
0.11507 0.0
0.11532 0.0
0.11556 0.0
0.11581 0.0
0.11605 0.0
0.11629 0.0
0.11654 0.0
0.11678 0.0
0.11703 0.0
0.11727 0.0
0.11752 0.0
0.11776 0.0
0.118 0.0
0.11825 0.0
0.11849 0.0
0.11874 0.0
0.11898 0.0
0.11922 0.0
0.11947 0.0
0.11971 0.0
0.11996 0.0
0.1202 0.0
0.12045 0.0
0.12069 0.0
0.12093 0.0
0.12118 0.0
0.12142 0.0
0.12167 0.0
0.12191 0.0
0.12215 0.0
0.1224 0.0
0.12264 0.0
0.12289 0.0
0.12313 0.0
0.12337 0.0
0.12362 0.0
0.12386 0.0
0.12411 0.0
0.12435 0.0
0.1246 0.0
0.12484 0.0
0.12508 0.0
0.12533 0.0
0.12557 0.0
0.12582 0.0
0.12606 0.0
0.1263 0.0
0.12655 0.0
0.12679 0.0
0.12704 0.0
0.12728 0.0
0.12753 0.0
0.12777 0.0
0.12801 0.0
0.12826 0.0
0.1285 0.0
0.12875 0.0
0.12899 0.0
0.12923 0.0
0.12948 0.0
0.12972 0.0
0.12997 0.0
0.13021 0.0
0.13046 0.0
0.1307 0.0
0.13094 0.0
0.13119 0.0
0.13143 0.0
0.13168 0.0
0.13192 0.0
0.13216 0.0
0.13241 0.0
0.13265 0.0
0.1329 0.0
0.13314 0.0
0.13338 0.0
0.13363 0.0
0.13387 0.0
0.13412 0.0
0.13436 0.0
0.13461 0.0
0.13485 0.0
0.13509 0.0
0.13534 0.0
0.13558 0.0
0.13583 0.0
0.13607 0.0
0.13631 0.0
0.13656 0.0
0.1368 0.0
0.13705 0.0
0.13729 0.0
0.13754 0.0
0.13778 0.0
0.13802 0.0
0.13827 0.0
0.13851 0.0
0.13876 0.0
0.139 0.0
0.13924 0.0
0.13949 0.0
0.13973 0.0
0.13998 0.0
0.14022 0.0
0.14046 0.0
0.14071 0.0
0.14095 0.0
0.1412 0.0
0.14144 0.0
0.14169 0.0
0.14193 0.0
0.14217 0.0
0.14242 0.0
0.14266 0.0
0.14291 0.0
0.14315 0.0
0.14339 0.0
0.14364 0.0
0.14388 0.0
0.14413 0.0
0.14437 0.0
0.14462 0.0
0.14486 0.0
0.1451 0.0
0.14535 0.0
0.14559 0.0
0.14584 0.0
0.14608 0.0
0.14632 0.0
0.14657 0.0
0.14681 0.0
0.14706 0.0
0.1473 0.0
0.14754 0.0
0.14779 0.0
0.14803 0.0
0.14828 0.0
0.14852 0.0
0.14877 0.0
0.14901 0.0
0.14925 0.0
0.1495 0.0
0.14974 0.0
0.14999 0.0
0.15023 0.0
0.15047 0.0
0.15072 0.0
0.15096 0.0
0.15121 0.0
0.15145 0.0
0.1517 0.0
0.15194 0.0
0.15218 0.0
0.15243 0.0
0.15267 0.0
0.15292 0.0
0.15316 0.0
0.1534 0.0
0.15365 0.0
0.15389 0.0
0.15414 0.0
0.15438 0.0
0.15462 0.0
0.15487 0.0
0.15511 0.0
0.15536 0.0
0.1556 0.0
0.15585 0.0
0.15609 0.0
0.15633 0.0
0.15658 0.0
0.15682 0.0
0.15707 0.0
0.15731 0.0
0.15755 0.0
0.1578 0.0
0.15804 0.0
0.15829 0.0
0.15853 0.0
0.15878 0.0
0.15902 0.0
0.15926 0.0
0.15951 0.0
0.15975 0.0
0.16 0.0
0.16024 0.0
0.16048 0.0
0.16073 0.0
0.16097 0.0
0.16122 0.0
0.16146 0.0
0.16171 0.0
0.16195 0.0
0.16219 0.0
0.16244 0.0
0.16268 0.0
0.16293 0.0
0.16317 0.0
0.16341 0.0
0.16366 0.0
0.1639 0.0
0.16415 0.0
0.16439 0.0
0.16463 0.0
0.16488 0.0
0.16512 0.0
0.16537 0.0
0.16561 0.0
0.16586 0.0
0.1661 0.0
0.16634 0.0
0.16659 0.0
0.16683 0.0
0.16708 0.0
0.16732 0.0
0.16756 0.0
0.16781 0.0
0.16805 0.0
0.1683 0.0
0.16854 0.0
0.16879 0.0
0.16903 0.0
0.16927 0.0
0.16952 0.0
0.16976 0.0
0.17001 0.0
0.17025 0.0
0.17049 0.0
0.17074 0.0
0.17098 0.0
0.17123 0.0
0.17147 0.0
0.17171 0.0
0.17196 0.0
0.1722 0.0
0.17245 0.0
0.17269 0.0
0.17294 0.0
0.17318 0.0
0.17342 0.0
0.17367 0.0
0.17391 0.0
0.17416 0.0
0.1744 0.0
0.17464 0.0
0.17489 0.0
0.17513 0.0
0.17538 0.0
0.17562 0.0
0.17587 0.0
0.17611 0.0
0.17635 0.0
0.1766 0.0
0.17684 0.0
0.17709 0.0
0.17733 0.0
0.17757 0.0
0.17782 0.0
0.17806 0.0
0.17831 0.0
0.17855 0.0
0.17879 0.0
0.17904 0.0
0.17928 0.0
0.17953 0.0
0.17977 0.0
0.18002 0.0
0.18026 0.0
0.1805 0.0
0.18075 0.0
0.18099 0.0
0.18124 0.0
0.18148 0.0
0.18172 0.0
0.18197 0.0
0.18221 0.0
0.18246 0.0
0.1827 0.0
0.18295 0.0
0.18319 0.0
0.18343 0.0
0.18368 0.0
0.18392 0.0
