t strain*1e23
-0.39962 -18.6
-0.39937 -18.4
-0.39913 -18.2
-0.39888 -17.9
-0.39864 -17.7
-0.3984 -17.4
-0.39815 -17.0
-0.39791 -16.7
-0.39766 -16.3
-0.39742 -15.9
-0.39717 -15.5
-0.39693 -15.0
-0.39669 -14.5
-0.39644 -14.1
-0.3962 -13.5
-0.39595 -13.0
-0.39571 -12.5
-0.39547 -11.9
-0.39522 -11.3
-0.39498 -10.7
-0.39473 -10.1
-0.39449 -9.4
-0.39425 -8.8
-0.394 -8.1
-0.39376 -7.4
-0.39351 -6.7
-0.39327 -6.0
-0.39302 -5.3
-0.39278 -4.6
-0.39254 -3.9
-0.39229 -3.1
-0.39205 -2.4
-0.3918 -1.7
-0.39156 -0.9
-0.39132 -0.2
-0.39107 0.6
-0.39083 1.3
-0.39058 2.1
-0.39034 2.8
-0.39009 3.6
-0.38985 4.3
-0.38961 5.0
-0.38936 5.7
-0.38912 6.4
-0.38887 7.1
-0.38863 7.8
-0.38839 8.5
-0.38814 9.2
-0.3879 9.8
-0.38765 10.5
-0.38741 11.1
-0.38717 11.7
-0.38692 12.3
-0.38668 12.9
-0.38643 13.4
-0.38619 14.0
-0.38594 14.5
-0.3857 15.0
-0.38546 15.4
-0.38521 15.9
-0.38497 16.3
-0.38472 16.7
-0.38448 17.1
-0.38424 17.4
-0.38399 17.7
-0.38375 18.0
-0.3835 18.3
-0.38326 18.5
-0.38301 18.7
-0.38277 18.9
-0.38253 19.1
-0.38228 19.2
-0.38204 19.3
-0.38179 19.4
-0.38155 19.4
-0.38131 19.4
-0.38106 19.4
-0.38082 19.3
-0.38057 19.3
-0.38033 19.2
-0.38008 19.0
-0.37984 18.8
-0.3796 18.7
-0.37935 18.4
-0.37911 18.2
-0.37886 17.9
-0.37862 17.6
-0.37838 17.2
-0.37813 16.9
-0.37789 16.5
-0.37764 16.1
-0.3774 15.6
-0.37716 15.2
-0.37691 14.7
-0.37667 14.2
-0.37642 13.7
-0.37618 13.1
-0.37593 12.5
-0.37569 11.9
-0.37545 11.3
-0.3752 10.7
-0.37496 10.1
-0.37471 9.4
-0.37447 8.7
-0.37423 8.0
-0.37398 7.3
-0.37374 6.6
-0.37349 5.9
-0.37325 5.2
-0.373 4.4
-0.37276 3.7
-0.37252 2.9
-0.37227 2.1
-0.37203 1.4
-0.37178 0.6
-0.37154 -0.2
-0.3713 -0.9
-0.37105 -1.7
-0.37081 -2.5
-0.37056 -3.2
-0.37032 -4.0
-0.37008 -4.7
-0.36983 -5.5
-0.36959 -6.2
-0.36934 -6.9
-0.3691 -7.6
-0.36885 -8.3
-0.36861 -9.0
-0.36837 -9.7
-0.36812 -10.4
-0.36788 -11.0
-0.36763 -11.7
-0.36739 -12.3
-0.36715 -12.9
-0.3669 -13.4
-0.36666 -14.0
-0.36641 -14.5
-0.36617 -15.0
-0.36592 -15.5
-0.36568 -16.0
-0.36544 -16.4
-0.36519 -16.8
-0.36495 -17.2
-0.3647 -17.6
-0.36446 -17.9
-0.36422 -18.2
-0.36397 -18.5
-0.36373 -18.7
-0.36348 -19.0
-0.36324 -19.1
-0.363 -19.3
-0.36275 -19.4
-0.36251 -19.5
-0.36226 -19.6
-0.36202 -19.6
-0.36177 -19.6
-0.36153 -19.6
-0.36129 -19.6
-0.36104 -19.5
-0.3608 -19.3
-0.36055 -19.2
-0.36031 -19.0
-0.36007 -18.8
-0.35982 -18.6
-0.35958 -18.3
-0.35933 -18.0
-0.35909 -17.7
-0.35884 -17.3
-0.3586 -16.9
-0.35836 -16.5
-0.35811 -16.1
-0.35787 -15.6
-0.35762 -15.2
-0.35738 -14.6
-0.35714 -14.1
-0.35689 -13.6
-0.35665 -13.0
-0.3564 -12.4
-0.35616 -11.8
-0.35592 -11.1
-0.35567 -10.5
-0.35543 -9.8
-0.35518 -9.1
-0.35494 -8.4
-0.35469 -7.7
-0.35445 -6.9
-0.35421 -6.2
-0.35396 -5.4
-0.35372 -4.7
-0.35347 -3.9
-0.35323 -3.1
-0.35299 -2.4
-0.35274 -1.6
-0.3525 -0.8
-0.35225 0.0
-0.35201 0.8
-0.35176 1.6
-0.35152 2.4
-0.35128 3.2
-0.35103 3.9
-0.35079 4.7
-0.35054 5.5
-0.3503 6.2
-0.35006 7.0
-0.34981 7.7
-0.34957 8.4
-0.34932 9.2
-0.34908 9.9
-0.34883 10.5
-0.34859 11.2
-0.34835 11.9
-0.3481 12.5
-0.34786 13.1
-0.34761 13.7
-0.34737 14.3
-0.34713 14.8
-0.34688 15.3
-0.34664 15.8
-0.34639 16.3
-0.34615 16.7
-0.34591 17.1
-0.34566 17.5
-0.34542 17.9
-0.34517 18.2
-0.34493 18.5
-0.34468 18.8
-0.34444 19.1
-0.3442 19.3
-0.34395 19.4
-0.34371 19.6
-0.34346 19.7
-0.34322 19.8
-0.34298 19.9
-0.34273 19.9
-0.34249 19.9
-0.34224 19.8
-0.342 19.7
-0.34175 19.6
-0.34151 19.5
-0.34127 19.3
-0.34102 19.1
-0.34078 18.9
-0.34053 18.6
-0.34029 18.3
-0.34005 18.0
-0.3398 17.6
-0.33956 17.2
-0.33931 16.8
-0.33907 16.4
-0.33883 15.9
-0.33858 15.4
-0.33834 14.9
-0.33809 14.4
-0.33785 13.8
-0.3376 13.2
-0.33736 12.6
-0.33712 11.9
-0.33687 11.3
-0.33663 10.6
-0.33638 9.9
-0.33614 9.2
-0.3359 8.5
-0.33565 7.7
-0.33541 7.0
-0.33516 6.2
-0.33492 5.4
-0.33467 4.6
-0.33443 3.8
-0.33419 3.0
-0.33394 2.2
-0.3337 1.4
-0.33345 0.6
-0.33321 -0.2
-0.33297 -1.0
-0.33272 -1.8
-0.33248 -2.6
-0.33223 -3.5
-0.33199 -4.3
-0.33175 -5.1
-0.3315 -5.8
-0.33126 -6.6
-0.33101 -7.4
-0.33077 -8.1
-0.33052 -8.9
-0.33028 -9.6
-0.33004 -10.3
-0.32979 -11.0
-0.32955 -11.7
-0.3293 -12.4
-0.32906 -13.0
-0.32882 -13.6
-0.32857 -14.2
-0.32833 -14.8
-0.32808 -15.3
-0.32784 -15.9
-0.32759 -16.3
-0.32735 -16.8
-0.32711 -17.3
-0.32686 -17.7
-0.32662 -18.0
-0.32637 -18.4
-0.32613 -18.7
-0.32589 -19.0
-0.32564 -19.3
-0.3254 -19.5
-0.32515 -19.7
-0.32491 -19.8
-0.32467 -20.0
-0.32442 -20.1
-0.32418 -20.1
-0.32393 -20.1
-0.32369 -20.1
-0.32344 -20.1
-0.3232 -20.0
-0.32296 -19.9
-0.32271 -19.7
-0.32247 -19.6
-0.32222 -19.3
-0.32198 -19.1
-0.32174 -18.8
-0.32149 -18.5
-0.32125 -18.2
-0.321 -17.8
-0.32076 -17.4
-0.32051 -16.9
-0.32027 -16.5
-0.32003 -16.0
-0.31978 -15.5
-0.31954 -14.9
-0.31929 -14.3
-0.31905 -13.7
-0.31881 -13.1
-0.31856 -12.5
-0.31832 -11.8
-0.31807 -11.1
-0.31783 -10.4
-0.31758 -9.7
-0.31734 -8.9
-0.3171 -8.2
-0.31685 -7.4
-0.31661 -6.6
-0.31636 -5.8
-0.31612 -5.0
-0.31588 -4.2
-0.31563 -3.4
-0.31539 -2.5
-0.31514 -1.7
-0.3149 -0.8
-0.31466 0.0
-0.31441 0.8
-0.31417 1.7
-0.31392 2.5
-0.31368 3.4
-0.31343 4.2
-0.31319 5.0
-0.31295 5.8
-0.3127 6.6
-0.31246 7.4
-0.31221 8.2
-0.31197 9.0
-0.31173 9.7
-0.31148 10.5
-0.31124 11.2
-0.31099 11.9
-0.31075 12.6
-0.3105 13.2
-0.31026 13.9
-0.31002 14.5
-0.30977 15.1
-0.30953 15.6
-0.30928 16.2
-0.30904 16.7
-0.3088 17.2
-0.30855 17.6
-0.30831 18.0
-0.30806 18.4
-0.30782 18.8
-0.30758 19.1
-0.30733 19.4
-0.30709 19.6
-0.30684 19.8
-0.3066 20.0
-0.30635 20.2
-0.30611 20.3
-0.30587 20.4
-0.30562 20.4
-0.30538 20.4
-0.30513 20.4
-0.30489 20.3
-0.30465 20.2
-0.3044 20.1
-0.30416 19.9
-0.30391 19.7
-0.30367 19.4
-0.30342 19.2
-0.30318 18.8
-0.30294 18.5
-0.30269 18.1
-0.30245 17.7
-0.3022 17.3
-0.30196 16.8
-0.30172 16.3
-0.30147 15.7
-0.30123 15.2
-0.30098 14.6
-0.30074 14.0
-0.3005 13.3
-0.30025 12.7
-0.30001 12.0
-0.29976 11.3
-0.29952 10.5
-0.29927 9.8
-0.29903 9.0
-0.29879 8.2
-0.29854 7.4
-0.2983 6.6
-0.29805 5.8
-0.29781 4.9
-0.29757 4.1
-0.29732 3.2
-0.29708 2.4
-0.29683 1.5
-0.29659 0.6
-0.29634 -0.3
-0.2961 -1.1
-0.29586 -2.0
-0.29561 -2.9
-0.29537 -3.7
-0.29512 -4.6
-0.29488 -5.4
-0.29464 -6.3
-0.29439 -7.1
-0.29415 -7.9
-0.2939 -8.7
-0.29366 -9.5
-0.29342 -10.3
-0.29317 -11.0
-0.29293 -11.8
-0.29268 -12.5
-0.29244 -13.2
-0.29219 -13.8
-0.29195 -14.5
-0.29171 -15.1
-0.29146 -15.7
-0.29122 -16.3
-0.29097 -16.8
-0.29073 -17.3
-0.29049 -17.8
-0.29024 -18.2
-0.29 -18.6
-0.28975 -19.0
-0.28951 -19.3
-0.28926 -19.6
-0.28902 -19.9
-0.28878 -20.1
-0.28853 -20.3
-0.28829 -20.4
-0.28804 -20.6
-0.2878 -20.6
-0.28756 -20.7
-0.28731 -20.7
-0.28707 -20.7
-0.28682 -20.6
-0.28658 -20.5
-0.28633 -20.3
-0.28609 -20.1
-0.28585 -19.9
-0.2856 -19.6
-0.28536 -19.4
-0.28511 -19.0
-0.28487 -18.6
-0.28463 -18.2
-0.28438 -17.8
-0.28414 -17.3
-0.28389 -16.8
-0.28365 -16.3
-0.28341 -15.7
-0.28316 -15.1
-0.28292 -14.5
-0.28267 -13.9
-0.28243 -13.2
-0.28218 -12.5
-0.28194 -11.7
-0.2817 -11.0
-0.28145 -10.2
-0.28121 -9.4
-0.28096 -8.6
-0.28072 -7.8
-0.28048 -7.0
-0.28023 -6.1
-0.27999 -5.2
-0.27974 -4.4
-0.2795 -3.5
-0.27925 -2.6
-0.27901 -1.7
-0.27877 -0.8
-0.27852 0.1
-0.27828 1.0
-0.27803 1.9
-0.27779 2.8
-0.27755 3.7
-0.2773 4.6
-0.27706 5.5
-0.27681 6.4
-0.27657 7.2
-0.27633 8.1
-0.27608 8.9
-0.27584 9.7
-0.27559 10.5
-0.27535 11.3
-0.2751 12.0
-0.27486 12.8
-0.27462 13.5
-0.27437 14.2
-0.27413 14.8
-0.27388 15.5
-0.27364 16.1
-0.2734 16.6
-0.27315 17.2
-0.27291 17.7
-0.27266 18.2
-0.27242 18.6
-0.27217 19.0
-0.27193 19.4
-0.27169 19.7
-0.27144 20.0
-0.2712 20.3
-0.27095 20.5
-0.27071 20.7
-0.27047 20.8
-0.27022 20.9
-0.26998 21.0
-0.26973 21.0
-0.26949 21.0
-0.26925 20.9
-0.269 20.8
-0.26876 20.7
-0.26851 20.5
-0.26827 20.3
-0.26802 20.0
-0.26778 19.7
-0.26754 19.4
-0.26729 19.0
-0.26705 18.6
-0.2668 18.1
-0.26656 17.6
-0.26632 17.1
-0.26607 16.6
-0.26583 16.0
-0.26558 15.4
-0.26534 14.7
-0.26509 14.0
-0.26485 13.3
-0.26461 12.6
-0.26436 11.9
-0.26412 11.1
-0.26387 10.3
-0.26363 9.5
-0.26339 8.6
-0.26314 7.8
-0.2629 6.9
-0.26265 6.0
-0.26241 5.1
-0.26217 4.2
-0.26192 3.3
-0.26168 2.3
-0.26143 1.4
-0.26119 0.5
-0.26094 -0.5
-0.2607 -1.4
-0.26046 -2.3
-0.26021 -3.3
-0.25997 -4.2
-0.25972 -5.1
-0.25948 -6.0
-0.25924 -6.9
-0.25899 -7.8
-0.25875 -8.7
-0.2585 -9.5
-0.25826 -10.4
-0.25801 -11.2
-0.25777 -12.0
-0.25753 -12.7
-0.25728 -13.5
-0.25704 -14.2
-0.25679 -14.9
-0.25655 -15.5
-0.25631 -16.2
-0.25606 -16.8
-0.25582 -17.3
-0.25557 -17.9
-0.25533 -18.4
-0.25508 -18.8
-0.25484 -19.3
-0.2546 -19.6
-0.25435 -20.0
-0.25411 -20.3
-0.25386 -20.6
-0.25362 -20.8
-0.25338 -21.0
-0.25313 -21.1
-0.25289 -21.2
-0.25264 -21.3
-0.2524 -21.3
-0.25216 -21.3
-0.25191 -21.2
-0.25167 -21.1
-0.25142 -20.9
-0.25118 -20.7
-0.25093 -20.5
-0.25069 -20.2
-0.25045 -19.9
-0.2502 -19.5
-0.24996 -19.1
-0.24971 -18.7
-0.24947 -18.2
-0.24923 -17.7
-0.24898 -17.1
-0.24874 -16.5
-0.24849 -15.9
-0.24825 -15.2
-0.248 -14.6
-0.24776 -13.8
-0.24752 -13.1
-0.24727 -12.3
-0.24703 -11.5
-0.24678 -10.7
-0.24654 -9.9
-0.2463 -9.0
-0.24605 -8.1
-0.24581 -7.2
-0.24556 -6.3
-0.24532 -5.3
-0.24508 -4.4
-0.24483 -3.4
-0.24459 -2.5
-0.24434 -1.5
-0.2441 -0.6
-0.24385 0.4
-0.24361 1.4
-0.24337 2.4
-0.24312 3.3
-0.24288 4.3
-0.24263 5.2
-0.24239 6.2
-0.24215 7.1
-0.2419 8.0
-0.24166 8.9
-0.24141 9.8
-0.24117 10.7
-0.24092 11.5
-0.24068 12.3
-0.24044 13.1
-0.24019 13.9
-0.23995 14.6
-0.2397 15.3
-0.23946 16.0
-0.23922 16.7
-0.23897 17.3
-0.23873 17.9
-0.23848 18.4
-0.23824 18.9
-0.238 19.3
-0.23775 19.8
-0.23751 20.1
-0.23726 20.5
-0.23702 20.8
-0.23677 21.0
-0.23653 21.2
-0.23629 21.4
-0.23604 21.5
-0.2358 21.6
-0.23555 21.6
-0.23531 21.6
-0.23507 21.5
-0.23482 21.4
-0.23458 21.3
-0.23433 21.1
-0.23409 20.8
-0.23384 20.5
-0.2336 20.2
-0.23336 19.8
-0.23311 19.4
-0.23287 19.0
-0.23262 18.5
-0.23238 17.9
-0.23214 17.3
-0.23189 16.7
-0.23165 16.1
-0.2314 15.4
-0.23116 14.7
-0.23092 13.9
-0.23067 13.1
-0.23043 12.3
-0.23018 11.5
-0.22994 10.6
-0.22969 9.7
-0.22945 8.8
-0.22921 7.9
-0.22896 6.9
-0.22872 6.0
-0.22847 5.0
-0.22823 4.0
-0.22799 3.0
-0.22774 2.0
-0.2275 1.0
-0.22725 0.0
-0.22701 -1.0
-0.22676 -2.0
-0.22652 -3.0
-0.22628 -4.0
-0.22603 -5.0
-0.22579 -6.0
-0.22554 -7.0
-0.2253 -7.9
-0.22506 -8.9
-0.22481 -9.8
-0.22457 -10.7
-0.22432 -11.6
-0.22408 -12.4
-0.22383 -13.3
-0.22359 -14.1
-0.22335 -14.8
-0.2231 -15.6
-0.22286 -16.3
-0.22261 -17.0
-0.22237 -17.6
-0.22213 -18.2
-0.22188 -18.7
-0.22164 -19.3
-0.22139 -19.7
-0.22115 -20.2
-0.22091 -20.6
-0.22066 -20.9
-0.22042 -21.2
-0.22017 -21.4
-0.21993 -21.6
-0.21968 -21.8
-0.21944 -21.9
-0.2192 -22.0
-0.21895 -22.0
-0.21871 -21.9
-0.21846 -21.9
-0.21822 -21.7
-0.21798 -21.5
-0.21773 -21.3
-0.21749 -21.0
-0.21724 -20.7
-0.217 -20.3
-0.21675 -19.9
-0.21651 -19.4
-0.21627 -18.9
-0.21602 -18.4
-0.21578 -17.8
-0.21553 -17.2
-0.21529 -16.5
-0.21505 -15.8
-0.2148 -15.0
-0.21456 -14.3
-0.21431 -13.4
-0.21407 -12.6
-0.21383 -11.7
-0.21358 -10.8
-0.21334 -9.9
-0.21309 -9.0
-0.21285 -8.0
-0.2126 -7.0
-0.21236 -6.0
-0.21212 -5.0
-0.21187 -3.9
-0.21163 -2.9
-0.21138 -1.8
-0.21114 -0.8
-0.2109 0.3
-0.21065 1.3
-0.21041 2.4
-0.21016 3.4
-0.20992 4.5
-0.20967 5.5
-0.20943 6.5
-0.20919 7.5
-0.20894 8.5
-0.2087 9.5
-0.20845 10.5
-0.20821 11.4
-0.20797 12.3
-0.20772 13.2
-0.20748 14.0
-0.20723 14.8
-0.20699 15.6
-0.20675 16.4
-0.2065 17.1
-0.20626 17.8
-0.20601 18.4
-0.20577 19.0
-0.20552 19.5
-0.20528 20.0
-0.20504 20.5
-0.20479 20.9
-0.20455 21.2
-0.2043 21.6
-0.20406 21.8
-0.20382 22.0
-0.20357 22.2
-0.20333 22.3
-0.20308 22.4
-0.20284 22.4
-0.20259 22.3
-0.20235 22.2
-0.20211 22.1
-0.20186 21.9
-0.20162 21.6
-0.20137 21.3
-0.20113 20.9
-0.20089 20.5
-0.20064 20.1
-0.2004 19.6
-0.20015 19.0
-0.19991 18.4
-0.19967 17.8
-0.19942 17.1
-0.19918 16.4
-0.19893 15.6
-0.19869 14.8
-0.19844 14.0
-0.1982 13.1
-0.19796 12.2
-0.19771 11.3
-0.19747 10.3
-0.19722 9.4
-0.19698 8.3
-0.19674 7.3
-0.19649 6.3
-0.19625 5.2
-0.196 4.1
-0.19576 3.0
-0.19551 2.0
-0.19527 0.8
-0.19503 -0.3
-0.19478 -1.4
-0.19454 -2.5
-0.19429 -3.6
-0.19405 -4.7
-0.19381 -5.7
-0.19356 -6.8
-0.19332 -7.9
-0.19307 -8.9
-0.19283 -9.9
-0.19258 -10.9
-0.19234 -11.9
-0.1921 -12.8
-0.19185 -13.7
-0.19161 -14.6
-0.19136 -15.4
-0.19112 -16.2
-0.19088 -17.0
-0.19063 -17.7
-0.19039 -18.4
-0.19014 -19.0
-0.1899 -19.6
-0.18966 -20.2
-0.18941 -20.7
-0.18917 -21.1
-0.18892 -21.5
-0.18868 -21.9
-0.18843 -22.2
-0.18819 -22.4
-0.18795 -22.6
-0.1877 -22.7
-0.18746 -22.8
-0.18721 -22.8
-0.18697 -22.7
-0.18673 -22.6
-0.18648 -22.5
-0.18624 -22.3
-0.18599 -22.0
-0.18575 -21.7
-0.1855 -21.3
-0.18526 -20.9
-0.18502 -20.4
-0.18477 -19.9
-0.18453 -19.3
-0.18428 -18.7
-0.18404 -18.0
-0.1838 -17.3
-0.18355 -16.5
-0.18331 -15.7
-0.18306 -14.8
-0.18282 -13.9
-0.18258 -13.0
-0.18233 -12.1
-0.18209 -11.1
-0.18184 -10.1
-0.1816 -9.0
-0.18135 -7.9
-0.18111 -6.9
-0.18087 -5.8
-0.18062 -4.6
-0.18038 -3.5
-0.18013 -2.4
-0.17989 -1.2
-0.17965 0.0
-0.1794 1.1
-0.17916 2.3
-0.17891 3.4
-0.17867 4.6
-0.17842 5.7
-0.17818 6.8
-0.17794 7.9
-0.17769 9.0
-0.17745 10.1
-0.1772 11.1
-0.17696 12.1
-0.17672 13.1
-0.17647 14.1
-0.17623 15.0
-0.17598 15.8
-0.17574 16.7
-0.1755 17.5
-0.17525 18.2
-0.17501 18.9
-0.17476 19.6
-0.17452 20.2
-0.17427 20.7
-0.17403 21.2
-0.17379 21.7
-0.17354 22.1
-0.1733 22.4
-0.17305 22.7
-0.17281 22.9
-0.17257 23.1
-0.17232 23.2
-0.17208 23.2
-0.17183 23.2
-0.17159 23.1
-0.17134 23.0
-0.1711 22.8
-0.17086 22.5
-0.17061 22.2
-0.17037 21.8
-0.17012 21.3
-0.16988 20.9
-0.16964 20.3
-0.16939 19.7
-0.16915 19.0
-0.1689 18.3
-0.16866 17.6
-0.16842 16.8
-0.16817 15.9
-0.16793 15.0
-0.16768 14.1
-0.16744 13.1
-0.16719 12.1
-0.16695 11.1
-0.16671 10.0
-0.16646 8.9
-0.16622 7.8
-0.16597 6.6
-0.16573 5.4
-0.16549 4.3
-0.16524 3.1
-0.165 1.9
-0.16475 0.6
-0.16451 -0.6
-0.16426 -1.8
-0.16402 -3.0
-0.16378 -4.2
-0.16353 -5.4
-0.16329 -6.6
-0.16304 -7.7
-0.1628 -8.9
-0.16256 -10.0
-0.16231 -11.1
-0.16207 -12.2
-0.16182 -13.2
-0.16158 -14.2
-0.16133 -15.2
-0.16109 -16.1
-0.16085 -17.0
-0.1606 -17.8
-0.16036 -18.6
-0.16011 -19.3
-0.15987 -20.0
-0.15963 -20.7
-0.15938 -21.2
-0.15914 -21.8
-0.15889 -22.2
-0.15865 -22.6
-0.15841 -23.0
-0.15816 -23.2
-0.15792 -23.4
-0.15767 -23.6
-0.15743 -23.7
-0.15718 -23.7
-0.15694 -23.6
-0.1567 -23.5
-0.15645 -23.3
-0.15621 -23.1
-0.15596 -22.8
-0.15572 -22.4
-0.15548 -22.0
-0.15523 -21.5
-0.15499 -20.9
-0.15474 -20.3
-0.1545 -19.6
-0.15425 -18.9
-0.15401 -18.1
-0.15377 -17.2
-0.15352 -16.3
-0.15328 -15.4
-0.15303 -14.4
-0.15279 -13.4
-0.15255 -12.3
-0.1523 -11.2
-0.15206 -10.1
-0.15181 -9.0
-0.15157 -7.8
-0.15133 -6.6
-0.15108 -5.3
-0.15084 -4.1
-0.15059 -2.8
-0.15035 -1.5
-0.1501 -0.3
-0.14986 1.0
-0.14962 2.3
-0.14937 3.6
-0.14913 4.8
-0.14888 6.1
-0.14864 7.3
-0.1484 8.5
-0.14815 9.7
-0.14791 10.9
-0.14766 12.0
-0.14742 13.2
-0.14717 14.2
-0.14693 15.2
-0.14669 16.2
-0.14644 17.2
-0.1462 18.1
-0.14595 18.9
-0.14571 19.7
-0.14547 20.4
-0.14522 21.1
-0.14498 21.7
-0.14473 22.2
-0.14449 22.7
-0.14425 23.1
-0.144 23.5
-0.14376 23.8
-0.14351 24.0
-0.14327 24.1
-0.14302 24.2
-0.14278 24.2
-0.14254 24.1
-0.14229 24.0
-0.14205 23.7
-0.1418 23.5
-0.14156 23.1
-0.14132 22.7
-0.14107 22.2
-0.14083 21.6
-0.14058 21.0
-0.14034 20.3
-0.14009 19.5
-0.13985 18.7
-0.13961 17.9
-0.13936 16.9
-0.13912 15.9
-0.13887 14.9
-0.13863 13.8
-0.13839 12.7
-0.13814 11.6
-0.1379 10.4
-0.13765 9.2
-0.13741 7.9
-0.13717 6.6
-0.13692 5.3
-0.13668 4.0
-0.13643 2.7
-0.13619 1.3
-0.13594 0.0
-0.1357 -1.4
-0.13546 -2.8
-0.13521 -4.1
-0.13497 -5.4
-0.13472 -6.8
-0.13448 -8.1
-0.13424 -9.3
-0.13399 -10.6
-0.13375 -11.8
-0.1335 -13.0
-0.13326 -14.1
-0.13301 -15.2
-0.13277 -16.3
-0.13253 -17.3
-0.13228 -18.3
-0.13204 -19.2
-0.13179 -20.0
-0.13155 -20.8
-0.13131 -21.5
-0.13106 -22.2
-0.13082 -22.7
-0.13057 -23.3
-0.13033 -23.7
-0.13008 -24.1
-0.12984 -24.4
-0.1296 -24.6
-0.12935 -24.7
-0.12911 -24.8
-0.12886 -24.7
-0.12862 -24.6
-0.12838 -24.5
-0.12813 -24.2
-0.12789 -23.9
-0.12764 -23.5
-0.1274 -23.0
-0.12716 -22.4
-0.12691 -21.8
-0.12667 -21.1
-0.12642 -20.3
-0.12618 -19.5
-0.12593 -18.6
-0.12569 -17.6
-0.12545 -16.6
-0.1252 -15.5
-0.12496 -14.4
-0.12471 -13.2
-0.12447 -12.0
-0.12423 -10.7
-0.12398 -9.4
-0.12374 -8.1
-0.12349 -6.7
-0.12325 -5.3
-0.123 -3.9
-0.12276 -2.5
-0.12252 -1.1
-0.12227 0.4
-0.12203 1.8
-0.12178 3.2
-0.12154 4.7
-0.1213 6.1
-0.12105 7.5
-0.12081 8.8
-0.12056 10.2
-0.12032 11.5
-0.12008 12.8
-0.11983 14.0
-0.11959 15.2
-0.11934 16.4
-0.1191 17.4
-0.11885 18.5
-0.11861 19.5
-0.11837 20.4
-0.11812 21.2
-0.11788 22.0
-0.11763 22.7
-0.11739 23.3
-0.11715 23.8
-0.1169 24.3
-0.11666 24.7
-0.11641 25.0
-0.11617 25.2
-0.11592 25.3
-0.11568 25.4
-0.11544 25.3
-0.11519 25.2
-0.11495 25.0
-0.1147 24.7
-0.11446 24.3
-0.11422 23.8
-0.11397 23.3
-0.11373 22.6
-0.11348 21.9
-0.11324 21.1
-0.113 20.3
-0.11275 19.3
-0.11251 18.3
-0.11226 17.2
-0.11202 16.1
-0.11177 14.9
-0.11153 13.7
-0.11129 12.4
-0.11104 11.0
-0.1108 9.6
-0.11055 8.2
-0.11031 6.7
-0.11007 5.3
-0.10982 3.8
-0.10958 2.2
-0.10933 0.7
-0.10909 -0.8
-0.10884 -2.3
-0.1086 -3.9
-0.10836 -5.4
-0.10811 -6.9
-0.10787 -8.4
-0.10762 -9.8
-0.10738 -11.2
-0.10714 -12.6
-0.10689 -14.0
-0.10665 -15.3
-0.1064 -16.5
-0.10616 -17.7
-0.10592 -18.8
-0.10567 -19.8
-0.10543 -20.8
-0.10518 -21.7
-0.10494 -22.6
-0.10469 -23.3
-0.10445 -24.0
-0.10421 -24.5
-0.10396 -25.0
-0.10372 -25.4
-0.10347 -25.7
-0.10323 -25.9
-0.10299 -26.1
-0.10274 -26.1
-0.1025 -26.0
-0.10225 -25.8
-0.10201 -25.6
-0.10176 -25.2
-0.10152 -24.7
-0.10128 -24.2
-0.10103 -23.5
-0.10079 -22.8
-0.10054 -22.0
-0.1003 -21.0
-0.10006 -20.1
-0.09981 -19.0
-0.09957 -17.9
-0.09932 -16.6
-0.09908 -15.4
-0.09883 -14.0
-0.09859 -12.6
-0.09835 -11.2
-0.0981 -9.7
-0.09786 -8.2
-0.09761 -6.6
-0.09737 -5.0
-0.09713 -3.4
-0.09688 -1.8
-0.09664 -0.1
-0.09639 1.5
-0.09615 3.2
-0.09591 4.8
-0.09566 6.4
-0.09542 8.0
-0.09517 9.6
-0.09493 11.1
-0.09468 12.6
-0.09444 14.1
-0.0942 15.5
-0.09395 16.8
-0.09371 18.1
-0.09346 19.3
-0.09322 20.4
-0.09298 21.5
-0.09273 22.4
-0.09249 23.3
-0.09224 24.1
-0.092 24.8
-0.09175 25.4
-0.09151 25.9
-0.09127 26.3
-0.09102 26.6
-0.09078 26.8
-0.09053 26.9
-0.09029 26.8
-0.09005 26.7
-0.0898 26.4
-0.08956 26.1
-0.08931 25.6
-0.08907 25.0
-0.08883 24.4
-0.08858 23.6
-0.08834 22.7
-0.08809 21.7
-0.08785 20.7
-0.0876 19.5
-0.08736 18.3
-0.08712 17.0
-0.08687 15.6
-0.08663 14.2
-0.08638 12.6
-0.08614 11.1
-0.0859 9.5
-0.08565 7.8
-0.08541 6.1
-0.08516 4.4
-0.08492 2.6
-0.08467 0.8
-0.08443 -0.9
-0.08419 -2.7
-0.08394 -4.5
-0.0837 -6.2
-0.08345 -8.0
-0.08321 -9.7
-0.08297 -11.3
-0.08272 -12.9
-0.08248 -14.5
-0.08223 -16.0
-0.08199 -17.4
-0.08175 -18.8
-0.0815 -20.1
-0.08126 -21.3
-0.08101 -22.4
-0.08077 -23.5
-0.08052 -24.4
-0.08028 -25.2
-0.08004 -25.9
-0.07979 -26.5
-0.07955 -27.0
-0.0793 -27.3
-0.07906 -27.6
-0.07882 -27.7
-0.07857 -27.7
-0.07833 -27.6
-0.07808 -27.3
-0.07784 -27.0
-0.07759 -26.5
-0.07735 -25.9
-0.07711 -25.1
-0.07686 -24.3
-0.07662 -23.3
-0.07637 -22.2
-0.07613 -21.1
-0.07589 -19.8
-0.07564 -18.4
-0.0754 -17.0
-0.07515 -15.5
-0.07491 -13.8
-0.07467 -12.2
-0.07442 -10.4
-0.07418 -8.6
-0.07393 -6.8
-0.07369 -4.9
-0.07344 -3.0
-0.0732 -1.1
-0.07296 0.8
-0.07271 2.7
-0.07247 4.7
-0.07222 6.6
-0.07198 8.5
-0.07174 10.3
-0.07149 12.1
-0.07125 13.9
-0.071 15.5
-0.07076 17.2
-0.07051 18.7
-0.07027 20.2
-0.07003 21.5
-0.06978 22.8
-0.06954 23.9
-0.06929 25.0
-0.06905 25.9
-0.06881 26.7
-0.06856 27.4
-0.06832 27.9
-0.06807 28.3
-0.06783 28.6
-0.06758 28.7
-0.06734 28.7
-0.0671 28.5
-0.06685 28.2
-0.06661 27.8
-0.06636 27.2
-0.06612 26.5
-0.06588 25.6
-0.06563 24.7
-0.06539 23.5
-0.06514 22.3
-0.0649 20.9
-0.06466 19.5
-0.06441 17.9
-0.06417 16.3
-0.06392 14.5
-0.06368 12.7
-0.06343 10.8
-0.06319 8.8
-0.06295 6.8
-0.0627 4.7
-0.06246 2.6
-0.06221 0.5
-0.06197 -1.6
-0.06173 -3.7
-0.06148 -5.8
-0.06124 -7.9
-0.06099 -10.0
-0.06075 -12.0
-0.0605 -13.9
-0.06026 -15.8
-0.06002 -17.6
-0.05977 -19.3
-0.05953 -20.9
-0.05928 -22.4
-0.05904 -23.8
-0.0588 -25.1
-0.05855 -26.2
-0.05831 -27.2
-0.05806 -28.0
-0.05782 -28.7
-0.05758 -29.2
-0.05733 -29.6
-0.05709 -29.8
-0.05684 -29.9
-0.0566 -29.8
-0.05635 -29.5
-0.05611 -29.0
-0.05587 -28.4
-0.05562 -27.6
-0.05538 -26.7
-0.05513 -25.6
-0.05489 -24.4
-0.05465 -23.0
-0.0544 -21.4
-0.05416 -19.8
-0.05391 -18.0
-0.05367 -16.1
-0.05342 -14.1
-0.05318 -12.1
-0.05294 -9.9
-0.05269 -7.7
-0.05245 -5.4
-0.0522 -3.1
-0.05196 -0.8
-0.05172 1.6
-0.05147 4.0
-0.05123 6.3
-0.05098 8.6
-0.05074 10.9
-0.0505 13.1
-0.05025 15.2
-0.05001 17.3
-0.04976 19.3
-0.04952 21.1
-0.04927 22.9
-0.04903 24.4
-0.04879 25.9
-0.04854 27.2
-0.0483 28.3
-0.04805 29.3
-0.04781 30.1
-0.04757 30.6
-0.04732 31.0
-0.04708 31.3
-0.04683 31.3
-0.04659 31.1
-0.04634 30.7
-0.0461 30.1
-0.04586 29.3
-0.04561 28.3
-0.04537 27.1
-0.04512 25.8
-0.04488 24.2
-0.04464 22.5
-0.04439 20.7
-0.04415 18.7
-0.0439 16.5
-0.04366 14.3
-0.04342 11.9
-0.04317 9.4
-0.04293 6.9
-0.04268 4.3
-0.04244 1.7
-0.04219 -1.0
-0.04195 -3.6
-0.04171 -6.3
-0.04146 -8.9
-0.04122 -11.5
-0.04097 -14.0
-0.04073 -16.4
-0.04049 -18.7
-0.04024 -20.9
-0.04 -23.0
-0.03975 -24.9
-0.03951 -26.6
-0.03926 -28.1
-0.03902 -29.5
-0.03878 -30.6
-0.03853 -31.6
-0.03829 -32.3
-0.03804 -32.7
-0.0378 -32.9
-0.03756 -32.9
-0.03731 -32.6
-0.03707 -32.1
-0.03682 -31.4
-0.03658 -30.4
-0.03633 -29.1
-0.03609 -27.6
-0.03585 -25.9
-0.0356 -24.0
-0.03536 -21.9
-0.03511 -19.6
-0.03487 -17.2
-0.03463 -14.6
-0.03438 -11.8
-0.03414 -9.0
-0.03389 -6.0
-0.03365 -3.0
-0.03341 0.0
-0.03316 3.1
-0.03292 6.2
-0.03267 9.2
-0.03243 12.2
-0.03218 15.1
-0.03194 17.9
-0.0317 20.5
-0.03145 23.0
-0.03121 25.3
-0.03096 27.4
-0.03072 29.3
-0.03048 31.0
-0.03023 32.4
-0.02999 33.5
-0.02974 34.3
-0.0295 34.8
-0.02925 35.0
-0.02901 34.9
-0.02877 34.5
-0.02852 33.8
-0.02828 32.8
-0.02803 31.4
-0.02779 29.7
-0.02755 27.8
-0.0273 25.6
-0.02706 23.1
-0.02681 20.4
-0.02657 17.4
-0.02633 14.3
-0.02608 11.0
-0.02584 7.6
-0.02559 4.1
-0.02535 0.5
-0.0251 -3.2
-0.02486 -6.8
-0.02462 -10.4
-0.02437 -13.9
-0.02413 -17.3
-0.02388 -20.6
-0.02364 -23.6
-0.0234 -26.5
-0.02315 -29.1
-0.02291 -31.4
-0.02266 -33.3
-0.02242 -35.0
-0.02217 -36.3
-0.02193 -37.1
-0.02169 -37.6
-0.02144 -37.7
-0.0212 -37.3
-0.02095 -36.5
-0.02071 -35.3
-0.02047 -33.7
-0.02022 -31.6
-0.01998 -29.2
-0.01973 -26.3
-0.01949 -23.2
-0.01925 -19.7
-0.019 -15.9
-0.01876 -11.9
-0.01851 -7.7
-0.01827 -3.4
-0.01802 1.1
-0.01778 5.5
-0.01754 10.0
-0.01729 14.3
-0.01705 18.6
-0.0168 22.6
-0.01656 26.4
-0.01632 29.8
-0.01607 32.9
-0.01583 35.6
-0.01558 37.8
-0.01534 39.5
-0.01509 40.6
-0.01485 41.2
-0.01461 41.1
-0.01436 40.5
-0.01412 39.2
-0.01387 37.3
-0.01363 34.7
-0.01339 31.6
-0.01314 27.9
-0.0129 23.8
-0.01265 19.1
-0.01241 14.1
-0.01217 8.8
-0.01192 3.2
-0.01168 -2.6
-0.01143 -8.3
-0.01119 -14.1
-0.01094 -19.7
-0.0107 -25.0
-0.01046 -29.9
-0.01021 -34.4
-0.00997 -38.2
-0.00972 -41.4
-0.00948 -43.8
-0.00924 -45.4
-0.00899 -46.0
-0.00875 -45.7
-0.0085 -44.3
-0.00826 -42.0
-0.00801 -38.6
-0.00777 -34.3
-0.00753 -29.1
-0.00728 -23.1
-0.00704 -16.3
-0.00679 -9.0
-0.00655 -1.2
-0.00631 6.7
-0.00606 14.7
-0.00582 22.5
-0.00557 29.9
-0.00533 36.6
-0.00508 42.4
-0.00484 47.1
-0.0046 50.4
-0.00435 52.2
-0.00411 52.3
-0.00386 50.5
-0.00362 46.9
-0.00338 41.5
-0.00313 34.2
-0.00289 25.3
-0.00264 15.1
-0.0024 3.8
-0.00216 -8.1
-0.00191 -20.1
-0.00167 -31.6
-0.00142 -41.9
-0.00118 -50.5
-0.00093 -56.5
-0.00069 -59.3
-0.00045 -58.3
-0.0002 -53.2
4e-05 -43.9
0.00029 -30.8
0.00053 -14.8
0.00077 2.8
0.00102 20.4
0.00126 36.0
0.00151 47.7
0.00175 54.1
0.002 54.2
0.00224 47.8
0.00248 35.9
0.00273 20.0
0.00297 2.4
0.00322 -14.3
0.00346 -28.0
0.0037 -36.8
0.00395 -39.6
0.00419 -36.6
0.00444 -28.5
0.00468 -17.0
0.00492 -4.1
0.00517 8.0
0.00541 17.6
0.00566 23.4
0.0059 24.9
0.00615 22.3
0.00639 16.4
0.00663 8.7
0.00688 0.5
0.00712 -6.8
0.00737 -12.1
0.00761 -14.7
0.00785 -14.6
0.0081 -12.1
0.00834 -7.9
0.00859 -2.9
0.00883 2.0
0.00908 5.9
0.00932 8.3
0.00956 9.0
0.00981 8.1
0.01005 5.9
0.0103 3.0
0.01054 0.0
0.01078 -2.7
0.01103 -4.6
0.01127 -5.4
0.01152 -5.3
0.01176 -4.2
0.012 -2.6
0.01225 -0.7
0.01249 1.1
0.01274 2.4
0.01298 3.2
0.01323 3.3
0.01347 2.9
0.01371 2.0
0.01396 0.9
0.0142 -0.3
0.01445 -1.2
0.01469 -1.8
0.01493 -2.0
0.01518 -1.9
0.01542 -1.4
0.01567 -0.8
0.01591 0.0
0.01616 0.5
0.0164 1.0
0.01664 1.2
0.01689 1.2
0.01713 1.0
0.01738 0.6
0.01762 0.2
0.01786 -0.2
0.01811 -0.5
0.01835 -0.7
0.0186 -0.8
0.01884 -0.7
0.01908 -0.5
0.01933 -0.2
0.01957 0.0
0.01982 0.3
0.02006 0.4
0.02031 0.5
0.02055 0.4
0.02079 0.3
0.02104 0.2
0.02128 0.0
0.02153 -0.1
0.02177 -0.2
0.02201 -0.3
0.02226 -0.3
0.0225 -0.2
0.02275 -0.2
0.02299 0.0
0.02324 0.0
0.02348 0.1
0.02372 0.2
0.02397 0.2
0.02421 0.2
0.02446 0.1
0.0247 0.0
0.02494 0.0
0.02519 0.0
0.02543 0.0
0.02568 -0.1
0.02592 -0.1
0.02617 0.0
0.02641 0.0
0.02665 0.0
0.0269 0.0
0.02714 0.0
0.02739 0.0
0.02763 0.0
0.02787 0.0
0.02812 0.0
0.02836 0.0
0.02861 0.0
0.02885 0.0
0.02909 0.0
0.02934 0.0
0.02958 0.0
0.02983 0.0
0.03007 0.0
0.03032 0.0
0.03056 0.0
0.0308 0.0
0.03105 0.0
0.03129 0.0
0.03154 0.0
0.03178 0.0
0.03202 0.0
0.03227 0.0
0.03251 0.0
0.03276 0.0
0.033 0.0
0.03325 0.0
0.03349 0.0
0.03373 0.0
0.03398 0.0
0.03422 0.0
0.03447 0.0
0.03471 0.0
0.03495 0.0
0.0352 0.0
0.03544 0.0
0.03569 0.0
0.03593 0.0
0.03617 0.0
0.03642 0.0
0.03666 0.0
0.03691 0.0
0.03715 0.0
0.0374 0.0
0.03764 0.0
0.03788 0.0
0.03813 0.0
0.03837 0.0
0.03862 0.0
0.03886 0.0
0.0391 0.0
0.03935 0.0
0.03959 0.0
0.03984 0.0
0.04008 0.0
0.04033 0.0
0.04057 0.0
0.04081 0.0
0.04106 0.0
0.0413 0.0
0.04155 0.0
0.04179 0.0
0.04203 0.0
0.04228 0.0
0.04252 0.0
0.04277 0.0
0.04301 0.0
0.04325 0.0
0.0435 0.0
0.04374 0.0
0.04399 0.0
0.04423 0.0
0.04448 0.0
0.04472 0.0
0.04496 0.0
0.04521 0.0
0.04545 0.0
0.0457 0.0
0.04594 0.0
0.04618 0.0
0.04643 0.0
0.04667 0.0
0.04692 0.0
0.04716 0.0
0.04741 0.0
0.04765 0.0
0.04789 0.0
0.04814 0.0
0.04838 0.0
0.04863 0.0
0.04887 0.0
0.04911 0.0
0.04936 0.0
0.0496 0.0
0.04985 0.0
0.05009 0.0
0.05033 0.0
0.05058 0.0
0.05082 0.0
0.05107 0.0
0.05131 0.0
0.05156 0.0
0.0518 0.0
0.05204 0.0
0.05229 0.0
0.05253 0.0
0.05278 0.0
0.05302 0.0
0.05326 0.0
0.05351 0.0
0.05375 0.0
0.054 0.0
0.05424 0.0
0.05449 0.0
0.05473 0.0
0.05497 0.0
0.05522 0.0
0.05546 0.0
0.05571 0.0
0.05595 0.0
0.05619 0.0
0.05644 0.0
0.05668 0.0
0.05693 0.0
0.05717 0.0
0.05742 0.0
0.05766 0.0
0.0579 0.0
0.05815 0.0
0.05839 0.0
0.05864 0.0
0.05888 0.0
0.05912 0.0
0.05937 0.0
0.05961 0.0
0.05986 0.0
0.0601 0.0
0.06034 0.0
0.06059 0.0
0.06083 0.0
0.06108 0.0
0.06132 0.0
0.06157 0.0
0.06181 0.0
0.06205 0.0
0.0623 0.0
0.06254 0.0
0.06279 0.0
0.06303 0.0
0.06327 0.0
0.06352 0.0
0.06376 0.0
0.06401 0.0
0.06425 0.0
0.0645 0.0
0.06474 0.0
0.06498 0.0
0.06523 0.0
0.06547 0.0
0.06572 0.0
0.06596 0.0
0.0662 0.0
0.06645 0.0
0.06669 0.0
0.06694 0.0
0.06718 0.0
0.06742 0.0
0.06767 0.0
0.06791 0.0
0.06816 0.0
0.0684 0.0
0.06865 0.0
0.06889 0.0
0.06913 0.0
0.06938 0.0
0.06962 0.0
0.06987 0.0
0.07011 0.0
0.07035 0.0
0.0706 0.0
0.07084 0.0
0.07109 0.0
0.07133 0.0
0.07158 0.0
0.07182 0.0
0.07206 0.0
0.07231 0.0
0.07255 0.0
0.0728 0.0
0.07304 0.0
0.07328 0.0
0.07353 0.0
0.07377 0.0
0.07402 0.0
0.07426 0.0
0.0745 0.0
0.07475 0.0
0.07499 0.0
0.07524 0.0
0.07548 0.0
0.07573 0.0
0.07597 0.0
0.07621 0.0
0.07646 0.0
0.0767 0.0
0.07695 0.0
0.07719 0.0
0.07743 0.0
0.07768 0.0
0.07792 0.0
0.07817 0.0
0.07841 0.0
0.07866 0.0
0.0789 0.0
0.07914 0.0
0.07939 0.0
0.07963 0.0
0.07988 0.0
0.08012 0.0
0.08036 0.0
0.08061 0.0
0.08085 0.0
0.0811 0.0
0.08134 0.0
0.08158 0.0
0.08183 0.0
0.08207 0.0
0.08232 0.0
0.08256 0.0
0.08281 0.0
0.08305 0.0
0.08329 0.0
0.08354 0.0
0.08378 0.0
0.08403 0.0
0.08427 0.0
0.08451 0.0
0.08476 0.0
0.085 0.0
0.08525 0.0
0.08549 0.0
0.08574 0.0
0.08598 0.0
0.08622 0.0
0.08647 0.0
0.08671 0.0
0.08696 0.0
0.0872 0.0
0.08744 0.0
0.08769 0.0
0.08793 0.0
0.08818 0.0
0.08842 0.0
0.08867 0.0
0.08891 0.0
0.08915 0.0
0.0894 0.0
0.08964 0.0
0.08989 0.0
0.09013 0.0
0.09037 0.0
0.09062 0.0
0.09086 0.0
0.09111 0.0
0.09135 0.0
0.09159 0.0
0.09184 0.0
0.09208 0.0
0.09233 0.0
0.09257 0.0
0.09282 0.0
0.09306 0.0
0.0933 0.0
0.09355 0.0
0.09379 0.0
0.09404 0.0
0.09428 0.0
0.09452 0.0
0.09477 0.0
0.09501 0.0
0.09526 0.0
0.0955 0.0
0.09575 0.0
0.09599 0.0
0.09623 0.0
0.09648 0.0
0.09672 0.0
0.09697 0.0
0.09721 0.0
0.09745 0.0
0.0977 0.0
0.09794 0.0
0.09819 0.0
0.09843 0.0
0.09867 0.0
0.09892 0.0
0.09916 0.0
0.09941 0.0
0.09965 0.0
0.0999 0.0
0.10014 0.0
0.10038 0.0
0.10063 0.0
0.10087 0.0
0.10112 0.0
0.10136 0.0
0.1016 0.0
0.10185 0.0
0.10209 0.0
0.10234 0.0
0.10258 0.0
0.10283 0.0
0.10307 0.0
0.10331 0.0
0.10356 0.0
0.1038 0.0
0.10405 0.0
0.10429 0.0
0.10453 0.0
0.10478 0.0
0.10502 0.0
0.10527 0.0
0.10551 0.0
0.10575 0.0
0.106 0.0
0.10624 0.0
0.10649 0.0
0.10673 0.0
0.10698 0.0
0.10722 0.0
0.10746 0.0
0.10771 0.0
0.10795 0.0
0.1082 0.0
0.10844 0.0
0.10868 0.0
0.10893 0.0
0.10917 0.0
0.10942 0.0
0.10966 0.0
0.10991 0.0
0.11015 0.0
0.11039 0.0
0.11064 0.0
0.11088 0.0
0.11113 0.0
0.11137 0.0
0.11161 0.0
0.11186 0.0
0.1121 0.0
0.11235 0.0
0.11259 0.0
0.11283 0.0
0.11308 0.0
0.11332 0.0
0.11357 0.0
0.11381 0.0
0.11406 0.0
0.1143 0.0
0.11454 0.0
0.11479 0.0
0.11503 0.0
0.11528 0.0
0.11552 0.0
0.11576 0.0
0.11601 0.0
0.11625 0.0
0.1165 0.0
0.11674 0.0
0.11699 0.0
0.11723 0.0
0.11747 0.0
0.11772 0.0
0.11796 0.0
0.11821 0.0
0.11845 0.0
0.11869 0.0
0.11894 0.0
0.11918 0.0
0.11943 0.0
0.11967 0.0
0.11992 0.0
0.12016 0.0
0.1204 0.0
0.12065 0.0
0.12089 0.0
0.12114 0.0
0.12138 0.0
0.12162 0.0
0.12187 0.0
0.12211 0.0
0.12236 0.0
0.1226 0.0
0.12284 0.0
0.12309 0.0
0.12333 0.0
0.12358 0.0
0.12382 0.0
0.12407 0.0
0.12431 0.0
0.12455 0.0
0.1248 0.0
0.12504 0.0
0.12529 0.0
0.12553 0.0
0.12577 0.0
0.12602 0.0
0.12626 0.0
0.12651 0.0
0.12675 0.0
0.127 0.0
0.12724 0.0
0.12748 0.0
0.12773 0.0
0.12797 0.0
0.12822 0.0
0.12846 0.0
0.1287 0.0
0.12895 0.0
0.12919 0.0
0.12944 0.0
0.12968 0.0
0.12992 0.0
0.13017 0.0
0.13041 0.0
0.13066 0.0
0.1309 0.0
0.13115 0.0
0.13139 0.0
0.13163 0.0
0.13188 0.0
0.13212 0.0
0.13237 0.0
0.13261 0.0
0.13285 0.0
0.1331 0.0
0.13334 0.0
0.13359 0.0
0.13383 0.0
0.13408 0.0
0.13432 0.0
0.13456 0.0
0.13481 0.0
0.13505 0.0
0.1353 0.0
0.13554 0.0
0.13578 0.0
0.13603 0.0
0.13627 0.0
0.13652 0.0
0.13676 0.0
0.137 0.0
0.13725 0.0
0.13749 0.0
0.13774 0.0
0.13798 0.0
0.13823 0.0
0.13847 0.0
0.13871 0.0
0.13896 0.0
0.1392 0.0
0.13945 0.0
0.13969 0.0
0.13993 0.0
0.14018 0.0
0.14042 0.0
0.14067 0.0
0.14091 0.0
0.14116 0.0
0.1414 0.0
0.14164 0.0
0.14189 0.0
0.14213 0.0
0.14238 0.0
0.14262 0.0
0.14286 0.0
0.14311 0.0
0.14335 0.0
0.1436 0.0
0.14384 0.0
0.14408 0.0
0.14433 0.0
0.14457 0.0
0.14482 0.0
0.14506 0.0
0.14531 0.0
0.14555 0.0
0.14579 0.0
0.14604 0.0
0.14628 0.0
0.14653 0.0
0.14677 0.0
0.14701 0.0
0.14726 0.0
