t strain*1e23
-0.47527 -9.4
-0.47503 -9.3
-0.47478 -9.2
-0.47454 -9.1
-0.4743 -9.0
-0.47405 -8.8
-0.47381 -8.7
-0.47356 -8.5
-0.47332 -8.3
-0.47308 -8.1
-0.47283 -7.9
-0.47259 -7.7
-0.47234 -7.4
-0.4721 -7.2
-0.47186 -6.9
-0.47161 -6.7
-0.47137 -6.4
-0.47112 -6.1
-0.47088 -5.8
-0.47063 -5.5
-0.47039 -5.2
-0.47015 -4.9
-0.4699 -4.6
-0.46966 -4.2
-0.46941 -3.9
-0.46917 -3.5
-0.46893 -3.2
-0.46868 -2.8
-0.46844 -2.5
-0.46819 -2.1
-0.46795 -1.7
-0.4677 -1.4
-0.46746 -1.0
-0.46722 -0.6
-0.46697 -0.2
-0.46673 0.1
-0.46648 0.5
-0.46624 0.9
-0.466 1.3
-0.46575 1.6
-0.46551 2.0
-0.46526 2.4
-0.46502 2.7
-0.46478 3.1
-0.46453 3.5
-0.46429 3.8
-0.46404 4.2
-0.4638 4.5
-0.46355 4.8
-0.46331 5.2
-0.46307 5.5
-0.46282 5.8
-0.46258 6.1
-0.46233 6.4
-0.46209 6.7
-0.46185 6.9
-0.4616 7.2
-0.46136 7.5
-0.46111 7.7
-0.46087 7.9
-0.46062 8.1
-0.46038 8.3
-0.46014 8.5
-0.45989 8.7
-0.45965 8.9
-0.4594 9.0
-0.45916 9.2
-0.45892 9.3
-0.45867 9.4
-0.45843 9.5
-0.45818 9.6
-0.45794 9.7
-0.4577 9.7
-0.45745 9.8
-0.45721 9.8
-0.45696 9.8
-0.45672 9.8
-0.45647 9.8
-0.45623 9.7
-0.45599 9.7
-0.45574 9.6
-0.4555 9.6
-0.45525 9.5
-0.45501 9.4
-0.45477 9.2
-0.45452 9.1
-0.45428 9.0
-0.45403 8.8
-0.45379 8.6
-0.45354 8.4
-0.4533 8.2
-0.45306 8.0
-0.45281 7.8
-0.45257 7.5
-0.45232 7.3
-0.45208 7.0
-0.45184 6.8
-0.45159 6.5
-0.45135 6.2
-0.4511 5.9
-0.45086 5.6
-0.45061 5.3
-0.45037 4.9
-0.45013 4.6
-0.44988 4.2
-0.44964 3.9
-0.44939 3.5
-0.44915 3.2
-0.44891 2.8
-0.44866 2.4
-0.44842 2.1
-0.44817 1.7
-0.44793 1.3
-0.44769 0.9
-0.44744 0.5
-0.4472 0.2
-0.44695 -0.2
-0.44671 -0.6
-0.44646 -1.0
-0.44622 -1.4
-0.44598 -1.8
-0.44573 -2.1
-0.44549 -2.5
-0.44524 -2.9
-0.445 -3.3
-0.44476 -3.6
-0.44451 -4.0
-0.44427 -4.3
-0.44402 -4.7
-0.44378 -5.0
-0.44353 -5.3
-0.44329 -5.7
-0.44305 -6.0
-0.4428 -6.3
-0.44256 -6.6
-0.44231 -6.9
-0.44207 -7.1
-0.44183 -7.4
-0.44158 -7.7
-0.44134 -7.9
-0.44109 -8.1
-0.44085 -8.3
-0.44061 -8.5
-0.44036 -8.7
-0.44012 -8.9
-0.43987 -9.1
-0.43963 -9.2
-0.43938 -9.4
-0.43914 -9.5
-0.4389 -9.6
-0.43865 -9.7
-0.43841 -9.7
-0.43816 -9.8
-0.43792 -9.9
-0.43768 -9.9
-0.43743 -9.9
-0.43719 -9.9
-0.43694 -9.9
-0.4367 -9.8
-0.43645 -9.8
-0.43621 -9.7
-0.43597 -9.7
-0.43572 -9.6
-0.43548 -9.5
-0.43523 -9.3
-0.43499 -9.2
-0.43475 -9.0
-0.4345 -8.9
-0.43426 -8.7
-0.43401 -8.5
-0.43377 -8.3
-0.43353 -8.1
-0.43328 -7.8
-0.43304 -7.6
-0.43279 -7.3
-0.43255 -7.1
-0.4323 -6.8
-0.43206 -6.5
-0.43182 -6.2
-0.43157 -5.9
-0.43133 -5.6
-0.43108 -5.2
-0.43084 -4.9
-0.4306 -4.6
-0.43035 -4.2
-0.43011 -3.8
-0.42986 -3.5
-0.42962 -3.1
-0.42937 -2.7
-0.42913 -2.3
-0.42889 -2.0
-0.42864 -1.6
-0.4284 -1.2
-0.42815 -0.8
-0.42791 -0.4
-0.42767 0.0
-0.42742 0.4
-0.42718 0.8
-0.42693 1.2
-0.42669 1.6
-0.42645 2.0
-0.4262 2.4
-0.42596 2.7
-0.42571 3.1
-0.42547 3.5
-0.42522 3.9
-0.42498 4.2
-0.42474 4.6
-0.42449 4.9
-0.42425 5.3
-0.424 5.6
-0.42376 5.9
-0.42352 6.2
-0.42327 6.5
-0.42303 6.8
-0.42278 7.1
-0.42254 7.4
-0.42229 7.7
-0.42205 7.9
-0.42181 8.1
-0.42156 8.4
-0.42132 8.6
-0.42107 8.8
-0.42083 9.0
-0.42059 9.1
-0.42034 9.3
-0.4201 9.4
-0.41985 9.6
-0.41961 9.7
-0.41936 9.8
-0.41912 9.8
-0.41888 9.9
-0.41863 9.9
-0.41839 10.0
-0.41814 10.0
-0.4179 10.0
-0.41766 10.0
-0.41741 9.9
-0.41717 9.9
-0.41692 9.8
-0.41668 9.7
-0.41644 9.7
-0.41619 9.5
-0.41595 9.4
-0.4157 9.3
-0.41546 9.1
-0.41521 8.9
-0.41497 8.8
-0.41473 8.6
-0.41448 8.3
-0.41424 8.1
-0.41399 7.9
-0.41375 7.6
-0.41351 7.3
-0.41326 7.1
-0.41302 6.8
-0.41277 6.5
-0.41253 6.2
-0.41228 5.8
-0.41204 5.5
-0.4118 5.2
-0.41155 4.8
-0.41131 4.5
-0.41106 4.1
-0.41082 3.7
-0.41058 3.3
-0.41033 3.0
-0.41009 2.6
-0.40984 2.2
-0.4096 1.8
-0.40936 1.4
-0.40911 1.0
-0.40887 0.6
-0.40862 0.2
-0.40838 -0.2
-0.40813 -0.6
-0.40789 -1.1
-0.40765 -1.5
-0.4074 -1.9
-0.40716 -2.3
-0.40691 -2.7
-0.40667 -3.0
-0.40643 -3.4
-0.40618 -3.8
-0.40594 -4.2
-0.40569 -4.5
-0.40545 -4.9
-0.4052 -5.3
-0.40496 -5.6
-0.40472 -5.9
-0.40447 -6.3
-0.40423 -6.6
-0.40398 -6.9
-0.40374 -7.2
-0.4035 -7.5
-0.40325 -7.7
-0.40301 -8.0
-0.40276 -8.2
-0.40252 -8.5
-0.40228 -8.7
-0.40203 -8.9
-0.40179 -9.1
-0.40154 -9.2
-0.4013 -9.4
-0.40105 -9.5
-0.40081 -9.7
-0.40057 -9.8
-0.40032 -9.9
-0.40008 -10.0
-0.39983 -10.0
-0.39959 -10.1
-0.39935 -10.1
-0.3991 -10.1
-0.39886 -10.1
-0.39861 -10.1
-0.39837 -10.0
-0.39812 -10.0
-0.39788 -9.9
-0.39764 -9.8
-0.39739 -9.7
-0.39715 -9.6
-0.3969 -9.5
-0.39666 -9.3
-0.39642 -9.1
-0.39617 -9.0
-0.39593 -8.8
-0.39568 -8.5
-0.39544 -8.3
-0.3952 -8.1
-0.39495 -7.8
-0.39471 -7.6
-0.39446 -7.3
-0.39422 -7.0
-0.39397 -6.7
-0.39373 -6.4
-0.39349 -6.0
-0.39324 -5.7
-0.393 -5.3
-0.39275 -5.0
-0.39251 -4.6
-0.39227 -4.2
-0.39202 -3.9
-0.39178 -3.5
-0.39153 -3.1
-0.39129 -2.7
-0.39104 -2.3
-0.3908 -1.9
-0.39056 -1.5
-0.39031 -1.1
-0.39007 -0.6
-0.38982 -0.2
-0.38958 0.2
-0.38934 0.6
-0.38909 1.0
-0.38885 1.4
-0.3886 1.9
-0.38836 2.3
-0.38811 2.7
-0.38787 3.1
-0.38763 3.5
-0.38738 3.9
-0.38714 4.2
-0.38689 4.6
-0.38665 5.0
-0.38641 5.4
-0.38616 5.7
-0.38592 6.0
-0.38567 6.4
-0.38543 6.7
-0.38519 7.0
-0.38494 7.3
-0.3847 7.6
-0.38445 7.9
-0.38421 8.1
-0.38396 8.4
-0.38372 8.6
-0.38348 8.8
-0.38323 9.0
-0.38299 9.2
-0.38274 9.4
-0.3825 9.6
-0.38226 9.7
-0.38201 9.8
-0.38177 9.9
-0.38152 10.0
-0.38128 10.1
-0.38103 10.2
-0.38079 10.2
-0.38055 10.2
-0.3803 10.2
-0.38006 10.2
-0.37981 10.2
-0.37957 10.1
-0.37933 10.1
-0.37908 10.0
-0.37884 9.9
-0.37859 9.8
-0.37835 9.6
-0.37811 9.5
-0.37786 9.3
-0.37762 9.1
-0.37737 8.9
-0.37713 8.7
-0.37688 8.5
-0.37664 8.2
-0.3764 8.0
-0.37615 7.7
-0.37591 7.4
-0.37566 7.1
-0.37542 6.8
-0.37518 6.5
-0.37493 6.1
-0.37469 5.8
-0.37444 5.4
-0.3742 5.1
-0.37395 4.7
-0.37371 4.3
-0.37347 3.9
-0.37322 3.5
-0.37298 3.1
-0.37273 2.7
-0.37249 2.3
-0.37225 1.9
-0.372 1.4
-0.37176 1.0
-0.37151 0.6
-0.37127 0.2
-0.37103 -0.3
-0.37078 -0.7
-0.37054 -1.1
-0.37029 -1.5
-0.37005 -2.0
-0.3698 -2.4
-0.36956 -2.8
-0.36932 -3.2
-0.36907 -3.6
-0.36883 -4.0
-0.36858 -4.4
-0.36834 -4.8
-0.3681 -5.2
-0.36785 -5.5
-0.36761 -5.9
-0.36736 -6.3
-0.36712 -6.6
-0.36687 -6.9
-0.36663 -7.2
-0.36639 -7.5
-0.36614 -7.8
-0.3659 -8.1
-0.36565 -8.4
-0.36541 -8.6
-0.36517 -8.8
-0.36492 -9.1
-0.36468 -9.3
-0.36443 -9.4
-0.36419 -9.6
-0.36395 -9.8
-0.3637 -9.9
-0.36346 -10.0
-0.36321 -10.1
-0.36297 -10.2
-0.36272 -10.3
-0.36248 -10.3
-0.36224 -10.3
-0.36199 -10.3
-0.36175 -10.3
-0.3615 -10.3
-0.36126 -10.2
-0.36102 -10.2
-0.36077 -10.1
-0.36053 -10.0
-0.36028 -9.9
-0.36004 -9.7
-0.35979 -9.6
-0.35955 -9.4
-0.35931 -9.2
-0.35906 -9.0
-0.35882 -8.8
-0.35857 -8.6
-0.35833 -8.3
-0.35809 -8.0
-0.35784 -7.8
-0.3576 -7.5
-0.35735 -7.1
-0.35711 -6.8
-0.35686 -6.5
-0.35662 -6.1
-0.35638 -5.8
-0.35613 -5.4
-0.35589 -5.0
-0.35564 -4.7
-0.3554 -4.3
-0.35516 -3.9
-0.35491 -3.4
-0.35467 -3.0
-0.35442 -2.6
-0.35418 -2.2
-0.35394 -1.7
-0.35369 -1.3
-0.35345 -0.9
-0.3532 -0.4
-0.35296 0.0
-0.35271 0.5
-0.35247 0.9
-0.35223 1.3
-0.35198 1.8
-0.35174 2.2
-0.35149 2.6
-0.35125 3.1
-0.35101 3.5
-0.35076 3.9
-0.35052 4.3
-0.35027 4.7
-0.35003 5.1
-0.34978 5.5
-0.34954 5.9
-0.3493 6.2
-0.34905 6.6
-0.34881 6.9
-0.34856 7.2
-0.34832 7.5
-0.34808 7.9
-0.34783 8.1
-0.34759 8.4
-0.34734 8.7
-0.3471 8.9
-0.34686 9.1
-0.34661 9.3
-0.34637 9.5
-0.34612 9.7
-0.34588 9.9
-0.34563 10.0
-0.34539 10.1
-0.34515 10.2
-0.3449 10.3
-0.34466 10.4
-0.34441 10.4
-0.34417 10.4
-0.34393 10.4
-0.34368 10.4
-0.34344 10.4
-0.34319 10.4
-0.34295 10.3
-0.3427 10.2
-0.34246 10.1
-0.34222 10.0
-0.34197 9.8
-0.34173 9.7
-0.34148 9.5
-0.34124 9.3
-0.341 9.1
-0.34075 8.8
-0.34051 8.6
-0.34026 8.3
-0.34002 8.0
-0.33978 7.7
-0.33953 7.4
-0.33929 7.1
-0.33904 6.8
-0.3388 6.4
-0.33855 6.1
-0.33831 5.7
-0.33807 5.3
-0.33782 4.9
-0.33758 4.5
-0.33733 4.1
-0.33709 3.7
-0.33685 3.2
-0.3366 2.8
-0.33636 2.4
-0.33611 1.9
-0.33587 1.5
-0.33562 1.0
-0.33538 0.6
-0.33514 0.1
-0.33489 -0.3
-0.33465 -0.8
-0.3344 -1.2
-0.33416 -1.7
-0.33392 -2.1
-0.33367 -2.6
-0.33343 -3.0
-0.33318 -3.5
-0.33294 -3.9
-0.3327 -4.3
-0.33245 -4.7
-0.33221 -5.1
-0.33196 -5.5
-0.33172 -5.9
-0.33147 -6.3
-0.33123 -6.6
-0.33099 -7.0
-0.33074 -7.3
-0.3305 -7.6
-0.33025 -8.0
-0.33001 -8.2
-0.32977 -8.5
-0.32952 -8.8
-0.32928 -9.0
-0.32903 -9.3
-0.32879 -9.5
-0.32854 -9.7
-0.3283 -9.8
-0.32806 -10.0
-0.32781 -10.1
-0.32757 -10.3
-0.32732 -10.4
-0.32708 -10.4
-0.32684 -10.5
-0.32659 -10.5
-0.32635 -10.6
-0.3261 -10.6
-0.32586 -10.5
-0.32561 -10.5
-0.32537 -10.4
-0.32513 -10.4
-0.32488 -10.3
-0.32464 -10.1
-0.32439 -10.0
-0.32415 -9.9
-0.32391 -9.7
-0.32366 -9.5
-0.32342 -9.3
-0.32317 -9.0
-0.32293 -8.8
-0.32269 -8.5
-0.32244 -8.2
-0.3222 -7.9
-0.32195 -7.6
-0.32171 -7.3
-0.32146 -7.0
-0.32122 -6.6
-0.32098 -6.2
-0.32073 -5.8
-0.32049 -5.5
-0.32024 -5.1
-0.32 -4.6
-0.31976 -4.2
-0.31951 -3.8
-0.31927 -3.3
-0.31902 -2.9
-0.31878 -2.4
-0.31853 -2.0
-0.31829 -1.5
-0.31805 -1.1
-0.3178 -0.6
-0.31756 -0.1
-0.31731 0.3
-0.31707 0.8
-0.31683 1.3
-0.31658 1.7
-0.31634 2.2
-0.31609 2.7
-0.31585 3.1
-0.31561 3.6
-0.31536 4.0
-0.31512 4.4
-0.31487 4.8
-0.31463 5.3
-0.31438 5.7
-0.31414 6.1
-0.3139 6.4
-0.31365 6.8
-0.31341 7.2
-0.31316 7.5
-0.31292 7.8
-0.31268 8.2
-0.31243 8.5
-0.31219 8.7
-0.31194 9.0
-0.3117 9.2
-0.31145 9.5
-0.31121 9.7
-0.31097 9.9
-0.31072 10.1
-0.31048 10.2
-0.31023 10.3
-0.30999 10.5
-0.30975 10.5
-0.3095 10.6
-0.30926 10.7
-0.30901 10.7
-0.30877 10.7
-0.30853 10.7
-0.30828 10.7
-0.30804 10.6
-0.30779 10.5
-0.30755 10.4
-0.3073 10.3
-0.30706 10.2
-0.30682 10.0
-0.30657 9.8
-0.30633 9.6
-0.30608 9.4
-0.30584 9.2
-0.3056 8.9
-0.30535 8.6
-0.30511 8.4
-0.30486 8.1
-0.30462 7.7
-0.30437 7.4
-0.30413 7.0
-0.30389 6.7
-0.30364 6.3
-0.3034 5.9
-0.30315 5.5
-0.30291 5.1
-0.30267 4.6
-0.30242 4.2
-0.30218 3.8
-0.30193 3.3
-0.30169 2.8
-0.30145 2.4
-0.3012 1.9
-0.30096 1.4
-0.30071 0.9
-0.30047 0.5
-0.30022 0.0
-0.29998 -0.5
-0.29974 -1.0
-0.29949 -1.5
-0.29925 -1.9
-0.299 -2.4
-0.29876 -2.9
-0.29852 -3.4
-0.29827 -3.8
-0.29803 -4.3
-0.29778 -4.7
-0.29754 -5.1
-0.29729 -5.6
-0.29705 -6.0
-0.29681 -6.4
-0.29656 -6.8
-0.29632 -7.1
-0.29607 -7.5
-0.29583 -7.8
-0.29559 -8.2
-0.29534 -8.5
-0.2951 -8.8
-0.29485 -9.1
-0.29461 -9.3
-0.29436 -9.6
-0.29412 -9.8
-0.29388 -10.0
-0.29363 -10.2
-0.29339 -10.3
-0.29314 -10.5
-0.2929 -10.6
-0.29266 -10.7
-0.29241 -10.7
-0.29217 -10.8
-0.29192 -10.8
-0.29168 -10.8
-0.29144 -10.8
-0.29119 -10.8
-0.29095 -10.7
-0.2907 -10.7
-0.29046 -10.5
-0.29021 -10.4
-0.28997 -10.3
-0.28973 -10.1
-0.28948 -9.9
-0.28924 -9.7
-0.28899 -9.5
-0.28875 -9.2
-0.28851 -9.0
-0.28826 -8.7
-0.28802 -8.4
-0.28777 -8.0
-0.28753 -7.7
-0.28728 -7.4
-0.28704 -7.0
-0.2868 -6.6
-0.28655 -6.2
-0.28631 -5.8
-0.28606 -5.4
-0.28582 -4.9
-0.28558 -4.5
-0.28533 -4.0
-0.28509 -3.5
-0.28484 -3.1
-0.2846 -2.6
-0.28436 -2.1
-0.28411 -1.6
-0.28387 -1.1
-0.28362 -0.6
-0.28338 -0.1
-0.28313 0.4
-0.28289 0.9
-0.28265 1.4
-0.2824 1.9
-0.28216 2.4
-0.28191 2.9
-0.28167 3.3
-0.28143 3.8
-0.28118 4.3
-0.28094 4.7
-0.28069 5.2
-0.28045 5.6
-0.2802 6.0
-0.27996 6.5
-0.27972 6.9
-0.27947 7.2
-0.27923 7.6
-0.27898 8.0
-0.27874 8.3
-0.2785 8.6
-0.27825 8.9
-0.27801 9.2
-0.27776 9.5
-0.27752 9.7
-0.27728 10.0
-0.27703 10.2
-0.27679 10.3
-0.27654 10.5
-0.2763 10.6
-0.27605 10.8
-0.27581 10.8
-0.27557 10.9
-0.27532 11.0
-0.27508 11.0
-0.27483 11.0
-0.27459 11.0
-0.27435 10.9
-0.2741 10.8
-0.27386 10.7
-0.27361 10.6
-0.27337 10.5
-0.27312 10.3
-0.27288 10.1
-0.27264 9.9
-0.27239 9.7
-0.27215 9.4
-0.2719 9.2
-0.27166 8.9
-0.27142 8.6
-0.27117 8.2
-0.27093 7.9
-0.27068 7.5
-0.27044 7.2
-0.2702 6.8
-0.26995 6.3
-0.26971 5.9
-0.26946 5.5
-0.26922 5.0
-0.26897 4.6
-0.26873 4.1
-0.26849 3.6
-0.26824 3.1
-0.268 2.6
-0.26775 2.1
-0.26751 1.6
-0.26727 1.1
-0.26702 0.6
-0.26678 0.0
-0.26653 -0.4
-0.26629 -1.0
-0.26604 -1.5
-0.2658 -2.0
-0.26556 -2.5
-0.26531 -3.0
-0.26507 -3.5
-0.26482 -4.0
-0.26458 -4.5
-0.26434 -4.9
-0.26409 -5.4
-0.26385 -5.9
-0.2636 -6.3
-0.26336 -6.7
-0.26311 -7.1
-0.26287 -7.5
-0.26263 -7.9
-0.26238 -8.2
-0.26214 -8.6
-0.26189 -8.9
-0.26165 -9.2
-0.26141 -9.5
-0.26116 -9.8
-0.26092 -10.0
-0.26067 -10.2
-0.26043 -10.4
-0.26019 -10.6
-0.25994 -10.7
-0.2597 -10.9
-0.25945 -11.0
-0.25921 -11.1
-0.25896 -11.1
-0.25872 -11.1
-0.25848 -11.1
-0.25823 -11.1
-0.25799 -11.1
-0.25774 -11.0
-0.2575 -10.9
-0.25726 -10.8
-0.25701 -10.6
-0.25677 -10.5
-0.25652 -10.3
-0.25628 -10.1
-0.25603 -9.8
-0.25579 -9.6
-0.25555 -9.3
-0.2553 -9.0
-0.25506 -8.7
-0.25481 -8.3
-0.25457 -8.0
-0.25433 -7.6
-0.25408 -7.2
-0.25384 -6.8
-0.25359 -6.3
-0.25335 -5.9
-0.25311 -5.4
-0.25286 -5.0
-0.25262 -4.5
-0.25237 -4.0
-0.25213 -3.5
-0.25188 -3.0
-0.25164 -2.5
-0.2514 -1.9
-0.25115 -1.4
-0.25091 -0.9
-0.25066 -0.3
-0.25042 0.2
-0.25018 0.7
-0.24993 1.3
-0.24969 1.8
-0.24944 2.3
-0.2492 2.8
-0.24895 3.4
-0.24871 3.9
-0.24847 4.4
-0.24822 4.9
-0.24798 5.3
-0.24773 5.8
-0.24749 6.3
-0.24725 6.7
-0.247 7.1
-0.24676 7.6
-0.24651 7.9
-0.24627 8.3
-0.24603 8.7
-0.24578 9.0
-0.24554 9.3
-0.24529 9.6
-0.24505 9.9
-0.2448 10.1
-0.24456 10.4
-0.24432 10.6
-0.24407 10.8
-0.24383 10.9
-0.24358 11.0
-0.24334 11.1
-0.2431 11.2
-0.24285 11.3
-0.24261 11.3
-0.24236 11.3
-0.24212 11.3
-0.24187 11.2
-0.24163 11.1
-0.24139 11.0
-0.24114 10.9
-0.2409 10.7
-0.24065 10.6
-0.24041 10.3
-0.24017 10.1
-0.23992 9.9
-0.23968 9.6
-0.23943 9.3
-0.23919 8.9
-0.23895 8.6
-0.2387 8.2
-0.23846 7.9
-0.23821 7.4
-0.23797 7.0
-0.23772 6.6
-0.23748 6.1
-0.23724 5.7
-0.23699 5.2
-0.23675 4.7
-0.2365 4.2
-0.23626 3.7
-0.23602 3.1
-0.23577 2.6
-0.23553 2.0
-0.23528 1.5
-0.23504 0.9
-0.23479 0.4
-0.23455 -0.2
-0.23431 -0.7
-0.23406 -1.3
-0.23382 -1.8
-0.23357 -2.4
-0.23333 -2.9
-0.23309 -3.4
-0.23284 -4.0
-0.2326 -4.5
-0.23235 -5.0
-0.23211 -5.5
-0.23186 -6.0
-0.23162 -6.5
-0.23138 -6.9
-0.23113 -7.3
-0.23089 -7.8
-0.23064 -8.2
-0.2304 -8.6
-0.23016 -8.9
-0.22991 -9.3
-0.22967 -9.6
-0.22942 -9.9
-0.22918 -10.2
-0.22894 -10.4
-0.22869 -10.6
-0.22845 -10.8
-0.2282 -11.0
-0.22796 -11.1
-0.22771 -11.3
-0.22747 -11.4
-0.22723 -11.4
-0.22698 -11.5
-0.22674 -11.5
-0.22649 -11.4
-0.22625 -11.4
-0.22601 -11.3
-0.22576 -11.2
-0.22552 -11.1
-0.22527 -10.9
-0.22503 -10.7
-0.22478 -10.5
-0.22454 -10.3
-0.2243 -10.0
-0.22405 -9.8
-0.22381 -9.4
-0.22356 -9.1
-0.22332 -8.7
-0.22308 -8.4
-0.22283 -8.0
-0.22259 -7.5
-0.22234 -7.1
-0.2221 -6.6
-0.22186 -6.2
-0.22161 -5.7
-0.22137 -5.2
-0.22112 -4.7
-0.22088 -4.1
-0.22063 -3.6
-0.22039 -3.0
-0.22015 -2.5
-0.2199 -1.9
-0.21966 -1.3
-0.21941 -0.8
-0.21917 -0.2
-0.21893 0.4
-0.21868 1.0
-0.21844 1.5
-0.21819 2.1
-0.21795 2.7
-0.2177 3.2
-0.21746 3.8
-0.21722 4.3
-0.21697 4.9
-0.21673 5.4
-0.21648 5.9
-0.21624 6.4
-0.216 6.9
-0.21575 7.3
-0.21551 7.8
-0.21526 8.2
-0.21502 8.6
-0.21478 9.0
-0.21453 9.3
-0.21429 9.7
-0.21404 10.0
-0.2138 10.3
-0.21355 10.5
-0.21331 10.8
-0.21307 11.0
-0.21282 11.2
-0.21258 11.3
-0.21233 11.4
-0.21209 11.5
-0.21185 11.6
-0.2116 11.6
-0.21136 11.6
-0.21111 11.6
-0.21087 11.6
-0.21062 11.5
-0.21038 11.4
-0.21014 11.2
-0.20989 11.1
-0.20965 10.9
-0.2094 10.6
-0.20916 10.4
-0.20892 10.1
-0.20867 9.8
-0.20843 9.4
-0.20818 9.1
-0.20794 8.7
-0.2077 8.3
-0.20745 7.9
-0.20721 7.4
-0.20696 7.0
-0.20672 6.5
-0.20647 6.0
-0.20623 5.4
-0.20599 4.9
-0.20574 4.4
-0.2055 3.8
-0.20525 3.2
-0.20501 2.6
-0.20477 2.1
-0.20452 1.5
-0.20428 0.9
-0.20403 0.3
-0.20379 -0.3
-0.20354 -0.9
-0.2033 -1.5
-0.20306 -2.1
-0.20281 -2.7
-0.20257 -3.3
-0.20232 -3.9
-0.20208 -4.4
-0.20184 -5.0
-0.20159 -5.5
-0.20135 -6.1
-0.2011 -6.6
-0.20086 -7.1
-0.20061 -7.6
-0.20037 -8.0
-0.20013 -8.5
-0.19988 -8.9
-0.19964 -9.3
-0.19939 -9.6
-0.19915 -10.0
-0.19891 -10.3
-0.19866 -10.6
-0.19842 -10.8
-0.19817 -11.1
-0.19793 -11.3
-0.19769 -11.4
-0.19744 -11.6
-0.1972 -11.7
-0.19695 -11.8
-0.19671 -11.8
-0.19646 -11.8
-0.19622 -11.8
-0.19598 -11.8
-0.19573 -11.7
-0.19549 -11.6
-0.19524 -11.5
-0.195 -11.3
-0.19476 -11.1
-0.19451 -10.8
-0.19427 -10.6
-0.19402 -10.3
-0.19378 -10.0
-0.19353 -9.6
-0.19329 -9.2
-0.19305 -8.8
-0.1928 -8.4
-0.19256 -8.0
-0.19231 -7.5
-0.19207 -7.0
-0.19183 -6.5
-0.19158 -6.0
-0.19134 -5.4
-0.19109 -4.9
-0.19085 -4.3
-0.19061 -3.7
-0.19036 -3.1
-0.19012 -2.5
-0.18987 -1.9
-0.18963 -1.3
-0.18938 -0.6
-0.18914 0.0
-0.1889 0.6
-0.18865 1.2
-0.18841 1.9
-0.18816 2.5
-0.18792 3.1
-0.18768 3.7
-0.18743 4.3
-0.18719 4.9
-0.18694 5.5
-0.1867 6.0
-0.18645 6.6
-0.18621 7.1
-0.18597 7.6
-0.18572 8.1
-0.18548 8.5
-0.18523 9.0
-0.18499 9.4
-0.18475 9.8
-0.1845 10.1
-0.18426 10.5
-0.18401 10.8
-0.18377 11.0
-0.18353 11.3
-0.18328 11.5
-0.18304 11.7
-0.18279 11.8
-0.18255 11.9
-0.1823 12.0
-0.18206 12.0
-0.18182 12.1
-0.18157 12.0
-0.18133 12.0
-0.18108 11.9
-0.18084 11.8
-0.1806 11.6
-0.18035 11.4
-0.18011 11.2
-0.17986 10.9
-0.17962 10.6
-0.17937 10.3
-0.17913 10.0
-0.17889 9.6
-0.17864 9.2
-0.1784 8.8
-0.17815 8.3
-0.17791 7.8
-0.17767 7.3
-0.17742 6.8
-0.17718 6.2
-0.17693 5.7
-0.17669 5.1
-0.17645 4.5
-0.1762 3.9
-0.17596 3.2
-0.17571 2.6
-0.17547 2.0
-0.17522 1.3
-0.17498 0.7
-0.17474 0.0
-0.17449 -0.6
-0.17425 -1.3
-0.174 -2.0
-0.17376 -2.6
-0.17352 -3.2
-0.17327 -3.9
-0.17303 -4.5
-0.17278 -5.1
-0.17254 -5.7
-0.17229 -6.3
-0.17205 -6.8
-0.17181 -7.4
-0.17156 -7.9
-0.17132 -8.4
-0.17107 -8.9
-0.17083 -9.3
-0.17059 -9.7
-0.17034 -10.1
-0.1701 -10.5
-0.16985 -10.8
-0.16961 -11.1
-0.16936 -11.4
-0.16912 -11.6
-0.16888 -11.8
-0.16863 -12.0
-0.16839 -12.1
-0.16814 -12.2
-0.1679 -12.3
-0.16766 -12.3
-0.16741 -12.3
-0.16717 -12.2
-0.16692 -12.1
-0.16668 -12.0
-0.16644 -11.8
-0.16619 -11.6
-0.16595 -11.4
-0.1657 -11.1
-0.16546 -10.8
-0.16521 -10.5
-0.16497 -10.1
-0.16473 -9.7
-0.16448 -9.3
-0.16424 -8.8
-0.16399 -8.3
-0.16375 -7.8
-0.16351 -7.3
-0.16326 -6.7
-0.16302 -6.2
-0.16277 -5.6
-0.16253 -4.9
-0.16228 -4.3
-0.16204 -3.7
-0.1618 -3.0
-0.16155 -2.3
-0.16131 -1.7
-0.16106 -1.0
-0.16082 -0.3
-0.16058 0.4
-0.16033 1.1
-0.16009 1.8
-0.15984 2.5
-0.1596 3.1
-0.15936 3.8
-0.15911 4.4
-0.15887 5.1
-0.15862 5.7
-0.15838 6.3
-0.15813 6.9
-0.15789 7.5
-0.15765 8.0
-0.1574 8.5
-0.15716 9.0
-0.15691 9.5
-0.15667 9.9
-0.15643 10.4
-0.15618 10.7
-0.15594 11.1
-0.15569 11.4
-0.15545 11.7
-0.1552 11.9
-0.15496 12.1
-0.15472 12.3
-0.15447 12.4
-0.15423 12.5
-0.15398 12.5
-0.15374 12.5
-0.1535 12.5
-0.15325 12.4
-0.15301 12.3
-0.15276 12.1
-0.15252 11.9
-0.15228 11.7
-0.15203 11.4
-0.15179 11.1
-0.15154 10.8
-0.1513 10.4
-0.15105 10.0
-0.15081 9.6
-0.15057 9.1
-0.15032 8.6
-0.15008 8.1
-0.14983 7.5
-0.14959 6.9
-0.14935 6.3
-0.1491 5.7
-0.14886 5.0
-0.14861 4.4
-0.14837 3.7
-0.14812 3.0
-0.14788 2.3
-0.14764 1.6
-0.14739 0.9
-0.14715 0.1
-0.1469 -0.6
-0.14666 -1.3
-0.14642 -2.0
-0.14617 -2.7
-0.14593 -3.4
-0.14568 -4.1
-0.14544 -4.8
-0.1452 -5.5
-0.14495 -6.1
-0.14471 -6.8
-0.14446 -7.4
-0.14422 -8.0
-0.14397 -8.5
-0.14373 -9.1
-0.14349 -9.6
-0.14324 -10.0
-0.143 -10.5
-0.14275 -10.9
-0.14251 -11.2
-0.14227 -11.6
-0.14202 -11.9
-0.14178 -12.1
-0.14153 -12.3
-0.14129 -12.5
-0.14104 -12.6
-0.1408 -12.7
-0.14056 -12.8
-0.14031 -12.8
-0.14007 -12.7
-0.13982 -12.6
-0.13958 -12.5
-0.13934 -12.3
-0.13909 -12.1
-0.13885 -11.9
-0.1386 -11.6
-0.13836 -11.3
-0.13811 -10.9
-0.13787 -10.5
-0.13763 -10.0
-0.13738 -9.5
-0.13714 -9.0
-0.13689 -8.5
-0.13665 -7.9
-0.13641 -7.3
-0.13616 -6.7
-0.13592 -6.0
-0.13567 -5.3
-0.13543 -4.6
-0.13519 -3.9
-0.13494 -3.2
-0.1347 -2.5
-0.13445 -1.7
-0.13421 -1.0
-0.13396 -0.2
-0.13372 0.6
-0.13348 1.3
-0.13323 2.1
-0.13299 2.8
-0.13274 3.6
-0.1325 4.3
-0.13226 5.0
-0.13201 5.7
-0.13177 6.4
-0.13152 7.1
-0.13128 7.7
-0.13103 8.3
-0.13079 8.9
-0.13055 9.5
-0.1303 10.0
-0.13006 10.5
-0.12981 10.9
-0.12957 11.3
-0.12933 11.7
-0.12908 12.0
-0.12884 12.3
-0.12859 12.5
-0.12835 12.7
-0.12811 12.9
-0.12786 13.0
-0.12762 13.0
-0.12737 13.1
-0.12713 13.0
-0.12688 12.9
-0.12664 12.8
-0.1264 12.6
-0.12615 12.4
-0.12591 12.1
-0.12566 11.8
-0.12542 11.5
-0.12518 11.1
-0.12493 10.6
-0.12469 10.2
-0.12444 9.6
-0.1242 9.1
-0.12395 8.5
-0.12371 7.9
-0.12347 7.2
-0.12322 6.6
-0.12298 5.9
-0.12273 5.1
-0.12249 4.4
-0.12225 3.6
-0.122 2.8
-0.12176 2.1
-0.12151 1.3
-0.12127 0.4
-0.12103 -0.4
-0.12078 -1.2
-0.12054 -2.0
-0.12029 -2.8
-0.12005 -3.6
-0.1198 -4.3
-0.11956 -5.1
-0.11932 -5.8
-0.11907 -6.6
-0.11883 -7.3
-0.11858 -7.9
-0.11834 -8.6
-0.1181 -9.2
-0.11785 -9.8
-0.11761 -10.3
-0.11736 -10.8
-0.11712 -11.3
-0.11687 -11.7
-0.11663 -12.1
-0.11639 -12.4
-0.11614 -12.7
-0.1159 -12.9
-0.11565 -13.1
-0.11541 -13.2
-0.11517 -13.3
-0.11492 -13.4
-0.11468 -13.4
-0.11443 -13.3
-0.11419 -13.2
-0.11395 -13.0
-0.1137 -12.8
-0.11346 -12.5
-0.11321 -12.2
-0.11297 -11.8
-0.11272 -11.4
-0.11248 -10.9
-0.11224 -10.4
-0.11199 -9.9
-0.11175 -9.3
-0.1115 -8.6
-0.11126 -8.0
-0.11102 -7.3
-0.11077 -6.6
-0.11053 -5.8
-0.11028 -5.0
-0.11004 -4.2
-0.10979 -3.4
-0.10955 -2.6
-0.10931 -1.7
-0.10906 -0.9
-0.10882 0.0
-0.10857 0.8
-0.10833 1.7
-0.10809 2.5
-0.10784 3.4
-0.1076 4.2
-0.10735 5.0
-0.10711 5.8
-0.10686 6.6
-0.10662 7.3
-0.10638 8.1
-0.10613 8.7
-0.10589 9.4
-0.10564 10.0
-0.1054 10.6
-0.10516 11.1
-0.10491 11.6
-0.10467 12.1
-0.10442 12.5
-0.10418 12.8
-0.10394 13.1
-0.10369 13.3
-0.10345 13.5
-0.1032 13.6
-0.10296 13.7
-0.10271 13.7
-0.10247 13.7
-0.10223 13.6
-0.10198 13.4
-0.10174 13.2
-0.10149 12.9
-0.10125 12.6
-0.10101 12.2
-0.10076 11.8
-0.10052 11.3
-0.10027 10.8
-0.10003 10.2
-0.09978 9.5
-0.09954 8.9
-0.0993 8.2
-0.09905 7.4
-0.09881 6.7
-0.09856 5.9
-0.09832 5.0
-0.09808 4.2
-0.09783 3.3
-0.09759 2.4
-0.09734 1.5
-0.0971 0.6
-0.09686 -0.3
-0.09661 -1.2
-0.09637 -2.2
-0.09612 -3.1
-0.09588 -4.0
-0.09563 -4.8
-0.09539 -5.7
-0.09515 -6.5
-0.0949 -7.3
-0.09466 -8.1
-0.09441 -8.9
-0.09417 -9.6
-0.09393 -10.2
-0.09368 -10.8
-0.09344 -11.4
-0.09319 -11.9
-0.09295 -12.4
-0.0927 -12.8
-0.09246 -13.2
-0.09222 -13.5
-0.09197 -13.7
-0.09173 -13.9
-0.09148 -14.0
-0.09124 -14.1
-0.091 -14.1
-0.09075 -14.0
-0.09051 -13.9
-0.09026 -13.7
-0.09002 -13.4
-0.08978 -13.1
-0.08953 -12.7
-0.08929 -12.2
-0.08904 -11.7
-0.0888 -11.2
-0.08855 -10.6
-0.08831 -9.9
-0.08807 -9.2
-0.08782 -8.4
-0.08758 -7.7
-0.08733 -6.8
-0.08709 -6.0
-0.08685 -5.1
-0.0866 -4.1
-0.08636 -3.2
-0.08611 -2.2
-0.08587 -1.3
-0.08562 -0.3
-0.08538 0.7
-0.08514 1.7
-0.08489 2.7
-0.08465 3.6
-0.0844 4.6
-0.08416 5.5
-0.08392 6.4
-0.08367 7.3
-0.08343 8.1
-0.08318 9.0
-0.08294 9.7
-0.0827 10.4
-0.08245 11.1
-0.08221 11.7
-0.08196 12.3
-0.08172 12.8
-0.08147 13.3
-0.08123 13.6
-0.08099 13.9
-0.08074 14.2
-0.0805 14.4
-0.08025 14.5
-0.08001 14.5
-0.07977 14.5
-0.07952 14.4
-0.07928 14.2
-0.07903 13.9
-0.07879 13.6
-0.07854 13.2
-0.0783 12.8
-0.07806 12.2
-0.07781 11.7
-0.07757 11.0
-0.07732 10.3
-0.07708 9.5
-0.07684 8.7
-0.07659 7.9
-0.07635 7.0
-0.0761 6.0
-0.07586 5.1
-0.07561 4.1
-0.07537 3.1
-0.07513 2.0
-0.07488 1.0
-0.07464 -0.1
-0.07439 -1.2
-0.07415 -2.2
-0.07391 -3.3
-0.07366 -4.3
-0.07342 -5.3
-0.07317 -6.3
-0.07293 -7.3
-0.07269 -8.2
-0.07244 -9.1
-0.0722 -9.9
-0.07195 -10.7
-0.07171 -11.5
-0.07146 -12.1
-0.07122 -12.7
-0.07098 -13.3
-0.07073 -13.8
-0.07049 -14.2
-0.07024 -14.5
-0.07 -14.7
-0.06976 -14.9
-0.06951 -15.0
-0.06927 -15.0
-0.06902 -14.9
-0.06878 -14.8
-0.06853 -14.5
-0.06829 -14.2
-0.06805 -13.8
-0.0678 -13.3
-0.06756 -12.8
-0.06731 -12.1
-0.06707 -11.4
-0.06683 -10.7
-0.06658 -9.9
-0.06634 -9.0
-0.06609 -8.0
-0.06585 -7.0
-0.06561 -6.0
-0.06536 -5.0
-0.06512 -3.9
-0.06487 -2.7
-0.06463 -1.6
-0.06438 -0.4
-0.06414 0.7
-0.0639 1.9
-0.06365 3.0
-0.06341 4.2
-0.06316 5.3
-0.06292 6.4
-0.06268 7.4
-0.06243 8.4
-0.06219 9.4
-0.06194 10.3
-0.0617 11.2
-0.06145 12.0
-0.06121 12.7
-0.06097 13.4
-0.06072 13.9
-0.06048 14.4
-0.06023 14.8
-0.05999 15.2
-0.05975 15.4
-0.0595 15.5
-0.05926 15.6
-0.05901 15.5
-0.05877 15.4
-0.05853 15.1
-0.05828 14.8
-0.05804 14.3
-0.05779 13.8
-0.05755 13.2
-0.0573 12.5
-0.05706 11.8
-0.05682 10.9
-0.05657 10.0
-0.05633 9.0
-0.05608 7.9
-0.05584 6.8
-0.0556 5.7
-0.05535 4.5
-0.05511 3.3
-0.05486 2.0
-0.05462 0.8
-0.05437 -0.5
-0.05413 -1.8
-0.05389 -3.1
-0.05364 -4.3
-0.0534 -5.5
-0.05315 -6.7
-0.05291 -7.9
-0.05267 -9.0
-0.05242 -10.1
-0.05218 -11.1
-0.05193 -12.0
-0.05169 -12.8
-0.05145 -13.6
-0.0512 -14.3
-0.05096 -14.9
-0.05071 -15.3
-0.05047 -15.7
-0.05022 -16.0
-0.04998 -16.2
-0.04974 -16.2
-0.04949 -16.2
-0.04925 -16.0
-0.049 -15.7
-0.04876 -15.3
-0.04852 -14.8
-0.04827 -14.2
-0.04803 -13.5
-0.04778 -12.7
-0.04754 -11.8
-0.04729 -10.8
-0.04705 -9.7
-0.04681 -8.6
-0.04656 -7.4
-0.04632 -6.1
-0.04607 -4.8
-0.04583 -3.4
-0.04559 -2.0
-0.04534 -0.6
-0.0451 0.8
-0.04485 2.2
-0.04461 3.7
-0.04436 5.1
-0.04412 6.4
-0.04388 7.7
-0.04363 9.0
-0.04339 10.2
-0.04314 11.3
-0.0429 12.4
-0.04266 13.4
-0.04241 14.2
-0.04217 15.0
-0.04192 15.6
-0.04168 16.1
-0.04144 16.6
-0.04119 16.8
-0.04095 17.0
-0.0407 17.0
-0.04046 16.9
-0.04021 16.6
-0.03997 16.2
-0.03973 15.7
-0.03948 15.0
-0.03924 14.2
-0.03899 13.3
-0.03875 12.3
-0.03851 11.2
-0.03826 9.9
-0.03802 8.6
-0.03777 7.2
-0.03753 5.8
-0.03728 4.3
-0.03704 2.7
-0.0368 1.1
-0.03655 -0.5
-0.03631 -2.1
-0.03606 -3.7
-0.03582 -5.3
-0.03558 -6.9
-0.03533 -8.4
-0.03509 -9.8
-0.03484 -11.1
-0.0346 -12.4
-0.03436 -13.6
-0.03411 -14.6
-0.03387 -15.5
-0.03362 -16.3
-0.03338 -16.9
-0.03313 -17.4
-0.03289 -17.8
-0.03265 -17.9
-0.0324 -17.9
-0.03216 -17.7
-0.03191 -17.4
-0.03167 -16.9
-0.03143 -16.2
-0.03118 -15.4
-0.03094 -14.4
-0.03069 -13.3
-0.03045 -12.0
-0.0302 -10.6
-0.02996 -9.1
-0.02972 -7.5
-0.02947 -5.8
-0.02923 -4.0
-0.02898 -2.2
-0.02874 -0.4
-0.0285 1.5
-0.02825 3.4
-0.02801 5.2
-0.02776 7.0
-0.02752 8.8
-0.02728 10.5
-0.02703 12.0
-0.02679 13.5
-0.02654 14.8
-0.0263 16.0
-0.02605 17.0
-0.02581 17.8
-0.02557 18.4
-0.02532 18.9
-0.02508 19.1
-0.02483 19.1
-0.02459 18.9
-0.02435 18.5
-0.0241 17.8
-0.02386 17.0
-0.02361 15.9
-0.02337 14.6
-0.02312 13.2
-0.02288 11.6
-0.02264 9.8
-0.02239 7.9
-0.02215 5.9
-0.0219 3.8
-0.02166 1.6
-0.02142 -0.6
-0.02117 -2.9
-0.02093 -5.1
-0.02068 -7.3
-0.02044 -9.4
-0.0202 -11.4
-0.01995 -13.3
-0.01971 -15.0
-0.01946 -16.5
-0.01922 -17.8
-0.01897 -18.9
-0.01873 -19.7
-0.01849 -20.3
-0.01824 -20.6
-0.018 -20.6
-0.01775 -20.3
-0.01751 -19.7
-0.01727 -18.8
-0.01702 -17.6
-0.01678 -16.1
-0.01653 -14.4
-0.01629 -12.4
-0.01604 -10.2
-0.0158 -7.8
-0.01556 -5.3
-0.01531 -2.6
-0.01507 0.1
-0.01482 2.9
-0.01458 5.6
-0.01434 8.4
-0.01409 11.0
-0.01385 13.4
-0.0136 15.7
-0.01336 17.7
-0.01311 19.4
-0.01287 20.8
-0.01263 21.8
-0.01238 22.5
-0.01214 22.7
-0.01189 22.4
-0.01165 21.8
-0.01141 20.7
-0.01116 19.1
-0.01092 17.2
-0.01067 14.8
-0.01043 12.1
-0.01019 9.0
-0.00994 5.7
-0.0097 2.2
-0.00945 -1.4
-0.00921 -5.0
-0.00896 -8.6
-0.00872 -12.1
-0.00848 -15.3
-0.00823 -18.3
-0.00799 -20.8
-0.00774 -22.9
-0.0075 -24.4
-0.00726 -25.2
-0.00701 -25.4
-0.00677 -24.9
-0.00652 -23.6
-0.00628 -21.6
-0.00603 -18.8
-0.00579 -15.4
-0.00555 -11.4
-0.0053 -6.9
-0.00506 -2.0
-0.00481 3.1
-0.00457 8.2
-0.00433 13.2
-0.00408 17.9
-0.00384 22.0
-0.00359 25.3
-0.00335 27.7
-0.00311 29.0
-0.00286 28.9
-0.00262 27.5
-0.00237 24.6
-0.00213 20.4
-0.00188 14.9
-0.00164 8.2
-0.0014 0.8
-0.00115 -7.1
-0.00091 -14.8
-0.00066 -21.8
-0.00042 -27.5
-0.00018 -31.1
7e-05 -32.1
0.00031 -30.0
0.00056 -24.7
0.0008 -16.6
0.00105 -6.5
0.00129 4.4
0.00153 14.6
0.00178 22.6
0.00202 27.1
0.00227 27.5
0.00251 23.7
0.00275 16.4
0.003 7.1
0.00324 -2.7
0.00349 -11.1
0.00373 -16.9
0.00397 -19.2
0.00422 -17.8
0.00446 -13.5
0.00471 -7.2
0.00495 -0.3
0.0052 5.8
0.00544 10.0
0.00568 11.8
0.00593 11.2
0.00617 8.4
0.00642 4.4
0.00666 0.1
0.0069 -3.6
0.00715 -6.2
0.00739 -7.1
0.00764 -6.6
0.00788 -4.7
0.00813 -2.2
0.00837 0.4
0.00861 2.6
0.00886 3.9
0.0091 4.3
0.00935 3.8
0.00959 2.5
0.00983 0.9
0.01008 -0.6
0.01032 -1.8
0.01057 -2.5
0.01081 -2.6
0.01105 -2.1
0.0113 -1.3
0.01154 -0.3
0.01179 0.6
0.01203 1.3
0.01228 1.6
0.01252 1.5
0.01276 1.2
0.01301 0.6
0.01325 0.0
0.0135 -0.5
0.01374 -0.9
0.01398 -1.0
0.01423 -0.9
0.01447 -0.6
0.01472 -0.3
0.01496 0.0
0.01521 0.4
0.01545 0.6
0.01569 0.6
0.01594 0.5
0.01618 0.3
0.01643 0.1
0.01667 -0.1
0.01691 -0.3
0.01716 -0.4
0.0174 -0.4
0.01765 -0.3
0.01789 -0.2
0.01814 0.0
0.01838 0.1
0.01862 0.2
0.01887 0.2
0.01911 0.2
0.01936 0.2
0.0196 0.0
0.01984 0.0
0.02009 0.0
0.02033 -0.1
0.02058 -0.1
0.02082 -0.1
0.02106 0.0
0.02131 0.0
0.02155 0.0
0.0218 0.0
0.02204 0.0
0.02229 0.0
0.02253 0.0
0.02277 0.0
0.02302 0.0
0.02326 0.0
0.02351 0.0
0.02375 0.0
0.02399 0.0
0.02424 0.0
0.02448 0.0
0.02473 0.0
0.02497 0.0
0.02522 0.0
0.02546 0.0
0.0257 0.0
0.02595 0.0
0.02619 0.0
0.02644 0.0
0.02668 0.0
0.02692 0.0
0.02717 0.0
0.02741 0.0
0.02766 0.0
0.0279 0.0
0.02814 0.0
0.02839 0.0
0.02863 0.0
0.02888 0.0
0.02912 0.0
0.02937 0.0
0.02961 0.0
0.02985 0.0
0.0301 0.0
0.03034 0.0
0.03059 0.0
0.03083 0.0
0.03107 0.0
0.03132 0.0
0.03156 0.0
0.03181 0.0
0.03205 0.0
0.0323 0.0
0.03254 0.0
0.03278 0.0
0.03303 0.0
0.03327 0.0
0.03352 0.0
0.03376 0.0
0.034 0.0
0.03425 0.0
0.03449 0.0
0.03474 0.0
0.03498 0.0
0.03522 0.0
0.03547 0.0
0.03571 0.0
0.03596 0.0
0.0362 0.0
0.03645 0.0
0.03669 0.0
0.03693 0.0
0.03718 0.0
0.03742 0.0
0.03767 0.0
0.03791 0.0
0.03815 0.0
0.0384 0.0
0.03864 0.0
0.03889 0.0
0.03913 0.0
0.03938 0.0
0.03962 0.0
0.03986 0.0
0.04011 0.0
0.04035 0.0
0.0406 0.0
0.04084 0.0
0.04108 0.0
0.04133 0.0
0.04157 0.0
0.04182 0.0
0.04206 0.0
0.0423 0.0
0.04255 0.0
0.04279 0.0
0.04304 0.0
0.04328 0.0
0.04353 0.0
0.04377 0.0
0.04401 0.0
0.04426 0.0
0.0445 0.0
0.04475 0.0
0.04499 0.0
0.04523 0.0
0.04548 0.0
0.04572 0.0
0.04597 0.0
0.04621 0.0
0.04646 0.0
0.0467 0.0
0.04694 0.0
0.04719 0.0
0.04743 0.0
0.04768 0.0
0.04792 0.0
0.04816 0.0
0.04841 0.0
0.04865 0.0
0.0489 0.0
0.04914 0.0
0.04939 0.0
0.04963 0.0
0.04987 0.0
0.05012 0.0
0.05036 0.0
0.05061 0.0
0.05085 0.0
0.05109 0.0
0.05134 0.0
0.05158 0.0
0.05183 0.0
0.05207 0.0
0.05231 0.0
0.05256 0.0
0.0528 0.0
0.05305 0.0
0.05329 0.0
0.05354 0.0
0.05378 0.0
0.05402 0.0
0.05427 0.0
0.05451 0.0
0.05476 0.0
0.055 0.0
0.05524 0.0
0.05549 0.0
0.05573 0.0
0.05598 0.0
0.05622 0.0
0.05647 0.0
0.05671 0.0
0.05695 0.0
0.0572 0.0
0.05744 0.0
0.05769 0.0
0.05793 0.0
0.05817 0.0
0.05842 0.0
0.05866 0.0
0.05891 0.0
0.05915 0.0
0.05939 0.0
0.05964 0.0
0.05988 0.0
0.06013 0.0
0.06037 0.0
0.06062 0.0
0.06086 0.0
0.0611 0.0
0.06135 0.0
0.06159 0.0
0.06184 0.0
0.06208 0.0
0.06232 0.0
0.06257 0.0
0.06281 0.0
0.06306 0.0
0.0633 0.0
0.06355 0.0
0.06379 0.0
0.06403 0.0
0.06428 0.0
0.06452 0.0
0.06477 0.0
0.06501 0.0
0.06525 0.0
0.0655 0.0
0.06574 0.0
0.06599 0.0
0.06623 0.0
0.06647 0.0
0.06672 0.0
0.06696 0.0
0.06721 0.0
0.06745 0.0
0.0677 0.0
0.06794 0.0
0.06818 0.0
0.06843 0.0
0.06867 0.0
0.06892 0.0
0.06916 0.0
0.0694 0.0
0.06965 0.0
0.06989 0.0
0.07014 0.0
0.07038 0.0
0.07063 0.0
0.07087 0.0
0.07111 0.0
0.07136 0.0
0.0716 0.0
0.07185 0.0
0.07209 0.0
0.07233 0.0
0.07258 0.0
0.07282 0.0
0.07307 0.0
0.07331 0.0
0.07355 0.0
0.0738 0.0
0.07404 0.0
0.07429 0.0
0.07453 0.0
0.07478 0.0
0.07502 0.0
0.07526 0.0
0.07551 0.0
0.07575 0.0
0.076 0.0
0.07624 0.0
0.07648 0.0
0.07673 0.0
0.07697 0.0
0.07722 0.0
0.07746 0.0
0.07771 0.0
0.07795 0.0
0.07819 0.0
0.07844 0.0
0.07868 0.0
0.07893 0.0
0.07917 0.0
0.07941 0.0
0.07966 0.0
0.0799 0.0
0.08015 0.0
0.08039 0.0
0.08064 0.0
0.08088 0.0
0.08112 0.0
0.08137 0.0
0.08161 0.0
0.08186 0.0
0.0821 0.0
0.08234 0.0
0.08259 0.0
0.08283 0.0
0.08308 0.0
0.08332 0.0
0.08356 0.0
0.08381 0.0
0.08405 0.0
0.0843 0.0
0.08454 0.0
0.08479 0.0
0.08503 0.0
0.08527 0.0
0.08552 0.0
0.08576 0.0
0.08601 0.0
0.08625 0.0
0.08649 0.0
0.08674 0.0
0.08698 0.0
0.08723 0.0
0.08747 0.0
0.08772 0.0
0.08796 0.0
0.0882 0.0
0.08845 0.0
0.08869 0.0
0.08894 0.0
0.08918 0.0
0.08942 0.0
0.08967 0.0
0.08991 0.0
0.09016 0.0
0.0904 0.0
0.09064 0.0
0.09089 0.0
0.09113 0.0
0.09138 0.0
0.09162 0.0
0.09187 0.0
0.09211 0.0
0.09235 0.0
0.0926 0.0
0.09284 0.0
0.09309 0.0
0.09333 0.0
0.09357 0.0
0.09382 0.0
0.09406 0.0
0.09431 0.0
0.09455 0.0
0.0948 0.0
0.09504 0.0
0.09528 0.0
0.09553 0.0
0.09577 0.0
0.09602 0.0
0.09626 0.0
0.0965 0.0
0.09675 0.0
0.09699 0.0
0.09724 0.0
0.09748 0.0
0.09772 0.0
0.09797 0.0
0.09821 0.0
0.09846 0.0
0.0987 0.0
0.09895 0.0
0.09919 0.0
0.09943 0.0
0.09968 0.0
0.09992 0.0
0.10017 0.0
0.10041 0.0
0.10065 0.0
0.1009 0.0
0.10114 0.0
0.10139 0.0
0.10163 0.0
0.10188 0.0
0.10212 0.0
0.10236 0.0
0.10261 0.0
0.10285 0.0
0.1031 0.0
0.10334 0.0
0.10358 0.0
0.10383 0.0
0.10407 0.0
0.10432 0.0
0.10456 0.0
0.1048 0.0
0.10505 0.0
0.10529 0.0
0.10554 0.0
0.10578 0.0
0.10603 0.0
0.10627 0.0
0.10651 0.0
0.10676 0.0
0.107 0.0
0.10725 0.0
0.10749 0.0
0.10773 0.0
0.10798 0.0
0.10822 0.0
0.10847 0.0
0.10871 0.0
0.10896 0.0
0.1092 0.0
0.10944 0.0
0.10969 0.0
0.10993 0.0
0.11018 0.0
0.11042 0.0
0.11066 0.0
0.11091 0.0
0.11115 0.0
0.1114 0.0
0.11164 0.0
0.11189 0.0
0.11213 0.0
0.11237 0.0
0.11262 0.0
0.11286 0.0
0.11311 0.0
0.11335 0.0
0.11359 0.0
0.11384 0.0
0.11408 0.0
0.11433 0.0
0.11457 0.0
0.11481 0.0
0.11506 0.0
0.1153 0.0
0.11555 0.0
0.11579 0.0
0.11604 0.0
0.11628 0.0
0.11652 0.0
0.11677 0.0
0.11701 0.0
0.11726 0.0
0.1175 0.0
0.11774 0.0
0.11799 0.0
0.11823 0.0
0.11848 0.0
0.11872 0.0
0.11897 0.0
0.11921 0.0
0.11945 0.0
0.1197 0.0
0.11994 0.0
0.12019 0.0
0.12043 0.0
0.12067 0.0
0.12092 0.0
0.12116 0.0
0.12141 0.0
0.12165 0.0
0.12189 0.0
0.12214 0.0
0.12238 0.0
0.12263 0.0
0.12287 0.0
0.12312 0.0
0.12336 0.0
0.1236 0.0
0.12385 0.0
0.12409 0.0
0.12434 0.0
0.12458 0.0
0.12482 0.0
0.12507 0.0
0.12531 0.0
0.12556 0.0
0.1258 0.0
0.12605 0.0
0.12629 0.0
0.12653 0.0
0.12678 0.0
0.12702 0.0
0.12727 0.0
0.12751 0.0
0.12775 0.0
0.128 0.0
0.12824 0.0
0.12849 0.0
0.12873 0.0
0.12897 0.0
0.12922 0.0
0.12946 0.0
0.12971 0.0
0.12995 0.0
0.1302 0.0
0.13044 0.0
0.13068 0.0
0.13093 0.0
0.13117 0.0
0.13142 0.0
0.13166 0.0
0.1319 0.0
0.13215 0.0
0.13239 0.0
0.13264 0.0
0.13288 0.0
0.13313 0.0
0.13337 0.0
0.13361 0.0
0.13386 0.0
0.1341 0.0
0.13435 0.0
