t strain*1e23
-0.48 -6.3
-0.47976 -6.3
-0.47952 -6.2
-0.47927 -6.1
-0.47903 -6.0
-0.47878 -5.9
-0.47854 -5.8
-0.47829 -5.7
-0.47805 -5.6
-0.47781 -5.4
-0.47756 -5.3
-0.47732 -5.1
-0.47707 -5.0
-0.47683 -4.8
-0.47659 -4.7
-0.47634 -4.5
-0.4761 -4.3
-0.47585 -4.1
-0.47561 -3.9
-0.47536 -3.7
-0.47512 -3.5
-0.47488 -3.3
-0.47463 -3.0
-0.47439 -2.8
-0.47414 -2.6
-0.4739 -2.4
-0.47366 -2.1
-0.47341 -1.9
-0.47317 -1.6
-0.47292 -1.4
-0.47268 -1.1
-0.47243 -0.9
-0.47219 -0.6
-0.47195 -0.4
-0.4717 -0.1
-0.47146 0.1
-0.47121 0.4
-0.47097 0.6
-0.47073 0.9
-0.47048 1.1
-0.47024 1.4
-0.46999 1.6
-0.46975 1.9
-0.46951 2.1
-0.46926 2.3
-0.46902 2.6
-0.46877 2.8
-0.46853 3.0
-0.46828 3.3
-0.46804 3.5
-0.4678 3.7
-0.46755 3.9
-0.46731 4.1
-0.46706 4.3
-0.46682 4.5
-0.46658 4.7
-0.46633 4.8
-0.46609 5.0
-0.46584 5.2
-0.4656 5.3
-0.46535 5.5
-0.46511 5.6
-0.46487 5.7
-0.46462 5.9
-0.46438 6.0
-0.46413 6.1
-0.46389 6.2
-0.46365 6.2
-0.4634 6.3
-0.46316 6.4
-0.46291 6.4
-0.46267 6.5
-0.46243 6.5
-0.46218 6.6
-0.46194 6.6
-0.46169 6.6
-0.46145 6.6
-0.4612 6.6
-0.46096 6.5
-0.46072 6.5
-0.46047 6.5
-0.46023 6.4
-0.45998 6.3
-0.45974 6.3
-0.4595 6.2
-0.45925 6.1
-0.45901 6.0
-0.45876 5.9
-0.45852 5.8
-0.45827 5.6
-0.45803 5.5
-0.45779 5.4
-0.45754 5.2
-0.4573 5.1
-0.45705 4.9
-0.45681 4.7
-0.45657 4.5
-0.45632 4.3
-0.45608 4.1
-0.45583 3.9
-0.45559 3.7
-0.45535 3.5
-0.4551 3.3
-0.45486 3.1
-0.45461 2.8
-0.45437 2.6
-0.45412 2.4
-0.45388 2.1
-0.45364 1.9
-0.45339 1.6
-0.45315 1.4
-0.4529 1.1
-0.45266 0.9
-0.45242 0.6
-0.45217 0.4
-0.45193 0.0
-0.45168 -0.2
-0.45144 -0.4
-0.45119 -0.7
-0.45095 -0.9
-0.45071 -1.2
-0.45046 -1.4
-0.45022 -1.7
-0.44997 -1.9
-0.44973 -2.2
-0.44949 -2.4
-0.44924 -2.7
-0.449 -2.9
-0.44875 -3.1
-0.44851 -3.4
-0.44827 -3.6
-0.44802 -3.8
-0.44778 -4.0
-0.44753 -4.2
-0.44729 -4.4
-0.44704 -4.6
-0.4468 -4.8
-0.44656 -5.0
-0.44631 -5.1
-0.44607 -5.3
-0.44582 -5.5
-0.44558 -5.6
-0.44534 -5.7
-0.44509 -5.9
-0.44485 -6.0
-0.4446 -6.1
-0.44436 -6.2
-0.44411 -6.3
-0.44387 -6.4
-0.44363 -6.4
-0.44338 -6.5
-0.44314 -6.5
-0.44289 -6.6
-0.44265 -6.6
-0.44241 -6.6
-0.44216 -6.6
-0.44192 -6.6
-0.44167 -6.6
-0.44143 -6.6
-0.44118 -6.6
-0.44094 -6.5
-0.4407 -6.5
-0.44045 -6.4
-0.44021 -6.3
-0.43996 -6.3
-0.43972 -6.2
-0.43948 -6.1
-0.43923 -6.0
-0.43899 -5.8
-0.43874 -5.7
-0.4385 -5.6
-0.43826 -5.4
-0.43801 -5.3
-0.43777 -5.1
-0.43752 -4.9
-0.43728 -4.7
-0.43703 -4.6
-0.43679 -4.4
-0.43655 -4.2
-0.4363 -4.0
-0.43606 -3.7
-0.43581 -3.5
-0.43557 -3.3
-0.43533 -3.1
-0.43508 -2.8
-0.43484 -2.6
-0.43459 -2.3
-0.43435 -2.1
-0.4341 -1.8
-0.43386 -1.6
-0.43362 -1.3
-0.43337 -1.1
-0.43313 -0.8
-0.43288 -0.5
-0.43264 -0.3
-0.4324 0.0
-0.43215 0.3
-0.43191 0.5
-0.43166 0.8
-0.43142 1.1
-0.43118 1.3
-0.43093 1.6
-0.43069 1.8
-0.43044 2.1
-0.4302 2.3
-0.42995 2.6
-0.42971 2.8
-0.42947 3.1
-0.42922 3.3
-0.42898 3.5
-0.42873 3.8
-0.42849 4.0
-0.42825 4.2
-0.428 4.4
-0.42776 4.6
-0.42751 4.8
-0.42727 5.0
-0.42702 5.1
-0.42678 5.3
-0.42654 5.5
-0.42629 5.6
-0.42605 5.8
-0.4258 5.9
-0.42556 6.0
-0.42532 6.1
-0.42507 6.2
-0.42483 6.3
-0.42458 6.4
-0.42434 6.5
-0.4241 6.5
-0.42385 6.6
-0.42361 6.6
-0.42336 6.7
-0.42312 6.7
-0.42287 6.7
-0.42263 6.7
-0.42239 6.7
-0.42214 6.7
-0.4219 6.6
-0.42165 6.6
-0.42141 6.5
-0.42117 6.5
-0.42092 6.4
-0.42068 6.3
-0.42043 6.2
-0.42019 6.1
-0.41994 6.0
-0.4197 5.9
-0.41946 5.7
-0.41921 5.6
-0.41897 5.4
-0.41872 5.3
-0.41848 5.1
-0.41824 4.9
-0.41799 4.7
-0.41775 4.6
-0.4175 4.3
-0.41726 4.1
-0.41702 3.9
-0.41677 3.7
-0.41653 3.5
-0.41628 3.2
-0.41604 3.0
-0.41579 2.8
-0.41555 2.5
-0.41531 2.3
-0.41506 2.0
-0.41482 1.7
-0.41457 1.5
-0.41433 1.2
-0.41409 0.9
-0.41384 0.7
-0.4136 0.4
-0.41335 0.1
-0.41311 -0.1
-0.41286 -0.4
-0.41262 -0.7
-0.41238 -1.0
-0.41213 -1.2
-0.41189 -1.5
-0.41164 -1.8
-0.4114 -2.0
-0.41116 -2.3
-0.41091 -2.5
-0.41067 -2.8
-0.41042 -3.0
-0.41018 -3.3
-0.40993 -3.5
-0.40969 -3.7
-0.40945 -4.0
-0.4092 -4.2
-0.40896 -4.4
-0.40871 -4.6
-0.40847 -4.8
-0.40823 -5.0
-0.40798 -5.2
-0.40774 -5.3
-0.40749 -5.5
-0.40725 -5.7
-0.40701 -5.8
-0.40676 -5.9
-0.40652 -6.1
-0.40627 -6.2
-0.40603 -6.3
-0.40578 -6.4
-0.40554 -6.5
-0.4053 -6.6
-0.40505 -6.6
-0.40481 -6.7
-0.40456 -6.7
-0.40432 -6.7
-0.40408 -6.8
-0.40383 -6.8
-0.40359 -6.8
-0.40334 -6.8
-0.4031 -6.7
-0.40285 -6.7
-0.40261 -6.7
-0.40237 -6.6
-0.40212 -6.5
-0.40188 -6.4
-0.40163 -6.4
-0.40139 -6.3
-0.40115 -6.1
-0.4009 -6.0
-0.40066 -5.9
-0.40041 -5.7
-0.40017 -5.6
-0.39993 -5.4
-0.39968 -5.3
-0.39944 -5.1
-0.39919 -4.9
-0.39895 -4.7
-0.3987 -4.5
-0.39846 -4.3
-0.39822 -4.1
-0.39797 -3.8
-0.39773 -3.6
-0.39748 -3.4
-0.39724 -3.1
-0.397 -2.9
-0.39675 -2.6
-0.39651 -2.4
-0.39626 -2.1
-0.39602 -1.8
-0.39577 -1.6
-0.39553 -1.3
-0.39529 -1.0
-0.39504 -0.7
-0.3948 -0.5
-0.39455 -0.2
-0.39431 0.0
-0.39407 0.4
-0.39382 0.6
-0.39358 0.9
-0.39333 1.2
-0.39309 1.5
-0.39285 1.7
-0.3926 2.0
-0.39236 2.3
-0.39211 2.5
-0.39187 2.8
-0.39162 3.1
-0.39138 3.3
-0.39114 3.6
-0.39089 3.8
-0.39065 4.0
-0.3904 4.2
-0.39016 4.5
-0.38992 4.7
-0.38967 4.9
-0.38943 5.1
-0.38918 5.3
-0.38894 5.4
-0.38869 5.6
-0.38845 5.8
-0.38821 5.9
-0.38796 6.0
-0.38772 6.2
-0.38747 6.3
-0.38723 6.4
-0.38699 6.5
-0.38674 6.6
-0.3865 6.6
-0.38625 6.7
-0.38601 6.8
-0.38577 6.8
-0.38552 6.8
-0.38528 6.8
-0.38503 6.8
-0.38479 6.8
-0.38454 6.8
-0.3843 6.8
-0.38406 6.7
-0.38381 6.7
-0.38357 6.6
-0.38332 6.6
-0.38308 6.5
-0.38284 6.4
-0.38259 6.3
-0.38235 6.1
-0.3821 6.0
-0.38186 5.9
-0.38161 5.7
-0.38137 5.5
-0.38113 5.4
-0.38088 5.2
-0.38064 5.0
-0.38039 4.8
-0.38015 4.6
-0.37991 4.4
-0.37966 4.2
-0.37942 3.9
-0.37917 3.7
-0.37893 3.5
-0.37868 3.2
-0.37844 2.9
-0.3782 2.7
-0.37795 2.4
-0.37771 2.2
-0.37746 1.9
-0.37722 1.6
-0.37698 1.3
-0.37673 1.0
-0.37649 0.8
-0.37624 0.5
-0.376 0.2
-0.37576 -0.1
-0.37551 -0.4
-0.37527 -0.7
-0.37502 -1.0
-0.37478 -1.2
-0.37453 -1.5
-0.37429 -1.8
-0.37405 -2.1
-0.3738 -2.4
-0.37356 -2.6
-0.37331 -2.9
-0.37307 -3.2
-0.37283 -3.4
-0.37258 -3.7
-0.37234 -3.9
-0.37209 -4.1
-0.37185 -4.4
-0.3716 -4.6
-0.37136 -4.8
-0.37112 -5.0
-0.37087 -5.2
-0.37063 -5.4
-0.37038 -5.6
-0.37014 -5.7
-0.3699 -5.9
-0.36965 -6.0
-0.36941 -6.2
-0.36916 -6.3
-0.36892 -6.4
-0.36868 -6.5
-0.36843 -6.6
-0.36819 -6.7
-0.36794 -6.8
-0.3677 -6.8
-0.36745 -6.9
-0.36721 -6.9
-0.36697 -6.9
-0.36672 -6.9
-0.36648 -6.9
-0.36623 -6.9
-0.36599 -6.9
-0.36575 -6.8
-0.3655 -6.8
-0.36526 -6.7
-0.36501 -6.6
-0.36477 -6.6
-0.36452 -6.5
-0.36428 -6.3
-0.36404 -6.2
-0.36379 -6.1
-0.36355 -5.9
-0.3633 -5.8
-0.36306 -5.6
-0.36282 -5.4
-0.36257 -5.3
-0.36233 -5.1
-0.36208 -4.9
-0.36184 -4.6
-0.3616 -4.4
-0.36135 -4.2
-0.36111 -4.0
-0.36086 -3.7
-0.36062 -3.5
-0.36037 -3.2
-0.36013 -2.9
-0.35989 -2.7
-0.35964 -2.4
-0.3594 -2.1
-0.35915 -1.8
-0.35891 -1.6
-0.35867 -1.3
-0.35842 -1.0
-0.35818 -0.7
-0.35793 -0.4
-0.35769 0.0
-0.35744 0.2
-0.3572 0.5
-0.35696 0.8
-0.35671 1.1
-0.35647 1.4
-0.35622 1.7
-0.35598 1.9
-0.35574 2.2
-0.35549 2.5
-0.35525 2.8
-0.355 3.1
-0.35476 3.3
-0.35452 3.6
-0.35427 3.8
-0.35403 4.1
-0.35378 4.3
-0.35354 4.5
-0.35329 4.8
-0.35305 5.0
-0.35281 5.2
-0.35256 5.4
-0.35232 5.6
-0.35207 5.7
-0.35183 5.9
-0.35159 6.1
-0.35134 6.2
-0.3511 6.3
-0.35085 6.5
-0.35061 6.6
-0.35036 6.7
-0.35012 6.7
-0.34988 6.8
-0.34963 6.9
-0.34939 6.9
-0.34914 7.0
-0.3489 7.0
-0.34866 7.0
-0.34841 7.0
-0.34817 7.0
-0.34792 7.0
-0.34768 6.9
-0.34743 6.9
-0.34719 6.8
-0.34695 6.7
-0.3467 6.6
-0.34646 6.5
-0.34621 6.4
-0.34597 6.3
-0.34573 6.1
-0.34548 6.0
-0.34524 5.8
-0.34499 5.7
-0.34475 5.5
-0.34451 5.3
-0.34426 5.1
-0.34402 4.9
-0.34377 4.6
-0.34353 4.4
-0.34328 4.2
-0.34304 3.9
-0.3428 3.7
-0.34255 3.4
-0.34231 3.1
-0.34206 2.9
-0.34182 2.6
-0.34158 2.3
-0.34133 2.0
-0.34109 1.7
-0.34084 1.4
-0.3406 1.1
-0.34035 0.8
-0.34011 0.5
-0.33987 0.2
-0.33962 0.0
-0.33938 -0.4
-0.33913 -0.7
-0.33889 -1.0
-0.33865 -1.3
-0.3384 -1.6
-0.33816 -1.9
-0.33791 -2.2
-0.33767 -2.5
-0.33743 -2.7
-0.33718 -3.0
-0.33694 -3.3
-0.33669 -3.6
-0.33645 -3.8
-0.3362 -4.1
-0.33596 -4.3
-0.33572 -4.6
-0.33547 -4.8
-0.33523 -5.0
-0.33498 -5.2
-0.33474 -5.4
-0.3345 -5.6
-0.33425 -5.8
-0.33401 -6.0
-0.33376 -6.1
-0.33352 -6.3
-0.33327 -6.4
-0.33303 -6.5
-0.33279 -6.6
-0.33254 -6.7
-0.3323 -6.8
-0.33205 -6.9
-0.33181 -7.0
-0.33157 -7.0
-0.33132 -7.1
-0.33108 -7.1
-0.33083 -7.1
-0.33059 -7.1
-0.33035 -7.1
-0.3301 -7.0
-0.32986 -7.0
-0.32961 -6.9
-0.32937 -6.8
-0.32912 -6.8
-0.32888 -6.7
-0.32864 -6.6
-0.32839 -6.4
-0.32815 -6.3
-0.3279 -6.1
-0.32766 -6.0
-0.32742 -5.8
-0.32717 -5.6
-0.32693 -5.4
-0.32668 -5.2
-0.32644 -5.0
-0.32619 -4.8
-0.32595 -4.6
-0.32571 -4.3
-0.32546 -4.1
-0.32522 -3.8
-0.32497 -3.6
-0.32473 -3.3
-0.32449 -3.0
-0.32424 -2.7
-0.324 -2.4
-0.32375 -2.1
-0.32351 -1.8
-0.32327 -1.5
-0.32302 -1.2
-0.32278 -0.9
-0.32253 -0.6
-0.32229 -0.3
-0.32204 0.0
-0.3218 0.3
-0.32156 0.6
-0.32131 1.0
-0.32107 1.3
-0.32082 1.6
-0.32058 1.9
-0.32034 2.2
-0.32009 2.5
-0.31985 2.8
-0.3196 3.1
-0.31936 3.3
-0.31911 3.6
-0.31887 3.9
-0.31863 4.1
-0.31838 4.4
-0.31814 4.6
-0.31789 4.9
-0.31765 5.1
-0.31741 5.3
-0.31716 5.5
-0.31692 5.7
-0.31667 5.9
-0.31643 6.1
-0.31618 6.2
-0.31594 6.4
-0.3157 6.5
-0.31545 6.7
-0.31521 6.8
-0.31496 6.9
-0.31472 6.9
-0.31448 7.0
-0.31423 7.1
-0.31399 7.1
-0.31374 7.1
-0.3135 7.2
-0.31326 7.2
-0.31301 7.2
-0.31277 7.1
-0.31252 7.1
-0.31228 7.0
-0.31203 7.0
-0.31179 6.9
-0.31155 6.8
-0.3113 6.7
-0.31106 6.6
-0.31081 6.4
-0.31057 6.3
-0.31033 6.1
-0.31008 5.9
-0.30984 5.8
-0.30959 5.6
-0.30935 5.3
-0.3091 5.1
-0.30886 4.9
-0.30862 4.7
-0.30837 4.4
-0.30813 4.2
-0.30788 3.9
-0.30764 3.6
-0.3074 3.3
-0.30715 3.1
-0.30691 2.8
-0.30666 2.5
-0.30642 2.2
-0.30618 1.8
-0.30593 1.5
-0.30569 1.2
-0.30544 0.9
-0.3052 0.6
-0.30495 0.3
-0.30471 0.0
-0.30447 -0.4
-0.30422 -0.7
-0.30398 -1.0
-0.30373 -1.4
-0.30349 -1.7
-0.30325 -2.0
-0.303 -2.3
-0.30276 -2.6
-0.30251 -2.9
-0.30227 -3.2
-0.30202 -3.5
-0.30178 -3.8
-0.30154 -4.0
-0.30129 -4.3
-0.30105 -4.6
-0.3008 -4.8
-0.30056 -5.0
-0.30032 -5.3
-0.30007 -5.5
-0.29983 -5.7
-0.29958 -5.9
-0.29934 -6.1
-0.2991 -6.3
-0.29885 -6.4
-0.29861 -6.6
-0.29836 -6.7
-0.29812 -6.8
-0.29787 -6.9
-0.29763 -7.0
-0.29739 -7.1
-0.29714 -7.2
-0.2969 -7.2
-0.29665 -7.2
-0.29641 -7.3
-0.29617 -7.3
-0.29592 -7.2
-0.29568 -7.2
-0.29543 -7.2
-0.29519 -7.1
-0.29494 -7.1
-0.2947 -7.0
-0.29446 -6.9
-0.29421 -6.8
-0.29397 -6.6
-0.29372 -6.5
-0.29348 -6.3
-0.29324 -6.2
-0.29299 -6.0
-0.29275 -5.8
-0.2925 -5.6
-0.29226 -5.4
-0.29202 -5.2
-0.29177 -4.9
-0.29153 -4.7
-0.29128 -4.4
-0.29104 -4.1
-0.29079 -3.9
-0.29055 -3.6
-0.29031 -3.3
-0.29006 -3.0
-0.28982 -2.7
-0.28957 -2.4
-0.28933 -2.1
-0.28909 -1.7
-0.28884 -1.4
-0.2886 -1.1
-0.28835 -0.8
-0.28811 -0.4
-0.28786 0.0
-0.28762 0.2
-0.28738 0.6
-0.28713 0.9
-0.28689 1.2
-0.28664 1.6
-0.2864 1.9
-0.28616 2.2
-0.28591 2.5
-0.28567 2.8
-0.28542 3.1
-0.28518 3.4
-0.28493 3.7
-0.28469 4.0
-0.28445 4.3
-0.2842 4.6
-0.28396 4.8
-0.28371 5.1
-0.28347 5.3
-0.28323 5.5
-0.28298 5.8
-0.28274 6.0
-0.28249 6.2
-0.28225 6.3
-0.28201 6.5
-0.28176 6.6
-0.28152 6.8
-0.28127 6.9
-0.28103 7.0
-0.28078 7.1
-0.28054 7.2
-0.2803 7.3
-0.28005 7.3
-0.27981 7.3
-0.27956 7.4
-0.27932 7.4
-0.27908 7.3
-0.27883 7.3
-0.27859 7.3
-0.27834 7.2
-0.2781 7.1
-0.27785 7.0
-0.27761 6.9
-0.27737 6.8
-0.27712 6.7
-0.27688 6.5
-0.27663 6.4
-0.27639 6.2
-0.27615 6.0
-0.2759 5.8
-0.27566 5.6
-0.27541 5.3
-0.27517 5.1
-0.27493 4.8
-0.27468 4.6
-0.27444 4.3
-0.27419 4.0
-0.27395 3.7
-0.2737 3.4
-0.27346 3.1
-0.27322 2.8
-0.27297 2.5
-0.27273 2.2
-0.27248 1.8
-0.27224 1.5
-0.272 1.2
-0.27175 0.8
-0.27151 0.5
-0.27126 0.1
-0.27102 -0.2
-0.27077 -0.5
-0.27053 -0.9
-0.27029 -1.2
-0.27004 -1.6
-0.2698 -1.9
-0.26955 -2.2
-0.26931 -2.6
-0.26907 -2.9
-0.26882 -3.2
-0.26858 -3.5
-0.26833 -3.8
-0.26809 -4.1
-0.26785 -4.4
-0.2676 -4.7
-0.26736 -4.9
-0.26711 -5.2
-0.26687 -5.4
-0.26662 -5.7
-0.26638 -5.9
-0.26614 -6.1
-0.26589 -6.3
-0.26565 -6.5
-0.2654 -6.6
-0.26516 -6.8
-0.26492 -6.9
-0.26467 -7.0
-0.26443 -7.2
-0.26418 -7.2
-0.26394 -7.3
-0.26369 -7.4
-0.26345 -7.4
-0.26321 -7.4
-0.26296 -7.5
-0.26272 -7.4
-0.26247 -7.4
-0.26223 -7.4
-0.26199 -7.3
-0.26174 -7.3
-0.2615 -7.2
-0.26125 -7.1
-0.26101 -6.9
-0.26077 -6.8
-0.26052 -6.7
-0.26028 -6.5
-0.26003 -6.3
-0.25979 -6.1
-0.25954 -5.9
-0.2593 -5.7
-0.25906 -5.4
-0.25881 -5.2
-0.25857 -4.9
-0.25832 -4.7
-0.25808 -4.4
-0.25784 -4.1
-0.25759 -3.8
-0.25735 -3.5
-0.2571 -3.2
-0.25686 -2.8
-0.25661 -2.5
-0.25637 -2.2
-0.25613 -1.8
-0.25588 -1.5
-0.25564 -1.1
-0.25539 -0.8
-0.25515 -0.4
-0.25491 0.0
-0.25466 0.3
-0.25442 0.7
-0.25417 1.0
-0.25393 1.4
-0.25368 1.7
-0.25344 2.1
-0.2532 2.4
-0.25295 2.7
-0.25271 3.1
-0.25246 3.4
-0.25222 3.7
-0.25198 4.0
-0.25173 4.3
-0.25149 4.6
-0.25124 4.9
-0.251 5.2
-0.25076 5.4
-0.25051 5.7
-0.25027 5.9
-0.25002 6.1
-0.24978 6.3
-0.24953 6.5
-0.24929 6.7
-0.24905 6.8
-0.2488 7.0
-0.24856 7.1
-0.24831 7.2
-0.24807 7.3
-0.24783 7.4
-0.24758 7.5
-0.24734 7.5
-0.24709 7.5
-0.24685 7.6
-0.2466 7.6
-0.24636 7.5
-0.24612 7.5
-0.24587 7.4
-0.24563 7.4
-0.24538 7.3
-0.24514 7.1
-0.2449 7.0
-0.24465 6.9
-0.24441 6.7
-0.24416 6.5
-0.24392 6.4
-0.24368 6.1
-0.24343 5.9
-0.24319 5.7
-0.24294 5.4
-0.2427 5.2
-0.24245 4.9
-0.24221 4.6
-0.24197 4.3
-0.24172 4.0
-0.24148 3.7
-0.24123 3.4
-0.24099 3.1
-0.24075 2.7
-0.2405 2.4
-0.24026 2.0
-0.24001 1.7
-0.23977 1.3
-0.23952 0.9
-0.23928 0.6
-0.23904 0.2
-0.23879 -0.2
-0.23855 -0.5
-0.2383 -0.9
-0.23806 -1.3
-0.23782 -1.6
-0.23757 -2.0
-0.23733 -2.4
-0.23708 -2.7
-0.23684 -3.1
-0.2366 -3.4
-0.23635 -3.7
-0.23611 -4.0
-0.23586 -4.4
-0.23562 -4.7
-0.23537 -5.0
-0.23513 -5.2
-0.23489 -5.5
-0.23464 -5.8
-0.2344 -6.0
-0.23415 -6.2
-0.23391 -6.4
-0.23367 -6.6
-0.23342 -6.8
-0.23318 -7.0
-0.23293 -7.1
-0.23269 -7.3
-0.23244 -7.4
-0.2322 -7.5
-0.23196 -7.5
-0.23171 -7.6
-0.23147 -7.6
-0.23122 -7.7
-0.23098 -7.7
-0.23074 -7.7
-0.23049 -7.6
-0.23025 -7.6
-0.23 -7.5
-0.22976 -7.4
-0.22952 -7.3
-0.22927 -7.2
-0.22903 -7.0
-0.22878 -6.9
-0.22854 -6.7
-0.22829 -6.5
-0.22805 -6.3
-0.22781 -6.1
-0.22756 -5.9
-0.22732 -5.6
-0.22707 -5.3
-0.22683 -5.1
-0.22659 -4.8
-0.22634 -4.5
-0.2261 -4.1
-0.22585 -3.8
-0.22561 -3.5
-0.22536 -3.1
-0.22512 -2.8
-0.22488 -2.4
-0.22463 -2.1
-0.22439 -1.7
-0.22414 -1.3
-0.2239 -0.9
-0.22366 -0.6
-0.22341 -0.2
-0.22317 0.2
-0.22292 0.6
-0.22268 1.0
-0.22243 1.4
-0.22219 1.7
-0.22195 2.1
-0.2217 2.5
-0.22146 2.8
-0.22121 3.2
-0.22097 3.5
-0.22073 3.9
-0.22048 4.2
-0.22024 4.5
-0.21999 4.8
-0.21975 5.1
-0.21951 5.4
-0.21926 5.7
-0.21902 6.0
-0.21877 6.2
-0.21853 6.4
-0.21828 6.6
-0.21804 6.8
-0.2178 7.0
-0.21755 7.2
-0.21731 7.3
-0.21706 7.4
-0.21682 7.5
-0.21658 7.6
-0.21633 7.7
-0.21609 7.8
-0.21584 7.8
-0.2156 7.8
-0.21535 7.8
-0.21511 7.7
-0.21487 7.7
-0.21462 7.6
-0.21438 7.5
-0.21413 7.4
-0.21389 7.3
-0.21365 7.2
-0.2134 7.0
-0.21316 6.8
-0.21291 6.6
-0.21267 6.4
-0.21243 6.2
-0.21218 5.9
-0.21194 5.6
-0.21169 5.4
-0.21145 5.1
-0.2112 4.8
-0.21096 4.4
-0.21072 4.1
-0.21047 3.8
-0.21023 3.4
-0.20998 3.1
-0.20974 2.7
-0.2095 2.3
-0.20925 1.9
-0.20901 1.5
-0.20876 1.2
-0.20852 0.8
-0.20827 0.4
-0.20803 0.0
-0.20779 -0.4
-0.20754 -0.8
-0.2073 -1.2
-0.20705 -1.6
-0.20681 -2.0
-0.20657 -2.4
-0.20632 -2.8
-0.20608 -3.2
-0.20583 -3.5
-0.20559 -3.9
-0.20535 -4.2
-0.2051 -4.6
-0.20486 -4.9
-0.20461 -5.2
-0.20437 -5.5
-0.20412 -5.8
-0.20388 -6.1
-0.20364 -6.3
-0.20339 -6.5
-0.20315 -6.8
-0.2029 -7.0
-0.20266 -7.1
-0.20242 -7.3
-0.20217 -7.5
-0.20193 -7.6
-0.20168 -7.7
-0.20144 -7.8
-0.20119 -7.8
-0.20095 -7.9
-0.20071 -7.9
-0.20046 -7.9
-0.20022 -7.9
-0.19997 -7.9
-0.19973 -7.8
-0.19949 -7.7
-0.19924 -7.6
-0.199 -7.5
-0.19875 -7.4
-0.19851 -7.2
-0.19827 -7.0
-0.19802 -6.8
-0.19778 -6.6
-0.19753 -6.4
-0.19729 -6.1
-0.19704 -5.8
-0.1968 -5.5
-0.19656 -5.2
-0.19631 -4.9
-0.19607 -4.6
-0.19582 -4.3
-0.19558 -3.9
-0.19534 -3.5
-0.19509 -3.2
-0.19485 -2.8
-0.1946 -2.4
-0.19436 -2.0
-0.19411 -1.6
-0.19387 -1.2
-0.19363 -0.8
-0.19338 -0.3
-0.19314 0.0
-0.19289 0.5
-0.19265 0.9
-0.19241 1.3
-0.19216 1.7
-0.19192 2.1
-0.19167 2.5
-0.19143 2.9
-0.19118 3.3
-0.19094 3.7
-0.1907 4.1
-0.19045 4.4
-0.19021 4.8
-0.18996 5.1
-0.18972 5.4
-0.18948 5.7
-0.18923 6.0
-0.18899 6.3
-0.18874 6.5
-0.1885 6.8
-0.18826 7.0
-0.18801 7.2
-0.18777 7.4
-0.18752 7.5
-0.18728 7.7
-0.18703 7.8
-0.18679 7.9
-0.18655 8.0
-0.1863 8.0
-0.18606 8.0
-0.18581 8.1
-0.18557 8.0
-0.18533 8.0
-0.18508 7.9
-0.18484 7.9
-0.18459 7.8
-0.18435 7.6
-0.1841 7.5
-0.18386 7.3
-0.18362 7.1
-0.18337 6.9
-0.18313 6.7
-0.18288 6.4
-0.18264 6.2
-0.1824 5.9
-0.18215 5.6
-0.18191 5.2
-0.18166 4.9
-0.18142 4.6
-0.18118 4.2
-0.18093 3.8
-0.18069 3.4
-0.18044 3.0
-0.1802 2.6
-0.17995 2.2
-0.17971 1.8
-0.17947 1.4
-0.17922 1.0
-0.17898 0.5
-0.17873 0.0
-0.17849 -0.3
-0.17825 -0.8
-0.178 -1.2
-0.17776 -1.6
-0.17751 -2.1
-0.17727 -2.5
-0.17702 -2.9
-0.17678 -3.3
-0.17654 -3.7
-0.17629 -4.1
-0.17605 -4.5
-0.1758 -4.8
-0.17556 -5.2
-0.17532 -5.5
-0.17507 -5.8
-0.17483 -6.1
-0.17458 -6.4
-0.17434 -6.7
-0.1741 -6.9
-0.17385 -7.2
-0.17361 -7.4
-0.17336 -7.5
-0.17312 -7.7
-0.17287 -7.8
-0.17263 -8.0
-0.17239 -8.1
-0.17214 -8.1
-0.1719 -8.2
-0.17165 -8.2
-0.17141 -8.2
-0.17117 -8.2
-0.17092 -8.1
-0.17068 -8.0
-0.17043 -7.9
-0.17019 -7.8
-0.16994 -7.7
-0.1697 -7.5
-0.16946 -7.3
-0.16921 -7.1
-0.16897 -6.9
-0.16872 -6.6
-0.16848 -6.3
-0.16824 -6.0
-0.16799 -5.7
-0.16775 -5.4
-0.1675 -5.1
-0.16726 -4.7
-0.16702 -4.3
-0.16677 -3.9
-0.16653 -3.5
-0.16628 -3.1
-0.16604 -2.7
-0.16579 -2.3
-0.16555 -1.8
-0.16531 -1.4
-0.16506 -0.9
-0.16482 -0.5
-0.16457 0.0
-0.16433 0.4
-0.16409 0.9
-0.16384 1.4
-0.1636 1.8
-0.16335 2.3
-0.16311 2.7
-0.16286 3.1
-0.16262 3.5
-0.16238 4.0
-0.16213 4.4
-0.16189 4.7
-0.16164 5.1
-0.1614 5.5
-0.16116 5.8
-0.16091 6.1
-0.16067 6.4
-0.16042 6.7
-0.16018 7.0
-0.15993 7.2
-0.15969 7.4
-0.15945 7.6
-0.1592 7.8
-0.15896 8.0
-0.15871 8.1
-0.15847 8.2
-0.15823 8.3
-0.15798 8.3
-0.15774 8.4
-0.15749 8.3
-0.15725 8.3
-0.15701 8.3
-0.15676 8.2
-0.15652 8.1
-0.15627 8.0
-0.15603 7.8
-0.15578 7.6
-0.15554 7.4
-0.1553 7.2
-0.15505 6.9
-0.15481 6.7
-0.15456 6.4
-0.15432 6.0
-0.15408 5.7
-0.15383 5.4
-0.15359 5.0
-0.15334 4.6
-0.1531 4.2
-0.15285 3.8
-0.15261 3.3
-0.15237 2.9
-0.15212 2.5
-0.15188 2.0
-0.15163 1.5
-0.15139 1.1
-0.15115 0.6
-0.1509 0.1
-0.15066 -0.4
-0.15041 -0.9
-0.15017 -1.3
-0.14993 -1.8
-0.14968 -2.3
-0.14944 -2.7
-0.14919 -3.2
-0.14895 -3.6
-0.1487 -4.1
-0.14846 -4.5
-0.14822 -4.9
-0.14797 -5.3
-0.14773 -5.6
-0.14748 -6.0
-0.14724 -6.3
-0.147 -6.6
-0.14675 -6.9
-0.14651 -7.2
-0.14626 -7.5
-0.14602 -7.7
-0.14577 -7.9
-0.14553 -8.1
-0.14529 -8.2
-0.14504 -8.3
-0.1448 -8.4
-0.14455 -8.5
-0.14431 -8.5
-0.14407 -8.5
-0.14382 -8.5
-0.14358 -8.5
-0.14333 -8.4
-0.14309 -8.3
-0.14285 -8.1
-0.1426 -8.0
-0.14236 -7.8
-0.14211 -7.6
-0.14187 -7.3
-0.14162 -7.1
-0.14138 -6.8
-0.14114 -6.5
-0.14089 -6.2
-0.14065 -5.8
-0.1404 -5.4
-0.14016 -5.0
-0.13992 -4.6
-0.13967 -4.2
-0.13943 -3.8
-0.13918 -3.3
-0.13894 -2.8
-0.13869 -2.4
-0.13845 -1.9
-0.13821 -1.4
-0.13796 -0.9
-0.13772 -0.4
-0.13747 0.1
-0.13723 0.6
-0.13699 1.1
-0.13674 1.6
-0.1365 2.1
-0.13625 2.6
-0.13601 3.1
-0.13577 3.6
-0.13552 4.0
-0.13528 4.5
-0.13503 4.9
-0.13479 5.3
-0.13454 5.7
-0.1343 6.1
-0.13406 6.4
-0.13381 6.8
-0.13357 7.1
-0.13332 7.4
-0.13308 7.6
-0.13284 7.9
-0.13259 8.1
-0.13235 8.2
-0.1321 8.4
-0.13186 8.5
-0.13161 8.6
-0.13137 8.7
-0.13113 8.7
-0.13088 8.7
-0.13064 8.7
-0.13039 8.6
-0.13015 8.5
-0.12991 8.4
-0.12966 8.2
-0.12942 8.1
-0.12917 7.8
-0.12893 7.6
-0.12868 7.3
-0.12844 7.0
-0.1282 6.7
-0.12795 6.4
-0.12771 6.0
-0.12746 5.6
-0.12722 5.2
-0.12698 4.8
-0.12673 4.3
-0.12649 3.9
-0.12624 3.4
-0.126 2.9
-0.12576 2.4
-0.12551 1.9
-0.12527 1.4
-0.12502 0.8
-0.12478 0.3
-0.12453 -0.2
-0.12429 -0.8
-0.12405 -1.3
-0.1238 -1.8
-0.12356 -2.3
-0.12331 -2.9
-0.12307 -3.4
-0.12283 -3.8
-0.12258 -4.3
-0.12234 -4.8
-0.12209 -5.2
-0.12185 -5.7
-0.1216 -6.1
-0.12136 -6.5
-0.12112 -6.8
-0.12087 -7.2
-0.12063 -7.5
-0.12038 -7.7
-0.12014 -8.0
-0.1199 -8.2
-0.11965 -8.4
-0.11941 -8.6
-0.11916 -8.7
-0.11892 -8.8
-0.11868 -8.9
-0.11843 -8.9
-0.11819 -8.9
-0.11794 -8.9
-0.1177 -8.8
-0.11745 -8.7
-0.11721 -8.6
-0.11697 -8.4
-0.11672 -8.2
-0.11648 -8.0
-0.11623 -7.7
-0.11599 -7.4
-0.11575 -7.1
-0.1155 -6.7
-0.11526 -6.3
-0.11501 -5.9
-0.11477 -5.5
-0.11452 -5.1
-0.11428 -4.6
-0.11404 -4.1
-0.11379 -3.6
-0.11355 -3.1
-0.1133 -2.5
-0.11306 -2.0
-0.11282 -1.5
-0.11257 -0.9
-0.11233 -0.3
-0.11208 0.2
-0.11184 0.8
-0.1116 1.4
-0.11135 1.9
-0.11111 2.5
-0.11086 3.0
-0.11062 3.5
-0.11037 4.1
-0.11013 4.6
-0.10989 5.1
-0.10964 5.5
-0.1094 6.0
-0.10915 6.4
-0.10891 6.8
-0.10867 7.2
-0.10842 7.5
-0.10818 7.8
-0.10793 8.1
-0.10769 8.4
-0.10744 8.6
-0.1072 8.8
-0.10696 8.9
-0.10671 9.0
-0.10647 9.1
-0.10622 9.1
-0.10598 9.1
-0.10574 9.1
-0.10549 9.0
-0.10525 8.9
-0.105 8.8
-0.10476 8.6
-0.10452 8.4
-0.10427 8.1
-0.10403 7.8
-0.10378 7.5
-0.10354 7.1
-0.10329 6.8
-0.10305 6.3
-0.10281 5.9
-0.10256 5.4
-0.10232 5.0
-0.10207 4.4
-0.10183 3.9
-0.10159 3.4
-0.10134 2.8
-0.1011 2.2
-0.10085 1.7
-0.10061 1.1
-0.10036 0.5
-0.10012 -0.1
-0.09988 -0.7
-0.09963 -1.3
-0.09939 -1.9
-0.09914 -2.5
-0.0989 -3.1
-0.09866 -3.7
-0.09841 -4.2
-0.09817 -4.8
-0.09792 -5.3
-0.09768 -5.8
-0.09743 -6.2
-0.09719 -6.7
-0.09695 -7.1
-0.0967 -7.5
-0.09646 -7.8
-0.09621 -8.2
-0.09597 -8.5
-0.09573 -8.7
-0.09548 -8.9
-0.09524 -9.1
-0.09499 -9.2
-0.09475 -9.3
-0.09451 -9.4
-0.09426 -9.4
-0.09402 -9.3
-0.09377 -9.3
-0.09353 -9.2
-0.09328 -9.0
-0.09304 -8.8
-0.0928 -8.6
-0.09255 -8.3
-0.09231 -8.0
-0.09206 -7.6
-0.09182 -7.3
-0.09158 -6.8
-0.09133 -6.4
-0.09109 -5.9
-0.09084 -5.4
-0.0906 -4.9
-0.09035 -4.3
-0.09011 -3.8
-0.08987 -3.2
-0.08962 -2.6
-0.08938 -1.9
-0.08913 -1.3
-0.08889 -0.7
-0.08865 0.0
-0.0884 0.6
-0.08816 1.3
-0.08791 1.9
-0.08767 2.5
-0.08743 3.2
-0.08718 3.8
-0.08694 4.4
-0.08669 4.9
-0.08645 5.5
-0.0862 6.0
-0.08596 6.5
-0.08572 7.0
-0.08547 7.4
-0.08523 7.8
-0.08498 8.2
-0.08474 8.5
-0.0845 8.8
-0.08425 9.1
-0.08401 9.3
-0.08376 9.4
-0.08352 9.6
-0.08327 9.6
-0.08303 9.6
-0.08279 9.6
-0.08254 9.6
-0.0823 9.4
-0.08205 9.3
-0.08181 9.1
-0.08157 8.8
-0.08132 8.5
-0.08108 8.2
-0.08083 7.8
-0.08059 7.4
-0.08035 7.0
-0.0801 6.5
-0.07986 5.9
-0.07961 5.4
-0.07937 4.8
-0.07912 4.2
-0.07888 3.6
-0.07864 2.9
-0.07839 2.3
-0.07815 1.6
-0.0779 0.9
-0.07766 0.2
-0.07742 -0.5
-0.07717 -1.2
-0.07693 -1.9
-0.07668 -2.6
-0.07644 -3.2
-0.07619 -3.9
-0.07595 -4.5
-0.07571 -5.1
-0.07546 -5.7
-0.07522 -6.3
-0.07497 -6.8
-0.07473 -7.3
-0.07449 -7.8
-0.07424 -8.2
-0.074 -8.6
-0.07375 -8.9
-0.07351 -9.2
-0.07327 -9.5
-0.07302 -9.7
-0.07278 -9.8
-0.07253 -9.9
-0.07229 -10.0
-0.07204 -9.9
-0.0718 -9.9
-0.07156 -9.8
-0.07131 -9.6
-0.07107 -9.4
-0.07082 -9.1
-0.07058 -8.8
-0.07034 -8.4
-0.07009 -8.0
-0.06985 -7.5
-0.0696 -7.0
-0.06936 -6.5
-0.06911 -5.9
-0.06887 -5.3
-0.06863 -4.7
-0.06838 -4.0
-0.06814 -3.3
-0.06789 -2.6
-0.06765 -1.8
-0.06741 -1.1
-0.06716 -0.4
-0.06692 0.4
-0.06667 1.2
-0.06643 1.9
-0.06618 2.7
-0.06594 3.4
-0.0657 4.1
-0.06545 4.8
-0.06521 5.5
-0.06496 6.1
-0.06472 6.7
-0.06448 7.3
-0.06423 7.8
-0.06399 8.3
-0.06374 8.7
-0.0635 9.1
-0.06326 9.5
-0.06301 9.7
-0.06277 10.0
-0.06252 10.1
-0.06228 10.3
-0.06203 10.3
-0.06179 10.3
-0.06155 10.2
-0.0613 10.1
-0.06106 9.9
-0.06081 9.7
-0.06057 9.4
-0.06033 9.0
-0.06008 8.6
-0.05984 8.1
-0.05959 7.6
-0.05935 7.0
-0.0591 6.4
-0.05886 5.7
-0.05862 5.1
-0.05837 4.3
-0.05813 3.6
-0.05788 2.8
-0.05764 2.0
-0.0574 1.2
-0.05715 0.4
-0.05691 -0.5
-0.05666 -1.3
-0.05642 -2.1
-0.05618 -2.9
-0.05593 -3.7
-0.05569 -4.5
-0.05544 -5.3
-0.0552 -6.0
-0.05495 -6.7
-0.05471 -7.3
-0.05447 -7.9
-0.05422 -8.5
-0.05398 -9.0
-0.05373 -9.4
-0.05349 -9.8
-0.05325 -10.1
-0.053 -10.4
-0.05276 -10.6
-0.05251 -10.7
-0.05227 -10.7
-0.05202 -10.7
-0.05178 -10.6
-0.05154 -10.5
-0.05129 -10.2
-0.05105 -9.9
-0.0508 -9.5
-0.05056 -9.1
-0.05032 -8.6
-0.05007 -8.0
-0.04983 -7.4
-0.04958 -6.8
-0.04934 -6.0
-0.0491 -5.3
-0.04885 -4.5
-0.04861 -3.6
-0.04836 -2.8
-0.04812 -1.9
-0.04787 -1.0
-0.04763 0.0
-0.04739 0.9
-0.04714 1.8
-0.0469 2.7
-0.04665 3.6
-0.04641 4.5
-0.04617 5.3
-0.04592 6.1
-0.04568 6.9
-0.04543 7.6
-0.04519 8.3
-0.04494 8.9
-0.0447 9.5
-0.04446 9.9
-0.04421 10.4
-0.04397 10.7
-0.04372 10.9
-0.04348 11.1
-0.04324 11.2
-0.04299 11.2
-0.04275 11.1
-0.0425 11.0
-0.04226 10.7
-0.04202 10.4
-0.04177 10.0
-0.04153 9.5
-0.04128 8.9
-0.04104 8.3
-0.04079 7.6
-0.04055 6.8
-0.04031 6.0
-0.04006 5.1
-0.03982 4.2
-0.03957 3.2
-0.03933 2.2
-0.03909 1.2
-0.03884 0.2
-0.0386 -0.9
-0.03835 -1.9
-0.03811 -3.0
-0.03786 -4.0
-0.03762 -4.9
-0.03738 -5.9
-0.03713 -6.8
-0.03689 -7.6
-0.03664 -8.4
-0.0364 -9.2
-0.03616 -9.8
-0.03591 -10.4
-0.03567 -10.8
-0.03542 -11.2
-0.03518 -11.5
-0.03493 -11.7
-0.03469 -11.8
-0.03445 -11.8
-0.0342 -11.7
-0.03396 -11.5
-0.03371 -11.1
-0.03347 -10.7
-0.03323 -10.2
-0.03298 -9.6
-0.03274 -8.8
-0.03249 -8.0
-0.03225 -7.2
-0.03201 -6.2
-0.03176 -5.2
-0.03152 -4.1
-0.03127 -3.0
-0.03103 -1.8
-0.03078 -0.7
-0.03054 0.5
-0.0303 1.7
-0.03005 2.9
-0.02981 4.1
-0.02956 5.2
-0.02932 6.3
-0.02908 7.3
-0.02883 8.3
-0.02859 9.2
-0.02834 10.0
-0.0281 10.7
-0.02785 11.3
-0.02761 11.8
-0.02737 12.2
-0.02712 12.4
-0.02688 12.6
-0.02663 12.5
-0.02639 12.4
-0.02615 12.1
-0.0259 11.7
-0.02566 11.1
-0.02541 10.5
-0.02517 9.7
-0.02493 8.8
-0.02468 7.8
-0.02444 6.6
-0.02419 5.4
-0.02395 4.2
-0.0237 2.8
-0.02346 1.5
-0.02322 0.0
-0.02297 -1.3
-0.02273 -2.8
-0.02248 -4.2
-0.02224 -5.5
-0.022 -6.8
-0.02175 -8.0
-0.02151 -9.2
-0.02126 -10.2
-0.02102 -11.1
-0.02077 -11.9
-0.02053 -12.6
-0.02029 -13.0
-0.02004 -13.4
-0.0198 -13.5
-0.01955 -13.5
-0.01931 -13.3
-0.01907 -12.9
-0.01882 -12.3
-0.01858 -11.6
-0.01833 -10.6
-0.01809 -9.6
-0.01785 -8.3
-0.0176 -7.0
-0.01736 -5.5
-0.01711 -3.9
-0.01687 -2.3
-0.01662 -0.6
-0.01638 1.2
-0.01614 2.9
-0.01589 4.6
-0.01565 6.3
-0.0154 7.9
-0.01516 9.4
-0.01492 10.7
-0.01467 11.9
-0.01443 12.9
-0.01418 13.7
-0.01394 14.3
-0.01369 14.7
-0.01345 14.8
-0.01321 14.6
-0.01296 14.2
-0.01272 13.5
-0.01247 12.6
-0.01223 11.4
-0.01199 10.0
-0.01174 8.3
-0.0115 6.5
-0.01125 4.5
-0.01101 2.4
-0.01077 0.2
-0.01052 -2.1
-0.01028 -4.3
-0.01003 -6.5
-0.00979 -8.6
-0.00954 -10.6
-0.0093 -12.3
-0.00906 -13.8
-0.00881 -15.0
-0.00857 -15.9
-0.00832 -16.4
-0.00808 -16.5
-0.00784 -16.2
-0.00759 -15.5
-0.00735 -14.3
-0.0071 -12.7
-0.00686 -10.7
-0.00661 -8.4
-0.00637 -5.8
-0.00613 -2.9
-0.00588 0.1
-0.00564 3.2
-0.00539 6.4
-0.00515 9.3
-0.00491 12.1
-0.00466 14.5
-0.00442 16.5
-0.00417 17.9
-0.00393 18.7
-0.00368 18.7
-0.00344 18.0
-0.0032 16.5
-0.00295 14.3
-0.00271 11.2
-0.00246 7.6
-0.00222 3.3
-0.00198 -1.2
-0.00173 -5.9
-0.00149 -10.4
-0.00124 -14.5
-0.001 -17.9
-0.00076 -20.2
-0.00051 -21.2
-0.00027 -20.5
-2e-05 -18.1
0.00022 -13.9
0.00047 -8.4
0.00071 -1.9
0.00095 4.9
0.0012 11.1
0.00144 16.0
0.00169 18.9
0.00193 19.3
0.00217 17.1
0.00242 12.6
0.00266 6.6
0.00291 0.0
0.00315 -6.2
0.0034 -10.9
0.00364 -13.5
0.00388 -13.8
0.00413 -11.8
0.00437 -8.1
0.00462 -3.4
0.00486 1.3
0.0051 5.3
0.00535 7.8
0.00559 8.7
0.00584 8.0
0.00608 5.9
0.00632 3.0
0.00657 0.0
0.00681 -2.6
0.00706 -4.4
0.0073 -5.2
0.00755 -4.9
0.00779 -3.7
0.00803 -2.0
0.00828 -0.2
0.00852 1.5
0.00877 2.6
0.00901 3.1
0.00925 2.9
0.0095 2.2
0.00974 1.2
0.00999 0.0
0.01023 -0.9
0.01048 -1.6
0.01072 -1.8
0.01096 -1.7
0.01121 -1.3
0.01145 -0.7
0.0117 0.0
0.01194 0.6
0.01218 1.0
0.01243 1.1
0.01267 1.0
0.01292 0.8
0.01316 0.4
0.0134 0.0
0.01365 -0.4
0.01389 -0.6
0.01414 -0.7
0.01438 -0.6
0.01463 -0.5
0.01487 -0.2
0.01511 0.0
0.01536 0.2
0.0156 0.4
0.01585 0.4
0.01609 0.4
0.01633 0.3
0.01658 0.1
0.01682 0.0
0.01707 -0.1
0.01731 -0.2
0.01756 -0.2
0.0178 -0.2
0.01804 -0.2
0.01829 0.0
0.01853 0.0
0.01878 0.0
0.01902 0.1
0.01926 0.1
0.01951 0.1
0.01975 0.0
0.02 0.0
0.02024 0.0
0.02048 0.0
0.02073 0.0
0.02097 0.0
0.02122 0.0
0.02146 0.0
0.02171 0.0
0.02195 0.0
0.02219 0.0
0.02244 0.0
0.02268 0.0
0.02293 0.0
0.02317 0.0
0.02341 0.0
0.02366 0.0
0.0239 0.0
0.02415 0.0
0.02439 0.0
0.02464 0.0
0.02488 0.0
0.02512 0.0
0.02537 0.0
0.02561 0.0
0.02586 0.0
0.0261 0.0
0.02634 0.0
0.02659 0.0
0.02683 0.0
0.02708 0.0
0.02732 0.0
0.02757 0.0
0.02781 0.0
0.02805 0.0
0.0283 0.0
0.02854 0.0
0.02879 0.0
0.02903 0.0
0.02927 0.0
0.02952 0.0
0.02976 0.0
0.03001 0.0
0.03025 0.0
0.03049 0.0
0.03074 0.0
0.03098 0.0
0.03123 0.0
0.03147 0.0
0.03172 0.0
0.03196 0.0
0.0322 0.0
0.03245 0.0
0.03269 0.0
0.03294 0.0
0.03318 0.0
0.03342 0.0
0.03367 0.0
0.03391 0.0
0.03416 0.0
0.0344 0.0
0.03465 0.0
0.03489 0.0
0.03513 0.0
0.03538 0.0
0.03562 0.0
0.03587 0.0
0.03611 0.0
0.03635 0.0
0.0366 0.0
0.03684 0.0
0.03709 0.0
0.03733 0.0
0.03757 0.0
0.03782 0.0
0.03806 0.0
0.03831 0.0
0.03855 0.0
0.0388 0.0
0.03904 0.0
0.03928 0.0
0.03953 0.0
0.03977 0.0
0.04002 0.0
0.04026 0.0
0.0405 0.0
0.04075 0.0
0.04099 0.0
0.04124 0.0
0.04148 0.0
0.04173 0.0
0.04197 0.0
0.04221 0.0
0.04246 0.0
0.0427 0.0
0.04295 0.0
0.04319 0.0
0.04343 0.0
0.04368 0.0
0.04392 0.0
0.04417 0.0
0.04441 0.0
0.04465 0.0
0.0449 0.0
0.04514 0.0
0.04539 0.0
0.04563 0.0
0.04588 0.0
0.04612 0.0
0.04636 0.0
0.04661 0.0
0.04685 0.0
0.0471 0.0
0.04734 0.0
0.04758 0.0
0.04783 0.0
0.04807 0.0
0.04832 0.0
0.04856 0.0
0.04881 0.0
0.04905 0.0
0.04929 0.0
0.04954 0.0
0.04978 0.0
0.05003 0.0
0.05027 0.0
0.05051 0.0
0.05076 0.0
0.051 0.0
0.05125 0.0
0.05149 0.0
0.05173 0.0
0.05198 0.0
0.05222 0.0
0.05247 0.0
0.05271 0.0
0.05296 0.0
0.0532 0.0
0.05344 0.0
0.05369 0.0
0.05393 0.0
0.05418 0.0
0.05442 0.0
0.05466 0.0
0.05491 0.0
0.05515 0.0
0.0554 0.0
0.05564 0.0
0.05589 0.0
0.05613 0.0
0.05637 0.0
0.05662 0.0
0.05686 0.0
0.05711 0.0
0.05735 0.0
0.05759 0.0
0.05784 0.0
0.05808 0.0
0.05833 0.0
0.05857 0.0
0.05882 0.0
0.05906 0.0
0.0593 0.0
0.05955 0.0
0.05979 0.0
0.06004 0.0
0.06028 0.0
0.06052 0.0
0.06077 0.0
0.06101 0.0
0.06126 0.0
0.0615 0.0
0.06174 0.0
0.06199 0.0
0.06223 0.0
0.06248 0.0
0.06272 0.0
0.06297 0.0
0.06321 0.0
0.06345 0.0
0.0637 0.0
0.06394 0.0
0.06419 0.0
0.06443 0.0
0.06467 0.0
0.06492 0.0
0.06516 0.0
0.06541 0.0
0.06565 0.0
0.0659 0.0
0.06614 0.0
0.06638 0.0
0.06663 0.0
0.06687 0.0
0.06712 0.0
0.06736 0.0
0.0676 0.0
0.06785 0.0
0.06809 0.0
0.06834 0.0
0.06858 0.0
0.06882 0.0
0.06907 0.0
0.06931 0.0
0.06956 0.0
0.0698 0.0
0.07005 0.0
0.07029 0.0
0.07053 0.0
0.07078 0.0
0.07102 0.0
0.07127 0.0
0.07151 0.0
0.07175 0.0
0.072 0.0
0.07224 0.0
0.07249 0.0
0.07273 0.0
0.07298 0.0
0.07322 0.0
0.07346 0.0
0.07371 0.0
0.07395 0.0
0.0742 0.0
0.07444 0.0
0.07468 0.0
0.07493 0.0
0.07517 0.0
0.07542 0.0
0.07566 0.0
0.0759 0.0
0.07615 0.0
0.07639 0.0
0.07664 0.0
0.07688 0.0
0.07713 0.0
0.07737 0.0
0.07761 0.0
0.07786 0.0
0.0781 0.0
0.07835 0.0
0.07859 0.0
0.07883 0.0
0.07908 0.0
0.07932 0.0
0.07957 0.0
0.07981 0.0
0.08006 0.0
0.0803 0.0
0.08054 0.0
0.08079 0.0
0.08103 0.0
0.08128 0.0
0.08152 0.0
0.08176 0.0
0.08201 0.0
0.08225 0.0
0.0825 0.0
0.08274 0.0
0.08298 0.0
0.08323 0.0
0.08347 0.0
0.08372 0.0
0.08396 0.0
0.08421 0.0
0.08445 0.0
0.08469 0.0
0.08494 0.0
0.08518 0.0
0.08543 0.0
0.08567 0.0
0.08591 0.0
0.08616 0.0
0.0864 0.0
0.08665 0.0
0.08689 0.0
0.08714 0.0
0.08738 0.0
0.08762 0.0
0.08787 0.0
0.08811 0.0
0.08836 0.0
0.0886 0.0
0.08884 0.0
0.08909 0.0
0.08933 0.0
0.08958 0.0
0.08982 0.0
0.09007 0.0
0.09031 0.0
0.09055 0.0
0.0908 0.0
0.09104 0.0
0.09129 0.0
0.09153 0.0
0.09177 0.0
0.09202 0.0
0.09226 0.0
0.09251 0.0
0.09275 0.0
0.09299 0.0
0.09324 0.0
0.09348 0.0
0.09373 0.0
0.09397 0.0
0.09422 0.0
0.09446 0.0
0.0947 0.0
0.09495 0.0
0.09519 0.0
0.09544 0.0
0.09568 0.0
0.09592 0.0
0.09617 0.0
0.09641 0.0
0.09666 0.0
0.0969 0.0
0.09715 0.0
0.09739 0.0
0.09763 0.0
0.09788 0.0
0.09812 0.0
0.09837 0.0
0.09861 0.0
0.09885 0.0
0.0991 0.0
0.09934 0.0
0.09959 0.0
0.09983 0.0
0.10007 0.0
0.10032 0.0
0.10056 0.0
0.10081 0.0
0.10105 0.0
0.1013 0.0
0.10154 0.0
0.10178 0.0
0.10203 0.0
0.10227 0.0
0.10252 0.0
0.10276 0.0
0.103 0.0
0.10325 0.0
0.10349 0.0
0.10374 0.0
0.10398 0.0
0.10423 0.0
0.10447 0.0
0.10471 0.0
0.10496 0.0
0.1052 0.0
0.10545 0.0
0.10569 0.0
0.10593 0.0
0.10618 0.0
0.10642 0.0
0.10667 0.0
0.10691 0.0
0.10715 0.0
0.1074 0.0
0.10764 0.0
0.10789 0.0
0.10813 0.0
0.10838 0.0
0.10862 0.0
0.10886 0.0
0.10911 0.0
0.10935 0.0
0.1096 0.0
0.10984 0.0
0.11008 0.0
0.11033 0.0
0.11057 0.0
0.11082 0.0
0.11106 0.0
0.11131 0.0
0.11155 0.0
0.11179 0.0
0.11204 0.0
0.11228 0.0
0.11253 0.0
0.11277 0.0
0.11301 0.0
0.11326 0.0
0.1135 0.0
0.11375 0.0
0.11399 0.0
0.11423 0.0
0.11448 0.0
0.11472 0.0
0.11497 0.0
0.11521 0.0
0.11546 0.0
0.1157 0.0
0.11594 0.0
0.11619 0.0
0.11643 0.0
0.11668 0.0
0.11692 0.0
0.11716 0.0
0.11741 0.0
0.11765 0.0
0.1179 0.0
0.11814 0.0
0.11839 0.0
0.11863 0.0
0.11887 0.0
0.11912 0.0
0.11936 0.0
0.11961 0.0
0.11985 0.0
0.12009 0.0
0.12034 0.0
0.12058 0.0
0.12083 0.0
0.12107 0.0
0.12132 0.0
0.12156 0.0
0.1218 0.0
0.12205 0.0
0.12229 0.0
0.12254 0.0
0.12278 0.0
0.12302 0.0
0.12327 0.0
0.12351 0.0
0.12376 0.0
0.124 0.0
0.12424 0.0
0.12449 0.0
0.12473 0.0
0.12498 0.0
0.12522 0.0
0.12547 0.0
0.12571 0.0
0.12595 0.0
0.1262 0.0
0.12644 0.0
0.12669 0.0
0.12693 0.0
0.12717 0.0
0.12742 0.0
0.12766 0.0
0.12791 0.0
0.12815 0.0
0.1284 0.0
0.12864 0.0
0.12888 0.0
0.12913 0.0
0.12937 0.0
0.12962 0.0
0.12986 0.0
0.1301 0.0
0.13035 0.0
0.13059 0.0
0.13084 0.0
0.13108 0.0
0.13132 0.0
0.13157 0.0
0.13181 0.0
0.13206 0.0
0.1323 0.0
0.13255 0.0
0.13279 0.0
0.13303 0.0
0.13328 0.0
0.13352 0.0
0.13377 0.0
0.13401 0.0
0.13425 0.0
0.1345 0.0
0.13474 0.0
0.13499 0.0
0.13523 0.0
0.13548 0.0
