t strain*1e23
-0.36835 -5.5
-0.36811 -5.6
-0.36787 -5.7
-0.36762 -5.7
-0.36738 -5.8
-0.36713 -5.8
-0.36689 -5.9
-0.36665 -5.9
-0.3664 -5.9
-0.36616 -5.9
-0.36591 -5.9
-0.36567 -5.9
-0.36543 -5.9
-0.36518 -5.9
-0.36494 -5.9
-0.36469 -5.9
-0.36445 -5.9
-0.3642 -5.8
-0.36396 -5.8
-0.36372 -5.7
-0.36347 -5.7
-0.36323 -5.6
-0.36298 -5.5
-0.36274 -5.4
-0.3625 -5.4
-0.36225 -5.3
-0.36201 -5.2
-0.36176 -5.1
-0.36152 -5.0
-0.36127 -4.8
-0.36103 -4.7
-0.36079 -4.6
-0.36054 -4.5
-0.3603 -4.3
-0.36005 -4.2
-0.35981 -4.0
-0.35957 -3.9
-0.35932 -3.7
-0.35908 -3.6
-0.35883 -3.4
-0.35859 -3.2
-0.35835 -3.0
-0.3581 -2.9
-0.35786 -2.7
-0.35761 -2.5
-0.35737 -2.3
-0.35712 -2.1
-0.35688 -1.9
-0.35664 -1.7
-0.35639 -1.5
-0.35615 -1.3
-0.3559 -1.1
-0.35566 -0.9
-0.35542 -0.7
-0.35517 -0.5
-0.35493 -0.3
-0.35468 0.0
-0.35444 0.1
-0.35419 0.3
-0.35395 0.5
-0.35371 0.7
-0.35346 0.9
-0.35322 1.1
-0.35297 1.3
-0.35273 1.5
-0.35249 1.7
-0.35224 1.9
-0.352 2.1
-0.35175 2.3
-0.35151 2.5
-0.35126 2.7
-0.35102 2.9
-0.35078 3.1
-0.35053 3.3
-0.35029 3.4
-0.35004 3.6
-0.3498 3.8
-0.34956 3.9
-0.34931 4.1
-0.34907 4.2
-0.34882 4.4
-0.34858 4.5
-0.34834 4.7
-0.34809 4.8
-0.34785 4.9
-0.3476 5.0
-0.34736 5.1
-0.34711 5.2
-0.34687 5.3
-0.34663 5.4
-0.34638 5.5
-0.34614 5.6
-0.34589 5.7
-0.34565 5.7
-0.34541 5.8
-0.34516 5.9
-0.34492 5.9
-0.34467 5.9
-0.34443 6.0
-0.34418 6.0
-0.34394 6.0
-0.3437 6.0
-0.34345 6.0
-0.34321 6.0
-0.34296 6.0
-0.34272 6.0
-0.34248 6.0
-0.34223 5.9
-0.34199 5.9
-0.34174 5.8
-0.3415 5.8
-0.34126 5.7
-0.34101 5.6
-0.34077 5.6
-0.34052 5.5
-0.34028 5.4
-0.34003 5.3
-0.33979 5.2
-0.33955 5.1
-0.3393 5.0
-0.33906 4.8
-0.33881 4.7
-0.33857 4.6
-0.33833 4.4
-0.33808 4.3
-0.33784 4.1
-0.33759 4.0
-0.33735 3.8
-0.3371 3.6
-0.33686 3.5
-0.33662 3.3
-0.33637 3.1
-0.33613 2.9
-0.33588 2.7
-0.33564 2.5
-0.3354 2.3
-0.33515 2.1
-0.33491 1.9
-0.33466 1.7
-0.33442 1.5
-0.33418 1.3
-0.33393 1.1
-0.33369 0.9
-0.33344 0.7
-0.3332 0.5
-0.33295 0.3
-0.33271 0.0
-0.33247 -0.2
-0.33222 -0.4
-0.33198 -0.6
-0.33173 -0.8
-0.33149 -1.0
-0.33125 -1.2
-0.331 -1.4
-0.33076 -1.6
-0.33051 -1.9
-0.33027 -2.1
-0.33002 -2.3
-0.32978 -2.5
-0.32954 -2.7
-0.32929 -2.8
-0.32905 -3.0
-0.3288 -3.2
-0.32856 -3.4
-0.32832 -3.6
-0.32807 -3.8
-0.32783 -3.9
-0.32758 -4.1
-0.32734 -4.2
-0.3271 -4.4
-0.32685 -4.5
-0.32661 -4.7
-0.32636 -4.8
-0.32612 -5.0
-0.32587 -5.1
-0.32563 -5.2
-0.32539 -5.3
-0.32514 -5.4
-0.3249 -5.5
-0.32465 -5.6
-0.32441 -5.7
-0.32417 -5.8
-0.32392 -5.8
-0.32368 -5.9
-0.32343 -5.9
-0.32319 -6.0
-0.32294 -6.0
-0.3227 -6.1
-0.32246 -6.1
-0.32221 -6.1
-0.32197 -6.1
-0.32172 -6.1
-0.32148 -6.1
-0.32124 -6.1
-0.32099 -6.1
-0.32075 -6.0
-0.3205 -6.0
-0.32026 -6.0
-0.32001 -5.9
-0.31977 -5.8
-0.31953 -5.8
-0.31928 -5.7
-0.31904 -5.6
-0.31879 -5.5
-0.31855 -5.4
-0.31831 -5.3
-0.31806 -5.2
-0.31782 -5.1
-0.31757 -5.0
-0.31733 -4.8
-0.31709 -4.7
-0.31684 -4.5
-0.3166 -4.4
-0.31635 -4.2
-0.31611 -4.1
-0.31586 -3.9
-0.31562 -3.7
-0.31538 -3.6
-0.31513 -3.4
-0.31489 -3.2
-0.31464 -3.0
-0.3144 -2.8
-0.31416 -2.6
-0.31391 -2.4
-0.31367 -2.2
-0.31342 -2.0
-0.31318 -1.8
-0.31293 -1.6
-0.31269 -1.3
-0.31245 -1.1
-0.3122 -0.9
-0.31196 -0.7
-0.31171 -0.5
-0.31147 -0.2
-0.31123 0.0
-0.31098 0.2
-0.31074 0.4
-0.31049 0.6
-0.31025 0.9
-0.31001 1.1
-0.30976 1.3
-0.30952 1.5
-0.30927 1.7
-0.30903 2.0
-0.30878 2.2
-0.30854 2.4
-0.3083 2.6
-0.30805 2.8
-0.30781 3.0
-0.30756 3.2
-0.30732 3.4
-0.30708 3.6
-0.30683 3.7
-0.30659 3.9
-0.30634 4.1
-0.3061 4.3
-0.30585 4.4
-0.30561 4.6
-0.30537 4.7
-0.30512 4.9
-0.30488 5.0
-0.30463 5.1
-0.30439 5.3
-0.30415 5.4
-0.3039 5.5
-0.30366 5.6
-0.30341 5.7
-0.30317 5.8
-0.30293 5.8
-0.30268 5.9
-0.30244 6.0
-0.30219 6.0
-0.30195 6.1
-0.3017 6.1
-0.30146 6.2
-0.30122 6.2
-0.30097 6.2
-0.30073 6.2
-0.30048 6.2
-0.30024 6.2
-0.3 6.2
-0.29975 6.2
-0.29951 6.1
-0.29926 6.1
-0.29902 6.0
-0.29877 6.0
-0.29853 5.9
-0.29829 5.8
-0.29804 5.7
-0.2978 5.7
-0.29755 5.6
-0.29731 5.5
-0.29707 5.3
-0.29682 5.2
-0.29658 5.1
-0.29633 5.0
-0.29609 4.8
-0.29585 4.7
-0.2956 4.5
-0.29536 4.4
-0.29511 4.2
-0.29487 4.0
-0.29462 3.8
-0.29438 3.7
-0.29414 3.5
-0.29389 3.3
-0.29365 3.1
-0.2934 2.9
-0.29316 2.7
-0.29292 2.5
-0.29267 2.2
-0.29243 2.0
-0.29218 1.8
-0.29194 1.6
-0.29169 1.4
-0.29145 1.1
-0.29121 0.9
-0.29096 0.7
-0.29072 0.4
-0.29047 0.2
-0.29023 0.0
-0.28999 -0.2
-0.28974 -0.5
-0.2895 -0.7
-0.28925 -0.9
-0.28901 -1.2
-0.28876 -1.4
-0.28852 -1.6
-0.28828 -1.8
-0.28803 -2.1
-0.28779 -2.3
-0.28754 -2.5
-0.2873 -2.7
-0.28706 -2.9
-0.28681 -3.1
-0.28657 -3.3
-0.28632 -3.5
-0.28608 -3.7
-0.28584 -3.9
-0.28559 -4.1
-0.28535 -4.3
-0.2851 -4.4
-0.28486 -4.6
-0.28461 -4.7
-0.28437 -4.9
-0.28413 -5.0
-0.28388 -5.2
-0.28364 -5.3
-0.28339 -5.4
-0.28315 -5.6
-0.28291 -5.7
-0.28266 -5.8
-0.28242 -5.9
-0.28217 -5.9
-0.28193 -6.0
-0.28168 -6.1
-0.28144 -6.1
-0.2812 -6.2
-0.28095 -6.2
-0.28071 -6.3
-0.28046 -6.3
-0.28022 -6.3
-0.27998 -6.3
-0.27973 -6.3
-0.27949 -6.3
-0.27924 -6.3
-0.279 -6.2
-0.27876 -6.2
-0.27851 -6.2
-0.27827 -6.1
-0.27802 -6.0
-0.27778 -6.0
-0.27753 -5.9
-0.27729 -5.8
-0.27705 -5.7
-0.2768 -5.6
-0.27656 -5.5
-0.27631 -5.4
-0.27607 -5.2
-0.27583 -5.1
-0.27558 -4.9
-0.27534 -4.8
-0.27509 -4.6
-0.27485 -4.5
-0.2746 -4.3
-0.27436 -4.1
-0.27412 -3.9
-0.27387 -3.8
-0.27363 -3.6
-0.27338 -3.4
-0.27314 -3.2
-0.2729 -2.9
-0.27265 -2.7
-0.27241 -2.5
-0.27216 -2.3
-0.27192 -2.1
-0.27168 -1.8
-0.27143 -1.6
-0.27119 -1.4
-0.27094 -1.1
-0.2707 -0.9
-0.27045 -0.7
-0.27021 -0.4
-0.26997 -0.2
-0.26972 0.0
-0.26948 0.3
-0.26923 0.6
-0.26899 0.8
-0.26875 1.0
-0.2685 1.3
-0.26826 1.5
-0.26801 1.7
-0.26777 2.0
-0.26752 2.2
-0.26728 2.4
-0.26704 2.7
-0.26679 2.9
-0.26655 3.1
-0.2663 3.3
-0.26606 3.5
-0.26582 3.7
-0.26557 3.9
-0.26533 4.1
-0.26508 4.3
-0.26484 4.5
-0.2646 4.6
-0.26435 4.8
-0.26411 5.0
-0.26386 5.1
-0.26362 5.3
-0.26337 5.4
-0.26313 5.5
-0.26289 5.6
-0.26264 5.8
-0.2624 5.9
-0.26215 6.0
-0.26191 6.0
-0.26167 6.1
-0.26142 6.2
-0.26118 6.2
-0.26093 6.3
-0.26069 6.3
-0.26044 6.4
-0.2602 6.4
-0.25996 6.4
-0.25971 6.4
-0.25947 6.4
-0.25922 6.4
-0.25898 6.4
-0.25874 6.3
-0.25849 6.3
-0.25825 6.2
-0.258 6.2
-0.25776 6.1
-0.25751 6.0
-0.25727 5.9
-0.25703 5.8
-0.25678 5.7
-0.25654 5.6
-0.25629 5.5
-0.25605 5.4
-0.25581 5.2
-0.25556 5.1
-0.25532 4.9
-0.25507 4.8
-0.25483 4.6
-0.25459 4.4
-0.25434 4.2
-0.2541 4.0
-0.25385 3.8
-0.25361 3.6
-0.25336 3.4
-0.25312 3.2
-0.25288 3.0
-0.25263 2.8
-0.25239 2.5
-0.25214 2.3
-0.2519 2.1
-0.25166 1.8
-0.25141 1.6
-0.25117 1.3
-0.25092 1.1
-0.25068 0.8
-0.25043 0.6
-0.25019 0.3
-0.24995 0.0
-0.2497 -0.2
-0.24946 -0.4
-0.24921 -0.7
-0.24897 -0.9
-0.24873 -1.2
-0.24848 -1.4
-0.24824 -1.7
-0.24799 -1.9
-0.24775 -2.1
-0.24751 -2.4
-0.24726 -2.6
-0.24702 -2.8
-0.24677 -3.1
-0.24653 -3.3
-0.24628 -3.5
-0.24604 -3.7
-0.2458 -3.9
-0.24555 -4.1
-0.24531 -4.3
-0.24506 -4.5
-0.24482 -4.7
-0.24458 -4.9
-0.24433 -5.0
-0.24409 -5.2
-0.24384 -5.3
-0.2436 -5.5
-0.24335 -5.6
-0.24311 -5.7
-0.24287 -5.9
-0.24262 -6.0
-0.24238 -6.1
-0.24213 -6.2
-0.24189 -6.2
-0.24165 -6.3
-0.2414 -6.4
-0.24116 -6.4
-0.24091 -6.5
-0.24067 -6.5
-0.24043 -6.5
-0.24018 -6.5
-0.23994 -6.5
-0.23969 -6.5
-0.23945 -6.5
-0.2392 -6.5
-0.23896 -6.4
-0.23872 -6.4
-0.23847 -6.3
-0.23823 -6.2
-0.23798 -6.2
-0.23774 -6.1
-0.2375 -6.0
-0.23725 -5.9
-0.23701 -5.8
-0.23676 -5.6
-0.23652 -5.5
-0.23627 -5.3
-0.23603 -5.2
-0.23579 -5.0
-0.23554 -4.9
-0.2353 -4.7
-0.23505 -4.5
-0.23481 -4.3
-0.23457 -4.1
-0.23432 -3.9
-0.23408 -3.7
-0.23383 -3.5
-0.23359 -3.2
-0.23335 -3.0
-0.2331 -2.8
-0.23286 -2.5
-0.23261 -2.3
-0.23237 -2.0
-0.23212 -1.8
-0.23188 -1.5
-0.23164 -1.3
-0.23139 -1.0
-0.23115 -0.8
-0.2309 -0.5
-0.23066 -0.2
-0.23042 0.0
-0.23017 0.3
-0.22993 0.6
-0.22968 0.8
-0.22944 1.1
-0.22919 1.3
-0.22895 1.6
-0.22871 1.9
-0.22846 2.1
-0.22822 2.4
-0.22797 2.6
-0.22773 2.8
-0.22749 3.1
-0.22724 3.3
-0.227 3.5
-0.22675 3.8
-0.22651 4.0
-0.22626 4.2
-0.22602 4.4
-0.22578 4.6
-0.22553 4.8
-0.22529 5.0
-0.22504 5.1
-0.2248 5.3
-0.22456 5.5
-0.22431 5.6
-0.22407 5.8
-0.22382 5.9
-0.22358 6.0
-0.22334 6.1
-0.22309 6.2
-0.22285 6.3
-0.2226 6.4
-0.22236 6.5
-0.22211 6.5
-0.22187 6.6
-0.22163 6.6
-0.22138 6.6
-0.22114 6.6
-0.22089 6.7
-0.22065 6.6
-0.22041 6.6
-0.22016 6.6
-0.21992 6.6
-0.21967 6.5
-0.21943 6.5
-0.21918 6.4
-0.21894 6.3
-0.2187 6.2
-0.21845 6.1
-0.21821 6.0
-0.21796 5.9
-0.21772 5.7
-0.21748 5.6
-0.21723 5.4
-0.21699 5.3
-0.21674 5.1
-0.2165 4.9
-0.21626 4.7
-0.21601 4.6
-0.21577 4.3
-0.21552 4.1
-0.21528 3.9
-0.21503 3.7
-0.21479 3.5
-0.21455 3.2
-0.2143 3.0
-0.21406 2.7
-0.21381 2.5
-0.21357 2.2
-0.21333 2.0
-0.21308 1.7
-0.21284 1.4
-0.21259 1.2
-0.21235 0.9
-0.2121 0.6
-0.21186 0.3
-0.21162 0.0
-0.21137 -0.2
-0.21113 -0.5
-0.21088 -0.8
-0.21064 -1.0
-0.2104 -1.3
-0.21015 -1.6
-0.20991 -1.9
-0.20966 -2.1
-0.20942 -2.4
-0.20918 -2.6
-0.20893 -2.9
-0.20869 -3.1
-0.20844 -3.4
-0.2082 -3.6
-0.20795 -3.9
-0.20771 -4.1
-0.20747 -4.3
-0.20722 -4.5
-0.20698 -4.7
-0.20673 -4.9
-0.20649 -5.1
-0.20625 -5.3
-0.206 -5.5
-0.20576 -5.6
-0.20551 -5.8
-0.20527 -5.9
-0.20502 -6.1
-0.20478 -6.2
-0.20454 -6.3
-0.20429 -6.4
-0.20405 -6.5
-0.2038 -6.6
-0.20356 -6.6
-0.20332 -6.7
-0.20307 -6.7
-0.20283 -6.8
-0.20258 -6.8
-0.20234 -6.8
-0.2021 -6.8
-0.20185 -6.8
-0.20161 -6.7
-0.20136 -6.7
-0.20112 -6.6
-0.20087 -6.6
-0.20063 -6.5
-0.20039 -6.4
-0.20014 -6.3
-0.1999 -6.2
-0.19965 -6.1
-0.19941 -6.0
-0.19917 -5.8
-0.19892 -5.7
-0.19868 -5.5
-0.19843 -5.3
-0.19819 -5.2
-0.19794 -5.0
-0.1977 -4.8
-0.19746 -4.6
-0.19721 -4.4
-0.19697 -4.1
-0.19672 -3.9
-0.19648 -3.7
-0.19624 -3.4
-0.19599 -3.2
-0.19575 -2.9
-0.1955 -2.6
-0.19526 -2.4
-0.19501 -2.1
-0.19477 -1.8
-0.19453 -1.5
-0.19428 -1.3
-0.19404 -1.0
-0.19379 -0.7
-0.19355 -0.4
-0.19331 -0.1
-0.19306 0.2
-0.19282 0.5
-0.19257 0.8
-0.19233 1.1
-0.19209 1.3
-0.19184 1.6
-0.1916 1.9
-0.19135 2.2
-0.19111 2.5
-0.19086 2.7
-0.19062 3.0
-0.19038 3.3
-0.19013 3.5
-0.18989 3.8
-0.18964 4.0
-0.1894 4.3
-0.18916 4.5
-0.18891 4.7
-0.18867 4.9
-0.18842 5.1
-0.18818 5.3
-0.18793 5.5
-0.18769 5.7
-0.18745 5.8
-0.1872 6.0
-0.18696 6.1
-0.18671 6.3
-0.18647 6.4
-0.18623 6.5
-0.18598 6.6
-0.18574 6.7
-0.18549 6.8
-0.18525 6.8
-0.18501 6.9
-0.18476 6.9
-0.18452 6.9
-0.18427 6.9
-0.18403 6.9
-0.18378 6.9
-0.18354 6.9
-0.1833 6.8
-0.18305 6.8
-0.18281 6.7
-0.18256 6.6
-0.18232 6.5
-0.18208 6.4
-0.18183 6.3
-0.18159 6.2
-0.18134 6.0
-0.1811 5.9
-0.18085 5.7
-0.18061 5.5
-0.18037 5.4
-0.18012 5.2
-0.17988 5.0
-0.17963 4.7
-0.17939 4.5
-0.17915 4.3
-0.1789 4.0
-0.17866 3.8
-0.17841 3.5
-0.17817 3.3
-0.17793 3.0
-0.17768 2.7
-0.17744 2.4
-0.17719 2.1
-0.17695 1.9
-0.1767 1.6
-0.17646 1.3
-0.17622 1.0
-0.17597 0.7
-0.17573 0.3
-0.17548 0.0
-0.17524 -0.3
-0.175 -0.6
-0.17475 -0.9
-0.17451 -1.2
-0.17426 -1.5
-0.17402 -1.8
-0.17377 -2.1
-0.17353 -2.4
-0.17329 -2.7
-0.17304 -3.0
-0.1728 -3.2
-0.17255 -3.5
-0.17231 -3.8
-0.17207 -4.0
-0.17182 -4.3
-0.17158 -4.5
-0.17133 -4.8
-0.17109 -5.0
-0.17085 -5.2
-0.1706 -5.4
-0.17036 -5.6
-0.17011 -5.8
-0.16987 -6.0
-0.16962 -6.1
-0.16938 -6.3
-0.16914 -6.4
-0.16889 -6.5
-0.16865 -6.7
-0.1684 -6.8
-0.16816 -6.8
-0.16792 -6.9
-0.16767 -7.0
-0.16743 -7.0
-0.16718 -7.1
-0.16694 -7.1
-0.16669 -7.1
-0.16645 -7.1
-0.16621 -7.0
-0.16596 -7.0
-0.16572 -7.0
-0.16547 -6.9
-0.16523 -6.8
-0.16499 -6.7
-0.16474 -6.6
-0.1645 -6.5
-0.16425 -6.4
-0.16401 -6.2
-0.16376 -6.0
-0.16352 -5.9
-0.16328 -5.7
-0.16303 -5.5
-0.16279 -5.3
-0.16254 -5.1
-0.1623 -4.8
-0.16206 -4.6
-0.16181 -4.4
-0.16157 -4.1
-0.16132 -3.8
-0.16108 -3.6
-0.16084 -3.3
-0.16059 -3.0
-0.16035 -2.7
-0.1601 -2.4
-0.15986 -2.1
-0.15961 -1.8
-0.15937 -1.4
-0.15913 -1.1
-0.15888 -0.8
-0.15864 -0.5
-0.15839 -0.2
-0.15815 0.2
-0.15791 0.5
-0.15766 0.8
-0.15742 1.1
-0.15717 1.5
-0.15693 1.8
-0.15668 2.1
-0.15644 2.4
-0.1562 2.7
-0.15595 3.0
-0.15571 3.3
-0.15546 3.6
-0.15522 3.9
-0.15498 4.2
-0.15473 4.4
-0.15449 4.7
-0.15424 4.9
-0.154 5.2
-0.15376 5.4
-0.15351 5.6
-0.15327 5.8
-0.15302 6.0
-0.15278 6.2
-0.15253 6.4
-0.15229 6.5
-0.15205 6.7
-0.1518 6.8
-0.15156 6.9
-0.15131 7.0
-0.15107 7.1
-0.15083 7.1
-0.15058 7.2
-0.15034 7.2
-0.15009 7.3
-0.14985 7.3
-0.1496 7.2
-0.14936 7.2
-0.14912 7.2
-0.14887 7.1
-0.14863 7.1
-0.14838 7.0
-0.14814 6.9
-0.1479 6.8
-0.14765 6.6
-0.14741 6.5
-0.14716 6.3
-0.14692 6.1
-0.14668 6.0
-0.14643 5.7
-0.14619 5.5
-0.14594 5.3
-0.1457 5.1
-0.14545 4.8
-0.14521 4.6
-0.14497 4.3
-0.14472 4.0
-0.14448 3.7
-0.14423 3.4
-0.14399 3.1
-0.14375 2.8
-0.1435 2.5
-0.14326 2.2
-0.14301 1.8
-0.14277 1.5
-0.14252 1.1
-0.14228 0.8
-0.14204 0.5
-0.14179 0.1
-0.14155 -0.2
-0.1413 -0.6
-0.14106 -0.9
-0.14082 -1.3
-0.14057 -1.6
-0.14033 -1.9
-0.14008 -2.3
-0.13984 -2.6
-0.1396 -2.9
-0.13935 -3.3
-0.13911 -3.6
-0.13886 -3.9
-0.13862 -4.2
-0.13837 -4.5
-0.13813 -4.7
-0.13789 -5.0
-0.13764 -5.3
-0.1374 -5.5
-0.13715 -5.7
-0.13691 -6.0
-0.13667 -6.2
-0.13642 -6.4
-0.13618 -6.5
-0.13593 -6.7
-0.13569 -6.8
-0.13544 -7.0
-0.1352 -7.1
-0.13496 -7.2
-0.13471 -7.3
-0.13447 -7.3
-0.13422 -7.4
-0.13398 -7.4
-0.13374 -7.4
-0.13349 -7.4
-0.13325 -7.4
-0.133 -7.4
-0.13276 -7.3
-0.13251 -7.3
-0.13227 -7.2
-0.13203 -7.1
-0.13178 -7.0
-0.13154 -6.8
-0.13129 -6.7
-0.13105 -6.5
-0.13081 -6.3
-0.13056 -6.1
-0.13032 -5.9
-0.13007 -5.7
-0.12983 -5.4
-0.12959 -5.2
-0.12934 -4.9
-0.1291 -4.6
-0.12885 -4.3
-0.12861 -4.0
-0.12836 -3.7
-0.12812 -3.4
-0.12788 -3.1
-0.12763 -2.7
-0.12739 -2.4
-0.12714 -2.0
-0.1269 -1.7
-0.12666 -1.3
-0.12641 -1.0
-0.12617 -0.6
-0.12592 -0.2
-0.12568 0.2
-0.12543 0.5
-0.12519 0.9
-0.12495 1.3
-0.1247 1.6
-0.12446 2.0
-0.12421 2.4
-0.12397 2.7
-0.12373 3.1
-0.12348 3.4
-0.12324 3.7
-0.12299 4.0
-0.12275 4.4
-0.12251 4.7
-0.12226 5.0
-0.12202 5.2
-0.12177 5.5
-0.12153 5.8
-0.12128 6.0
-0.12104 6.2
-0.1208 6.5
-0.12055 6.6
-0.12031 6.8
-0.12006 7.0
-0.11982 7.1
-0.11958 7.3
-0.11933 7.4
-0.11909 7.5
-0.11884 7.5
-0.1186 7.6
-0.11835 7.6
-0.11811 7.7
-0.11787 7.7
-0.11762 7.6
-0.11738 7.6
-0.11713 7.5
-0.11689 7.5
-0.11665 7.4
-0.1164 7.2
-0.11616 7.1
-0.11591 7.0
-0.11567 6.8
-0.11543 6.6
-0.11518 6.4
-0.11494 6.2
-0.11469 5.9
-0.11445 5.7
-0.1142 5.4
-0.11396 5.1
-0.11372 4.8
-0.11347 4.5
-0.11323 4.2
-0.11298 3.8
-0.11274 3.5
-0.1125 3.1
-0.11225 2.8
-0.11201 2.4
-0.11176 2.0
-0.11152 1.6
-0.11127 1.3
-0.11103 0.9
-0.11079 0.5
-0.11054 0.0
-0.1103 -0.3
-0.11005 -0.7
-0.10981 -1.1
-0.10957 -1.5
-0.10932 -1.9
-0.10908 -2.3
-0.10883 -2.7
-0.10859 -3.1
-0.10835 -3.4
-0.1081 -3.8
-0.10786 -4.1
-0.10761 -4.5
-0.10737 -4.8
-0.10712 -5.1
-0.10688 -5.4
-0.10664 -5.7
-0.10639 -6.0
-0.10615 -6.3
-0.1059 -6.5
-0.10566 -6.7
-0.10542 -6.9
-0.10517 -7.1
-0.10493 -7.3
-0.10468 -7.4
-0.10444 -7.6
-0.10419 -7.7
-0.10395 -7.8
-0.10371 -7.8
-0.10346 -7.9
-0.10322 -7.9
-0.10297 -7.9
-0.10273 -7.9
-0.10249 -7.8
-0.10224 -7.8
-0.102 -7.7
-0.10175 -7.6
-0.10151 -7.5
-0.10126 -7.3
-0.10102 -7.1
-0.10078 -6.9
-0.10053 -6.7
-0.10029 -6.5
-0.10004 -6.3
-0.0998 -6.0
-0.09956 -5.7
-0.09931 -5.4
-0.09907 -5.1
-0.09882 -4.8
-0.09858 -4.4
-0.09834 -4.1
-0.09809 -3.7
-0.09785 -3.3
-0.0976 -2.9
-0.09736 -2.5
-0.09711 -2.1
-0.09687 -1.7
-0.09663 -1.3
-0.09638 -0.8
-0.09614 -0.4
-0.09589 0.0
-0.09565 0.5
-0.09541 0.9
-0.09516 1.3
-0.09492 1.8
-0.09467 2.2
-0.09443 2.6
-0.09418 3.0
-0.09394 3.4
-0.0937 3.8
-0.09345 4.2
-0.09321 4.6
-0.09296 4.9
-0.09272 5.3
-0.09248 5.6
-0.09223 5.9
-0.09199 6.2
-0.09174 6.5
-0.0915 6.7
-0.09126 7.0
-0.09101 7.2
-0.09077 7.4
-0.09052 7.6
-0.09028 7.7
-0.09003 7.9
-0.08979 8.0
-0.08955 8.1
-0.0893 8.1
-0.08906 8.2
-0.08881 8.2
-0.08857 8.2
-0.08833 8.1
-0.08808 8.1
-0.08784 8.0
-0.08759 7.8
-0.08735 7.7
-0.0871 7.5
-0.08686 7.4
-0.08662 7.2
-0.08637 6.9
-0.08613 6.7
-0.08588 6.4
-0.08564 6.1
-0.0854 5.8
-0.08515 5.4
-0.08491 5.1
-0.08466 4.7
-0.08442 4.3
-0.08418 3.9
-0.08393 3.5
-0.08369 3.1
-0.08344 2.6
-0.0832 2.2
-0.08295 1.7
-0.08271 1.3
-0.08247 0.8
-0.08222 0.3
-0.08198 -0.1
-0.08173 -0.6
-0.08149 -1.1
-0.08125 -1.5
-0.081 -2.0
-0.08076 -2.5
-0.08051 -2.9
-0.08027 -3.4
-0.08002 -3.8
-0.07978 -4.2
-0.07954 -4.6
-0.07929 -5.0
-0.07905 -5.4
-0.0788 -5.8
-0.07856 -6.1
-0.07832 -6.5
-0.07807 -6.8
-0.07783 -7.0
-0.07758 -7.3
-0.07734 -7.5
-0.0771 -7.8
-0.07685 -7.9
-0.07661 -8.1
-0.07636 -8.2
-0.07612 -8.3
-0.07587 -8.4
-0.07563 -8.5
-0.07539 -8.5
-0.07514 -8.5
-0.0749 -8.4
-0.07465 -8.4
-0.07441 -8.3
-0.07417 -8.2
-0.07392 -8.0
-0.07368 -7.8
-0.07343 -7.6
-0.07319 -7.4
-0.07294 -7.1
-0.0727 -6.8
-0.07246 -6.5
-0.07221 -6.2
-0.07197 -5.8
-0.07172 -5.4
-0.07148 -5.0
-0.07124 -4.6
-0.07099 -4.2
-0.07075 -3.7
-0.0705 -3.2
-0.07026 -2.8
-0.07001 -2.3
-0.06977 -1.8
-0.06953 -1.2
-0.06928 -0.7
-0.06904 -0.2
-0.06879 0.3
-0.06855 0.8
-0.06831 1.4
-0.06806 1.9
-0.06782 2.4
-0.06757 2.9
-0.06733 3.4
-0.06709 3.9
-0.06684 4.4
-0.0666 4.8
-0.06635 5.3
-0.06611 5.7
-0.06586 6.1
-0.06562 6.5
-0.06538 6.8
-0.06513 7.2
-0.06489 7.5
-0.06464 7.7
-0.0644 8.0
-0.06416 8.2
-0.06391 8.4
-0.06367 8.6
-0.06342 8.7
-0.06318 8.8
-0.06293 8.8
-0.06269 8.9
-0.06245 8.9
-0.0622 8.8
-0.06196 8.7
-0.06171 8.6
-0.06147 8.5
-0.06123 8.3
-0.06098 8.1
-0.06074 7.8
-0.06049 7.5
-0.06025 7.2
-0.06001 6.9
-0.05976 6.5
-0.05952 6.1
-0.05927 5.7
-0.05903 5.2
-0.05878 4.8
-0.05854 4.3
-0.0583 3.8
-0.05805 3.2
-0.05781 2.7
-0.05756 2.1
-0.05732 1.6
-0.05708 1.0
-0.05683 0.4
-0.05659 -0.2
-0.05634 -0.8
-0.0561 -1.4
-0.05585 -1.9
-0.05561 -2.5
-0.05537 -3.1
-0.05512 -3.6
-0.05488 -4.2
-0.05463 -4.7
-0.05439 -5.2
-0.05415 -5.7
-0.0539 -6.2
-0.05366 -6.6
-0.05341 -7.0
-0.05317 -7.4
-0.05293 -7.8
-0.05268 -8.1
-0.05244 -8.4
-0.05219 -8.6
-0.05195 -8.8
-0.0517 -9.0
-0.05146 -9.2
-0.05122 -9.2
-0.05097 -9.3
-0.05073 -9.3
-0.05048 -9.3
-0.05024 -9.2
-0.05 -9.1
-0.04975 -8.9
-0.04951 -8.7
-0.04926 -8.5
-0.04902 -8.2
-0.04877 -7.9
-0.04853 -7.5
-0.04829 -7.1
-0.04804 -6.7
-0.0478 -6.2
-0.04755 -5.8
-0.04731 -5.2
-0.04707 -4.7
-0.04682 -4.1
-0.04658 -3.5
-0.04633 -2.9
-0.04609 -2.2
-0.04585 -1.6
-0.0456 -0.9
-0.04536 -0.3
-0.04511 0.4
-0.04487 1.1
-0.04462 1.7
-0.04438 2.4
-0.04414 3.1
-0.04389 3.7
-0.04365 4.3
-0.0434 4.9
-0.04316 5.5
-0.04292 6.1
-0.04267 6.6
-0.04243 7.1
-0.04218 7.6
-0.04194 8.0
-0.04169 8.4
-0.04145 8.8
-0.04121 9.1
-0.04096 9.3
-0.04072 9.5
-0.04047 9.7
-0.04023 9.8
-0.03999 9.9
-0.03974 9.9
-0.0395 9.8
-0.03925 9.7
-0.03901 9.6
-0.03876 9.4
-0.03852 9.1
-0.03828 8.8
-0.03803 8.4
-0.03779 8.0
-0.03754 7.5
-0.0373 7.0
-0.03706 6.5
-0.03681 5.9
-0.03657 5.3
-0.03632 4.6
-0.03608 3.9
-0.03584 3.2
-0.03559 2.5
-0.03535 1.7
-0.0351 1.0
-0.03486 0.2
-0.03461 -0.6
-0.03437 -1.4
-0.03413 -2.2
-0.03388 -2.9
-0.03364 -3.7
-0.03339 -4.5
-0.03315 -5.2
-0.03291 -5.9
-0.03266 -6.5
-0.03242 -7.2
-0.03217 -7.7
-0.03193 -8.3
-0.03168 -8.8
-0.03144 -9.2
-0.0312 -9.6
-0.03095 -9.9
-0.03071 -10.2
-0.03046 -10.4
-0.03022 -10.5
-0.02998 -10.6
-0.02973 -10.6
-0.02949 -10.5
-0.02924 -10.3
-0.029 -10.1
-0.02876 -9.8
-0.02851 -9.5
-0.02827 -9.0
-0.02802 -8.5
-0.02778 -8.0
-0.02753 -7.4
-0.02729 -6.7
-0.02705 -6.0
-0.0268 -5.2
-0.02656 -4.4
-0.02631 -3.5
-0.02607 -2.6
-0.02583 -1.7
-0.02558 -0.8
-0.02534 0.2
-0.02509 1.1
-0.02485 2.1
-0.0246 3.0
-0.02436 3.9
-0.02412 4.9
-0.02387 5.7
-0.02363 6.6
-0.02338 7.4
-0.02314 8.1
-0.0229 8.8
-0.02265 9.4
-0.02241 10.0
-0.02216 10.4
-0.02192 10.8
-0.02168 11.1
-0.02143 11.4
-0.02119 11.5
-0.02094 11.5
-0.0207 11.4
-0.02045 11.2
-0.02021 11.0
-0.01997 10.6
-0.01972 10.1
-0.01948 9.5
-0.01923 8.9
-0.01899 8.1
-0.01875 7.3
-0.0185 6.4
-0.01826 5.4
-0.01801 4.3
-0.01777 3.2
-0.01752 2.1
-0.01728 0.9
-0.01704 -0.3
-0.01679 -1.5
-0.01655 -2.7
-0.0163 -3.9
-0.01606 -5.1
-0.01582 -6.2
-0.01557 -7.3
-0.01533 -8.3
-0.01508 -9.3
-0.01484 -10.1
-0.0146 -10.9
-0.01435 -11.5
-0.01411 -12.0
-0.01386 -12.4
-0.01362 -12.6
-0.01337 -12.7
-0.01313 -12.7
-0.01289 -12.5
-0.01264 -12.1
-0.0124 -11.6
-0.01215 -10.9
-0.01191 -10.1
-0.01167 -9.1
-0.01142 -8.0
-0.01118 -6.8
-0.01093 -5.5
-0.01069 -4.0
-0.01044 -2.5
-0.0102 -0.9
-0.00996 0.7
-0.00971 2.3
-0.00947 4.0
-0.00922 5.6
-0.00898 7.1
-0.00874 8.6
-0.00849 10.0
-0.00825 11.2
-0.008 12.2
-0.00776 13.1
-0.00751 13.8
-0.00727 14.2
-0.00703 14.4
-0.00678 14.4
-0.00654 14.0
-0.00629 13.4
-0.00605 12.5
-0.00581 11.4
-0.00556 9.9
-0.00532 8.3
-0.00507 6.4
-0.00483 4.3
-0.00459 2.1
-0.00434 -0.2
-0.0041 -2.6
-0.00385 -5.0
-0.00361 -7.4
-0.00336 -9.6
-0.00312 -11.6
-0.00288 -13.4
-0.00263 -14.8
-0.00239 -15.8
-0.00214 -16.4
-0.0019 -16.5
-0.00166 -16.0
-0.00141 -15.0
-0.00117 -13.3
-0.00092 -11.1
-0.00068 -8.4
-0.00043 -5.2
-0.00019 -1.7
5e-05 2.0
0.0003 5.6
0.00054 9.1
0.00079 12.1
0.00103 14.5
0.00127 16.0
0.00152 16.6
0.00176 16.1
0.00201 14.5
0.00225 12.0
0.00249 8.7
0.00274 4.8
0.00298 0.7
0.00323 -3.4
0.00347 -7.0
0.00372 -10.0
0.00396 -11.9
0.0042 -12.8
0.00445 -12.5
0.00469 -11.2
0.00494 -9.0
0.00518 -6.1
0.00542 -2.9
0.00567 0.3
0.00591 3.3
0.00616 5.7
0.0064 7.4
0.00665 8.2
0.00689 8.2
0.00713 7.4
0.00738 5.9
0.00762 4.0
0.00787 1.9
0.00811 -0.2
0.00835 -2.1
0.0086 -3.6
0.00884 -4.6
0.00909 -5.0
0.00933 -4.9
0.00957 -4.2
0.00982 -3.3
0.01006 -2.0
0.01031 -0.7
0.01055 0.6
0.0108 1.6
0.01104 2.4
0.01128 2.9
0.01153 3.0
0.01177 2.8
0.01202 2.3
0.01226 1.6
0.0125 0.8
0.01275 0.0
0.01299 -0.7
0.01324 -1.2
0.01348 -1.6
0.01373 -1.8
0.01397 -1.7
0.01421 -1.5
0.01446 -1.1
0.0147 -0.7
0.01495 -0.2
0.01519 0.2
0.01543 0.6
0.01568 0.9
0.01592 1.0
0.01617 1.1
0.01641 1.0
0.01665 0.8
0.0169 0.5
0.01714 0.2
0.01739 0.0
0.01763 -0.3
0.01788 -0.5
0.01812 -0.6
0.01836 -0.7
0.01861 -0.6
0.01885 -0.5
0.0191 -0.4
0.01934 -0.2
0.01958 0.0
0.01983 0.1
0.02007 0.3
0.02032 0.3
0.02056 0.4
0.02081 0.4
0.02105 0.3
0.02129 0.3
0.02154 0.2
0.02178 0.0
0.02203 0.0
0.02227 -0.1
0.02251 -0.2
0.02276 -0.2
0.023 -0.2
0.02325 -0.2
0.02349 -0.2
0.02374 -0.1
0.02398 0.0
0.02422 0.0
0.02447 0.0
0.02471 0.1
0.02496 0.1
0.0252 0.1
0.02544 0.1
0.02569 0.1
0.02593 0.0
0.02618 0.0
0.02642 0.0
0.02666 0.0
0.02691 0.0
0.02715 0.0
0.0274 0.0
0.02764 0.0
0.02789 0.0
0.02813 0.0
0.02837 0.0
0.02862 0.0
0.02886 0.0
0.02911 0.0
0.02935 0.0
0.02959 0.0
0.02984 0.0
0.03008 0.0
0.03033 0.0
0.03057 0.0
0.03082 0.0
0.03106 0.0
0.0313 0.0
0.03155 0.0
0.03179 0.0
0.03204 0.0
0.03228 0.0
0.03252 0.0
0.03277 0.0
0.03301 0.0
0.03326 0.0
0.0335 0.0
0.03374 0.0
0.03399 0.0
0.03423 0.0
0.03448 0.0
0.03472 0.0
0.03497 0.0
0.03521 0.0
0.03545 0.0
0.0357 0.0
0.03594 0.0
0.03619 0.0
0.03643 0.0
0.03667 0.0
0.03692 0.0
0.03716 0.0
0.03741 0.0
0.03765 0.0
0.0379 0.0
0.03814 0.0
0.03838 0.0
0.03863 0.0
0.03887 0.0
0.03912 0.0
0.03936 0.0
0.0396 0.0
0.03985 0.0
0.04009 0.0
0.04034 0.0
0.04058 0.0
0.04082 0.0
0.04107 0.0
0.04131 0.0
0.04156 0.0
0.0418 0.0
0.04205 0.0
0.04229 0.0
0.04253 0.0
0.04278 0.0
0.04302 0.0
0.04327 0.0
0.04351 0.0
0.04375 0.0
0.044 0.0
0.04424 0.0
0.04449 0.0
0.04473 0.0
0.04498 0.0
0.04522 0.0
0.04546 0.0
0.04571 0.0
0.04595 0.0
0.0462 0.0
0.04644 0.0
0.04668 0.0
0.04693 0.0
0.04717 0.0
0.04742 0.0
0.04766 0.0
0.0479 0.0
0.04815 0.0
0.04839 0.0
0.04864 0.0
0.04888 0.0
0.04913 0.0
0.04937 0.0
0.04961 0.0
0.04986 0.0
0.0501 0.0
0.05035 0.0
0.05059 0.0
0.05083 0.0
0.05108 0.0
0.05132 0.0
0.05157 0.0
0.05181 0.0
0.05206 0.0
0.0523 0.0
0.05254 0.0
0.05279 0.0
0.05303 0.0
0.05328 0.0
0.05352 0.0
0.05376 0.0
0.05401 0.0
0.05425 0.0
0.0545 0.0
0.05474 0.0
0.05499 0.0
0.05523 0.0
0.05547 0.0
0.05572 0.0
0.05596 0.0
0.05621 0.0
0.05645 0.0
0.05669 0.0
0.05694 0.0
0.05718 0.0
0.05743 0.0
0.05767 0.0
0.05791 0.0
0.05816 0.0
0.0584 0.0
0.05865 0.0
0.05889 0.0
0.05914 0.0
0.05938 0.0
0.05962 0.0
0.05987 0.0
0.06011 0.0
0.06036 0.0
0.0606 0.0
0.06084 0.0
0.06109 0.0
0.06133 0.0
0.06158 0.0
0.06182 0.0
0.06207 0.0
0.06231 0.0
0.06255 0.0
0.0628 0.0
0.06304 0.0
0.06329 0.0
0.06353 0.0
0.06377 0.0
0.06402 0.0
0.06426 0.0
0.06451 0.0
0.06475 0.0
0.06499 0.0
0.06524 0.0
0.06548 0.0
0.06573 0.0
0.06597 0.0
0.06622 0.0
0.06646 0.0
0.0667 0.0
0.06695 0.0
0.06719 0.0
0.06744 0.0
0.06768 0.0
0.06792 0.0
0.06817 0.0
0.06841 0.0
0.06866 0.0
0.0689 0.0
0.06915 0.0
0.06939 0.0
0.06963 0.0
0.06988 0.0
0.07012 0.0
0.07037 0.0
0.07061 0.0
0.07085 0.0
0.0711 0.0
0.07134 0.0
0.07159 0.0
0.07183 0.0
0.07207 0.0
0.07232 0.0
0.07256 0.0
0.07281 0.0
0.07305 0.0
0.0733 0.0
0.07354 0.0
0.07378 0.0
0.07403 0.0
0.07427 0.0
0.07452 0.0
0.07476 0.0
0.075 0.0
0.07525 0.0
0.07549 0.0
0.07574 0.0
0.07598 0.0
0.07623 0.0
0.07647 0.0
0.07671 0.0
0.07696 0.0
0.0772 0.0
0.07745 0.0
0.07769 0.0
0.07793 0.0
0.07818 0.0
0.07842 0.0
0.07867 0.0
0.07891 0.0
0.07915 0.0
0.0794 0.0
0.07964 0.0
0.07989 0.0
0.08013 0.0
0.08038 0.0
0.08062 0.0
0.08086 0.0
0.08111 0.0
0.08135 0.0
0.0816 0.0
0.08184 0.0
0.08208 0.0
0.08233 0.0
0.08257 0.0
0.08282 0.0
0.08306 0.0
0.08331 0.0
0.08355 0.0
0.08379 0.0
0.08404 0.0
0.08428 0.0
0.08453 0.0
0.08477 0.0
0.08501 0.0
0.08526 0.0
0.0855 0.0
0.08575 0.0
0.08599 0.0
0.08624 0.0
0.08648 0.0
0.08672 0.0
0.08697 0.0
0.08721 0.0
0.08746 0.0
0.0877 0.0
0.08794 0.0
0.08819 0.0
0.08843 0.0
0.08868 0.0
0.08892 0.0
0.08916 0.0
0.08941 0.0
0.08965 0.0
0.0899 0.0
0.09014 0.0
0.09039 0.0
0.09063 0.0
0.09087 0.0
0.09112 0.0
0.09136 0.0
0.09161 0.0
0.09185 0.0
0.09209 0.0
0.09234 0.0
0.09258 0.0
0.09283 0.0
0.09307 0.0
0.09332 0.0
0.09356 0.0
0.0938 0.0
0.09405 0.0
0.09429 0.0
0.09454 0.0
0.09478 0.0
0.09502 0.0
0.09527 0.0
0.09551 0.0
0.09576 0.0
0.096 0.0
0.09624 0.0
0.09649 0.0
0.09673 0.0
0.09698 0.0
0.09722 0.0
0.09747 0.0
0.09771 0.0
0.09795 0.0
0.0982 0.0
0.09844 0.0
0.09869 0.0
0.09893 0.0
0.09917 0.0
0.09942 0.0
0.09966 0.0
0.09991 0.0
0.10015 0.0
0.1004 0.0
0.10064 0.0
0.10088 0.0
0.10113 0.0
0.10137 0.0
0.10162 0.0
0.10186 0.0
0.1021 0.0
0.10235 0.0
0.10259 0.0
0.10284 0.0
0.10308 0.0
0.10332 0.0
0.10357 0.0
0.10381 0.0
0.10406 0.0
0.1043 0.0
0.10455 0.0
0.10479 0.0
0.10503 0.0
0.10528 0.0
0.10552 0.0
0.10577 0.0
0.10601 0.0
0.10625 0.0
0.1065 0.0
0.10674 0.0
0.10699 0.0
0.10723 0.0
0.10748 0.0
0.10772 0.0
0.10796 0.0
0.10821 0.0
0.10845 0.0
0.1087 0.0
0.10894 0.0
0.10918 0.0
0.10943 0.0
0.10967 0.0
0.10992 0.0
0.11016 0.0
0.1104 0.0
0.11065 0.0
0.11089 0.0
0.11114 0.0
0.11138 0.0
0.11163 0.0
0.11187 0.0
0.11211 0.0
0.11236 0.0
0.1126 0.0
0.11285 0.0
0.11309 0.0
0.11333 0.0
0.11358 0.0
0.11382 0.0
0.11407 0.0
0.11431 0.0
0.11456 0.0
0.1148 0.0
0.11504 0.0
0.11529 0.0
0.11553 0.0
0.11578 0.0
0.11602 0.0
0.11626 0.0
0.11651 0.0
0.11675 0.0
0.117 0.0
0.11724 0.0
0.11749 0.0
0.11773 0.0
0.11797 0.0
0.11822 0.0
0.11846 0.0
0.11871 0.0
0.11895 0.0
0.11919 0.0
0.11944 0.0
0.11968 0.0
0.11993 0.0
0.12017 0.0
0.12041 0.0
0.12066 0.0
0.1209 0.0
0.12115 0.0
0.12139 0.0
0.12164 0.0
0.12188 0.0
0.12212 0.0
0.12237 0.0
0.12261 0.0
0.12286 0.0
0.1231 0.0
0.12334 0.0
0.12359 0.0
0.12383 0.0
0.12408 0.0
0.12432 0.0
0.12457 0.0
0.12481 0.0
0.12505 0.0
0.1253 0.0
0.12554 0.0
0.12579 0.0
0.12603 0.0
0.12627 0.0
0.12652 0.0
0.12676 0.0
0.12701 0.0
0.12725 0.0
0.12749 0.0
0.12774 0.0
0.12798 0.0
0.12823 0.0
0.12847 0.0
0.12872 0.0
0.12896 0.0
0.1292 0.0
0.12945 0.0
0.12969 0.0
0.12994 0.0
0.13018 0.0
0.13042 0.0
0.13067 0.0
0.13091 0.0
0.13116 0.0
0.1314 0.0
0.13165 0.0
0.13189 0.0
0.13213 0.0
0.13238 0.0
0.13262 0.0
0.13287 0.0
0.13311 0.0
0.13335 0.0
0.1336 0.0
0.13384 0.0
0.13409 0.0
0.13433 0.0
0.13457 0.0
0.13482 0.0
0.13506 0.0
0.13531 0.0
0.13555 0.0
0.1358 0.0
0.13604 0.0
0.13628 0.0
0.13653 0.0
0.13677 0.0
0.13702 0.0
0.13726 0.0
0.1375 0.0
0.13775 0.0
0.13799 0.0
0.13824 0.0
0.13848 0.0
0.13873 0.0
0.13897 0.0
0.13921 0.0
0.13946 0.0
0.1397 0.0
0.13995 0.0
0.14019 0.0
0.14043 0.0
0.14068 0.0
0.14092 0.0
0.14117 0.0
0.14141 0.0
0.14165 0.0
0.1419 0.0
0.14214 0.0
0.14239 0.0
0.14263 0.0
0.14288 0.0
0.14312 0.0
0.14336 0.0
0.14361 0.0
0.14385 0.0
0.1441 0.0
0.14434 0.0
0.14458 0.0
0.14483 0.0
0.14507 0.0
0.14532 0.0
0.14556 0.0
0.14581 0.0
0.14605 0.0
0.14629 0.0
0.14654 0.0
0.14678 0.0
0.14703 0.0
0.14727 0.0
0.14751 0.0
0.14776 0.0
0.148 0.0
0.14825 0.0
0.14849 0.0
0.14874 0.0
0.14898 0.0
0.14922 0.0
0.14947 0.0
0.14971 0.0
0.14996 0.0
0.1502 0.0
0.15044 0.0
0.15069 0.0
0.15093 0.0
0.15118 0.0
0.15142 0.0
0.15166 0.0
0.15191 0.0
0.15215 0.0
0.1524 0.0
0.15264 0.0
0.15289 0.0
0.15313 0.0
0.15337 0.0
0.15362 0.0
0.15386 0.0
0.15411 0.0
0.15435 0.0
0.15459 0.0
0.15484 0.0
0.15508 0.0
0.15533 0.0
0.15557 0.0
0.15582 0.0
0.15606 0.0
0.1563 0.0
0.15655 0.0
0.15679 0.0
0.15704 0.0
0.15728 0.0
0.15752 0.0
0.15777 0.0
0.15801 0.0
0.15826 0.0
0.1585 0.0
0.15874 0.0
0.15899 0.0
0.15923 0.0
0.15948 0.0
0.15972 0.0
0.15997 0.0
0.16021 0.0
0.16045 0.0
0.1607 0.0
0.16094 0.0
0.16119 0.0
0.16143 0.0
0.16167 0.0
0.16192 0.0
0.16216 0.0
0.16241 0.0
0.16265 0.0
0.1629 0.0
0.16314 0.0
0.16338 0.0
0.16363 0.0
0.16387 0.0
0.16412 0.0
0.16436 0.0
0.1646 0.0
0.16485 0.0
0.16509 0.0
0.16534 0.0
0.16558 0.0
0.16582 0.0
0.16607 0.0
0.16631 0.0
0.16656 0.0
0.1668 0.0
0.16705 0.0
0.16729 0.0
0.16753 0.0
0.16778 0.0
0.16802 0.0
0.16827 0.0
0.16851 0.0
0.16875 0.0
0.169 0.0
0.16924 0.0
0.16949 0.0
0.16973 0.0
0.16998 0.0
0.17022 0.0
0.17046 0.0
0.17071 0.0
0.17095 0.0
0.1712 0.0
0.17144 0.0
0.17168 0.0
0.17193 0.0
0.17217 0.0
0.17242 0.0
0.17266 0.0
0.1729 0.0
0.17315 0.0
0.17339 0.0
0.17364 0.0
0.17388 0.0
0.17413 0.0
0.17437 0.0
0.17461 0.0
0.17486 0.0
0.1751 0.0
0.17535 0.0
0.17559 0.0
0.17583 0.0
0.17608 0.0
0.17632 0.0
0.17657 0.0
0.17681 0.0
0.17706 0.0
0.1773 0.0
0.17754 0.0
0.17779 0.0
0.17803 0.0
0.17828 0.0
0.17852 0.0
0.17876 0.0
0.17901 0.0
0.17925 0.0
0.1795 0.0
0.17974 0.0
0.17999 0.0
0.18023 0.0
0.18047 0.0
0.18072 0.0
0.18096 0.0
0.18121 0.0
0.18145 0.0
0.18169 0.0
0.18194 0.0
0.18218 0.0
0.18243 0.0
0.18267 0.0
0.18291 0.0
0.18316 0.0
0.1834 0.0
0.18365 0.0
0.18389 0.0
0.18414 0.0
0.18438 0.0
