t strain*1e23
-0.25873 -0.6
-0.25848 -0.3
-0.25824 0.0
-0.258 0.3
-0.25775 0.6
-0.25751 0.9
-0.25726 1.2
-0.25702 1.5
-0.25677 1.8
-0.25653 2.1
-0.25629 2.4
-0.25604 2.6
-0.2558 2.9
-0.25555 3.2
-0.25531 3.5
-0.25507 3.7
-0.25482 4.0
-0.25458 4.3
-0.25433 4.5
-0.25409 4.8
-0.25385 5.0
-0.2536 5.3
-0.25336 5.5
-0.25311 5.7
-0.25287 6.0
-0.25262 6.2
-0.25238 6.4
-0.25214 6.6
-0.25189 6.8
-0.25165 7.0
-0.2514 7.2
-0.25116 7.3
-0.25092 7.5
-0.25067 7.7
-0.25043 7.8
-0.25018 8.0
-0.24994 8.1
-0.24969 8.2
-0.24945 8.3
-0.24921 8.5
-0.24896 8.5
-0.24872 8.6
-0.24847 8.7
-0.24823 8.8
-0.24799 8.8
-0.24774 8.9
-0.2475 8.9
-0.24725 9.0
-0.24701 9.0
-0.24677 9.0
-0.24652 9.0
-0.24628 9.0
-0.24603 9.0
-0.24579 8.9
-0.24554 8.9
-0.2453 8.8
-0.24506 8.8
-0.24481 8.7
-0.24457 8.6
-0.24432 8.5
-0.24408 8.4
-0.24384 8.3
-0.24359 8.2
-0.24335 8.1
-0.2431 8.0
-0.24286 7.8
-0.24261 7.7
-0.24237 7.5
-0.24213 7.3
-0.24188 7.1
-0.24164 6.9
-0.24139 6.8
-0.24115 6.5
-0.24091 6.3
-0.24066 6.1
-0.24042 5.9
-0.24017 5.7
-0.23993 5.4
-0.23969 5.2
-0.23944 4.9
-0.2392 4.7
-0.23895 4.4
-0.23871 4.1
-0.23846 3.9
-0.23822 3.6
-0.23798 3.3
-0.23773 3.0
-0.23749 2.7
-0.23724 2.4
-0.237 2.1
-0.23676 1.8
-0.23651 1.5
-0.23627 1.2
-0.23602 0.9
-0.23578 0.6
-0.23553 0.3
-0.23529 0.0
-0.23505 -0.3
-0.2348 -0.6
-0.23456 -0.9
-0.23431 -1.2
-0.23407 -1.6
-0.23383 -1.9
-0.23358 -2.2
-0.23334 -2.5
-0.23309 -2.8
-0.23285 -3.1
-0.2326 -3.3
-0.23236 -3.6
-0.23212 -3.9
-0.23187 -4.2
-0.23163 -4.5
-0.23138 -4.7
-0.23114 -5.0
-0.2309 -5.3
-0.23065 -5.5
-0.23041 -5.8
-0.23016 -6.0
-0.22992 -6.2
-0.22968 -6.5
-0.22943 -6.7
-0.22919 -6.9
-0.22894 -7.1
-0.2287 -7.3
-0.22845 -7.5
-0.22821 -7.7
-0.22797 -7.8
-0.22772 -8.0
-0.22748 -8.1
-0.22723 -8.3
-0.22699 -8.4
-0.22675 -8.5
-0.2265 -8.6
-0.22626 -8.7
-0.22601 -8.8
-0.22577 -8.9
-0.22552 -9.0
-0.22528 -9.1
-0.22504 -9.1
-0.22479 -9.1
-0.22455 -9.2
-0.2243 -9.2
-0.22406 -9.2
-0.22382 -9.2
-0.22357 -9.2
-0.22333 -9.1
-0.22308 -9.1
-0.22284 -9.1
-0.2226 -9.0
-0.22235 -8.9
-0.22211 -8.8
-0.22186 -8.8
-0.22162 -8.7
-0.22137 -8.5
-0.22113 -8.4
-0.22089 -8.3
-0.22064 -8.1
-0.2204 -8.0
-0.22015 -7.8
-0.21991 -7.7
-0.21967 -7.5
-0.21942 -7.3
-0.21918 -7.1
-0.21893 -6.9
-0.21869 -6.7
-0.21844 -6.4
-0.2182 -6.2
-0.21796 -6.0
-0.21771 -5.7
-0.21747 -5.5
-0.21722 -5.2
-0.21698 -4.9
-0.21674 -4.6
-0.21649 -4.4
-0.21625 -4.1
-0.216 -3.8
-0.21576 -3.5
-0.21552 -3.2
-0.21527 -2.9
-0.21503 -2.6
-0.21478 -2.3
-0.21454 -1.9
-0.21429 -1.6
-0.21405 -1.3
-0.21381 -1.0
-0.21356 -0.7
-0.21332 -0.3
-0.21307 0.0
-0.21283 0.3
-0.21259 0.6
-0.21234 1.0
-0.2121 1.3
-0.21185 1.6
-0.21161 1.9
-0.21136 2.3
-0.21112 2.6
-0.21088 2.9
-0.21063 3.2
-0.21039 3.5
-0.21014 3.8
-0.2099 4.1
-0.20966 4.4
-0.20941 4.7
-0.20917 5.0
-0.20892 5.3
-0.20868 5.5
-0.20844 5.8
-0.20819 6.0
-0.20795 6.3
-0.2077 6.5
-0.20746 6.8
-0.20721 7.0
-0.20697 7.2
-0.20673 7.4
-0.20648 7.6
-0.20624 7.8
-0.20599 8.0
-0.20575 8.2
-0.20551 8.3
-0.20526 8.5
-0.20502 8.6
-0.20477 8.7
-0.20453 8.9
-0.20428 9.0
-0.20404 9.1
-0.2038 9.1
-0.20355 9.2
-0.20331 9.3
-0.20306 9.3
-0.20282 9.4
-0.20258 9.4
-0.20233 9.4
-0.20209 9.4
-0.20184 9.4
-0.2016 9.4
-0.20135 9.3
-0.20111 9.3
-0.20087 9.2
-0.20062 9.2
-0.20038 9.1
-0.20013 9.0
-0.19989 8.9
-0.19965 8.8
-0.1994 8.6
-0.19916 8.5
-0.19891 8.3
-0.19867 8.2
-0.19843 8.0
-0.19818 7.8
-0.19794 7.6
-0.19769 7.4
-0.19745 7.2
-0.1972 7.0
-0.19696 6.8
-0.19672 6.5
-0.19647 6.3
-0.19623 6.0
-0.19598 5.7
-0.19574 5.5
-0.1955 5.2
-0.19525 4.9
-0.19501 4.6
-0.19476 4.3
-0.19452 4.0
-0.19427 3.7
-0.19403 3.4
-0.19379 3.0
-0.19354 2.7
-0.1933 2.4
-0.19305 2.1
-0.19281 1.7
-0.19257 1.4
-0.19232 1.0
-0.19208 0.7
-0.19183 0.3
-0.19159 0.0
-0.19135 -0.3
-0.1911 -0.7
-0.19086 -1.0
-0.19061 -1.4
-0.19037 -1.7
-0.19012 -2.1
-0.18988 -2.4
-0.18964 -2.7
-0.18939 -3.1
-0.18915 -3.4
-0.1889 -3.7
-0.18866 -4.0
-0.18842 -4.4
-0.18817 -4.7
-0.18793 -5.0
-0.18768 -5.3
-0.18744 -5.6
-0.18719 -5.8
-0.18695 -6.1
-0.18671 -6.4
-0.18646 -6.6
-0.18622 -6.9
-0.18597 -7.1
-0.18573 -7.4
-0.18549 -7.6
-0.18524 -7.8
-0.185 -8.0
-0.18475 -8.2
-0.18451 -8.4
-0.18427 -8.5
-0.18402 -8.7
-0.18378 -8.9
-0.18353 -9.0
-0.18329 -9.1
-0.18304 -9.2
-0.1828 -9.3
-0.18256 -9.4
-0.18231 -9.5
-0.18207 -9.5
-0.18182 -9.6
-0.18158 -9.6
-0.18134 -9.6
-0.18109 -9.6
-0.18085 -9.6
-0.1806 -9.6
-0.18036 -9.6
-0.18011 -9.5
-0.17987 -9.5
-0.17963 -9.4
-0.17938 -9.3
-0.17914 -9.2
-0.17889 -9.1
-0.17865 -9.0
-0.17841 -8.8
-0.17816 -8.7
-0.17792 -8.5
-0.17767 -8.4
-0.17743 -8.2
-0.17719 -8.0
-0.17694 -7.8
-0.1767 -7.6
-0.17645 -7.3
-0.17621 -7.1
-0.17596 -6.8
-0.17572 -6.6
-0.17548 -6.3
-0.17523 -6.0
-0.17499 -5.7
-0.17474 -5.4
-0.1745 -5.1
-0.17426 -4.8
-0.17401 -4.5
-0.17377 -4.2
-0.17352 -3.9
-0.17328 -3.5
-0.17303 -3.2
-0.17279 -2.8
-0.17255 -2.5
-0.1723 -2.1
-0.17206 -1.8
-0.17181 -1.4
-0.17157 -1.0
-0.17133 -0.7
-0.17108 -0.3
-0.17084 0.0
-0.17059 0.4
-0.17035 0.8
-0.1701 1.2
-0.16986 1.6
-0.16962 1.9
-0.16937 2.3
-0.16913 2.6
-0.16888 3.0
-0.16864 3.3
-0.1684 3.7
-0.16815 4.0
-0.16791 4.4
-0.16766 4.7
-0.16742 5.0
-0.16718 5.4
-0.16693 5.7
-0.16669 6.0
-0.16644 6.3
-0.1662 6.5
-0.16595 6.8
-0.16571 7.1
-0.16547 7.4
-0.16522 7.6
-0.16498 7.8
-0.16473 8.1
-0.16449 8.3
-0.16425 8.5
-0.164 8.7
-0.16376 8.8
-0.16351 9.0
-0.16327 9.2
-0.16302 9.3
-0.16278 9.4
-0.16254 9.5
-0.16229 9.6
-0.16205 9.7
-0.1618 9.8
-0.16156 9.8
-0.16132 9.9
-0.16107 9.9
-0.16083 9.9
-0.16058 9.9
-0.16034 9.9
-0.1601 9.8
-0.15985 9.8
-0.15961 9.7
-0.15936 9.7
-0.15912 9.6
-0.15887 9.5
-0.15863 9.3
-0.15839 9.2
-0.15814 9.0
-0.1579 8.9
-0.15765 8.7
-0.15741 8.5
-0.15717 8.3
-0.15692 8.1
-0.15668 7.9
-0.15643 7.6
-0.15619 7.4
-0.15594 7.1
-0.1557 6.8
-0.15546 6.5
-0.15521 6.2
-0.15497 5.9
-0.15472 5.6
-0.15448 5.3
-0.15424 5.0
-0.15399 4.6
-0.15375 4.3
-0.1535 3.9
-0.15326 3.6
-0.15302 3.2
-0.15277 2.8
-0.15253 2.4
-0.15228 2.1
-0.15204 1.7
-0.15179 1.3
-0.15155 0.9
-0.15131 0.5
-0.15106 0.0
-0.15082 -0.3
-0.15057 -0.7
-0.15033 -1.1
-0.15009 -1.5
-0.14984 -1.9
-0.1496 -2.3
-0.14935 -2.7
-0.14911 -3.0
-0.14886 -3.4
-0.14862 -3.8
-0.14838 -4.2
-0.14813 -4.5
-0.14789 -4.9
-0.14764 -5.2
-0.1474 -5.6
-0.14716 -5.9
-0.14691 -6.2
-0.14667 -6.5
-0.14642 -6.8
-0.14618 -7.1
-0.14594 -7.4
-0.14569 -7.7
-0.14545 -7.9
-0.1452 -8.2
-0.14496 -8.4
-0.14471 -8.7
-0.14447 -8.9
-0.14423 -9.1
-0.14398 -9.2
-0.14374 -9.4
-0.14349 -9.5
-0.14325 -9.7
-0.14301 -9.8
-0.14276 -9.9
-0.14252 -10.0
-0.14227 -10.1
-0.14203 -10.1
-0.14178 -10.2
-0.14154 -10.2
-0.1413 -10.2
-0.14105 -10.2
-0.14081 -10.2
-0.14056 -10.1
-0.14032 -10.1
-0.14008 -10.0
-0.13983 -9.9
-0.13959 -9.8
-0.13934 -9.7
-0.1391 -9.5
-0.13885 -9.4
-0.13861 -9.2
-0.13837 -9.0
-0.13812 -8.8
-0.13788 -8.6
-0.13763 -8.3
-0.13739 -8.1
-0.13715 -7.8
-0.1369 -7.6
-0.13666 -7.3
-0.13641 -7.0
-0.13617 -6.7
-0.13593 -6.4
-0.13568 -6.0
-0.13544 -5.7
-0.13519 -5.3
-0.13495 -5.0
-0.1347 -4.6
-0.13446 -4.2
-0.13422 -3.8
-0.13397 -3.4
-0.13373 -3.0
-0.13348 -2.6
-0.13324 -2.2
-0.133 -1.8
-0.13275 -1.4
-0.13251 -0.9
-0.13226 -0.5
-0.13202 0.0
-0.13177 0.3
-0.13153 0.8
-0.13129 1.2
-0.13104 1.6
-0.1308 2.0
-0.13055 2.5
-0.13031 2.9
-0.13007 3.3
-0.12982 3.7
-0.12958 4.1
-0.12933 4.5
-0.12909 4.9
-0.12885 5.3
-0.1286 5.6
-0.12836 6.0
-0.12811 6.3
-0.12787 6.7
-0.12762 7.0
-0.12738 7.3
-0.12714 7.6
-0.12689 7.9
-0.12665 8.2
-0.1264 8.5
-0.12616 8.7
-0.12592 9.0
-0.12567 9.2
-0.12543 9.4
-0.12518 9.6
-0.12494 9.8
-0.12469 9.9
-0.12445 10.1
-0.12421 10.2
-0.12396 10.3
-0.12372 10.4
-0.12347 10.4
-0.12323 10.5
-0.12299 10.5
-0.12274 10.5
-0.1225 10.5
-0.12225 10.5
-0.12201 10.4
-0.12177 10.4
-0.12152 10.3
-0.12128 10.2
-0.12103 10.1
-0.12079 9.9
-0.12054 9.8
-0.1203 9.6
-0.12006 9.4
-0.11981 9.2
-0.11957 9.0
-0.11932 8.7
-0.11908 8.5
-0.11884 8.2
-0.11859 7.9
-0.11835 7.6
-0.1181 7.3
-0.11786 7.0
-0.11761 6.6
-0.11737 6.2
-0.11713 5.9
-0.11688 5.5
-0.11664 5.1
-0.11639 4.7
-0.11615 4.3
-0.11591 3.8
-0.11566 3.4
-0.11542 3.0
-0.11517 2.5
-0.11493 2.1
-0.11469 1.6
-0.11444 1.2
-0.1142 0.7
-0.11395 0.3
-0.11371 -0.2
-0.11346 -0.7
-0.11322 -1.1
-0.11298 -1.6
-0.11273 -2.1
-0.11249 -2.5
-0.11224 -3.0
-0.112 -3.4
-0.11176 -3.9
-0.11151 -4.3
-0.11127 -4.7
-0.11102 -5.2
-0.11078 -5.6
-0.11053 -6.0
-0.11029 -6.4
-0.11005 -6.7
-0.1098 -7.1
-0.10956 -7.5
-0.10931 -7.8
-0.10907 -8.1
-0.10883 -8.4
-0.10858 -8.7
-0.10834 -9.0
-0.10809 -9.3
-0.10785 -9.5
-0.1076 -9.7
-0.10736 -9.9
-0.10712 -10.1
-0.10687 -10.3
-0.10663 -10.5
-0.10638 -10.6
-0.10614 -10.7
-0.1059 -10.8
-0.10565 -10.8
-0.10541 -10.9
-0.10516 -10.9
-0.10492 -10.9
-0.10468 -10.9
-0.10443 -10.8
-0.10419 -10.8
-0.10394 -10.7
-0.1037 -10.6
-0.10345 -10.5
-0.10321 -10.3
-0.10297 -10.1
-0.10272 -9.9
-0.10248 -9.7
-0.10223 -9.5
-0.10199 -9.2
-0.10175 -9.0
-0.1015 -8.7
-0.10126 -8.4
-0.10101 -8.0
-0.10077 -7.7
-0.10052 -7.3
-0.10028 -7.0
-0.10004 -6.6
-0.09979 -6.2
-0.09955 -5.8
-0.0993 -5.3
-0.09906 -4.9
-0.09882 -4.4
-0.09857 -4.0
-0.09833 -3.5
-0.09808 -3.0
-0.09784 -2.5
-0.0976 -2.0
-0.09735 -1.5
-0.09711 -1.0
-0.09686 -0.5
-0.09662 0.0
-0.09637 0.5
-0.09613 1.0
-0.09589 1.5
-0.09564 2.0
-0.0954 2.5
-0.09515 3.0
-0.09491 3.5
-0.09467 4.0
-0.09442 4.5
-0.09418 5.0
-0.09393 5.4
-0.09369 5.9
-0.09344 6.3
-0.0932 6.8
-0.09296 7.2
-0.09271 7.6
-0.09247 7.9
-0.09222 8.3
-0.09198 8.7
-0.09174 9.0
-0.09149 9.3
-0.09125 9.6
-0.091 9.9
-0.09076 10.1
-0.09052 10.4
-0.09027 10.6
-0.09003 10.7
-0.08978 10.9
-0.08954 11.0
-0.08929 11.2
-0.08905 11.2
-0.08881 11.3
-0.08856 11.3
-0.08832 11.4
-0.08807 11.3
-0.08783 11.3
-0.08759 11.2
-0.08734 11.2
-0.0871 11.0
-0.08685 10.9
-0.08661 10.7
-0.08636 10.5
-0.08612 10.3
-0.08588 10.1
-0.08563 9.8
-0.08539 9.5
-0.08514 9.2
-0.0849 8.9
-0.08466 8.6
-0.08441 8.2
-0.08417 7.8
-0.08392 7.4
-0.08368 7.0
-0.08344 6.5
-0.08319 6.1
-0.08295 5.6
-0.0827 5.1
-0.08246 4.6
-0.08221 4.1
-0.08197 3.5
-0.08173 3.0
-0.08148 2.5
-0.08124 1.9
-0.08099 1.4
-0.08075 0.8
-0.08051 0.2
-0.08026 -0.3
-0.08002 -0.9
-0.07977 -1.5
-0.07953 -2.0
-0.07928 -2.6
-0.07904 -3.2
-0.0788 -3.7
-0.07855 -4.3
-0.07831 -4.8
-0.07806 -5.3
-0.07782 -5.8
-0.07758 -6.3
-0.07733 -6.8
-0.07709 -7.3
-0.07684 -7.7
-0.0766 -8.2
-0.07635 -8.6
-0.07611 -9.0
-0.07587 -9.4
-0.07562 -9.7
-0.07538 -10.0
-0.07513 -10.3
-0.07489 -10.6
-0.07465 -10.9
-0.0744 -11.1
-0.07416 -11.3
-0.07391 -11.5
-0.07367 -11.6
-0.07343 -11.7
-0.07318 -11.8
-0.07294 -11.9
-0.07269 -11.9
-0.07245 -11.9
-0.0722 -11.8
-0.07196 -11.8
-0.07172 -11.7
-0.07147 -11.5
-0.07123 -11.4
-0.07098 -11.2
-0.07074 -11.0
-0.0705 -10.7
-0.07025 -10.4
-0.07001 -10.1
-0.06976 -9.8
-0.06952 -9.4
-0.06927 -9.1
-0.06903 -8.6
-0.06879 -8.2
-0.06854 -7.8
-0.0683 -7.3
-0.06805 -6.8
-0.06781 -6.2
-0.06757 -5.7
-0.06732 -5.2
-0.06708 -4.6
-0.06683 -4.0
-0.06659 -3.4
-0.06635 -2.8
-0.0661 -2.2
-0.06586 -1.5
-0.06561 -0.9
-0.06537 -0.3
-0.06512 0.4
-0.06488 1.0
-0.06464 1.7
-0.06439 2.3
-0.06415 2.9
-0.0639 3.6
-0.06366 4.2
-0.06342 4.8
-0.06317 5.4
-0.06293 6.0
-0.06268 6.6
-0.06244 7.1
-0.06219 7.6
-0.06195 8.2
-0.06171 8.6
-0.06146 9.1
-0.06122 9.6
-0.06097 10.0
-0.06073 10.4
-0.06049 10.7
-0.06024 11.1
-0.06 11.4
-0.05975 11.6
-0.05951 11.9
-0.05927 12.1
-0.05902 12.2
-0.05878 12.4
-0.05853 12.5
-0.05829 12.5
-0.05804 12.5
-0.0578 12.5
-0.05756 12.5
-0.05731 12.4
-0.05707 12.2
-0.05682 12.1
-0.05658 11.9
-0.05634 11.6
-0.05609 11.3
-0.05585 11.0
-0.0556 10.7
-0.05536 10.3
-0.05511 9.8
-0.05487 9.4
-0.05463 8.9
-0.05438 8.4
-0.05414 7.9
-0.05389 7.3
-0.05365 6.7
-0.05341 6.1
-0.05316 5.4
-0.05292 4.8
-0.05267 4.1
-0.05243 3.4
-0.05219 2.7
-0.05194 2.0
-0.0517 1.3
-0.05145 0.5
-0.05121 -0.2
-0.05096 -1.0
-0.05072 -1.7
-0.05048 -2.4
-0.05023 -3.2
-0.04999 -3.9
-0.04974 -4.6
-0.0495 -5.3
-0.04926 -6.0
-0.04901 -6.7
-0.04877 -7.3
-0.04852 -8.0
-0.04828 -8.6
-0.04803 -9.1
-0.04779 -9.7
-0.04755 -10.2
-0.0473 -10.7
-0.04706 -11.1
-0.04681 -11.5
-0.04657 -11.9
-0.04633 -12.3
-0.04608 -12.5
-0.04584 -12.8
-0.04559 -13.0
-0.04535 -13.1
-0.0451 -13.3
-0.04486 -13.3
-0.04462 -13.3
-0.04437 -13.3
-0.04413 -13.2
-0.04388 -13.1
-0.04364 -12.9
-0.0434 -12.7
-0.04315 -12.4
-0.04291 -12.1
-0.04266 -11.7
-0.04242 -11.3
-0.04218 -10.8
-0.04193 -10.3
-0.04169 -9.8
-0.04144 -9.2
-0.0412 -8.6
-0.04095 -7.9
-0.04071 -7.2
-0.04047 -6.5
-0.04022 -5.7
-0.03998 -5.0
-0.03973 -4.2
-0.03949 -3.3
-0.03925 -2.5
-0.039 -1.6
-0.03876 -0.8
-0.03851 0.1
-0.03827 1.0
-0.03802 1.9
-0.03778 2.8
-0.03754 3.6
-0.03729 4.5
-0.03705 5.3
-0.0368 6.2
-0.03656 7.0
-0.03632 7.8
-0.03607 8.5
-0.03583 9.2
-0.03558 9.9
-0.03534 10.6
-0.0351 11.2
-0.03485 11.7
-0.03461 12.3
-0.03436 12.7
-0.03412 13.1
-0.03387 13.5
-0.03363 13.8
-0.03339 14.0
-0.03314 14.2
-0.0329 14.3
-0.03265 14.4
-0.03241 14.4
-0.03217 14.3
-0.03192 14.1
-0.03168 13.9
-0.03143 13.6
-0.03119 13.3
-0.03094 12.9
-0.0307 12.4
-0.03046 11.9
-0.03021 11.3
-0.02997 10.6
-0.02972 9.9
-0.02948 9.1
-0.02924 8.3
-0.02899 7.5
-0.02875 6.5
-0.0285 5.6
-0.02826 4.6
-0.02802 3.6
-0.02777 2.6
-0.02753 1.5
-0.02728 0.4
-0.02704 -0.6
-0.02679 -1.7
-0.02655 -2.8
-0.02631 -3.9
-0.02606 -5.0
-0.02582 -6.0
-0.02557 -7.0
-0.02533 -8.0
-0.02509 -9.0
-0.02484 -9.9
-0.0246 -10.8
-0.02435 -11.6
-0.02411 -12.4
-0.02386 -13.1
-0.02362 -13.7
-0.02338 -14.2
-0.02313 -14.7
-0.02289 -15.1
-0.02264 -15.4
-0.0224 -15.6
-0.02216 -15.7
-0.02191 -15.8
-0.02167 -15.7
-0.02142 -15.5
-0.02118 -15.3
-0.02094 -14.9
-0.02069 -14.4
-0.02045 -13.9
-0.0202 -13.2
-0.01996 -12.5
-0.01971 -11.7
-0.01947 -10.8
-0.01923 -9.8
-0.01898 -8.7
-0.01874 -7.5
-0.01849 -6.3
-0.01825 -5.1
-0.01801 -3.8
-0.01776 -2.4
-0.01752 -1.0
-0.01727 0.4
-0.01703 1.8
-0.01678 3.2
-0.01654 4.6
-0.0163 6.0
-0.01605 7.4
-0.01581 8.7
-0.01556 10.0
-0.01532 11.2
-0.01508 12.4
-0.01483 13.4
-0.01459 14.4
-0.01434 15.2
-0.0141 16.0
-0.01385 16.6
-0.01361 17.1
-0.01337 17.4
-0.01312 17.6
-0.01288 17.7
-0.01263 17.5
-0.01239 17.3
-0.01215 16.8
-0.0119 16.3
-0.01166 15.5
-0.01141 14.6
-0.01117 13.5
-0.01093 12.3
-0.01068 11.0
-0.01044 9.5
-0.01019 7.9
-0.00995 6.2
-0.0097 4.4
-0.00946 2.5
-0.00922 0.5
-0.00897 -1.4
-0.00873 -3.4
-0.00848 -5.4
-0.00824 -7.4
-0.008 -9.3
-0.00775 -11.1
-0.00751 -12.9
-0.00726 -14.5
-0.00702 -15.9
-0.00677 -17.2
-0.00653 -18.3
-0.00629 -19.1
-0.00604 -19.7
-0.0058 -20.1
-0.00555 -20.1
-0.00531 -19.9
-0.00507 -19.4
-0.00482 -18.6
-0.00458 -17.4
-0.00433 -16.0
-0.00409 -14.3
-0.00385 -12.2
-0.0036 -10.0
-0.00336 -7.5
-0.00311 -4.8
-0.00287 -1.9
-0.00262 1.0
-0.00238 4.0
-0.00214 7.0
-0.00189 10.0
-0.00165 12.8
-0.0014 15.3
-0.00116 17.6
-0.00092 19.5
-0.00067 21.0
-0.00043 22.0
-0.00018 22.3
6e-05 22.0
0.00031 21.1
0.00055 19.5
0.00079 17.3
0.00104 14.4
0.00128 11.1
0.00153 7.3
0.00177 3.2
0.00201 -0.9
0.00226 -5.1
0.0025 -9.0
0.00275 -12.5
0.00299 -15.4
0.00323 -17.7
0.00348 -19.1
0.00372 -19.7
0.00397 -19.3
0.00421 -18.0
0.00446 -16.0
0.0047 -13.2
0.00494 -9.9
0.00519 -6.2
0.00543 -2.3
0.00568 1.5
0.00592 5.0
0.00616 8.1
0.00641 10.6
0.00665 12.4
0.0069 13.4
0.00714 13.7
0.00739 13.1
0.00763 11.9
0.00787 10.0
0.00812 7.8
0.00836 5.2
0.00861 2.5
0.00885 -0.2
0.00909 -2.6
0.00934 -4.8
0.00958 -6.5
0.00983 -7.6
0.01007 -8.3
0.01031 -8.4
0.01056 -7.9
0.0108 -7.1
0.01105 -5.8
0.01129 -4.3
0.01154 -2.7
0.01178 -1.0
0.01202 0.7
0.01227 2.1
0.01251 3.3
0.01276 4.2
0.013 4.8
0.01324 5.0
0.01349 4.8
0.01373 4.4
0.01398 3.8
0.01422 2.9
0.01447 1.9
0.01471 0.9
0.01495 0.0
0.0152 -1.0
0.01544 -1.8
0.01569 -2.3
0.01593 -2.7
0.01617 -2.9
0.01642 -2.9
0.01666 -2.7
0.01691 -2.3
0.01715 -1.8
0.0174 -1.3
0.01764 -0.7
0.01788 0.0
0.01813 0.5
0.01837 1.0
0.01862 1.3
0.01886 1.6
0.0191 1.7
0.01935 1.7
0.01959 1.6
0.01984 1.4
0.02008 1.2
0.02032 0.8
0.02057 0.5
0.02081 0.0
0.02106 -0.2
0.0213 -0.5
0.02155 -0.8
0.02179 -0.9
0.02203 -1.0
0.02228 -1.1
0.02252 -1.0
0.02277 -0.9
0.02301 -0.7
0.02325 -0.5
0.0235 -0.3
0.02374 0.0
0.02399 0.1
0.02423 0.3
0.02448 0.5
0.02472 0.6
0.02496 0.6
0.02521 0.6
0.02545 0.6
0.0257 0.5
0.02594 0.4
0.02618 0.3
0.02643 0.2
0.02667 0.0
0.02692 0.0
0.02716 -0.2
0.0274 -0.3
0.02765 -0.3
0.02789 -0.4
0.02814 -0.4
0.02838 -0.4
0.02863 -0.3
0.02887 -0.3
0.02911 -0.2
0.02936 -0.1
0.0296 0.0
0.02985 0.0
0.03009 0.0
0.03033 0.2
0.03058 0.2
0.03082 0.2
0.03107 0.2
0.03131 0.2
0.03156 0.2
0.0318 0.2
0.03204 0.1
0.03229 0.0
0.03253 0.0
0.03278 0.0
0.03302 0.0
0.03326 0.0
0.03351 -0.1
0.03375 -0.1
0.034 -0.1
0.03424 -0.1
0.03448 -0.1
0.03473 -0.1
0.03497 0.0
0.03522 0.0
0.03546 0.0
0.03571 0.0
0.03595 0.0
0.03619 0.0
0.03644 0.0
0.03668 0.0
0.03693 0.0
0.03717 0.0
0.03741 0.0
0.03766 0.0
0.0379 0.0
0.03815 0.0
0.03839 0.0
0.03864 0.0
0.03888 0.0
0.03912 0.0
0.03937 0.0
0.03961 0.0
0.03986 0.0
0.0401 0.0
0.04034 0.0
0.04059 0.0
0.04083 0.0
0.04108 0.0
0.04132 0.0
0.04156 0.0
0.04181 0.0
0.04205 0.0
0.0423 0.0
0.04254 0.0
0.04279 0.0
0.04303 0.0
0.04327 0.0
0.04352 0.0
0.04376 0.0
0.04401 0.0
0.04425 0.0
0.04449 0.0
0.04474 0.0
0.04498 0.0
0.04523 0.0
0.04547 0.0
0.04572 0.0
0.04596 0.0
0.0462 0.0
0.04645 0.0
0.04669 0.0
0.04694 0.0
0.04718 0.0
0.04742 0.0
0.04767 0.0
0.04791 0.0
0.04816 0.0
0.0484 0.0
0.04865 0.0
0.04889 0.0
0.04913 0.0
0.04938 0.0
0.04962 0.0
0.04987 0.0
0.05011 0.0
0.05035 0.0
0.0506 0.0
0.05084 0.0
0.05109 0.0
0.05133 0.0
0.05157 0.0
0.05182 0.0
0.05206 0.0
0.05231 0.0
0.05255 0.0
0.0528 0.0
0.05304 0.0
0.05328 0.0
0.05353 0.0
0.05377 0.0
0.05402 0.0
0.05426 0.0
0.0545 0.0
0.05475 0.0
0.05499 0.0
0.05524 0.0
0.05548 0.0
0.05573 0.0
0.05597 0.0
0.05621 0.0
0.05646 0.0
0.0567 0.0
0.05695 0.0
0.05719 0.0
0.05743 0.0
0.05768 0.0
0.05792 0.0
0.05817 0.0
0.05841 0.0
0.05865 0.0
0.0589 0.0
0.05914 0.0
0.05939 0.0
0.05963 0.0
0.05988 0.0
0.06012 0.0
0.06036 0.0
0.06061 0.0
0.06085 0.0
0.0611 0.0
0.06134 0.0
0.06158 0.0
0.06183 0.0
0.06207 0.0
0.06232 0.0
0.06256 0.0
0.06281 0.0
0.06305 0.0
0.06329 0.0
0.06354 0.0
0.06378 0.0
0.06403 0.0
0.06427 0.0
0.06451 0.0
0.06476 0.0
0.065 0.0
0.06525 0.0
0.06549 0.0
0.06573 0.0
0.06598 0.0
0.06622 0.0
0.06647 0.0
0.06671 0.0
0.06696 0.0
0.0672 0.0
0.06744 0.0
0.06769 0.0
0.06793 0.0
0.06818 0.0
0.06842 0.0
0.06866 0.0
0.06891 0.0
0.06915 0.0
0.0694 0.0
0.06964 0.0
0.06989 0.0
0.07013 0.0
0.07037 0.0
0.07062 0.0
0.07086 0.0
0.07111 0.0
0.07135 0.0
0.07159 0.0
0.07184 0.0
0.07208 0.0
0.07233 0.0
0.07257 0.0
0.07281 0.0
0.07306 0.0
0.0733 0.0
0.07355 0.0
0.07379 0.0
0.07404 0.0
0.07428 0.0
0.07452 0.0
0.07477 0.0
0.07501 0.0
0.07526 0.0
0.0755 0.0
0.07574 0.0
0.07599 0.0
0.07623 0.0
0.07648 0.0
0.07672 0.0
0.07697 0.0
0.07721 0.0
0.07745 0.0
0.0777 0.0
0.07794 0.0
0.07819 0.0
0.07843 0.0
0.07867 0.0
0.07892 0.0
0.07916 0.0
0.07941 0.0
0.07965 0.0
0.0799 0.0
0.08014 0.0
0.08038 0.0
0.08063 0.0
0.08087 0.0
0.08112 0.0
0.08136 0.0
0.0816 0.0
0.08185 0.0
0.08209 0.0
0.08234 0.0
0.08258 0.0
0.08282 0.0
0.08307 0.0
0.08331 0.0
0.08356 0.0
0.0838 0.0
0.08405 0.0
0.08429 0.0
0.08453 0.0
0.08478 0.0
0.08502 0.0
0.08527 0.0
0.08551 0.0
0.08575 0.0
0.086 0.0
0.08624 0.0
0.08649 0.0
0.08673 0.0
0.08698 0.0
0.08722 0.0
0.08746 0.0
0.08771 0.0
0.08795 0.0
0.0882 0.0
0.08844 0.0
0.08868 0.0
0.08893 0.0
0.08917 0.0
0.08942 0.0
0.08966 0.0
0.0899 0.0
0.09015 0.0
0.09039 0.0
0.09064 0.0
0.09088 0.0
0.09113 0.0
0.09137 0.0
0.09161 0.0
0.09186 0.0
0.0921 0.0
0.09235 0.0
0.09259 0.0
0.09283 0.0
0.09308 0.0
0.09332 0.0
0.09357 0.0
0.09381 0.0
0.09406 0.0
0.0943 0.0
0.09454 0.0
0.09479 0.0
0.09503 0.0
0.09528 0.0
0.09552 0.0
0.09576 0.0
0.09601 0.0
0.09625 0.0
0.0965 0.0
0.09674 0.0
0.09698 0.0
0.09723 0.0
0.09747 0.0
0.09772 0.0
0.09796 0.0
0.09821 0.0
0.09845 0.0
0.09869 0.0
0.09894 0.0
0.09918 0.0
0.09943 0.0
0.09967 0.0
0.09991 0.0
0.10016 0.0
0.1004 0.0
0.10065 0.0
0.10089 0.0
0.10114 0.0
0.10138 0.0
0.10162 0.0
0.10187 0.0
0.10211 0.0
0.10236 0.0
0.1026 0.0
0.10284 0.0
0.10309 0.0
0.10333 0.0
0.10358 0.0
0.10382 0.0
0.10406 0.0
0.10431 0.0
0.10455 0.0
0.1048 0.0
0.10504 0.0
0.10529 0.0
0.10553 0.0
0.10577 0.0
0.10602 0.0
0.10626 0.0
0.10651 0.0
0.10675 0.0
0.10699 0.0
0.10724 0.0
0.10748 0.0
0.10773 0.0
0.10797 0.0
0.10822 0.0
0.10846 0.0
0.1087 0.0
0.10895 0.0
0.10919 0.0
0.10944 0.0
0.10968 0.0
0.10992 0.0
0.11017 0.0
0.11041 0.0
0.11066 0.0
0.1109 0.0
0.11115 0.0
0.11139 0.0
0.11163 0.0
0.11188 0.0
0.11212 0.0
0.11237 0.0
0.11261 0.0
0.11285 0.0
0.1131 0.0
0.11334 0.0
0.11359 0.0
0.11383 0.0
0.11407 0.0
0.11432 0.0
0.11456 0.0
0.11481 0.0
0.11505 0.0
0.1153 0.0
0.11554 0.0
0.11578 0.0
0.11603 0.0
0.11627 0.0
0.11652 0.0
0.11676 0.0
0.117 0.0
0.11725 0.0
0.11749 0.0
0.11774 0.0
0.11798 0.0
0.11823 0.0
0.11847 0.0
0.11871 0.0
0.11896 0.0
0.1192 0.0
0.11945 0.0
0.11969 0.0
0.11993 0.0
0.12018 0.0
0.12042 0.0
0.12067 0.0
0.12091 0.0
0.12115 0.0
0.1214 0.0
0.12164 0.0
0.12189 0.0
0.12213 0.0
0.12238 0.0
0.12262 0.0
0.12286 0.0
0.12311 0.0
0.12335 0.0
0.1236 0.0
0.12384 0.0
0.12408 0.0
0.12433 0.0
0.12457 0.0
0.12482 0.0
0.12506 0.0
0.12531 0.0
0.12555 0.0
0.12579 0.0
0.12604 0.0
0.12628 0.0
0.12653 0.0
0.12677 0.0
0.12701 0.0
0.12726 0.0
0.1275 0.0
0.12775 0.0
0.12799 0.0
0.12823 0.0
0.12848 0.0
0.12872 0.0
0.12897 0.0
0.12921 0.0
0.12946 0.0
0.1297 0.0
0.12994 0.0
0.13019 0.0
0.13043 0.0
0.13068 0.0
0.13092 0.0
0.13116 0.0
0.13141 0.0
0.13165 0.0
0.1319 0.0
0.13214 0.0
0.13239 0.0
0.13263 0.0
0.13287 0.0
0.13312 0.0
0.13336 0.0
0.13361 0.0
0.13385 0.0
0.13409 0.0
0.13434 0.0
0.13458 0.0
0.13483 0.0
0.13507 0.0
0.13531 0.0
0.13556 0.0
0.1358 0.0
0.13605 0.0
0.13629 0.0
0.13654 0.0
0.13678 0.0
0.13702 0.0
0.13727 0.0
0.13751 0.0
0.13776 0.0
0.138 0.0
0.13824 0.0
0.13849 0.0
0.13873 0.0
0.13898 0.0
0.13922 0.0
0.13947 0.0
0.13971 0.0
0.13995 0.0
0.1402 0.0
0.14044 0.0
0.14069 0.0
0.14093 0.0
0.14117 0.0
0.14142 0.0
0.14166 0.0
0.14191 0.0
0.14215 0.0
0.1424 0.0
0.14264 0.0
0.14288 0.0
0.14313 0.0
0.14337 0.0
0.14362 0.0
0.14386 0.0
0.1441 0.0
0.14435 0.0
0.14459 0.0
0.14484 0.0
0.14508 0.0
0.14532 0.0
0.14557 0.0
0.14581 0.0
0.14606 0.0
0.1463 0.0
0.14655 0.0
0.14679 0.0
0.14703 0.0
0.14728 0.0
0.14752 0.0
0.14777 0.0
0.14801 0.0
0.14825 0.0
0.1485 0.0
0.14874 0.0
0.14899 0.0
0.14923 0.0
0.14948 0.0
0.14972 0.0
0.14996 0.0
0.15021 0.0
0.15045 0.0
0.1507 0.0
0.15094 0.0
0.15118 0.0
0.15143 0.0
0.15167 0.0
0.15192 0.0
0.15216 0.0
0.1524 0.0
0.15265 0.0
0.15289 0.0
0.15314 0.0
0.15338 0.0
0.15363 0.0
0.15387 0.0
0.15411 0.0
0.15436 0.0
0.1546 0.0
0.15485 0.0
0.15509 0.0
0.15533 0.0
0.15558 0.0
0.15582 0.0
0.15607 0.0
0.15631 0.0
0.15656 0.0
0.1568 0.0
0.15704 0.0
0.15729 0.0
0.15753 0.0
0.15778 0.0
0.15802 0.0
0.15826 0.0
0.15851 0.0
0.15875 0.0
0.159 0.0
0.15924 0.0
0.15948 0.0
0.15973 0.0
0.15997 0.0
0.16022 0.0
0.16046 0.0
0.16071 0.0
0.16095 0.0
0.16119 0.0
0.16144 0.0
0.16168 0.0
0.16193 0.0
0.16217 0.0
0.16241 0.0
0.16266 0.0
0.1629 0.0
0.16315 0.0
0.16339 0.0
0.16364 0.0
0.16388 0.0
0.16412 0.0
0.16437 0.0
0.16461 0.0
0.16486 0.0
0.1651 0.0
0.16534 0.0
0.16559 0.0
0.16583 0.0
0.16608 0.0
0.16632 0.0
0.16656 0.0
0.16681 0.0
0.16705 0.0
0.1673 0.0
0.16754 0.0
0.16779 0.0
0.16803 0.0
0.16827 0.0
0.16852 0.0
0.16876 0.0
0.16901 0.0
0.16925 0.0
0.16949 0.0
0.16974 0.0
0.16998 0.0
0.17023 0.0
0.17047 0.0
0.17072 0.0
0.17096 0.0
0.1712 0.0
0.17145 0.0
0.17169 0.0
0.17194 0.0
0.17218 0.0
0.17242 0.0
0.17267 0.0
0.17291 0.0
0.17316 0.0
0.1734 0.0
0.17365 0.0
0.17389 0.0
0.17413 0.0
0.17438 0.0
0.17462 0.0
0.17487 0.0
0.17511 0.0
0.17535 0.0
0.1756 0.0
0.17584 0.0
0.17609 0.0
0.17633 0.0
0.17657 0.0
0.17682 0.0
0.17706 0.0
0.17731 0.0
0.17755 0.0
0.1778 0.0
0.17804 0.0
0.17828 0.0
0.17853 0.0
0.17877 0.0
0.17902 0.0
0.17926 0.0
0.1795 0.0
0.17975 0.0
0.17999 0.0
0.18024 0.0
0.18048 0.0
0.18073 0.0
0.18097 0.0
0.18121 0.0
0.18146 0.0
0.1817 0.0
0.18195 0.0
0.18219 0.0
0.18243 0.0
0.18268 0.0
0.18292 0.0
0.18317 0.0
0.18341 0.0
0.18365 0.0
0.1839 0.0
0.18414 0.0
0.18439 0.0
0.18463 0.0
0.18488 0.0
0.18512 0.0
0.18536 0.0
0.18561 0.0
0.18585 0.0
0.1861 0.0
0.18634 0.0
0.18658 0.0
0.18683 0.0
0.18707 0.0
0.18732 0.0
0.18756 0.0
0.18781 0.0
0.18805 0.0
0.18829 0.0
0.18854 0.0
0.18878 0.0
0.18903 0.0
0.18927 0.0
0.18951 0.0
0.18976 0.0
0.19 0.0
0.19025 0.0
0.19049 0.0
0.19073 0.0
0.19098 0.0
0.19122 0.0
0.19147 0.0
0.19171 0.0
0.19196 0.0
0.1922 0.0
0.19244 0.0
0.19269 0.0
0.19293 0.0
0.19318 0.0
0.19342 0.0
0.19366 0.0
0.19391 0.0
0.19415 0.0
0.1944 0.0
0.19464 0.0
0.19489 0.0
0.19513 0.0
0.19537 0.0
0.19562 0.0
0.19586 0.0
0.19611 0.0
0.19635 0.0
0.19659 0.0
0.19684 0.0
0.19708 0.0
0.19733 0.0
0.19757 0.0
0.19781 0.0
0.19806 0.0
0.1983 0.0
0.19855 0.0
0.19879 0.0
0.19904 0.0
0.19928 0.0
0.19952 0.0
0.19977 0.0
0.20001 0.0
0.20026 0.0
0.2005 0.0
0.20074 0.0
0.20099 0.0
0.20123 0.0
0.20148 0.0
0.20172 0.0
0.20197 0.0
0.20221 0.0
0.20245 0.0
0.2027 0.0
0.20294 0.0
0.20319 0.0
0.20343 0.0
0.20367 0.0
0.20392 0.0
0.20416 0.0
0.20441 0.0
0.20465 0.0
0.2049 0.0
0.20514 0.0
0.20538 0.0
0.20563 0.0
0.20587 0.0
0.20612 0.0
0.20636 0.0
0.2066 0.0
0.20685 0.0
0.20709 0.0
0.20734 0.0
0.20758 0.0
0.20782 0.0
0.20807 0.0
0.20831 0.0
0.20856 0.0
0.2088 0.0
0.20905 0.0
0.20929 0.0
0.20953 0.0
0.20978 0.0
0.21002 0.0
0.21027 0.0
0.21051 0.0
0.21075 0.0
0.211 0.0
0.21124 0.0
0.21149 0.0
0.21173 0.0
0.21198 0.0
0.21222 0.0
0.21246 0.0
0.21271 0.0
0.21295 0.0
0.2132 0.0
0.21344 0.0
0.21368 0.0
0.21393 0.0
0.21417 0.0
0.21442 0.0
0.21466 0.0
0.2149 0.0
0.21515 0.0
0.21539 0.0
0.21564 0.0
0.21588 0.0
0.21613 0.0
0.21637 0.0
0.21661 0.0
0.21686 0.0
0.2171 0.0
0.21735 0.0
0.21759 0.0
0.21783 0.0
0.21808 0.0
0.21832 0.0
0.21857 0.0
0.21881 0.0
0.21906 0.0
0.2193 0.0
0.21954 0.0
0.21979 0.0
0.22003 0.0
0.22028 0.0
0.22052 0.0
0.22076 0.0
0.22101 0.0
0.22125 0.0
0.2215 0.0
0.22174 0.0
0.22198 0.0
0.22223 0.0
0.22247 0.0
0.22272 0.0
0.22296 0.0
0.22321 0.0
0.22345 0.0
0.22369 0.0
0.22394 0.0
0.22418 0.0
0.22443 0.0
0.22467 0.0
0.22491 0.0
0.22516 0.0
0.2254 0.0
0.22565 0.0
0.22589 0.0
0.22614 0.0
0.22638 0.0
0.22662 0.0
0.22687 0.0
0.22711 0.0
0.22736 0.0
0.2276 0.0
0.22784 0.0
0.22809 0.0
0.22833 0.0
0.22858 0.0
0.22882 0.0
0.22906 0.0
0.22931 0.0
0.22955 0.0
0.2298 0.0
0.23004 0.0
0.23029 0.0
0.23053 0.0
0.23077 0.0
0.23102 0.0
0.23126 0.0
0.23151 0.0
0.23175 0.0
0.23199 0.0
0.23224 0.0
0.23248 0.0
0.23273 0.0
0.23297 0.0
0.23322 0.0
0.23346 0.0
0.2337 0.0
0.23395 0.0
0.23419 0.0
0.23444 0.0
0.23468 0.0
0.23492 0.0
