t strain*1e23
-0.43149 7.1
-0.43125 7.4
-0.431 7.6
-0.43076 7.9
-0.43052 8.1
-0.43027 8.3
-0.43003 8.5
-0.42978 8.8
-0.42954 8.9
-0.42929 9.1
-0.42905 9.3
-0.42881 9.5
-0.42856 9.6
-0.42832 9.8
-0.42807 9.9
-0.42783 10.0
-0.42759 10.1
-0.42734 10.2
-0.4271 10.3
-0.42685 10.3
-0.42661 10.4
-0.42636 10.4
-0.42612 10.4
-0.42588 10.5
-0.42563 10.5
-0.42539 10.4
-0.42514 10.4
-0.4249 10.4
-0.42466 10.3
-0.42441 10.3
-0.42417 10.2
-0.42392 10.1
-0.42368 10.0
-0.42344 9.9
-0.42319 9.7
-0.42295 9.6
-0.4227 9.5
-0.42246 9.3
-0.42221 9.1
-0.42197 8.9
-0.42173 8.7
-0.42148 8.5
-0.42124 8.3
-0.42099 8.1
-0.42075 7.8
-0.42051 7.6
-0.42026 7.3
-0.42002 7.1
-0.41977 6.8
-0.41953 6.5
-0.41928 6.2
-0.41904 5.9
-0.4188 5.6
-0.41855 5.3
-0.41831 4.9
-0.41806 4.6
-0.41782 4.3
-0.41758 3.9
-0.41733 3.6
-0.41709 3.2
-0.41684 2.9
-0.4166 2.5
-0.41636 2.2
-0.41611 1.8
-0.41587 1.4
-0.41562 1.1
-0.41538 0.7
-0.41513 0.3
-0.41489 0.0
-0.41465 -0.4
-0.4144 -0.8
-0.41416 -1.2
-0.41391 -1.6
-0.41367 -1.9
-0.41343 -2.3
-0.41318 -2.7
-0.41294 -3.0
-0.41269 -3.4
-0.41245 -3.7
-0.4122 -4.1
-0.41196 -4.4
-0.41172 -4.8
-0.41147 -5.1
-0.41123 -5.4
-0.41098 -5.7
-0.41074 -6.0
-0.4105 -6.3
-0.41025 -6.6
-0.41001 -6.9
-0.40976 -7.2
-0.40952 -7.5
-0.40928 -7.7
-0.40903 -8.0
-0.40879 -8.2
-0.40854 -8.5
-0.4083 -8.7
-0.40805 -8.9
-0.40781 -9.1
-0.40757 -9.3
-0.40732 -9.5
-0.40708 -9.6
-0.40683 -9.8
-0.40659 -9.9
-0.40635 -10.0
-0.4061 -10.2
-0.40586 -10.3
-0.40561 -10.3
-0.40537 -10.4
-0.40512 -10.5
-0.40488 -10.5
-0.40464 -10.6
-0.40439 -10.6
-0.40415 -10.6
-0.4039 -10.6
-0.40366 -10.6
-0.40342 -10.5
-0.40317 -10.5
-0.40293 -10.4
-0.40268 -10.3
-0.40244 -10.2
-0.40219 -10.1
-0.40195 -10.0
-0.40171 -9.9
-0.40146 -9.8
-0.40122 -9.6
-0.40097 -9.4
-0.40073 -9.3
-0.40049 -9.1
-0.40024 -8.9
-0.4 -8.7
-0.39975 -8.4
-0.39951 -8.2
-0.39927 -8.0
-0.39902 -7.7
-0.39878 -7.4
-0.39853 -7.2
-0.39829 -6.9
-0.39804 -6.6
-0.3978 -6.3
-0.39756 -6.0
-0.39731 -5.6
-0.39707 -5.3
-0.39682 -5.0
-0.39658 -4.6
-0.39634 -4.3
-0.39609 -3.9
-0.39585 -3.6
-0.3956 -3.2
-0.39536 -2.8
-0.39511 -2.5
-0.39487 -2.1
-0.39463 -1.7
-0.39438 -1.3
-0.39414 -1.0
-0.39389 -0.6
-0.39365 -0.2
-0.39341 0.2
-0.39316 0.6
-0.39292 1.0
-0.39267 1.3
-0.39243 1.7
-0.39219 2.1
-0.39194 2.5
-0.3917 2.9
-0.39145 3.2
-0.39121 3.6
-0.39096 4.0
-0.39072 4.3
-0.39048 4.7
-0.39023 5.0
-0.38999 5.3
-0.38974 5.7
-0.3895 6.0
-0.38926 6.3
-0.38901 6.6
-0.38877 6.9
-0.38852 7.2
-0.38828 7.5
-0.38803 7.8
-0.38779 8.0
-0.38755 8.3
-0.3873 8.5
-0.38706 8.8
-0.38681 9.0
-0.38657 9.2
-0.38633 9.4
-0.38608 9.6
-0.38584 9.7
-0.38559 9.9
-0.38535 10.0
-0.38511 10.2
-0.38486 10.3
-0.38462 10.4
-0.38437 10.5
-0.38413 10.5
-0.38388 10.6
-0.38364 10.7
-0.3834 10.7
-0.38315 10.7
-0.38291 10.7
-0.38266 10.7
-0.38242 10.7
-0.38218 10.6
-0.38193 10.6
-0.38169 10.5
-0.38144 10.4
-0.3812 10.3
-0.38095 10.2
-0.38071 10.1
-0.38047 10.0
-0.38022 9.8
-0.37998 9.7
-0.37973 9.5
-0.37949 9.3
-0.37925 9.1
-0.379 8.9
-0.37876 8.7
-0.37851 8.4
-0.37827 8.2
-0.37803 7.9
-0.37778 7.7
-0.37754 7.4
-0.37729 7.1
-0.37705 6.8
-0.3768 6.5
-0.37656 6.2
-0.37632 5.8
-0.37607 5.5
-0.37583 5.2
-0.37558 4.8
-0.37534 4.4
-0.3751 4.1
-0.37485 3.7
-0.37461 3.3
-0.37436 3.0
-0.37412 2.6
-0.37387 2.2
-0.37363 1.8
-0.37339 1.4
-0.37314 1.0
-0.3729 0.6
-0.37265 0.2
-0.37241 -0.2
-0.37217 -0.6
-0.37192 -1.0
-0.37168 -1.4
-0.37143 -1.8
-0.37119 -2.1
-0.37094 -2.5
-0.3707 -2.9
-0.37046 -3.3
-0.37021 -3.7
-0.36997 -4.1
-0.36972 -4.4
-0.36948 -4.8
-0.36924 -5.1
-0.36899 -5.5
-0.36875 -5.8
-0.3685 -6.2
-0.36826 -6.5
-0.36802 -6.8
-0.36777 -7.1
-0.36753 -7.4
-0.36728 -7.7
-0.36704 -8.0
-0.36679 -8.2
-0.36655 -8.5
-0.36631 -8.7
-0.36606 -9.0
-0.36582 -9.2
-0.36557 -9.4
-0.36533 -9.6
-0.36509 -9.8
-0.36484 -9.9
-0.3646 -10.1
-0.36435 -10.2
-0.36411 -10.4
-0.36386 -10.5
-0.36362 -10.6
-0.36338 -10.7
-0.36313 -10.7
-0.36289 -10.8
-0.36264 -10.8
-0.3624 -10.8
-0.36216 -10.8
-0.36191 -10.8
-0.36167 -10.8
-0.36142 -10.8
-0.36118 -10.7
-0.36094 -10.7
-0.36069 -10.6
-0.36045 -10.5
-0.3602 -10.4
-0.35996 -10.3
-0.35971 -10.1
-0.35947 -10.0
-0.35923 -9.8
-0.35898 -9.6
-0.35874 -9.4
-0.35849 -9.2
-0.35825 -9.0
-0.35801 -8.8
-0.35776 -8.5
-0.35752 -8.3
-0.35727 -8.0
-0.35703 -7.7
-0.35678 -7.4
-0.35654 -7.1
-0.3563 -6.8
-0.35605 -6.5
-0.35581 -6.2
-0.35556 -5.8
-0.35532 -5.5
-0.35508 -5.1
-0.35483 -4.7
-0.35459 -4.4
-0.35434 -4.0
-0.3541 -3.6
-0.35386 -3.2
-0.35361 -2.8
-0.35337 -2.4
-0.35312 -2.0
-0.35288 -1.6
-0.35263 -1.2
-0.35239 -0.8
-0.35215 -0.4
-0.3519 0.0
-0.35166 0.4
-0.35141 0.8
-0.35117 1.2
-0.35093 1.6
-0.35068 2.0
-0.35044 2.4
-0.35019 2.8
-0.34995 3.2
-0.3497 3.6
-0.34946 4.0
-0.34922 4.4
-0.34897 4.8
-0.34873 5.1
-0.34848 5.5
-0.34824 5.8
-0.348 6.2
-0.34775 6.5
-0.34751 6.9
-0.34726 7.2
-0.34702 7.5
-0.34678 7.8
-0.34653 8.1
-0.34629 8.3
-0.34604 8.6
-0.3458 8.9
-0.34555 9.1
-0.34531 9.3
-0.34507 9.5
-0.34482 9.7
-0.34458 9.9
-0.34433 10.1
-0.34409 10.2
-0.34385 10.4
-0.3436 10.5
-0.34336 10.6
-0.34311 10.7
-0.34287 10.8
-0.34262 10.9
-0.34238 10.9
-0.34214 11.0
-0.34189 11.0
-0.34165 11.0
-0.3414 11.0
-0.34116 10.9
-0.34092 10.9
-0.34067 10.8
-0.34043 10.8
-0.34018 10.7
-0.33994 10.6
-0.33969 10.5
-0.33945 10.3
-0.33921 10.2
-0.33896 10.0
-0.33872 9.8
-0.33847 9.6
-0.33823 9.4
-0.33799 9.2
-0.33774 9.0
-0.3375 8.7
-0.33725 8.4
-0.33701 8.2
-0.33677 7.9
-0.33652 7.6
-0.33628 7.3
-0.33603 7.0
-0.33579 6.6
-0.33554 6.3
-0.3353 5.9
-0.33506 5.6
-0.33481 5.2
-0.33457 4.8
-0.33432 4.5
-0.33408 4.1
-0.33384 3.7
-0.33359 3.3
-0.33335 2.9
-0.3331 2.5
-0.33286 2.0
-0.33261 1.6
-0.33237 1.2
-0.33213 0.8
-0.33188 0.4
-0.33164 0.0
-0.33139 -0.5
-0.33115 -0.9
-0.33091 -1.3
-0.33066 -1.8
-0.33042 -2.2
-0.33017 -2.6
-0.32993 -3.0
-0.32969 -3.4
-0.32944 -3.8
-0.3292 -4.2
-0.32895 -4.6
-0.32871 -5.0
-0.32846 -5.4
-0.32822 -5.7
-0.32798 -6.1
-0.32773 -6.4
-0.32749 -6.8
-0.32724 -7.1
-0.327 -7.4
-0.32676 -7.8
-0.32651 -8.1
-0.32627 -8.3
-0.32602 -8.6
-0.32578 -8.9
-0.32553 -9.1
-0.32529 -9.4
-0.32505 -9.6
-0.3248 -9.8
-0.32456 -10.0
-0.32431 -10.2
-0.32407 -10.4
-0.32383 -10.5
-0.32358 -10.6
-0.32334 -10.8
-0.32309 -10.9
-0.32285 -10.9
-0.32261 -11.0
-0.32236 -11.1
-0.32212 -11.1
-0.32187 -11.1
-0.32163 -11.1
-0.32138 -11.1
-0.32114 -11.1
-0.3209 -11.0
-0.32065 -11.0
-0.32041 -10.9
-0.32016 -10.8
-0.31992 -10.7
-0.31968 -10.6
-0.31943 -10.4
-0.31919 -10.3
-0.31894 -10.1
-0.3187 -9.9
-0.31845 -9.7
-0.31821 -9.5
-0.31797 -9.2
-0.31772 -9.0
-0.31748 -8.7
-0.31723 -8.5
-0.31699 -8.2
-0.31675 -7.9
-0.3165 -7.5
-0.31626 -7.2
-0.31601 -6.9
-0.31577 -6.5
-0.31553 -6.2
-0.31528 -5.8
-0.31504 -5.4
-0.31479 -5.1
-0.31455 -4.7
-0.3143 -4.3
-0.31406 -3.9
-0.31382 -3.4
-0.31357 -3.0
-0.31333 -2.6
-0.31308 -2.2
-0.31284 -1.7
-0.3126 -1.3
-0.31235 -0.9
-0.31211 -0.4
-0.31186 0.0
-0.31162 0.4
-0.31137 0.9
-0.31113 1.3
-0.31089 1.8
-0.31064 2.2
-0.3104 2.6
-0.31015 3.0
-0.30991 3.5
-0.30967 3.9
-0.30942 4.3
-0.30918 4.7
-0.30893 5.1
-0.30869 5.5
-0.30844 5.9
-0.3082 6.2
-0.30796 6.6
-0.30771 7.0
-0.30747 7.3
-0.30722 7.6
-0.30698 8.0
-0.30674 8.3
-0.30649 8.6
-0.30625 8.8
-0.306 9.1
-0.30576 9.4
-0.30552 9.6
-0.30527 9.8
-0.30503 10.0
-0.30478 10.2
-0.30454 10.4
-0.30429 10.6
-0.30405 10.7
-0.30381 10.9
-0.30356 11.0
-0.30332 11.1
-0.30307 11.1
-0.30283 11.2
-0.30259 11.3
-0.30234 11.3
-0.3021 11.3
-0.30185 11.3
-0.30161 11.3
-0.30136 11.2
-0.30112 11.2
-0.30088 11.1
-0.30063 11.0
-0.30039 10.9
-0.30014 10.7
-0.2999 10.6
-0.29966 10.4
-0.29941 10.2
-0.29917 10.0
-0.29892 9.8
-0.29868 9.6
-0.29844 9.4
-0.29819 9.1
-0.29795 8.8
-0.2977 8.5
-0.29746 8.2
-0.29721 7.9
-0.29697 7.6
-0.29673 7.3
-0.29648 6.9
-0.29624 6.5
-0.29599 6.2
-0.29575 5.8
-0.29551 5.4
-0.29526 5.0
-0.29502 4.6
-0.29477 4.2
-0.29453 3.7
-0.29428 3.3
-0.29404 2.9
-0.2938 2.4
-0.29355 2.0
-0.29331 1.5
-0.29306 1.1
-0.29282 0.6
-0.29258 0.2
-0.29233 -0.3
-0.29209 -0.7
-0.29184 -1.2
-0.2916 -1.6
-0.29136 -2.1
-0.29111 -2.5
-0.29087 -3.0
-0.29062 -3.4
-0.29038 -3.8
-0.29013 -4.3
-0.28989 -4.7
-0.28965 -5.1
-0.2894 -5.5
-0.28916 -5.9
-0.28891 -6.3
-0.28867 -6.7
-0.28843 -7.0
-0.28818 -7.4
-0.28794 -7.7
-0.28769 -8.1
-0.28745 -8.4
-0.2872 -8.7
-0.28696 -9.0
-0.28672 -9.3
-0.28647 -9.5
-0.28623 -9.8
-0.28598 -10.0
-0.28574 -10.2
-0.2855 -10.4
-0.28525 -10.6
-0.28501 -10.8
-0.28476 -10.9
-0.28452 -11.1
-0.28428 -11.2
-0.28403 -11.3
-0.28379 -11.3
-0.28354 -11.4
-0.2833 -11.4
-0.28305 -11.5
-0.28281 -11.5
-0.28257 -11.4
-0.28232 -11.4
-0.28208 -11.4
-0.28183 -11.3
-0.28159 -11.2
-0.28135 -11.1
-0.2811 -10.9
-0.28086 -10.8
-0.28061 -10.6
-0.28037 -10.5
-0.28012 -10.3
-0.27988 -10.0
-0.27964 -9.8
-0.27939 -9.6
-0.27915 -9.3
-0.2789 -9.0
-0.27866 -8.7
-0.27842 -8.4
-0.27817 -8.1
-0.27793 -7.7
-0.27768 -7.4
-0.27744 -7.0
-0.27719 -6.6
-0.27695 -6.3
-0.27671 -5.9
-0.27646 -5.4
-0.27622 -5.0
-0.27597 -4.6
-0.27573 -4.2
-0.27549 -3.7
-0.27524 -3.3
-0.275 -2.8
-0.27475 -2.4
-0.27451 -1.9
-0.27427 -1.4
-0.27402 -1.0
-0.27378 -0.5
-0.27353 0.0
-0.27329 0.4
-0.27304 0.9
-0.2728 1.4
-0.27256 1.9
-0.27231 2.3
-0.27207 2.8
-0.27182 3.2
-0.27158 3.7
-0.27134 4.1
-0.27109 4.6
-0.27085 5.0
-0.2706 5.4
-0.27036 5.9
-0.27011 6.3
-0.26987 6.7
-0.26963 7.1
-0.26938 7.4
-0.26914 7.8
-0.26889 8.1
-0.26865 8.5
-0.26841 8.8
-0.26816 9.1
-0.26792 9.4
-0.26767 9.7
-0.26743 9.9
-0.26719 10.2
-0.26694 10.4
-0.2667 10.6
-0.26645 10.8
-0.26621 11.0
-0.26596 11.1
-0.26572 11.2
-0.26548 11.4
-0.26523 11.5
-0.26499 11.5
-0.26474 11.6
-0.2645 11.6
-0.26426 11.6
-0.26401 11.6
-0.26377 11.6
-0.26352 11.6
-0.26328 11.5
-0.26303 11.4
-0.26279 11.3
-0.26255 11.2
-0.2623 11.1
-0.26206 10.9
-0.26181 10.7
-0.26157 10.5
-0.26133 10.3
-0.26108 10.1
-0.26084 9.8
-0.26059 9.5
-0.26035 9.3
-0.26011 9.0
-0.25986 8.6
-0.25962 8.3
-0.25937 8.0
-0.25913 7.6
-0.25888 7.2
-0.25864 6.8
-0.2584 6.4
-0.25815 6.0
-0.25791 5.6
-0.25766 5.2
-0.25742 4.7
-0.25718 4.3
-0.25693 3.8
-0.25669 3.3
-0.25644 2.9
-0.2562 2.4
-0.25595 1.9
-0.25571 1.4
-0.25547 0.9
-0.25522 0.5
-0.25498 0.0
-0.25473 -0.5
-0.25449 -1.0
-0.25425 -1.5
-0.254 -2.0
-0.25376 -2.5
-0.25351 -3.0
-0.25327 -3.4
-0.25303 -3.9
-0.25278 -4.4
-0.25254 -4.8
-0.25229 -5.3
-0.25205 -5.7
-0.2518 -6.1
-0.25156 -6.6
-0.25132 -7.0
-0.25107 -7.4
-0.25083 -7.7
-0.25058 -8.1
-0.25034 -8.5
-0.2501 -8.8
-0.24985 -9.1
-0.24961 -9.4
-0.24936 -9.7
-0.24912 -10.0
-0.24887 -10.3
-0.24863 -10.5
-0.24839 -10.7
-0.24814 -10.9
-0.2479 -11.1
-0.24765 -11.3
-0.24741 -11.4
-0.24717 -11.5
-0.24692 -11.6
-0.24668 -11.7
-0.24643 -11.8
-0.24619 -11.8
-0.24594 -11.8
-0.2457 -11.8
-0.24546 -11.8
-0.24521 -11.8
-0.24497 -11.7
-0.24472 -11.6
-0.24448 -11.5
-0.24424 -11.4
-0.24399 -11.2
-0.24375 -11.0
-0.2435 -10.8
-0.24326 -10.6
-0.24302 -10.4
-0.24277 -10.1
-0.24253 -9.9
-0.24228 -9.6
-0.24204 -9.3
-0.24179 -9.0
-0.24155 -8.6
-0.24131 -8.3
-0.24106 -7.9
-0.24082 -7.5
-0.24057 -7.1
-0.24033 -6.7
-0.24009 -6.3
-0.23984 -5.8
-0.2396 -5.4
-0.23935 -4.9
-0.23911 -4.5
-0.23886 -4.0
-0.23862 -3.5
-0.23838 -3.0
-0.23813 -2.5
-0.23789 -2.0
-0.23764 -1.5
-0.2374 -1.0
-0.23716 -0.5
-0.23691 0.0
-0.23667 0.5
-0.23642 1.0
-0.23618 1.6
-0.23594 2.1
-0.23569 2.6
-0.23545 3.1
-0.2352 3.6
-0.23496 4.0
-0.23471 4.5
-0.23447 5.0
-0.23423 5.5
-0.23398 5.9
-0.23374 6.4
-0.23349 6.8
-0.23325 7.2
-0.23301 7.6
-0.23276 8.0
-0.23252 8.4
-0.23227 8.8
-0.23203 9.1
-0.23178 9.4
-0.23154 9.8
-0.2313 10.0
-0.23105 10.3
-0.23081 10.6
-0.23056 10.8
-0.23032 11.0
-0.23008 11.2
-0.22983 11.4
-0.22959 11.6
-0.22934 11.7
-0.2291 11.8
-0.22886 11.9
-0.22861 12.0
-0.22837 12.0
-0.22812 12.0
-0.22788 12.0
-0.22763 12.0
-0.22739 12.0
-0.22715 11.9
-0.2269 11.8
-0.22666 11.7
-0.22641 11.5
-0.22617 11.4
-0.22593 11.2
-0.22568 11.0
-0.22544 10.8
-0.22519 10.5
-0.22495 10.3
-0.2247 10.0
-0.22446 9.7
-0.22422 9.3
-0.22397 9.0
-0.22373 8.6
-0.22348 8.3
-0.22324 7.9
-0.223 7.5
-0.22275 7.1
-0.22251 6.6
-0.22226 6.2
-0.22202 5.7
-0.22178 5.2
-0.22153 4.7
-0.22129 4.3
-0.22104 3.8
-0.2208 3.2
-0.22055 2.7
-0.22031 2.2
-0.22007 1.7
-0.21982 1.2
-0.21958 0.6
-0.21933 0.0
-0.21909 -0.5
-0.21885 -1.0
-0.2186 -1.5
-0.21836 -2.1
-0.21811 -2.6
-0.21787 -3.1
-0.21762 -3.6
-0.21738 -4.1
-0.21714 -4.6
-0.21689 -5.1
-0.21665 -5.6
-0.2164 -6.1
-0.21616 -6.5
-0.21592 -7.0
-0.21567 -7.4
-0.21543 -7.9
-0.21518 -8.3
-0.21494 -8.7
-0.21469 -9.0
-0.21445 -9.4
-0.21421 -9.7
-0.21396 -10.0
-0.21372 -10.3
-0.21347 -10.6
-0.21323 -10.9
-0.21299 -11.1
-0.21274 -11.3
-0.2125 -11.5
-0.21225 -11.7
-0.21201 -11.9
-0.21177 -12.0
-0.21152 -12.1
-0.21128 -12.2
-0.21103 -12.2
-0.21079 -12.2
-0.21054 -12.2
-0.2103 -12.2
-0.21006 -12.2
-0.20981 -12.1
-0.20957 -12.0
-0.20932 -11.9
-0.20908 -11.8
-0.20884 -11.6
-0.20859 -11.4
-0.20835 -11.2
-0.2081 -11.0
-0.20786 -10.7
-0.20761 -10.4
-0.20737 -10.1
-0.20713 -9.8
-0.20688 -9.5
-0.20664 -9.1
-0.20639 -8.7
-0.20615 -8.3
-0.20591 -7.9
-0.20566 -7.5
-0.20542 -7.0
-0.20517 -6.6
-0.20493 -6.1
-0.20469 -5.6
-0.20444 -5.1
-0.2042 -4.6
-0.20395 -4.1
-0.20371 -3.5
-0.20346 -3.0
-0.20322 -2.5
-0.20298 -1.9
-0.20273 -1.4
-0.20249 -0.8
-0.20224 -0.2
-0.202 0.3
-0.20176 0.9
-0.20151 1.4
-0.20127 2.0
-0.20102 2.5
-0.20078 3.1
-0.20053 3.6
-0.20029 4.2
-0.20005 4.7
-0.1998 5.2
-0.19956 5.7
-0.19931 6.2
-0.19907 6.7
-0.19883 7.2
-0.19858 7.6
-0.19834 8.1
-0.19809 8.5
-0.19785 8.9
-0.19761 9.3
-0.19736 9.7
-0.19712 10.0
-0.19687 10.3
-0.19663 10.6
-0.19638 10.9
-0.19614 11.2
-0.1959 11.4
-0.19565 11.7
-0.19541 11.8
-0.19516 12.0
-0.19492 12.2
-0.19468 12.3
-0.19443 12.4
-0.19419 12.4
-0.19394 12.5
-0.1937 12.5
-0.19345 12.5
-0.19321 12.4
-0.19297 12.4
-0.19272 12.3
-0.19248 12.1
-0.19223 12.0
-0.19199 11.8
-0.19175 11.6
-0.1915 11.4
-0.19126 11.2
-0.19101 10.9
-0.19077 10.6
-0.19053 10.3
-0.19028 9.9
-0.19004 9.6
-0.18979 9.2
-0.18955 8.8
-0.1893 8.4
-0.18906 7.9
-0.18882 7.5
-0.18857 7.0
-0.18833 6.5
-0.18808 6.0
-0.18784 5.5
-0.1876 5.0
-0.18735 4.4
-0.18711 3.9
-0.18686 3.3
-0.18662 2.8
-0.18637 2.2
-0.18613 1.6
-0.18589 1.0
-0.18564 0.4
-0.1854 -0.2
-0.18515 -0.7
-0.18491 -1.3
-0.18467 -1.9
-0.18442 -2.5
-0.18418 -3.1
-0.18393 -3.6
-0.18369 -4.2
-0.18344 -4.8
-0.1832 -5.3
-0.18296 -5.8
-0.18271 -6.4
-0.18247 -6.9
-0.18222 -7.4
-0.18198 -7.8
-0.18174 -8.3
-0.18149 -8.7
-0.18125 -9.2
-0.181 -9.6
-0.18076 -10.0
-0.18052 -10.3
-0.18027 -10.7
-0.18003 -11.0
-0.17978 -11.3
-0.17954 -11.5
-0.17929 -11.8
-0.17905 -12.0
-0.17881 -12.2
-0.17856 -12.3
-0.17832 -12.5
-0.17807 -12.6
-0.17783 -12.7
-0.17759 -12.7
-0.17734 -12.7
-0.1771 -12.7
-0.17685 -12.7
-0.17661 -12.6
-0.17636 -12.5
-0.17612 -12.4
-0.17588 -12.3
-0.17563 -12.1
-0.17539 -11.9
-0.17514 -11.6
-0.1749 -11.4
-0.17466 -11.1
-0.17441 -10.8
-0.17417 -10.5
-0.17392 -10.1
-0.17368 -9.7
-0.17344 -9.3
-0.17319 -8.9
-0.17295 -8.4
-0.1727 -8.0
-0.17246 -7.5
-0.17221 -7.0
-0.17197 -6.5
-0.17173 -5.9
-0.17148 -5.4
-0.17124 -4.8
-0.17099 -4.2
-0.17075 -3.7
-0.17051 -3.1
-0.17026 -2.5
-0.17002 -1.8
-0.16977 -1.2
-0.16953 -0.6
-0.16928 0.0
-0.16904 0.6
-0.1688 1.2
-0.16855 1.9
-0.16831 2.5
-0.16806 3.1
-0.16782 3.7
-0.16758 4.3
-0.16733 4.9
-0.16709 5.4
-0.16684 6.0
-0.1666 6.5
-0.16636 7.1
-0.16611 7.6
-0.16587 8.1
-0.16562 8.6
-0.16538 9.0
-0.16513 9.5
-0.16489 9.9
-0.16465 10.3
-0.1644 10.7
-0.16416 11.0
-0.16391 11.3
-0.16367 11.6
-0.16343 11.9
-0.16318 12.1
-0.16294 12.4
-0.16269 12.5
-0.16245 12.7
-0.1622 12.8
-0.16196 12.9
-0.16172 13.0
-0.16147 13.0
-0.16123 13.0
-0.16098 13.0
-0.16074 12.9
-0.1605 12.8
-0.16025 12.7
-0.16001 12.5
-0.15976 12.3
-0.15952 12.1
-0.15928 11.9
-0.15903 11.6
-0.15879 11.3
-0.15854 11.0
-0.1583 10.6
-0.15805 10.2
-0.15781 9.8
-0.15757 9.4
-0.15732 8.9
-0.15708 8.5
-0.15683 8.0
-0.15659 7.4
-0.15635 6.9
-0.1561 6.3
-0.15586 5.8
-0.15561 5.2
-0.15537 4.6
-0.15512 4.0
-0.15488 3.3
-0.15464 2.7
-0.15439 2.1
-0.15415 1.4
-0.1539 0.8
-0.15366 0.1
-0.15342 -0.5
-0.15317 -1.2
-0.15293 -1.8
-0.15268 -2.5
-0.15244 -3.1
-0.15219 -3.8
-0.15195 -4.4
-0.15171 -5.0
-0.15146 -5.6
-0.15122 -6.2
-0.15097 -6.8
-0.15073 -7.3
-0.15049 -7.9
-0.15024 -8.4
-0.15 -8.9
-0.14975 -9.4
-0.14951 -9.9
-0.14927 -10.3
-0.14902 -10.7
-0.14878 -11.1
-0.14853 -11.4
-0.14829 -11.8
-0.14804 -12.1
-0.1478 -12.3
-0.14756 -12.6
-0.14731 -12.8
-0.14707 -12.9
-0.14682 -13.1
-0.14658 -13.2
-0.14634 -13.3
-0.14609 -13.3
-0.14585 -13.3
-0.1456 -13.3
-0.14536 -13.2
-0.14511 -13.1
-0.14487 -13.0
-0.14463 -12.8
-0.14438 -12.6
-0.14414 -12.4
-0.14389 -12.1
-0.14365 -11.8
-0.14341 -11.5
-0.14316 -11.1
-0.14292 -10.7
-0.14267 -10.3
-0.14243 -9.9
-0.14219 -9.4
-0.14194 -8.9
-0.1417 -8.4
-0.14145 -7.9
-0.14121 -7.3
-0.14096 -6.7
-0.14072 -6.1
-0.14048 -5.5
-0.14023 -4.9
-0.13999 -4.2
-0.13974 -3.6
-0.1395 -2.9
-0.13926 -2.2
-0.13901 -1.5
-0.13877 -0.8
-0.13852 -0.2
-0.13828 0.5
-0.13803 1.2
-0.13779 1.9
-0.13755 2.6
-0.1373 3.3
-0.13706 4.0
-0.13681 4.6
-0.13657 5.3
-0.13633 5.9
-0.13608 6.5
-0.13584 7.2
-0.13559 7.7
-0.13535 8.3
-0.13511 8.9
-0.13486 9.4
-0.13462 9.9
-0.13437 10.4
-0.13413 10.8
-0.13388 11.2
-0.13364 11.6
-0.1334 12.0
-0.13315 12.3
-0.13291 12.6
-0.13266 12.8
-0.13242 13.1
-0.13218 13.2
-0.13193 13.4
-0.13169 13.5
-0.13144 13.6
-0.1312 13.6
-0.13095 13.6
-0.13071 13.6
-0.13047 13.5
-0.13022 13.4
-0.12998 13.3
-0.12973 13.1
-0.12949 12.9
-0.12925 12.6
-0.129 12.3
-0.12876 12.0
-0.12851 11.6
-0.12827 11.2
-0.12803 10.8
-0.12778 10.3
-0.12754 9.8
-0.12729 9.3
-0.12705 8.8
-0.1268 8.2
-0.12656 7.6
-0.12632 7.0
-0.12607 6.4
-0.12583 5.7
-0.12558 5.1
-0.12534 4.4
-0.1251 3.7
-0.12485 3.0
-0.12461 2.2
-0.12436 1.5
-0.12412 0.8
-0.12387 0.0
-0.12363 -0.7
-0.12339 -1.4
-0.12314 -2.2
-0.1229 -2.9
-0.12265 -3.6
-0.12241 -4.3
-0.12217 -5.1
-0.12192 -5.7
-0.12168 -6.4
-0.12143 -7.1
-0.12119 -7.7
-0.12094 -8.3
-0.1207 -8.9
-0.12046 -9.5
-0.12021 -10.0
-0.11997 -10.5
-0.11972 -11.0
-0.11948 -11.5
-0.11924 -11.9
-0.11899 -12.3
-0.11875 -12.6
-0.1185 -12.9
-0.11826 -13.2
-0.11802 -13.4
-0.11777 -13.6
-0.11753 -13.8
-0.11728 -13.9
-0.11704 -14.0
-0.11679 -14.0
-0.11655 -14.0
-0.11631 -13.9
-0.11606 -13.8
-0.11582 -13.7
-0.11557 -13.5
-0.11533 -13.3
-0.11509 -13.0
-0.11484 -12.7
-0.1146 -12.4
-0.11435 -12.0
-0.11411 -11.6
-0.11386 -11.2
-0.11362 -10.7
-0.11338 -10.2
-0.11313 -9.6
-0.11289 -9.0
-0.11264 -8.4
-0.1124 -7.8
-0.11216 -7.1
-0.11191 -6.5
-0.11167 -5.8
-0.11142 -5.0
-0.11118 -4.3
-0.11094 -3.5
-0.11069 -2.8
-0.11045 -2.0
-0.1102 -1.2
-0.10996 -0.4
-0.10971 0.4
-0.10947 1.1
-0.10923 1.9
-0.10898 2.7
-0.10874 3.5
-0.10849 4.3
-0.10825 5.0
-0.10801 5.8
-0.10776 6.5
-0.10752 7.2
-0.10727 7.9
-0.10703 8.5
-0.10678 9.2
-0.10654 9.8
-0.1063 10.4
-0.10605 10.9
-0.10581 11.4
-0.10556 11.9
-0.10532 12.3
-0.10508 12.7
-0.10483 13.1
-0.10459 13.4
-0.10434 13.7
-0.1041 13.9
-0.10386 14.1
-0.10361 14.2
-0.10337 14.3
-0.10312 14.4
-0.10288 14.4
-0.10263 14.3
-0.10239 14.3
-0.10215 14.1
-0.1019 13.9
-0.10166 13.7
-0.10141 13.4
-0.10117 13.1
-0.10093 12.7
-0.10068 12.3
-0.10044 11.9
-0.10019 11.4
-0.09995 10.9
-0.0997 10.3
-0.09946 9.7
-0.09922 9.1
-0.09897 8.4
-0.09873 7.7
-0.09848 7.0
-0.09824 6.3
-0.098 5.5
-0.09775 4.7
-0.09751 3.9
-0.09726 3.1
-0.09702 2.2
-0.09678 1.4
-0.09653 0.5
-0.09629 -0.3
-0.09604 -1.2
-0.0958 -2.0
-0.09555 -2.9
-0.09531 -3.7
-0.09507 -4.5
-0.09482 -5.3
-0.09458 -6.1
-0.09433 -6.9
-0.09409 -7.7
-0.09385 -8.4
-0.0936 -9.1
-0.09336 -9.8
-0.09311 -10.4
-0.09287 -11.0
-0.09262 -11.6
-0.09238 -12.1
-0.09214 -12.6
-0.09189 -13.0
-0.09165 -13.4
-0.0914 -13.8
-0.09116 -14.1
-0.09092 -14.3
-0.09067 -14.5
-0.09043 -14.7
-0.09018 -14.8
-0.08994 -14.9
-0.08969 -14.8
-0.08945 -14.8
-0.08921 -14.7
-0.08896 -14.5
-0.08872 -14.3
-0.08847 -14.0
-0.08823 -13.7
-0.08799 -13.3
-0.08774 -12.9
-0.0875 -12.5
-0.08725 -11.9
-0.08701 -11.4
-0.08677 -10.8
-0.08652 -10.1
-0.08628 -9.5
-0.08603 -8.7
-0.08579 -8.0
-0.08554 -7.2
-0.0853 -6.4
-0.08506 -5.6
-0.08481 -4.7
-0.08457 -3.8
-0.08432 -2.9
-0.08408 -2.0
-0.08384 -1.1
-0.08359 -0.2
-0.08335 0.7
-0.0831 1.7
-0.08286 2.6
-0.08261 3.5
-0.08237 4.4
-0.08213 5.3
-0.08188 6.2
-0.08164 7.0
-0.08139 7.8
-0.08115 8.6
-0.08091 9.4
-0.08066 10.1
-0.08042 10.8
-0.08017 11.5
-0.07993 12.1
-0.07969 12.7
-0.07944 13.2
-0.0792 13.6
-0.07895 14.1
-0.07871 14.4
-0.07846 14.7
-0.07822 15.0
-0.07798 15.2
-0.07773 15.3
-0.07749 15.4
-0.07724 15.4
-0.077 15.3
-0.07676 15.2
-0.07651 15.0
-0.07627 14.8
-0.07602 14.5
-0.07578 14.2
-0.07553 13.8
-0.07529 13.3
-0.07505 12.8
-0.0748 12.2
-0.07456 11.6
-0.07431 10.9
-0.07407 10.2
-0.07383 9.4
-0.07358 8.6
-0.07334 7.8
-0.07309 6.9
-0.07285 6.0
-0.07261 5.0
-0.07236 4.1
-0.07212 3.1
-0.07187 2.1
-0.07163 1.1
-0.07138 0.0
-0.07114 -0.9
-0.0709 -1.9
-0.07065 -2.9
-0.07041 -3.9
-0.07016 -4.9
-0.06992 -5.9
-0.06968 -6.8
-0.06943 -7.8
-0.06919 -8.6
-0.06894 -9.5
-0.0687 -10.3
-0.06845 -11.1
-0.06821 -11.8
-0.06797 -12.5
-0.06772 -13.1
-0.06748 -13.7
-0.06723 -14.2
-0.06699 -14.7
-0.06675 -15.0
-0.0665 -15.4
-0.06626 -15.6
-0.06601 -15.8
-0.06577 -15.9
-0.06553 -16.0
-0.06528 -16.0
-0.06504 -15.9
-0.06479 -15.7
-0.06455 -15.5
-0.0643 -15.2
-0.06406 -14.8
-0.06382 -14.4
-0.06357 -13.8
-0.06333 -13.3
-0.06308 -12.6
-0.06284 -11.9
-0.0626 -11.2
-0.06235 -10.4
-0.06211 -9.5
-0.06186 -8.6
-0.06162 -7.7
-0.06137 -6.7
-0.06113 -5.7
-0.06089 -4.6
-0.06064 -3.5
-0.0604 -2.4
-0.06015 -1.3
-0.05991 -0.2
-0.05967 0.9
-0.05942 2.0
-0.05918 3.2
-0.05893 4.3
-0.05869 5.3
-0.05844 6.4
-0.0582 7.5
-0.05796 8.5
-0.05771 9.4
-0.05747 10.4
-0.05722 11.2
-0.05698 12.1
-0.05674 12.8
-0.05649 13.6
-0.05625 14.2
-0.056 14.8
-0.05576 15.3
-0.05552 15.7
-0.05527 16.1
-0.05503 16.4
-0.05478 16.6
-0.05454 16.7
-0.05429 16.7
-0.05405 16.6
-0.05381 16.5
-0.05356 16.3
-0.05332 16.0
-0.05307 15.6
-0.05283 15.1
-0.05259 14.5
-0.05234 13.9
-0.0521 13.2
-0.05185 12.4
-0.05161 11.6
-0.05136 10.7
-0.05112 9.7
-0.05088 8.7
-0.05063 7.6
-0.05039 6.5
-0.05014 5.3
-0.0499 4.1
-0.04966 2.9
-0.04941 1.6
-0.04917 0.4
-0.04892 -0.9
-0.04868 -2.1
-0.04844 -3.4
-0.04819 -4.6
-0.04795 -5.9
-0.0477 -7.1
-0.04746 -8.2
-0.04721 -9.4
-0.04697 -10.4
-0.04673 -11.4
-0.04648 -12.4
-0.04624 -13.3
-0.04599 -14.1
-0.04575 -14.9
-0.04551 -15.5
-0.04526 -16.1
-0.04502 -16.6
-0.04477 -17.0
-0.04453 -17.3
-0.04428 -17.5
-0.04404 -17.6
-0.0438 -17.5
-0.04355 -17.4
-0.04331 -17.2
-0.04306 -16.9
-0.04282 -16.5
-0.04258 -15.9
-0.04233 -15.3
-0.04209 -14.6
-0.04184 -13.8
-0.0416 -12.9
-0.04136 -11.9
-0.04111 -10.8
-0.04087 -9.7
-0.04062 -8.5
-0.04038 -7.2
-0.04013 -5.9
-0.03989 -4.6
-0.03965 -3.2
-0.0394 -1.7
-0.03916 -0.3
-0.03891 1.1
-0.03867 2.6
-0.03843 4.0
-0.03818 5.4
-0.03794 6.8
-0.03769 8.2
-0.03745 9.5
-0.0372 10.8
-0.03696 11.9
-0.03672 13.1
-0.03647 14.1
-0.03623 15.0
-0.03598 15.9
-0.03574 16.6
-0.0355 17.3
-0.03525 17.8
-0.03501 18.2
-0.03476 18.5
-0.03452 18.6
-0.03428 18.6
-0.03403 18.5
-0.03379 18.3
-0.03354 17.9
-0.0333 17.4
-0.03305 16.7
-0.03281 16.0
-0.03257 15.1
-0.03232 14.1
-0.03208 13.0
-0.03183 11.8
-0.03159 10.4
-0.03135 9.0
-0.0311 7.6
-0.03086 6.0
-0.03061 4.4
-0.03037 2.8
-0.03012 1.1
-0.02988 -0.6
-0.02964 -2.3
-0.02939 -4.0
-0.02915 -5.7
-0.0289 -7.3
-0.02866 -8.9
-0.02842 -10.5
-0.02817 -11.9
-0.02793 -13.3
-0.02768 -14.6
-0.02744 -15.7
-0.02719 -16.8
-0.02695 -17.7
-0.02671 -18.5
-0.02646 -19.1
-0.02622 -19.6
-0.02597 -19.9
-0.02573 -20.0
-0.02549 -19.9
-0.02524 -19.7
-0.025 -19.3
-0.02475 -18.7
-0.02451 -18.0
-0.02427 -17.1
-0.02402 -16.0
-0.02378 -14.8
-0.02353 -13.4
-0.02329 -11.9
-0.02304 -10.2
-0.0228 -8.5
-0.02256 -6.6
-0.02231 -4.7
-0.02207 -2.7
-0.02182 -0.6
-0.02158 1.4
-0.02134 3.5
-0.02109 5.6
-0.02085 7.6
-0.0206 9.6
-0.02036 11.4
-0.02011 13.2
-0.01987 14.9
-0.01963 16.4
-0.01938 17.8
-0.01914 19.0
-0.01889 20.0
-0.01865 20.8
-0.01841 21.3
-0.01816 21.7
-0.01792 21.8
-0.01767 21.6
-0.01743 21.2
-0.01719 20.5
-0.01694 19.6
-0.0167 18.5
-0.01645 17.1
-0.01621 15.5
-0.01596 13.7
-0.01572 11.6
-0.01548 9.5
-0.01523 7.1
-0.01499 4.7
-0.01474 2.1
-0.0145 -0.5
-0.01426 -3.2
-0.01401 -5.8
-0.01377 -8.4
-0.01352 -10.9
-0.01328 -13.3
-0.01303 -15.6
-0.01279 -17.6
-0.01255 -19.5
-0.0123 -21.0
-0.01206 -22.3
-0.01181 -23.3
-0.01157 -23.9
-0.01133 -24.2
-0.01108 -24.0
-0.01084 -23.5
-0.01059 -22.6
-0.01035 -21.3
-0.01011 -19.6
-0.00986 -17.5
-0.00962 -15.1
-0.00937 -12.4
-0.00913 -9.4
-0.00888 -6.1
-0.00864 -2.7
-0.0084 0.8
-0.00815 4.4
-0.00791 8.0
-0.00766 11.5
-0.00742 14.9
-0.00718 18.0
-0.00693 20.8
-0.00669 23.2
-0.00644 25.1
-0.0062 26.5
-0.00595 27.2
-0.00571 27.4
-0.00547 26.9
-0.00522 25.6
-0.00498 23.7
-0.00473 21.0
-0.00449 17.7
-0.00425 13.8
-0.004 9.4
-0.00376 4.5
-0.00351 -0.6
-0.00327 -5.9
-0.00303 -11.2
-0.00278 -16.2
-0.00254 -20.9
-0.00229 -24.9
-0.00205 -28.2
-0.0018 -30.4
-0.00156 -31.3
-0.00132 -31.0
-0.00107 -29.1
-0.00083 -25.8
-0.00058 -20.9
-0.00034 -14.7
-0.0001 -7.3
0.00015 0.7
0.00039 8.9
0.00064 16.6
0.00088 23.3
0.00113 28.1
0.00137 30.7
0.00161 30.6
0.00186 27.8
0.0021 22.5
0.00235 15.1
0.00259 6.5
0.00283 -2.4
0.00308 -10.7
0.00332 -17.4
0.00357 -21.8
0.00381 -23.5
0.00406 -22.4
0.0043 -18.8
0.00454 -13.2
0.00479 -6.6
0.00503 0.3
0.00528 6.5
0.00552 11.3
0.00576 14.3
0.00601 15.1
0.00625 13.9
0.0065 11.1
0.00674 7.1
0.00698 2.6
0.00723 -1.7
0.00747 -5.4
0.00772 -7.9
0.00796 -9.1
0.00821 -8.9
0.00845 -7.5
0.00869 -5.3
0.00894 -2.6
0.00918 0.2
0.00943 2.6
0.00967 4.4
0.00991 5.3
0.01016 5.4
0.0104 4.8
0.01065 3.5
0.01089 1.9
0.01114 0.2
0.01138 -1.3
0.01162 -2.5
0.01187 -3.1
0.01211 -3.3
0.01236 -3.0
0.0126 -2.3
0.01284 -1.3
0.01309 -0.3
0.01333 0.7
0.01358 1.4
0.01382 1.9
0.01406 2.0
0.01431 1.9
0.01455 1.5
0.0148 0.9
0.01504 0.3
0.01529 -0.3
0.01553 -0.8
0.01577 -1.1
0.01602 -1.2
0.01626 -1.2
0.01651 -0.9
0.01675 -0.6
0.01699 -0.2
0.01724 0.2
0.01748 0.5
0.01773 0.7
0.01797 0.8
0.01822 0.7
0.01846 0.6
0.0187 0.4
0.01895 0.2
0.01919 0.0
0.01944 -0.3
0.01968 -0.4
0.01992 -0.5
0.02017 -0.5
0.02041 -0.4
0.02066 -0.3
0.0209 -0.1
0.02114 0.0
0.02139 0.1
0.02163 0.2
0.02188 0.3
0.02212 0.3
0.02237 0.2
0.02261 0.2
0.02285 0.0
0.0231 0.0
0.02334 0.0
0.02359 -0.1
0.02383 -0.2
0.02407 -0.2
0.02432 -0.2
0.02456 -0.1
0.02481 0.0
0.02505 0.0
0.0253 0.0
0.02554 0.0
0.02578 0.1
0.02603 0.1
0.02627 0.0
0.02652 0.0
0.02676 0.0
0.027 0.0
0.02725 0.0
0.02749 0.0
0.02774 0.0
0.02798 0.0
0.02822 0.0
0.02847 0.0
0.02871 0.0
0.02896 0.0
0.0292 0.0
0.02945 0.0
0.02969 0.0
0.02993 0.0
0.03018 0.0
0.03042 0.0
0.03067 0.0
0.03091 0.0
0.03115 0.0
0.0314 0.0
0.03164 0.0
0.03189 0.0
0.03213 0.0
0.03238 0.0
0.03262 0.0
0.03286 0.0
0.03311 0.0
0.03335 0.0
0.0336 0.0
0.03384 0.0
0.03408 0.0
0.03433 0.0
0.03457 0.0
0.03482 0.0
0.03506 0.0
0.03531 0.0
0.03555 0.0
0.03579 0.0
0.03604 0.0
0.03628 0.0
0.03653 0.0
0.03677 0.0
0.03701 0.0
0.03726 0.0
0.0375 0.0
0.03775 0.0
0.03799 0.0
0.03823 0.0
0.03848 0.0
0.03872 0.0
0.03897 0.0
0.03921 0.0
0.03946 0.0
0.0397 0.0
0.03994 0.0
0.04019 0.0
0.04043 0.0
0.04068 0.0
0.04092 0.0
0.04116 0.0
0.04141 0.0
0.04165 0.0
0.0419 0.0
0.04214 0.0
0.04239 0.0
0.04263 0.0
0.04287 0.0
0.04312 0.0
0.04336 0.0
0.04361 0.0
0.04385 0.0
0.04409 0.0
0.04434 0.0
0.04458 0.0
0.04483 0.0
0.04507 0.0
0.04531 0.0
0.04556 0.0
0.0458 0.0
0.04605 0.0
0.04629 0.0
0.04654 0.0
0.04678 0.0
0.04702 0.0
0.04727 0.0
0.04751 0.0
0.04776 0.0
0.048 0.0
0.04824 0.0
0.04849 0.0
0.04873 0.0
0.04898 0.0
0.04922 0.0
0.04947 0.0
0.04971 0.0
0.04995 0.0
0.0502 0.0
0.05044 0.0
0.05069 0.0
0.05093 0.0
0.05117 0.0
0.05142 0.0
0.05166 0.0
0.05191 0.0
0.05215 0.0
0.05239 0.0
0.05264 0.0
0.05288 0.0
0.05313 0.0
0.05337 0.0
0.05362 0.0
0.05386 0.0
0.0541 0.0
0.05435 0.0
0.05459 0.0
0.05484 0.0
0.05508 0.0
0.05532 0.0
0.05557 0.0
0.05581 0.0
0.05606 0.0
0.0563 0.0
0.05655 0.0
0.05679 0.0
0.05703 0.0
0.05728 0.0
0.05752 0.0
0.05777 0.0
0.05801 0.0
0.05825 0.0
0.0585 0.0
0.05874 0.0
0.05899 0.0
0.05923 0.0
0.05947 0.0
0.05972 0.0
0.05996 0.0
0.06021 0.0
0.06045 0.0
0.0607 0.0
0.06094 0.0
0.06118 0.0
0.06143 0.0
0.06167 0.0
0.06192 0.0
0.06216 0.0
0.0624 0.0
0.06265 0.0
0.06289 0.0
0.06314 0.0
0.06338 0.0
0.06363 0.0
0.06387 0.0
0.06411 0.0
0.06436 0.0
0.0646 0.0
0.06485 0.0
0.06509 0.0
0.06533 0.0
0.06558 0.0
0.06582 0.0
0.06607 0.0
0.06631 0.0
0.06656 0.0
0.0668 0.0
0.06704 0.0
0.06729 0.0
0.06753 0.0
0.06778 0.0
0.06802 0.0
0.06826 0.0
0.06851 0.0
0.06875 0.0
0.069 0.0
0.06924 0.0
0.06948 0.0
0.06973 0.0
0.06997 0.0
0.07022 0.0
0.07046 0.0
0.07071 0.0
0.07095 0.0
0.07119 0.0
0.07144 0.0
0.07168 0.0
0.07193 0.0
0.07217 0.0
0.07241 0.0
0.07266 0.0
0.0729 0.0
0.07315 0.0
0.07339 0.0
0.07364 0.0
0.07388 0.0
0.07412 0.0
0.07437 0.0
0.07461 0.0
0.07486 0.0
0.0751 0.0
0.07534 0.0
0.07559 0.0
0.07583 0.0
0.07608 0.0
0.07632 0.0
0.07656 0.0
0.07681 0.0
0.07705 0.0
0.0773 0.0
0.07754 0.0
0.07779 0.0
0.07803 0.0
0.07827 0.0
0.07852 0.0
0.07876 0.0
0.07901 0.0
0.07925 0.0
0.07949 0.0
0.07974 0.0
0.07998 0.0
0.08023 0.0
0.08047 0.0
0.08072 0.0
0.08096 0.0
0.0812 0.0
0.08145 0.0
0.08169 0.0
0.08194 0.0
0.08218 0.0
0.08242 0.0
0.08267 0.0
0.08291 0.0
0.08316 0.0
0.0834 0.0
0.08364 0.0
0.08389 0.0
0.08413 0.0
0.08438 0.0
0.08462 0.0
0.08487 0.0
0.08511 0.0
0.08535 0.0
0.0856 0.0
0.08584 0.0
0.08609 0.0
0.08633 0.0
0.08657 0.0
0.08682 0.0
0.08706 0.0
0.08731 0.0
0.08755 0.0
0.0878 0.0
0.08804 0.0
0.08828 0.0
0.08853 0.0
0.08877 0.0
0.08902 0.0
0.08926 0.0
0.0895 0.0
0.08975 0.0
0.08999 0.0
0.09024 0.0
0.09048 0.0
0.09072 0.0
0.09097 0.0
0.09121 0.0
0.09146 0.0
0.0917 0.0
0.09195 0.0
0.09219 0.0
0.09243 0.0
0.09268 0.0
0.09292 0.0
0.09317 0.0
0.09341 0.0
0.09365 0.0
0.0939 0.0
0.09414 0.0
0.09439 0.0
0.09463 0.0
0.09488 0.0
0.09512 0.0
0.09536 0.0
0.09561 0.0
0.09585 0.0
0.0961 0.0
0.09634 0.0
0.09658 0.0
0.09683 0.0
0.09707 0.0
0.09732 0.0
0.09756 0.0
0.09781 0.0
0.09805 0.0
0.09829 0.0
0.09854 0.0
0.09878 0.0
0.09903 0.0
0.09927 0.0
0.09951 0.0
0.09976 0.0
0.1 0.0
0.10025 0.0
0.10049 0.0
0.10073 0.0
0.10098 0.0
0.10122 0.0
0.10147 0.0
0.10171 0.0
0.10196 0.0
0.1022 0.0
0.10244 0.0
0.10269 0.0
0.10293 0.0
0.10318 0.0
0.10342 0.0
0.10366 0.0
0.10391 0.0
0.10415 0.0
0.1044 0.0
0.10464 0.0
0.10489 0.0
0.10513 0.0
0.10537 0.0
0.10562 0.0
0.10586 0.0
0.10611 0.0
0.10635 0.0
0.10659 0.0
0.10684 0.0
0.10708 0.0
0.10733 0.0
0.10757 0.0
0.10781 0.0
0.10806 0.0
0.1083 0.0
0.10855 0.0
0.10879 0.0
0.10904 0.0
0.10928 0.0
0.10952 0.0
0.10977 0.0
0.11001 0.0
0.11026 0.0
0.1105 0.0
0.11074 0.0
0.11099 0.0
0.11123 0.0
0.11148 0.0
0.11172 0.0
0.11197 0.0
0.11221 0.0
0.11245 0.0
0.1127 0.0
0.11294 0.0
0.11319 0.0
0.11343 0.0
0.11367 0.0
0.11392 0.0
0.11416 0.0
0.11441 0.0
0.11465 0.0
0.11489 0.0
0.11514 0.0
0.11538 0.0
0.11563 0.0
0.11587 0.0
0.11612 0.0
0.11636 0.0
0.1166 0.0
0.11685 0.0
0.11709 0.0
0.11734 0.0
0.11758 0.0
0.11782 0.0
0.11807 0.0
0.11831 0.0
0.11856 0.0
0.1188 0.0
0.11905 0.0
0.11929 0.0
0.11953 0.0
0.11978 0.0
0.12002 0.0
0.12027 0.0
0.12051 0.0
0.12075 0.0
0.121 0.0
0.12124 0.0
0.12149 0.0
0.12173 0.0
0.12197 0.0
0.12222 0.0
0.12246 0.0
0.12271 0.0
0.12295 0.0
0.1232 0.0
0.12344 0.0
0.12368 0.0
0.12393 0.0
0.12417 0.0
0.12442 0.0
0.12466 0.0
0.1249 0.0
0.12515 0.0
0.12539 0.0
0.12564 0.0
0.12588 0.0
0.12613 0.0
0.12637 0.0
0.12661 0.0
0.12686 0.0
0.1271 0.0
0.12735 0.0
0.12759 0.0
0.12783 0.0
0.12808 0.0
0.12832 0.0
0.12857 0.0
0.12881 0.0
0.12906 0.0
0.1293 0.0
0.12954 0.0
0.12979 0.0
0.13003 0.0
0.13028 0.0
0.13052 0.0
0.13076 0.0
0.13101 0.0
0.13125 0.0
0.1315 0.0
0.13174 0.0
0.13198 0.0
0.13223 0.0
0.13247 0.0
0.13272 0.0
0.13296 0.0
0.13321 0.0
0.13345 0.0
0.13369 0.0
0.13394 0.0
0.13418 0.0
0.13443 0.0
0.13467 0.0
0.13491 0.0
0.13516 0.0
0.1354 0.0
0.13565 0.0
0.13589 0.0
0.13614 0.0
0.13638 0.0
0.13662 0.0
0.13687 0.0
0.13711 0.0
0.13736 0.0
0.1376 0.0
0.13784 0.0
0.13809 0.0
0.13833 0.0
0.13858 0.0
0.13882 0.0
0.13906 0.0
0.13931 0.0
0.13955 0.0
0.1398 0.0
0.14004 0.0
0.14029 0.0
0.14053 0.0
0.14077 0.0
0.14102 0.0
0.14126 0.0
0.14151 0.0
0.14175 0.0
0.14199 0.0
0.14224 0.0
0.14248 0.0
0.14273 0.0
0.14297 0.0
0.14322 0.0
0.14346 0.0
0.1437 0.0
0.14395 0.0
0.14419 0.0
0.14444 0.0
0.14468 0.0
0.14492 0.0
0.14517 0.0
0.14541 0.0
0.14566 0.0
0.1459 0.0
0.14614 0.0
0.14639 0.0
0.14663 0.0
0.14688 0.0
0.14712 0.0
0.14737 0.0
0.14761 0.0
0.14785 0.0
0.1481 0.0
0.14834 0.0
0.14859 0.0
0.14883 0.0
0.14907 0.0
0.14932 0.0
0.14956 0.0
0.14981 0.0
0.15005 0.0
0.1503 0.0
0.15054 0.0
0.15078 0.0
0.15103 0.0
0.15127 0.0
0.15152 0.0
0.15176 0.0
0.152 0.0
0.15225 0.0
0.15249 0.0
0.15274 0.0
0.15298 0.0
0.15322 0.0
0.15347 0.0
0.15371 0.0
0.15396 0.0
0.1542 0.0
0.15445 0.0
0.15469 0.0
0.15493 0.0
0.15518 0.0
0.15542 0.0
0.15567 0.0
0.15591 0.0
0.15615 0.0
0.1564 0.0
0.15664 0.0
0.15689 0.0
0.15713 0.0
0.15738 0.0
0.15762 0.0
0.15786 0.0
0.15811 0.0
0.15835 0.0
0.1586 0.0
0.15884 0.0
0.15908 0.0
0.15933 0.0
0.15957 0.0
0.15982 0.0
0.16006 0.0
0.16031 0.0
0.16055 0.0
0.16079 0.0
0.16104 0.0
0.16128 0.0
0.16153 0.0
0.16177 0.0
0.16201 0.0
0.16226 0.0
0.1625 0.0
