t strain*1e23
-0.21377 -20.8
-0.21352 -19.6
-0.21328 -18.4
-0.21304 -17.1
-0.21279 -15.8
-0.21255 -14.6
-0.2123 -13.3
-0.21206 -11.9
-0.21181 -10.6
-0.21157 -9.2
-0.21133 -7.9
-0.21108 -6.5
-0.21084 -5.1
-0.21059 -3.8
-0.21035 -2.4
-0.21011 -1.0
-0.20986 0.4
-0.20962 1.8
-0.20937 3.2
-0.20913 4.6
-0.20889 6.0
-0.20864 7.4
-0.2084 8.8
-0.20815 10.1
-0.20791 11.5
-0.20766 12.8
-0.20742 14.2
-0.20718 15.5
-0.20693 16.8
-0.20669 18.1
-0.20644 19.4
-0.2062 20.6
-0.20596 21.8
-0.20571 23.0
-0.20547 24.2
-0.20522 25.4
-0.20498 26.5
-0.20473 27.6
-0.20449 28.7
-0.20425 29.7
-0.204 30.7
-0.20376 31.7
-0.20351 32.6
-0.20327 33.5
-0.20303 34.4
-0.20278 35.2
-0.20254 36.0
-0.20229 36.8
-0.20205 37.5
-0.20181 38.2
-0.20156 38.8
-0.20132 39.4
-0.20107 39.9
-0.20083 40.4
-0.20058 40.9
-0.20034 41.3
-0.2001 41.6
-0.19985 41.9
-0.19961 42.2
-0.19936 42.4
-0.19912 42.6
-0.19888 42.7
-0.19863 42.8
-0.19839 42.8
-0.19814 42.8
-0.1979 42.7
-0.19765 42.6
-0.19741 42.4
-0.19717 42.2
-0.19692 42.0
-0.19668 41.6
-0.19643 41.3
-0.19619 40.9
-0.19595 40.4
-0.1957 39.9
-0.19546 39.4
-0.19521 38.8
-0.19497 38.1
-0.19473 37.5
-0.19448 36.7
-0.19424 36.0
-0.19399 35.2
-0.19375 34.3
-0.1935 33.4
-0.19326 32.5
-0.19302 31.5
-0.19277 30.5
-0.19253 29.4
-0.19228 28.4
-0.19204 27.3
-0.1918 26.1
-0.19155 24.9
-0.19131 23.7
-0.19106 22.5
-0.19082 21.2
-0.19057 19.9
-0.19033 18.6
-0.19009 17.3
-0.18984 15.9
-0.1896 14.5
-0.18935 13.1
-0.18911 11.7
-0.18887 10.3
-0.18862 8.9
-0.18838 7.4
-0.18813 5.9
-0.18789 4.5
-0.18764 3.0
-0.1874 1.5
-0.18716 0.0
-0.18691 -1.5
-0.18667 -3.0
-0.18642 -4.5
-0.18618 -6.0
-0.18594 -7.4
-0.18569 -8.9
-0.18545 -10.4
-0.1852 -11.8
-0.18496 -13.3
-0.18472 -14.7
-0.18447 -16.1
-0.18423 -17.5
-0.18398 -18.9
-0.18374 -20.2
-0.18349 -21.5
-0.18325 -22.8
-0.18301 -24.1
-0.18276 -25.4
-0.18252 -26.6
-0.18227 -27.8
-0.18203 -28.9
-0.18179 -30.1
-0.18154 -31.2
-0.1813 -32.2
-0.18105 -33.2
-0.18081 -34.2
-0.18056 -35.1
-0.18032 -36.0
-0.18008 -36.9
-0.17983 -37.7
-0.17959 -38.5
-0.17934 -39.2
-0.1791 -39.9
-0.17886 -40.5
-0.17861 -41.1
-0.17837 -41.6
-0.17812 -42.1
-0.17788 -42.5
-0.17764 -42.9
-0.17739 -43.2
-0.17715 -43.4
-0.1769 -43.7
-0.17666 -43.8
-0.17641 -43.9
-0.17617 -44.0
-0.17593 -44.0
-0.17568 -43.9
-0.17544 -43.8
-0.17519 -43.7
-0.17495 -43.5
-0.17471 -43.2
-0.17446 -42.9
-0.17422 -42.5
-0.17397 -42.1
-0.17373 -41.6
-0.17348 -41.0
-0.17324 -40.5
-0.173 -39.8
-0.17275 -39.1
-0.17251 -38.4
-0.17226 -37.6
-0.17202 -36.8
-0.17178 -35.9
-0.17153 -35.0
-0.17129 -34.0
-0.17104 -33.0
-0.1708 -31.9
-0.17056 -30.8
-0.17031 -29.7
-0.17007 -28.5
-0.16982 -27.3
-0.16958 -26.0
-0.16933 -24.8
-0.16909 -23.4
-0.16885 -22.1
-0.1686 -20.7
-0.16836 -19.3
-0.16811 -17.9
-0.16787 -16.4
-0.16763 -14.9
-0.16738 -13.4
-0.16714 -11.9
-0.16689 -10.4
-0.16665 -8.8
-0.1664 -7.3
-0.16616 -5.7
-0.16592 -4.1
-0.16567 -2.5
-0.16543 -0.9
-0.16518 0.7
-0.16494 2.3
-0.1647 3.9
-0.16445 5.5
-0.16421 7.0
-0.16396 8.6
-0.16372 10.2
-0.16348 11.8
-0.16323 13.3
-0.16299 14.9
-0.16274 16.4
-0.1625 17.9
-0.16225 19.3
-0.16201 20.8
-0.16177 22.2
-0.16152 23.6
-0.16128 25.0
-0.16103 26.3
-0.16079 27.6
-0.16055 28.9
-0.1603 30.2
-0.16006 31.4
-0.15981 32.5
-0.15957 33.6
-0.15932 34.7
-0.15908 35.7
-0.15884 36.7
-0.15859 37.7
-0.15835 38.5
-0.1581 39.4
-0.15786 40.2
-0.15762 40.9
-0.15737 41.6
-0.15713 42.2
-0.15688 42.8
-0.15664 43.3
-0.15639 43.8
-0.15615 44.2
-0.15591 44.5
-0.15566 44.8
-0.15542 45.0
-0.15517 45.2
-0.15493 45.3
-0.15469 45.3
-0.15444 45.3
-0.1542 45.2
-0.15395 45.1
-0.15371 44.9
-0.15347 44.6
-0.15322 44.3
-0.15298 43.9
-0.15273 43.5
-0.15249 43.0
-0.15224 42.4
-0.152 41.8
-0.15176 41.1
-0.15151 40.4
-0.15127 39.6
-0.15102 38.7
-0.15078 37.8
-0.15054 36.9
-0.15029 35.9
-0.15005 34.8
-0.1498 33.7
-0.14956 32.6
-0.14931 31.4
-0.14907 30.1
-0.14883 28.8
-0.14858 27.5
-0.14834 26.2
-0.14809 24.7
-0.14785 23.3
-0.14761 21.8
-0.14736 20.3
-0.14712 18.8
-0.14687 17.2
-0.14663 15.6
-0.14639 14.0
-0.14614 12.4
-0.1459 10.7
-0.14565 9.0
-0.14541 7.4
-0.14516 5.7
-0.14492 3.9
-0.14468 2.2
-0.14443 0.5
-0.14419 -1.2
-0.14394 -3.0
-0.1437 -4.7
-0.14346 -6.4
-0.14321 -8.1
-0.14297 -9.8
-0.14272 -11.5
-0.14248 -13.2
-0.14223 -14.9
-0.14199 -16.5
-0.14175 -18.1
-0.1415 -19.7
-0.14126 -21.3
-0.14101 -22.9
-0.14077 -24.4
-0.14053 -25.9
-0.14028 -27.3
-0.14004 -28.7
-0.13979 -30.1
-0.13955 -31.4
-0.13931 -32.7
-0.13906 -34.0
-0.13882 -35.2
-0.13857 -36.3
-0.13833 -37.4
-0.13808 -38.4
-0.13784 -39.4
-0.1376 -40.3
-0.13735 -41.2
-0.13711 -42.0
-0.13686 -42.8
-0.13662 -43.5
-0.13638 -44.1
-0.13613 -44.7
-0.13589 -45.2
-0.13564 -45.6
-0.1354 -46.0
-0.13515 -46.3
-0.13491 -46.5
-0.13467 -46.7
-0.13442 -46.8
-0.13418 -46.8
-0.13393 -46.8
-0.13369 -46.7
-0.13345 -46.5
-0.1332 -46.2
-0.13296 -45.9
-0.13271 -45.5
-0.13247 -45.1
-0.13223 -44.5
-0.13198 -44.0
-0.13174 -43.3
-0.13149 -42.6
-0.13125 -41.8
-0.131 -40.9
-0.13076 -40.0
-0.13052 -39.0
-0.13027 -38.0
-0.13003 -36.9
-0.12978 -35.7
-0.12954 -34.5
-0.1293 -33.3
-0.12905 -31.9
-0.12881 -30.6
-0.12856 -29.2
-0.12832 -27.7
-0.12807 -26.2
-0.12783 -24.6
-0.12759 -23.0
-0.12734 -21.4
-0.1271 -19.8
-0.12685 -18.1
-0.12661 -16.3
-0.12637 -14.6
-0.12612 -12.8
-0.12588 -11.0
-0.12563 -9.2
-0.12539 -7.3
-0.12514 -5.5
-0.1249 -3.6
-0.12466 -1.7
-0.12441 0.2
-0.12417 2.0
-0.12392 3.9
-0.12368 5.8
-0.12344 7.7
-0.12319 9.5
-0.12295 11.4
-0.1227 13.2
-0.12246 15.0
-0.12222 16.8
-0.12197 18.6
-0.12173 20.4
-0.12148 22.1
-0.12124 23.8
-0.12099 25.4
-0.12075 27.0
-0.12051 28.6
-0.12026 30.1
-0.12002 31.6
-0.11977 33.1
-0.11953 34.5
-0.11929 35.8
-0.11904 37.1
-0.1188 38.3
-0.11855 39.4
-0.11831 40.5
-0.11806 41.6
-0.11782 42.5
-0.11758 43.4
-0.11733 44.3
-0.11709 45.0
-0.11684 45.7
-0.1166 46.4
-0.11636 46.9
-0.11611 47.4
-0.11587 47.8
-0.11562 48.1
-0.11538 48.3
-0.11514 48.5
-0.11489 48.5
-0.11465 48.5
-0.1144 48.4
-0.11416 48.3
-0.11391 48.0
-0.11367 47.7
-0.11343 47.3
-0.11318 46.8
-0.11294 46.2
-0.11269 45.6
-0.11245 44.9
-0.11221 44.1
-0.11196 43.2
-0.11172 42.3
-0.11147 41.3
-0.11123 40.2
-0.11098 39.0
-0.11074 37.8
-0.1105 36.5
-0.11025 35.1
-0.11001 33.7
-0.10976 32.2
-0.10952 30.7
-0.10928 29.1
-0.10903 27.5
-0.10879 25.8
-0.10854 24.0
-0.1083 22.2
-0.10806 20.4
-0.10781 18.5
-0.10757 16.6
-0.10732 14.7
-0.10708 12.7
-0.10683 10.8
-0.10659 8.7
-0.10635 6.7
-0.1061 4.7
-0.10586 2.6
-0.10561 0.5
-0.10537 -1.5
-0.10513 -3.6
-0.10488 -5.7
-0.10464 -7.7
-0.10439 -9.8
-0.10415 -11.8
-0.1039 -13.8
-0.10366 -15.8
-0.10342 -17.8
-0.10317 -19.8
-0.10293 -21.7
-0.10268 -23.6
-0.10244 -25.4
-0.1022 -27.2
-0.10195 -29.0
-0.10171 -30.7
-0.10146 -32.4
-0.10122 -34.0
-0.10098 -35.5
-0.10073 -37.0
-0.10049 -38.4
-0.10024 -39.8
-0.1 -41.1
-0.09975 -42.3
-0.09951 -43.4
-0.09927 -44.5
-0.09902 -45.4
-0.09878 -46.3
-0.09853 -47.2
-0.09829 -47.9
-0.09805 -48.5
-0.0978 -49.1
-0.09756 -49.6
-0.09731 -49.9
-0.09707 -50.2
-0.09682 -50.4
-0.09658 -50.5
-0.09634 -50.5
-0.09609 -50.4
-0.09585 -50.3
-0.0956 -50.0
-0.09536 -49.6
-0.09512 -49.2
-0.09487 -48.6
-0.09463 -47.9
-0.09438 -47.2
-0.09414 -46.4
-0.09389 -45.4
-0.09365 -44.4
-0.09341 -43.3
-0.09316 -42.1
-0.09292 -40.9
-0.09267 -39.5
-0.09243 -38.1
-0.09219 -36.6
-0.09194 -35.0
-0.0917 -33.4
-0.09145 -31.7
-0.09121 -29.9
-0.09097 -28.0
-0.09072 -26.1
-0.09048 -24.2
-0.09023 -22.2
-0.08999 -20.1
-0.08974 -18.0
-0.0895 -15.9
-0.08926 -13.7
-0.08901 -11.5
-0.08877 -9.3
-0.08852 -7.0
-0.08828 -4.7
-0.08804 -2.4
-0.08779 -0.1
-0.08755 2.2
-0.0873 4.5
-0.08706 6.8
-0.08681 9.1
-0.08657 11.4
-0.08633 13.6
-0.08608 15.9
-0.08584 18.1
-0.08559 20.3
-0.08535 22.4
-0.08511 24.5
-0.08486 26.6
-0.08462 28.6
-0.08437 30.6
-0.08413 32.5
-0.08389 34.3
-0.08364 36.1
-0.0834 37.8
-0.08315 39.4
-0.08291 41.0
-0.08266 42.4
-0.08242 43.8
-0.08218 45.1
-0.08193 46.3
-0.08169 47.5
-0.08144 48.5
-0.0812 49.4
-0.08096 50.2
-0.08071 50.9
-0.08047 51.5
-0.08022 52.0
-0.07998 52.4
-0.07973 52.7
-0.07949 52.9
-0.07925 52.9
-0.079 52.9
-0.07876 52.7
-0.07851 52.4
-0.07827 52.0
-0.07803 51.5
-0.07778 50.9
-0.07754 50.2
-0.07729 49.3
-0.07705 48.4
-0.07681 47.3
-0.07656 46.1
-0.07632 44.8
-0.07607 43.5
-0.07583 42.0
-0.07558 40.4
-0.07534 38.8
-0.0751 37.0
-0.07485 35.2
-0.07461 33.2
-0.07436 31.2
-0.07412 29.1
-0.07388 27.0
-0.07363 24.8
-0.07339 22.5
-0.07314 20.1
-0.0729 17.8
-0.07265 15.3
-0.07241 12.8
-0.07217 10.3
-0.07192 7.8
-0.07168 5.2
-0.07143 2.6
-0.07119 0.0
-0.07095 -2.6
-0.0707 -5.2
-0.07046 -7.8
-0.07021 -10.4
-0.06997 -13.0
-0.06973 -15.6
-0.06948 -18.1
-0.06924 -20.6
-0.06899 -23.0
-0.06875 -25.4
-0.0685 -27.8
-0.06826 -30.1
-0.06802 -32.3
-0.06777 -34.5
-0.06753 -36.6
-0.06728 -38.6
-0.06704 -40.5
-0.0668 -42.3
-0.06655 -44.0
-0.06631 -45.7
-0.06606 -47.2
-0.06582 -48.6
-0.06557 -49.9
-0.06533 -51.0
-0.06509 -52.1
-0.06484 -53.0
-0.0646 -53.8
-0.06435 -54.5
-0.06411 -55.0
-0.06387 -55.4
-0.06362 -55.7
-0.06338 -55.8
-0.06313 -55.8
-0.06289 -55.7
-0.06264 -55.4
-0.0624 -54.9
-0.06216 -54.4
-0.06191 -53.6
-0.06167 -52.8
-0.06142 -51.8
-0.06118 -50.7
-0.06094 -49.4
-0.06069 -48.0
-0.06045 -46.5
-0.0602 -44.8
-0.05996 -43.0
-0.05972 -41.1
-0.05947 -39.1
-0.05923 -37.0
-0.05898 -34.8
-0.05874 -32.5
-0.05849 -30.1
-0.05825 -27.6
-0.05801 -25.0
-0.05776 -22.3
-0.05752 -19.6
-0.05727 -16.8
-0.05703 -13.9
-0.05679 -11.0
-0.05654 -8.1
-0.0563 -5.1
-0.05605 -2.1
-0.05581 0.9
-0.05556 3.9
-0.05532 6.9
-0.05508 9.9
-0.05483 12.9
-0.05459 15.9
-0.05434 18.9
-0.0541 21.8
-0.05386 24.6
-0.05361 27.4
-0.05337 30.1
-0.05312 32.8
-0.05288 35.3
-0.05264 37.8
-0.05239 40.2
-0.05215 42.4
-0.0519 44.6
-0.05166 46.6
-0.05141 48.5
-0.05117 50.3
-0.05093 51.9
-0.05068 53.4
-0.05044 54.8
-0.05019 55.9
-0.04995 56.9
-0.04971 57.8
-0.04946 58.5
-0.04922 59.0
-0.04897 59.3
-0.04873 59.5
-0.04848 59.4
-0.04824 59.2
-0.048 58.8
-0.04775 58.3
-0.04751 57.5
-0.04726 56.6
-0.04702 55.5
-0.04678 54.2
-0.04653 52.7
-0.04629 51.1
-0.04604 49.3
-0.0458 47.3
-0.04556 45.1
-0.04531 42.9
-0.04507 40.4
-0.04482 37.9
-0.04458 35.1
-0.04433 32.3
-0.04409 29.4
-0.04385 26.3
-0.0436 23.1
-0.04336 19.9
-0.04311 16.5
-0.04287 13.1
-0.04263 9.7
-0.04238 6.1
-0.04214 2.6
-0.04189 -1.0
-0.04165 -4.6
-0.0414 -8.2
-0.04116 -11.8
-0.04092 -15.3
-0.04067 -18.9
-0.04043 -22.4
-0.04018 -25.8
-0.03994 -29.1
-0.0397 -32.4
-0.03945 -35.6
-0.03921 -38.6
-0.03896 -41.6
-0.03872 -44.4
-0.03848 -47.0
-0.03823 -49.5
-0.03799 -51.9
-0.03774 -54.0
-0.0375 -56.0
-0.03725 -57.8
-0.03701 -59.4
-0.03677 -60.7
-0.03652 -61.9
-0.03628 -62.8
-0.03603 -63.5
-0.03579 -63.9
-0.03555 -64.1
-0.0353 -64.1
-0.03506 -63.8
-0.03481 -63.3
-0.03457 -62.5
-0.03432 -61.5
-0.03408 -60.2
-0.03384 -58.7
-0.03359 -56.9
-0.03335 -54.9
-0.0331 -52.7
-0.03286 -50.2
-0.03262 -47.6
-0.03237 -44.7
-0.03213 -41.6
-0.03188 -38.3
-0.03164 -34.8
-0.03139 -31.2
-0.03115 -27.4
-0.03091 -23.5
-0.03066 -19.4
-0.03042 -15.2
-0.03017 -11.0
-0.02993 -6.7
-0.02969 -2.3
-0.02944 2.2
-0.0292 6.6
-0.02895 11.1
-0.02871 15.5
-0.02847 19.9
-0.02822 24.3
-0.02798 28.5
-0.02773 32.7
-0.02749 36.7
-0.02724 40.7
-0.027 44.4
-0.02676 48.0
-0.02651 51.3
-0.02627 54.5
-0.02602 57.4
-0.02578 60.0
-0.02554 62.4
-0.02529 64.5
-0.02505 66.3
-0.0248 67.8
-0.02456 69.0
-0.02431 69.8
-0.02407 70.3
-0.02383 70.4
-0.02358 70.1
-0.02334 69.5
-0.02309 68.6
-0.02285 67.2
-0.02261 65.5
-0.02236 63.4
-0.02212 61.0
-0.02187 58.2
-0.02163 55.1
-0.02139 51.6
-0.02114 47.8
-0.0209 43.7
-0.02065 39.4
-0.02041 34.7
-0.02016 29.8
-0.01992 24.7
-0.01968 19.4
-0.01943 13.9
-0.01919 8.3
-0.01894 2.6
-0.0187 -3.2
-0.01846 -9.0
-0.01821 -14.8
-0.01797 -20.6
-0.01772 -26.4
-0.01748 -32.0
-0.01723 -37.5
-0.01699 -42.8
-0.01675 -47.9
-0.0165 -52.7
-0.01626 -57.2
-0.01601 -61.4
-0.01577 -65.2
-0.01553 -68.6
-0.01528 -71.6
-0.01504 -74.1
-0.01479 -76.1
-0.01455 -77.6
-0.01431 -78.5
-0.01406 -78.9
-0.01382 -78.6
-0.01357 -77.8
-0.01333 -76.4
-0.01308 -74.4
-0.01284 -71.7
-0.0126 -68.5
-0.01235 -64.6
-0.01211 -60.2
-0.01186 -55.2
-0.01162 -49.7
-0.01138 -43.7
-0.01113 -37.3
-0.01089 -30.4
-0.01064 -23.1
-0.0104 -15.5
-0.01015 -7.7
-0.00991 0.3
-0.00967 8.5
-0.00942 16.7
-0.00918 24.9
-0.00893 32.9
-0.00869 40.8
-0.00845 48.4
-0.0082 55.6
-0.00796 62.4
-0.00771 68.6
-0.00747 74.2
-0.00723 79.1
-0.00698 83.2
-0.00674 86.4
-0.00649 88.6
-0.00625 89.9
-0.006 90.1
-0.00576 89.2
-0.00552 87.2
-0.00527 84.0
-0.00503 79.6
-0.00478 74.1
-0.00454 67.5
-0.0043 59.7
-0.00405 51.0
-0.00381 41.3
-0.00356 30.8
-0.00332 19.5
-0.00307 7.7
-0.00283 -4.5
-0.00259 -16.9
-0.00234 -29.4
-0.0021 -41.6
-0.00185 -53.4
-0.00161 -64.4
-0.00137 -74.5
-0.00112 -83.2
-0.00088 -90.4
-0.00063 -95.8
-0.00039 -99.1
-0.00014 -100.0
0.0001 -98.5
0.00034 -94.5
0.00059 -87.8
0.00083 -78.7
0.00108 -67.2
0.00132 -53.7
0.00156 -38.4
0.00181 -21.8
0.00205 -4.5
0.0023 12.9
0.00254 29.8
0.00278 45.7
0.00303 59.7
0.00327 71.4
0.00352 80.3
0.00376 86.0
0.00401 88.1
0.00425 86.8
0.00449 81.9
0.00474 73.8
0.00498 62.9
0.00523 49.6
0.00547 34.7
0.00571 18.8
0.00596 2.7
0.0062 -12.9
0.00645 -27.2
0.00669 -39.5
0.00694 -49.5
0.00718 -56.6
0.00742 -60.7
0.00767 -61.6
0.00791 -59.5
0.00816 -54.6
0.0084 -47.4
0.00864 -38.2
0.00889 -27.6
0.00913 -16.3
0.00938 -4.9
0.00962 6.0
0.00986 15.9
0.01011 24.3
0.01035 30.9
0.0106 35.5
0.01084 37.9
0.01109 38.1
0.01133 36.3
0.01157 32.7
0.01182 27.6
0.01206 21.3
0.01231 14.4
0.01255 7.2
0.01279 0.1
0.01304 -6.5
0.01328 -12.2
0.01353 -16.9
0.01377 -20.3
0.01402 -22.3
0.01426 -22.9
0.0145 -22.2
0.01475 -20.4
0.01499 -17.5
0.01524 -13.9
0.01548 -9.8
0.01572 -5.4
0.01597 -1.0
0.01621 3.0
0.01646 6.7
0.0167 9.6
0.01694 11.8
0.01719 13.2
0.01743 13.7
0.01768 13.4
0.01792 12.4
0.01817 10.7
0.01841 8.6
0.01865 6.1
0.0189 3.5
0.01914 0.8
0.01939 -1.7
0.01963 -3.9
0.01987 -5.7
0.02012 -7.1
0.02036 -7.9
0.02061 -8.3
0.02085 -8.1
0.0211 -7.5
0.02134 -6.5
0.02158 -5.3
0.02183 -3.8
0.02207 -2.2
0.02232 -0.6
0.02256 1.0
0.0228 2.3
0.02305 3.4
0.02329 4.3
0.02354 4.8
0.02378 5.0
0.02402 5.0
0.02427 4.6
0.02451 4.0
0.02476 3.2
0.025 2.3
0.02525 1.3
0.02549 0.3
0.02573 -0.6
0.02598 -1.4
0.02622 -2.1
0.02647 -2.6
0.02671 -2.9
0.02695 -3.1
0.0272 -3.0
0.02744 -2.8
0.02769 -2.4
0.02793 -2.0
0.02818 -1.4
0.02842 -0.8
0.02866 -0.2
0.02891 0.3
0.02915 0.9
0.0294 1.3
0.02964 1.6
0.02988 1.8
0.03013 1.9
0.03037 1.8
0.03062 1.7
0.03086 1.5
0.03111 1.2
0.03135 0.9
0.03159 0.5
0.03184 0.1
0.03208 -0.2
0.03233 -0.5
0.03257 -0.8
0.03281 -1.0
0.03306 -1.1
0.0333 -1.1
0.03355 -1.1
0.03379 -1.0
0.03403 -0.9
0.03428 -0.7
0.03452 -0.5
0.03477 -0.3
0.03501 0.0
0.03526 0.1
0.0355 0.3
0.03574 0.5
0.03599 0.6
0.03623 0.7
0.03648 0.7
0.03672 0.7
0.03696 0.6
0.03721 0.6
0.03745 0.4
0.0377 0.3
0.03794 0.2
0.03819 0.0
0.03843 0.0
0.03867 -0.2
0.03892 -0.3
0.03916 -0.4
0.03941 -0.4
0.03965 -0.4
0.03989 -0.4
0.04014 -0.4
0.04038 -0.3
0.04063 -0.3
0.04087 -0.2
0.04111 -0.1
0.04136 0.0
0.0416 0.0
0.04185 0.1
0.04209 0.2
0.04234 0.2
0.04258 0.2
0.04282 0.3
0.04307 0.3
0.04331 0.2
0.04356 0.2
0.0438 0.2
0.04404 0.1
0.04429 0.0
0.04453 0.0
0.04478 0.0
0.04502 0.0
0.04527 -0.1
0.04551 -0.1
0.04575 -0.2
0.046 -0.2
0.04624 -0.2
0.04649 -0.1
0.04673 -0.1
0.04697 -0.1
0.04722 0.0
0.04746 0.0
0.04771 0.0
0.04795 0.0
0.04819 0.0
0.04844 0.0
0.04868 0.0
0.04893 0.0
0.04917 0.0
0.04942 0.0
0.04966 0.0
0.0499 0.0
0.05015 0.0
0.05039 0.0
0.05064 0.0
0.05088 0.0
0.05112 0.0
0.05137 0.0
0.05161 0.0
0.05186 0.0
0.0521 0.0
0.05235 0.0
0.05259 0.0
0.05283 0.0
0.05308 0.0
0.05332 0.0
0.05357 0.0
0.05381 0.0
0.05405 0.0
0.0543 0.0
0.05454 0.0
0.05479 0.0
0.05503 0.0
0.05527 0.0
0.05552 0.0
0.05576 0.0
0.05601 0.0
0.05625 0.0
0.0565 0.0
0.05674 0.0
0.05698 0.0
0.05723 0.0
0.05747 0.0
0.05772 0.0
0.05796 0.0
0.0582 0.0
0.05845 0.0
0.05869 0.0
0.05894 0.0
0.05918 0.0
0.05943 0.0
0.05967 0.0
0.05991 0.0
0.06016 0.0
0.0604 0.0
0.06065 0.0
0.06089 0.0
0.06113 0.0
0.06138 0.0
0.06162 0.0
0.06187 0.0
0.06211 0.0
0.06236 0.0
0.0626 0.0
0.06284 0.0
0.06309 0.0
0.06333 0.0
0.06358 0.0
0.06382 0.0
0.06406 0.0
0.06431 0.0
0.06455 0.0
0.0648 0.0
0.06504 0.0
0.06528 0.0
0.06553 0.0
0.06577 0.0
0.06602 0.0
0.06626 0.0
0.06651 0.0
0.06675 0.0
0.06699 0.0
0.06724 0.0
0.06748 0.0
0.06773 0.0
0.06797 0.0
0.06821 0.0
0.06846 0.0
0.0687 0.0
0.06895 0.0
0.06919 0.0
0.06944 0.0
0.06968 0.0
0.06992 0.0
0.07017 0.0
0.07041 0.0
0.07066 0.0
0.0709 0.0
0.07114 0.0
0.07139 0.0
0.07163 0.0
0.07188 0.0
0.07212 0.0
0.07236 0.0
0.07261 0.0
0.07285 0.0
0.0731 0.0
0.07334 0.0
0.07359 0.0
0.07383 0.0
0.07407 0.0
0.07432 0.0
0.07456 0.0
0.07481 0.0
0.07505 0.0
0.07529 0.0
0.07554 0.0
0.07578 0.0
0.07603 0.0
0.07627 0.0
0.07652 0.0
0.07676 0.0
0.077 0.0
0.07725 0.0
0.07749 0.0
0.07774 0.0
0.07798 0.0
0.07822 0.0
0.07847 0.0
0.07871 0.0
0.07896 0.0
0.0792 0.0
0.07944 0.0
0.07969 0.0
0.07993 0.0
0.08018 0.0
0.08042 0.0
0.08067 0.0
0.08091 0.0
0.08115 0.0
0.0814 0.0
0.08164 0.0
0.08189 0.0
0.08213 0.0
0.08237 0.0
0.08262 0.0
0.08286 0.0
0.08311 0.0
0.08335 0.0
0.0836 0.0
0.08384 0.0
0.08408 0.0
0.08433 0.0
0.08457 0.0
0.08482 0.0
0.08506 0.0
0.0853 0.0
0.08555 0.0
0.08579 0.0
0.08604 0.0
0.08628 0.0
0.08652 0.0
0.08677 0.0
0.08701 0.0
0.08726 0.0
0.0875 0.0
0.08775 0.0
0.08799 0.0
0.08823 0.0
0.08848 0.0
0.08872 0.0
0.08897 0.0
0.08921 0.0
0.08945 0.0
0.0897 0.0
0.08994 0.0
0.09019 0.0
0.09043 0.0
0.09068 0.0
0.09092 0.0
0.09116 0.0
0.09141 0.0
0.09165 0.0
0.0919 0.0
0.09214 0.0
0.09238 0.0
0.09263 0.0
0.09287 0.0
0.09312 0.0
0.09336 0.0
0.09361 0.0
0.09385 0.0
0.09409 0.0
0.09434 0.0
0.09458 0.0
0.09483 0.0
0.09507 0.0
0.09531 0.0
0.09556 0.0
0.0958 0.0
0.09605 0.0
0.09629 0.0
0.09653 0.0
0.09678 0.0
0.09702 0.0
0.09727 0.0
0.09751 0.0
0.09776 0.0
0.098 0.0
0.09824 0.0
0.09849 0.0
0.09873 0.0
0.09898 0.0
0.09922 0.0
0.09946 0.0
0.09971 0.0
0.09995 0.0
0.1002 0.0
0.10044 0.0
0.10069 0.0
0.10093 0.0
0.10117 0.0
0.10142 0.0
0.10166 0.0
0.10191 0.0
0.10215 0.0
0.10239 0.0
0.10264 0.0
0.10288 0.0
0.10313 0.0
0.10337 0.0
0.10361 0.0
0.10386 0.0
0.1041 0.0
0.10435 0.0
0.10459 0.0
0.10484 0.0
0.10508 0.0
0.10532 0.0
0.10557 0.0
0.10581 0.0
0.10606 0.0
0.1063 0.0
0.10654 0.0
0.10679 0.0
0.10703 0.0
0.10728 0.0
0.10752 0.0
0.10777 0.0
0.10801 0.0
0.10825 0.0
0.1085 0.0
0.10874 0.0
0.10899 0.0
0.10923 0.0
0.10947 0.0
0.10972 0.0
0.10996 0.0
0.11021 0.0
0.11045 0.0
0.11069 0.0
0.11094 0.0
0.11118 0.0
0.11143 0.0
0.11167 0.0
0.11192 0.0
0.11216 0.0
0.1124 0.0
0.11265 0.0
0.11289 0.0
0.11314 0.0
0.11338 0.0
0.11362 0.0
0.11387 0.0
0.11411 0.0
0.11436 0.0
0.1146 0.0
0.11485 0.0
0.11509 0.0
0.11533 0.0
0.11558 0.0
0.11582 0.0
0.11607 0.0
0.11631 0.0
0.11655 0.0
0.1168 0.0
0.11704 0.0
0.11729 0.0
0.11753 0.0
0.11777 0.0
0.11802 0.0
0.11826 0.0
0.11851 0.0
0.11875 0.0
0.119 0.0
0.11924 0.0
0.11948 0.0
0.11973 0.0
0.11997 0.0
0.12022 0.0
0.12046 0.0
0.1207 0.0
0.12095 0.0
0.12119 0.0
0.12144 0.0
0.12168 0.0
0.12193 0.0
0.12217 0.0
0.12241 0.0
0.12266 0.0
0.1229 0.0
0.12315 0.0
0.12339 0.0
0.12363 0.0
0.12388 0.0
0.12412 0.0
0.12437 0.0
0.12461 0.0
0.12486 0.0
0.1251 0.0
0.12534 0.0
0.12559 0.0
0.12583 0.0
0.12608 0.0
0.12632 0.0
0.12656 0.0
0.12681 0.0
0.12705 0.0
0.1273 0.0
0.12754 0.0
0.12778 0.0
0.12803 0.0
0.12827 0.0
0.12852 0.0
0.12876 0.0
0.12901 0.0
0.12925 0.0
0.12949 0.0
0.12974 0.0
0.12998 0.0
0.13023 0.0
0.13047 0.0
0.13071 0.0
0.13096 0.0
0.1312 0.0
0.13145 0.0
0.13169 0.0
0.13194 0.0
0.13218 0.0
0.13242 0.0
0.13267 0.0
0.13291 0.0
0.13316 0.0
0.1334 0.0
0.13364 0.0
0.13389 0.0
0.13413 0.0
0.13438 0.0
0.13462 0.0
0.13486 0.0
0.13511 0.0
0.13535 0.0
0.1356 0.0
0.13584 0.0
0.13609 0.0
0.13633 0.0
0.13657 0.0
0.13682 0.0
0.13706 0.0
0.13731 0.0
0.13755 0.0
0.13779 0.0
0.13804 0.0
0.13828 0.0
0.13853 0.0
0.13877 0.0
0.13902 0.0
0.13926 0.0
0.1395 0.0
0.13975 0.0
0.13999 0.0
0.14024 0.0
0.14048 0.0
0.14072 0.0
0.14097 0.0
0.14121 0.0
0.14146 0.0
0.1417 0.0
0.14194 0.0
0.14219 0.0
0.14243 0.0
0.14268 0.0
0.14292 0.0
0.14317 0.0
0.14341 0.0
0.14365 0.0
0.1439 0.0
0.14414 0.0
0.14439 0.0
0.14463 0.0
0.14487 0.0
0.14512 0.0
0.14536 0.0
0.14561 0.0
0.14585 0.0
0.1461 0.0
0.14634 0.0
0.14658 0.0
0.14683 0.0
0.14707 0.0
0.14732 0.0
0.14756 0.0
0.1478 0.0
0.14805 0.0
0.14829 0.0
0.14854 0.0
0.14878 0.0
0.14902 0.0
0.14927 0.0
0.14951 0.0
0.14976 0.0
0.15 0.0
0.15025 0.0
0.15049 0.0
0.15073 0.0
0.15098 0.0
0.15122 0.0
0.15147 0.0
0.15171 0.0
0.15195 0.0
0.1522 0.0
0.15244 0.0
0.15269 0.0
0.15293 0.0
0.15318 0.0
0.15342 0.0
0.15366 0.0
0.15391 0.0
0.15415 0.0
0.1544 0.0
0.15464 0.0
0.15488 0.0
0.15513 0.0
0.15537 0.0
0.15562 0.0
0.15586 0.0
0.15611 0.0
0.15635 0.0
0.15659 0.0
0.15684 0.0
0.15708 0.0
0.15733 0.0
0.15757 0.0
0.15781 0.0
0.15806 0.0
0.1583 0.0
0.15855 0.0
0.15879 0.0
0.15903 0.0
0.15928 0.0
0.15952 0.0
0.15977 0.0
0.16001 0.0
0.16026 0.0
0.1605 0.0
0.16074 0.0
0.16099 0.0
0.16123 0.0
0.16148 0.0
0.16172 0.0
0.16196 0.0
0.16221 0.0
0.16245 0.0
0.1627 0.0
0.16294 0.0
0.16319 0.0
0.16343 0.0
0.16367 0.0
0.16392 0.0
0.16416 0.0
0.16441 0.0
0.16465 0.0
0.16489 0.0
0.16514 0.0
0.16538 0.0
0.16563 0.0
0.16587 0.0
0.16611 0.0
0.16636 0.0
0.1666 0.0
0.16685 0.0
0.16709 0.0
0.16734 0.0
0.16758 0.0
0.16782 0.0
0.16807 0.0
0.16831 0.0
0.16856 0.0
0.1688 0.0
0.16904 0.0
0.16929 0.0
0.16953 0.0
0.16978 0.0
0.17002 0.0
0.17027 0.0
0.17051 0.0
0.17075 0.0
0.171 0.0
0.17124 0.0
0.17149 0.0
0.17173 0.0
0.17197 0.0
0.17222 0.0
0.17246 0.0
0.17271 0.0
0.17295 0.0
0.17319 0.0
0.17344 0.0
0.17368 0.0
0.17393 0.0
0.17417 0.0
0.17442 0.0
0.17466 0.0
0.1749 0.0
0.17515 0.0
0.17539 0.0
0.17564 0.0
0.17588 0.0
0.17612 0.0
0.17637 0.0
0.17661 0.0
0.17686 0.0
0.1771 0.0
0.17735 0.0
0.17759 0.0
0.17783 0.0
0.17808 0.0
0.17832 0.0
0.17857 0.0
0.17881 0.0
0.17905 0.0
0.1793 0.0
0.17954 0.0
0.17979 0.0
0.18003 0.0
0.18027 0.0
0.18052 0.0
0.18076 0.0
0.18101 0.0
0.18125 0.0
0.1815 0.0
0.18174 0.0
0.18198 0.0
0.18223 0.0
0.18247 0.0
0.18272 0.0
0.18296 0.0
0.1832 0.0
0.18345 0.0
0.18369 0.0
0.18394 0.0
0.18418 0.0
0.18443 0.0
0.18467 0.0
0.18491 0.0
0.18516 0.0
0.1854 0.0
0.18565 0.0
0.18589 0.0
0.18613 0.0
0.18638 0.0
0.18662 0.0
0.18687 0.0
0.18711 0.0
0.18736 0.0
0.1876 0.0
0.18784 0.0
0.18809 0.0
0.18833 0.0
0.18858 0.0
0.18882 0.0
0.18906 0.0
0.18931 0.0
0.18955 0.0
0.1898 0.0
0.19004 0.0
0.19028 0.0
0.19053 0.0
0.19077 0.0
0.19102 0.0
0.19126 0.0
0.19151 0.0
0.19175 0.0
0.19199 0.0
0.19224 0.0
0.19248 0.0
0.19273 0.0
0.19297 0.0
0.19321 0.0
0.19346 0.0
0.1937 0.0
0.19395 0.0
0.19419 0.0
0.19444 0.0
0.19468 0.0
0.19492 0.0
0.19517 0.0
0.19541 0.0
0.19566 0.0
0.1959 0.0
0.19614 0.0
0.19639 0.0
0.19663 0.0
0.19688 0.0
0.19712 0.0
0.19736 0.0
0.19761 0.0
0.19785 0.0
0.1981 0.0
0.19834 0.0
0.19859 0.0
0.19883 0.0
0.19907 0.0
0.19932 0.0
0.19956 0.0
0.19981 0.0
0.20005 0.0
0.20029 0.0
0.20054 0.0
0.20078 0.0
0.20103 0.0
0.20127 0.0
0.20152 0.0
0.20176 0.0
0.202 0.0
0.20225 0.0
0.20249 0.0
0.20274 0.0
0.20298 0.0
0.20322 0.0
0.20347 0.0
0.20371 0.0
0.20396 0.0
0.2042 0.0
0.20444 0.0
0.20469 0.0
0.20493 0.0
0.20518 0.0
0.20542 0.0
0.20567 0.0
0.20591 0.0
0.20615 0.0
0.2064 0.0
0.20664 0.0
0.20689 0.0
0.20713 0.0
0.20737 0.0
0.20762 0.0
0.20786 0.0
0.20811 0.0
0.20835 0.0
0.2086 0.0
0.20884 0.0
0.20908 0.0
0.20933 0.0
0.20957 0.0
0.20982 0.0
0.21006 0.0
0.2103 0.0
0.21055 0.0
0.21079 0.0
0.21104 0.0
0.21128 0.0
0.21152 0.0
0.21177 0.0
0.21201 0.0
0.21226 0.0
0.2125 0.0
0.21275 0.0
0.21299 0.0
0.21323 0.0
0.21348 0.0
0.21372 0.0
0.21397 0.0
0.21421 0.0
0.21445 0.0
0.2147 0.0
0.21494 0.0
0.21519 0.0
0.21543 0.0
0.21568 0.0
0.21592 0.0
0.21616 0.0
0.21641 0.0
0.21665 0.0
0.2169 0.0
0.21714 0.0
0.21738 0.0
0.21763 0.0
0.21787 0.0
0.21812 0.0
0.21836 0.0
0.21861 0.0
0.21885 0.0
0.21909 0.0
0.21934 0.0
0.21958 0.0
0.21983 0.0
0.22007 0.0
0.22031 0.0
0.22056 0.0
0.2208 0.0
0.22105 0.0
0.22129 0.0
0.22153 0.0
0.22178 0.0
0.22202 0.0
0.22227 0.0
0.22251 0.0
0.22276 0.0
0.223 0.0
0.22324 0.0
0.22349 0.0
0.22373 0.0
0.22398 0.0
0.22422 0.0
0.22446 0.0
0.22471 0.0
0.22495 0.0
0.2252 0.0
0.22544 0.0
0.22569 0.0
0.22593 0.0
0.22617 0.0
0.22642 0.0
0.22666 0.0
0.22691 0.0
0.22715 0.0
0.22739 0.0
0.22764 0.0
0.22788 0.0
0.22813 0.0
0.22837 0.0
0.22861 0.0
0.22886 0.0
0.2291 0.0
0.22935 0.0
0.22959 0.0
0.22984 0.0
0.23008 0.0
0.23032 0.0
0.23057 0.0
0.23081 0.0
0.23106 0.0
0.2313 0.0
0.23154 0.0
0.23179 0.0
0.23203 0.0
0.23228 0.0
0.23252 0.0
0.23277 0.0
0.23301 0.0
0.23325 0.0
0.2335 0.0
0.23374 0.0
0.23399 0.0
0.23423 0.0
0.23447 0.0
0.23472 0.0
0.23496 0.0
0.23521 0.0
0.23545 0.0
0.23569 0.0
0.23594 0.0
0.23618 0.0
0.23643 0.0
0.23667 0.0
0.23692 0.0
0.23716 0.0
0.2374 0.0
0.23765 0.0
0.23789 0.0
0.23814 0.0
0.23838 0.0
0.23862 0.0
0.23887 0.0
0.23911 0.0
0.23936 0.0
0.2396 0.0
0.23985 0.0
0.24009 0.0
0.24033 0.0
0.24058 0.0
0.24082 0.0
0.24107 0.0
0.24131 0.0
0.24155 0.0
0.2418 0.0
0.24204 0.0
0.24229 0.0
0.24253 0.0
0.24277 0.0
0.24302 0.0
0.24326 0.0
0.24351 0.0
0.24375 0.0
0.244 0.0
0.24424 0.0
0.24448 0.0
0.24473 0.0
0.24497 0.0
0.24522 0.0
0.24546 0.0
0.2457 0.0
0.24595 0.0
0.24619 0.0
0.24644 0.0
0.24668 0.0
0.24693 0.0
0.24717 0.0
0.24741 0.0
0.24766 0.0
0.2479 0.0
0.24815 0.0
0.24839 0.0
0.24863 0.0
0.24888 0.0
0.24912 0.0
0.24937 0.0
0.24961 0.0
0.24986 0.0
0.2501 0.0
0.25034 0.0
0.25059 0.0
0.25083 0.0
0.25108 0.0
0.25132 0.0
0.25156 0.0
0.25181 0.0
0.25205 0.0
0.2523 0.0
0.25254 0.0
0.25278 0.0
0.25303 0.0
0.25327 0.0
0.25352 0.0
0.25376 0.0
0.25401 0.0
0.25425 0.0
0.25449 0.0
0.25474 0.0
0.25498 0.0
0.25523 0.0
0.25547 0.0
0.25571 0.0
0.25596 0.0
0.2562 0.0
0.25645 0.0
0.25669 0.0
0.25694 0.0
0.25718 0.0
0.25742 0.0
0.25767 0.0
0.25791 0.0
